# Wavelength, Reflectance
1.644372236012363828e+03 2.537851268411129291e-01
1.643506147145176328e+03 2.665785612061356002e-01
1.642640912770176328e+03 2.583273629877283484e-01
1.641776654957676328e+03 2.585846778765427123e-01
1.640913251637363828e+03 2.571249757896950650e-01
1.640050946949863828e+03 2.535154392603110596e-01
1.639189496754551328e+03 2.558334649141841832e-01
1.638329023121738828e+03 2.601176346590133859e-01
1.637469403981113828e+03 2.603517322474493967e-01
1.636610883473301328e+03 2.638644757104728344e-01
1.635753217457676328e+03 2.591016596745241984e-01
1.634896528004551328e+03 2.526420597088490649e-01
1.634040815113926328e+03 2.497319128064306448e-01
1.633185956715488828e+03 2.527348169566482339e-01
1.632332074879551328e+03 2.552358304782889054e-01
1.631479047535801328e+03 2.498716609594523463e-01
1.630626996754551328e+03 2.498518507963027602e-01
1.629775922535801328e+03 2.498268966192649654e-01
1.628925702809238828e+03 2.483790070959811802e-01
1.628076459645176328e+03 2.493675201260256158e-01
1.627228070973301328e+03 2.474913606193128168e-01
1.626380658863926328e+03 2.528089522344217355e-01
1.625534223317051328e+03 2.456290634726855104e-01
1.624688764332676328e+03 2.440156888232666021e-01
1.623844037770176328e+03 2.411987124772355939e-01
1.623000409840488828e+03 2.475145729849281273e-01
1.622157514332676328e+03 2.480889872804146190e-01
1.621315717457676328e+03 2.465110460583521124e-01
1.620474653004551328e+03 2.470052627500194942e-01
1.619634687184238828e+03 2.457227962542296862e-01
1.618795453785801328e+03 2.401535279699740233e-01
1.617957196949863828e+03 2.469271634876900046e-01
1.617119794606113828e+03 2.410295037982387312e-01
1.616283368824863828e+03 2.362725289110453875e-01
1.615447797535801328e+03 2.446333270650534464e-01
1.614613202809238828e+03 2.430803828975745262e-01
1.613779584645176328e+03 2.461851231730544931e-01
1.612946698902988828e+03 2.411841491539948590e-01
1.612114789723301328e+03 2.380045772164549045e-01
1.611283735035801328e+03 2.451651153635907854e-01
1.610453656910801328e+03 2.439274083754298106e-01
1.609624433277988828e+03 2.451237592773058138e-01
1.608796064137363828e+03 2.416863616722605967e-01
1.607968671559238828e+03 2.402737171843087327e-01
1.607142011402988828e+03 2.452727270966686968e-01
1.606316327809238828e+03 2.389666999175192319e-01
1.605491620777988828e+03 2.383315297952519340e-01
1.604667768238926328e+03 2.442330179364632092e-01
1.603844648121738828e+03 2.363815203587314173e-01
1.603022504567051328e+03 2.398714164224672596e-01
1.602201337574863828e+03 2.388750330167583869e-01
1.601380903004551328e+03 2.424449044207140913e-01
1.600561444996738828e+03 2.335408339523748766e-01
1.599742841481113828e+03 2.363106149933182354e-01
1.598925092457676328e+03 2.380558927011991177e-01
1.598108197926426328e+03 2.390819190703325492e-01
1.597292035817051328e+03 2.368502973920561250e-01
1.596477216481113828e+03 2.389202808373363240e-01
1.595662885426426328e+03 2.377219072997772131e-01
1.594849408863926328e+03 2.371034514328919096e-01
1.594037030934238828e+03 2.394213362787432076e-01
1.593225263356113828e+03 2.401549812290023900e-01
1.592414472340488828e+03 2.427602120900570759e-01
1.591604657887363828e+03 2.338310258597184332e-01
1.590795575856113828e+03 2.381131738599255865e-01
1.589987470387363828e+03 2.333414513241530985e-01
1.589179975270176328e+03 2.335538553582146570e-01
1.588373334645176328e+03 2.315764510717285840e-01
1.587567914723301328e+03 2.383939968555246480e-01
1.586763105152988828e+03 2.332048569294744300e-01
1.585959150074863828e+03 2.381965731233995354e-01
1.585156171559238828e+03 2.364638725567944355e-01
1.584353925465488828e+03 2.385883366480527901e-01
1.583552533863926328e+03 2.368468452857235840e-01
1.582752118824863828e+03 2.414240936270873050e-01
1.581952436207676328e+03 2.383589348044245493e-01
1.581153730152988828e+03 2.393069844996550954e-01
1.580355634449863828e+03 2.394726755627807901e-01
1.579558393238926328e+03 2.400764735534581806e-01
1.578762250660801328e+03 2.378391841602045531e-01
1.577966718434238828e+03 2.430727636182747620e-01
1.577172162770176328e+03 2.448936579389739687e-01
1.576378461598301328e+03 2.391207950967504381e-01
1.575585492848301328e+03 2.401984274847670797e-01
1.574793256520176328e+03 2.375185313201421955e-01
1.574001996754551328e+03 2.383247069806783691e-01
1.573211591481113828e+03 2.414198254995259529e-01
1.572422040699863828e+03 2.391950864872717519e-01
1.571633222340488828e+03 2.409293020753860426e-01
1.570845136402988828e+03 2.398934916111320204e-01
1.570058149098301328e+03 2.385828182999502889e-01
1.569271772145176328e+03 2.316817774220578940e-01
1.568486493824863828e+03 2.397697353050969316e-01
1.567701703785801328e+03 2.359390879710735467e-01
1.566917890309238828e+03 2.354042416354564793e-01
1.566134931324863828e+03 2.335564094347389597e-01
1.565352704762363828e+03 2.323354655615254005e-01
1.564571332692051328e+03 2.416306783098268463e-01
1.563790815113926328e+03 2.378788074220894166e-01
1.563011152027988828e+03 2.343417881403624947e-01
1.562232099293613828e+03 2.376655754860734215e-01
1.561454023121738828e+03 2.346236664318386012e-01
1.560676801442051328e+03 2.357603554959723235e-01
1.559900312184238828e+03 2.304995612379715508e-01
1.559124555348301328e+03 2.324535184453630776e-01
1.558349653004551328e+03 2.354177575739950790e-01
1.557575727223301328e+03 2.353395261348729395e-01
1.556802411793613828e+03 2.368850176751496894e-01
1.556029950856113828e+03 2.351200435286354418e-01
1.555258222340488828e+03 2.347401170882872923e-01
1.554487470387363828e+03 2.329691908355429053e-01
1.553717328785801328e+03 2.318188339064742864e-01
1.552948163746738828e+03 2.375681589509930913e-01
1.552948041676426328e+03 2.340852735060011958e-01
1.552691938160801328e+03 2.313484915201962089e-01
1.552435712574863828e+03 2.335525526887230752e-01
1.552179731129551328e+03 2.310685619240470667e-01
1.552179609059238828e+03 2.380199337060459053e-01
1.551923749684238828e+03 2.364387481230823540e-01
1.551412030934238828e+03 2.340190368066619175e-01
1.550645185231113828e+03 2.357376795177815731e-01
1.549879071949863828e+03 2.335625996787502878e-01
1.549113813160801328e+03 2.345701410465503012e-01
1.548349408863926328e+03 2.332303080954457319e-01
1.547585614918613828e+03 2.357270518739441878e-01
1.546822675465488828e+03 2.351176656190452907e-01
1.546060590504551328e+03 2.353397661692810394e-01
1.545299360035801328e+03 2.360386427195090564e-01
1.544538739918613828e+03 2.329928669915790618e-01
1.543778852223301328e+03 2.332384421164482857e-01
1.543019941090488828e+03 2.337953017547763357e-01
1.542261884449863828e+03 2.304362322169945798e-01
1.541504438160801328e+03 2.310835920123479603e-01
1.540747724293613828e+03 2.349031614177486404e-01
1.539991864918613828e+03 2.315941466276527916e-01
1.539236737965488828e+03 2.367352959501488607e-01
1.538482587574863828e+03 2.354956443724712800e-01
1.537729047535801328e+03 2.328354842139577219e-01
1.536976239918613828e+03 2.348684016594096979e-01
1.536224286793613828e+03 2.348233388838713576e-01
1.535472821949863828e+03 2.338784344719728459e-01
1.534722699879551328e+03 2.364349471319104334e-01
1.533972821949863828e+03 2.348281896411727188e-01
1.533224042652988828e+03 2.317841948058291801e-01
1.532475873707676328e+03 2.354584787259416390e-01
1.531728437184238828e+03 2.328953309073827915e-01
1.530981977223301328e+03 2.340256900823197705e-01
1.530236127613926328e+03 2.378679927059029198e-01
1.529491010426426328e+03 2.307199415617416094e-01
1.528746625660801328e+03 2.349024341750007572e-01
1.528003095387363828e+03 2.325764760915104701e-01
1.527260053395176328e+03 2.325302580114265161e-01
1.526518232106113828e+03 2.345542490154484128e-01
1.525776777027988828e+03 2.353942166925274970e-01
1.525036420582676328e+03 2.329658810444699690e-01
1.524296552418613828e+03 2.314649202235284919e-01
1.523557538746738828e+03 2.311039440506076070e-01
1.522819257496738828e+03 2.333508245804349901e-01
1.522081830738926328e+03 2.318358054759589448e-01
1.521345014332676328e+03 2.302141462485496615e-01
1.520608930348301328e+03 2.339470941713732988e-01
1.519873578785801328e+03 2.352229623617381749e-01
1.519139081715488828e+03 2.345701627072347417e-01
1.518405194996738828e+03 2.338312298057023675e-01
1.517672040699863828e+03 2.321127061876278319e-01
1.516939985035801328e+03 2.334321057685412037e-01
1.516208417652988828e+03 2.284689507228642724e-01
1.515477460621738828e+03 2.352928315430361517e-01
1.515234174488926328e+03 2.350188963193238501e-01
1.514990888356113828e+03 2.347101576869659589e-01
1.514747480152988828e+03 2.321667809017985140e-01
1.514747358082676328e+03 2.321670073171589188e-01
1.514504316090488828e+03 2.328987841199198772e-01
1.514261274098301328e+03 2.324893469441224048e-01
1.514017987965488828e+03 2.315955348072134268e-01
1.513289350270176328e+03 2.338137855574469182e-01
1.512561444996738828e+03 2.294085949758050968e-01
1.511834272145176328e+03 2.320708987446530591e-01
1.511107953785801328e+03 2.328149781413385577e-01
1.510382245777988828e+03 2.305047971206367619e-01
1.509657270192051328e+03 2.333545892048702886e-01
1.508933027027988828e+03 2.327565402635361769e-01
1.508209516285801328e+03 2.362135566798333475e-01
1.507486737965488828e+03 2.304671014742421808e-01
1.506764692067051328e+03 2.357063223431830612e-01
1.506043378590488828e+03 2.410591350086625229e-01
1.505322797535801328e+03 2.367371370212438819e-01
1.504603070973301328e+03 2.386237802619839143e-01
1.503883832692051328e+03 2.360038520291523334e-01
1.503165448902988828e+03 2.402896770695844841e-01
1.502447196369074618e+03 2.304276775295817647e-01
1.501729655514661772e+03 2.330638800159145763e-01
1.501012969748090427e+03 2.293515078125493711e-01
1.500296894758548660e+03 2.323201443345187800e-01
1.499581552701442433e+03 2.329265611056138274e-01
1.498866943576771746e+03 2.351372102955779364e-01
1.498152945229130864e+03 2.355035214353806972e-01
1.497439801969331256e+03 2.369406281736154141e-01
1.496727269486561454e+03 2.343644476526186571e-01
1.496015592091632925e+03 2.351687170571120367e-01
1.495304525473734202e+03 2.338210603833703605e-01
1.494594191788271019e+03 2.321919954603512970e-01
1.493884468879837414e+03 2.320165986167168348e-01
1.493175601059245309e+03 2.320540482175041941e-01
1.492467344015683011e+03 2.343154858324374978e-01
1.491759819904556025e+03 2.374755757211525486e-01
1.491053028725864806e+03 2.344200752357744888e-01
1.490346848324202938e+03 2.338693283641581910e-01
1.489641400854976837e+03 2.374804201955884597e-01
1.488936686318186275e+03 2.367398187962283240e-01
1.488232704713831254e+03 2.343399461632397485e-01
1.487529333886505810e+03 2.343706901828652989e-01
1.486826695991616134e+03 2.328543871114170660e-01
1.486124668873755809e+03 2.349784095950802343e-01
1.485423496843737212e+03 2.348942192188134825e-01
1.484722935590748193e+03 2.358684198394697118e-01
1.484023107270194487e+03 2.319414254632584382e-01
1.483323889726670586e+03 2.313884610955530829e-01
1.482625527270988187e+03 2.316190899725187047e-01
1.481927653436929631e+03 2.315346665129557890e-01
1.481230634690712350e+03 2.340958765741019965e-01
1.480534226721524874e+03 2.332703506869049093e-01
1.479838429529366977e+03 2.345750699475101231e-01
1.479143487425050353e+03 2.316428456248826873e-01
1.478449033942357801e+03 2.352605170995746842e-01
1.477755435547506522e+03 2.333007883580517361e-01
1.477062447929684822e+03 2.332825228909908566e-01
1.476370193244298662e+03 2.325382653412767786e-01
1.475678549335942307e+03 2.304919678964467145e-01
1.474987638360021492e+03 2.336067807454274836e-01
1.474297338161130256e+03 2.415483478971271192e-01
1.473607770894674559e+03 2.359999873133346304e-01
1.472918814405248440e+03 2.357578214451401533e-01
1.472230590848258089e+03 2.305594570542461585e-01
1.471543100223703050e+03 2.309330938405335099e-01
1.470856220376177816e+03 2.316716423702992467e-01
1.470170073461088123e+03 2.318603676220797327e-01
1.469484537323028007e+03 2.300066462532842637e-01
1.468799611961997471e+03 2.311123881076086184e-01
1.468115419533402473e+03 2.318528455642525632e-01
1.467431960037243243e+03 2.325548525126510113e-01
1.466749111318113592e+03 2.365577313328392772e-01
1.466066873376013518e+03 2.322590550275501209e-01
1.465385368366348985e+03 2.260619474471438906e-01
1.464704474133714029e+03 2.315954037344928329e-01
1.464024312833514614e+03 2.348640696920234194e-01
1.463344762310345004e+03 2.338904502284404052e-01
1.462665944719610934e+03 2.313774134064357779e-01
1.461987737905906215e+03 2.316567324907308212e-01
1.461310141869231529e+03 2.308946870843936461e-01
1.460633156609586194e+03 2.329767271644144488e-01
1.459957026437782361e+03 2.318906488661274523e-01
1.459281384887602371e+03 2.284113352656384488e-01
1.458606476269857922e+03 2.310129360000766907e-01
1.457932178429143050e+03 2.309734560745541621e-01
1.457258613520863719e+03 2.317114390068464591e-01
1.456585659389614193e+03 2.315317608594861798e-01
1.455913316035394018e+03 2.302234715592104408e-01
1.455241705613609611e+03 2.336026136449790291e-01
1.454570705968854782e+03 2.270137826673418735e-01
1.453900317101129531e+03 2.317976673064982840e-01
1.453230539010434086e+03 2.341592391058620604e-01
1.452561616007579914e+03 2.319484342296440904e-01
1.451893181626349588e+03 2.317947882550362715e-01
1.451225358022148839e+03 2.344567212653755062e-01
1.450558267350383630e+03 2.341197382536962524e-01
1.449891787455648000e+03 2.344783335113148903e-01
1.449225918337942176e+03 2.364458298465305641e-01
1.448560782152671891e+03 2.335868192151627498e-01
1.447896256744430957e+03 2.346576300520305525e-01
1.447232219957814095e+03 2.370384105509405759e-01
1.446569038259038507e+03 2.348576780275755393e-01
1.445906345181886763e+03 2.375427698453212999e-01
1.445244507192576293e+03 2.311006038715203437e-01
1.444583035669483706e+03 2.358992438287421667e-01
1.443922297078826887e+03 2.371934112029227271e-01
1.443262291420605379e+03 2.388264776403746237e-01
1.442602774384007716e+03 2.385516883213617267e-01
1.441943990279845366e+03 2.359701352370878191e-01
1.441285816952712821e+03 2.331917554408216298e-01
1.440628254402610082e+03 2.317109274082180537e-01
1.439971180474130733e+03 2.359167121570294734e-01
1.439315083788899074e+03 2.350041376617033329e-01
1.439314961633493112e+03 2.341329047186436751e-01
1.439096425612290432e+03 2.370654544688060306e-01
1.438877767435681790e+03 2.335143991138739217e-01
1.438659353569885070e+03 2.332430552280969072e-01
1.438659231414479109e+03 2.355507036884467997e-01
1.438440817548682389e+03 2.371400184701821789e-01
1.438222525838291403e+03 2.364731279844259904e-01
1.438004356283306606e+03 2.335614592264505796e-01
1.438004234127900645e+03 2.380425553844958408e-01
1.437786064572915620e+03 2.380694814726169450e-01
1.437568017173336784e+03 2.325222513867360730e-01
1.437349969773757721e+03 2.323959287370375992e-01
1.437349847618351760e+03 2.340540357783951197e-01
1.437131678063366962e+03 2.329040845168736384e-01
1.436913874974599821e+03 2.331548655410552451e-01
1.436696194041238414e+03 2.364082790637120346e-01
1.436696071885832680e+03 2.350216154068905106e-01
1.436478268797065539e+03 2.330081347026727034e-01
1.436260465708298398e+03 2.322657768090573560e-01
1.436042906930342951e+03 2.324802317000470575e-01
1.435825348152387733e+03 2.307046617322327242e-01
1.435607789374432514e+03 2.348594241669572091e-01
1.435390352751883029e+03 2.345511642383423800e-01
1.435173038284739732e+03 2.340906276606263825e-01
1.434955723817596208e+03 2.366994084836428758e-01
1.434738409350452912e+03 2.351924813241513812e-01
1.434521339194121310e+03 2.373688925472210998e-01
1.434304146882383748e+03 2.353726553778353048e-01
1.434087076726052146e+03 2.355672550965886847e-01
1.433870128725126506e+03 2.378239883217246886e-01
1.433653302879606827e+03 2.391467209001821859e-01
1.433436477034087147e+03 2.356131835607954417e-01
1.433219651188567468e+03 2.362127606996134166e-01
1.433003069653859484e+03 2.345569431344969036e-01
1.432786365963745766e+03 2.364331463569170899e-01
1.432569784429037782e+03 2.413335805992385397e-01
1.432353325049735986e+03 2.342511680657747286e-01
1.432136987825839924e+03 2.379578736808611039e-01
1.431920650601943862e+03 2.352047117208758420e-01
1.431704313378047800e+03 2.389421977752822779e-01
1.431488098309557699e+03 2.353136087717585534e-01
1.431272005396473560e+03 2.320581401788978093e-01
1.431055912483389420e+03 2.256114044828256560e-01
1.430839941725711242e+03 2.203988094007808540e-01
1.430624093123438797e+03 2.251469222480972365e-01
1.430408122365760619e+03 2.307467019709489586e-01
1.430192273763488402e+03 2.358205756896217531e-01
1.429976425161215957e+03 2.343853340311586875e-01
1.429760943025161396e+03 2.322342277442117353e-01
1.429545338733701101e+03 2.302641638785097589e-01
1.429329856597646540e+03 2.290003003814872207e-01
1.429114496616997940e+03 2.328753724371540601e-01
1.428899014480943379e+03 2.339204474634679898e-01
1.428683654500294779e+03 2.300098121795910167e-01
1.428468416675052140e+03 2.337649076840975504e-01
1.428253301005215462e+03 2.312938859805050984e-01
1.428038185335378557e+03 2.316041977995534906e-01
1.427823069665541880e+03 2.400250664768454056e-01
1.427608076151110936e+03 2.355592941808996865e-01
1.427393326947492142e+03 2.374769174448127795e-01
1.427178333433061198e+03 2.367234324621789177e-01
1.426963584229442176e+03 2.368509802485047888e-01
1.426748957181229343e+03 2.341453614499496017e-01
1.426534330133016283e+03 2.352745749582625112e-01
1.426319703084803223e+03 2.373427704394793225e-01
1.426105198191996124e+03 2.377247179114192199e-01
1.425890815454594758e+03 2.370785017367995906e-01
1.425676432717193620e+03 2.358561053910750716e-01
1.425462172135198443e+03 2.349721662491570107e-01
1.425247911553203039e+03 2.304764680951654487e-01
1.425033773126613823e+03 2.338000881539074038e-01
1.424819634700024380e+03 2.345328526074508257e-01
1.424605618428841126e+03 2.328354380588250339e-01
1.424391480002251683e+03 2.347130859092872168e-01
1.424177830197286085e+03 2.363422906120031253e-01
1.423963936081508564e+03 2.308865292101980327e-01
1.423750164121137004e+03 2.316284680513550909e-01
1.423536514316171406e+03 2.294582595741684328e-01
1.423322864511205808e+03 2.334431080387602553e-01
1.423109336861646170e+03 2.338873603505952081e-01
1.422895687056680345e+03 2.310353940589903454e-01
1.422682525873338591e+03 2.300593762116980023e-01
1.422469120379184687e+03 2.283843557985327510e-01
1.422255837040436973e+03 2.336969166204257431e-01
1.422042553701689030e+03 2.364259359467412724e-01
1.421829514673753010e+03 2.384155652413371684e-01
1.421616353490411029e+03 2.372828023131947350e-01
1.421403314462475009e+03 2.342661633553575484e-01
1.421190275434539217e+03 2.305182843601152609e-01
1.420977480717414892e+03 2.285601248914561900e-01
1.420764686000290794e+03 2.280247352061616772e-01
1.420551891283166697e+03 2.298409074214928516e-01
1.420339340876854294e+03 2.329404830013915573e-01
1.420126546159730196e+03 2.321414179706918768e-01
1.419914117908823982e+03 2.310703900484727402e-01
1.419701567502511580e+03 2.322433920601631729e-01
1.419489261407011099e+03 2.322202709290412115e-01
1.419276833156104885e+03 2.346034494870533615e-01
1.419064527060604405e+03 2.342362277171744500e-01
1.418852343120509886e+03 2.307443736638537524e-01
1.418640281335821328e+03 2.328949634887896025e-01
1.418428219551132770e+03 2.304985293295925830e-01
1.418216157766443985e+03 2.323980859998796000e-01
1.418004095981755427e+03 2.315167108974635068e-01
1.417792400663284752e+03 2.317933035182546953e-01
1.417580461034002155e+03 2.324861345871276630e-01
1.417368643560125292e+03 2.337705474069971812e-01
1.417157070397060352e+03 2.306756007147311716e-01
1.416945497233995638e+03 2.333916013702178327e-01
1.416733924070930698e+03 2.344350600321469802e-01
1.416522350907865757e+03 2.346463134409287332e-01
1.416311022055612739e+03 2.341572197261867494e-01
1.416099693203359720e+03 2.293246799505393729e-01
1.415888364351106702e+03 2.335090482330368922e-01
1.415677157654259645e+03 2.341615213955492159e-01
1.415465950957412588e+03 2.301813739107998469e-01
1.415254988571377226e+03 2.306031085582910811e-01
1.415043904029936130e+03 2.312548840988861987e-01
1.414832941643900767e+03 2.354296109509569634e-01
1.414621979257865632e+03 2.327541238310879557e-01
1.414411261182642193e+03 2.331375572679230401e-01
1.414200543107418753e+03 2.299375063240702011e-01
1.413989825032195540e+03 2.318613452154170973e-01
1.413779229112378061e+03 2.316439984373174776e-01
1.413568755347966544e+03 2.308074678958740855e-01
1.413358159428149065e+03 2.319237183612388731e-01
1.413147563508331586e+03 2.321659893793275309e-01
1.412937456210137725e+03 2.337814252264352188e-01
1.412727104601132169e+03 2.342704760422771870e-01
1.412516875147532346e+03 2.312950115678163443e-01
1.412306645693932751e+03 2.333065539085175666e-01
1.412096660551144851e+03 2.375226819048024962e-01
1.411886675408357178e+03 2.351120536106369729e-01
1.411676690265569277e+03 2.334577012803843998e-01
1.411466705122781377e+03 2.370909450893695092e-01
1.411256964290805399e+03 2.330616667029465627e-01
1.411047223458829421e+03 2.328259868016129552e-01
1.410837482626853443e+03 2.296104745383197032e-01
1.410627741794877466e+03 2.369319283658949948e-01
1.410418245273713410e+03 2.342891812427052023e-01
1.410208748752549354e+03 2.321631551081446421e-01
1.409999374386791033e+03 2.351798387388258360e-01
1.409789877865626977e+03 2.331924101474563416e-01
1.409580747810680577e+03 2.314513695549760275e-01
1.409371373444922483e+03 2.327422104055251739e-01
1.409162243389976084e+03 2.284382667640100228e-01
1.408953113335029684e+03 2.296551485303622575e-01
1.408744105435489246e+03 2.306593787038260512e-01
1.408535097535948807e+03 2.297685163248436579e-01
1.408326211791814330e+03 2.319337566047582344e-01
1.408117326047679853e+03 2.292404481051042164e-01
1.407908562458951337e+03 2.305695922688528743e-01
1.407699798870222821e+03 2.324297222113744510e-01
1.407491157436900039e+03 2.327879512990665978e-01
1.407282516003577484e+03 2.320636162439009553e-01
1.407073996725660663e+03 2.339505354961373129e-01
1.406865599603150031e+03 2.311960272926698867e-01
1.406657202480639171e+03 2.321337533276988663e-01
1.406448805358128311e+03 2.334850009621284306e-01
1.406240530391023640e+03 2.340719294865907518e-01
1.406032499734730436e+03 2.367807112819396986e-01
1.405824224767625765e+03 2.346615006093883682e-01
1.405616194111332561e+03 2.363616513279822307e-01
1.405408163455039585e+03 2.361001683073495339e-01
1.405200254954152570e+03 2.370801721641146442e-01
1.404992346453265554e+03 2.344121839253096862e-01
1.404784560107784273e+03 2.350134186869888009e-01
1.404576773762303219e+03 2.330886770267144581e-01
1.404369231727633860e+03 2.361923507369669550e-01
1.404161567537558767e+03 2.327787135100815585e-01
1.403953903347483447e+03 2.325330404150920960e-01
1.403746483468220049e+03 2.352218411739339932e-01
1.403539063588956651e+03 2.352454365929918800e-01
1.403331765865099214e+03 2.373871497987391221e-01
1.403124345985835816e+03 2.344642249108120358e-01
1.402917170417384341e+03 2.344762030973850109e-01
1.402710117004338827e+03 2.314244906195646878e-01
1.402502941435887124e+03 2.336900650048827910e-01
1.402295888022841609e+03 2.370920744202157371e-01
1.402088834609796095e+03 2.381604517947000232e-01
1.401882025507562275e+03 2.368643283418031265e-01
1.401675216405328456e+03 2.386147535833476330e-01
1.401468407303094864e+03 2.322014647827545797e-01
1.401261598200861044e+03 2.346947137431054931e-01
1.401054911254033186e+03 2.348704117402381775e-01
1.400848346462611289e+03 2.372244407243054853e-01
1.400641903826595353e+03 2.337948196988428873e-01
1.400435461190579417e+03 2.342860829771679365e-01
1.400229018554563481e+03 2.357055084881463092e-01
1.400022698073953507e+03 2.375516072440140014e-01
1.399816499748749266e+03 2.337365683399426908e-01
1.399610179268139291e+03 2.344369837208091223e-01
1.399404103098341238e+03 2.318578920137229493e-01
1.399198026928542959e+03 2.344392836298798410e-01
1.398992072914150640e+03 2.365754605198659710e-01
1.398785996744352587e+03 2.338999220342830310e-01
1.398580164885366230e+03 2.352248880008533105e-01
1.398374455181785834e+03 2.351362958418338756e-01
1.398168501167393515e+03 2.365389539452140977e-01
1.397962913619219080e+03 2.340982462076439119e-01
1.397757203915638684e+03 2.368378140103040430e-01
1.397551616367464248e+03 2.374631593323991430e-01
1.397346273130101508e+03 2.286118445178028369e-01
1.397140807737333034e+03 2.306362572823132395e-01
1.396935342344564560e+03 2.334434761272373426e-01
1.396729876951795859e+03 2.340819923369521771e-01
1.396524900180651002e+03 2.351085854591061231e-01
1.396319679098694451e+03 2.328019781411251321e-01
1.396114458016737672e+03 2.364184141755285296e-01
1.395909481245592815e+03 2.379854393546712577e-01
1.395704504474447958e+03 2.370502842401065735e-01
1.395499527703303102e+03 2.333914310547175186e-01
1.395294673087564206e+03 2.324591716894072180e-01
1.395089818471825311e+03 2.345262241892594191e-01
1.394885086011492376e+03 2.333889550328615559e-01
1.394680475706565403e+03 2.342382394457028227e-01
1.394475865401638202e+03 2.323440907512815956e-01
1.394271255096711229e+03 2.377372539015855379e-01
1.394066644791784029e+03 2.342442052719137524e-01
1.393862400953074939e+03 2.337190540281838536e-01
1.393658034958959661e+03 2.373471262838302842e-01
1.393453668964844383e+03 2.346457624545671972e-01
1.393249425126135066e+03 2.346813679612997083e-01
1.393045303442831710e+03 2.366447069833473582e-01
1.392841181759528354e+03 2.373096631609500351e-01
1.392637182231630959e+03 2.343558290697954904e-01
1.392433182703733564e+03 2.338453500304950583e-01
1.392229183175836170e+03 2.324942010094090683e-01
1.392025427958750470e+03 2.364141571046074475e-01
1.391821550586259036e+03 2.337622015904185224e-01
1.391617795369173564e+03 2.364954579510568089e-01
1.391414040152087864e+03 2.333715490420672223e-01
1.391210651401220048e+03 2.308729942395576218e-01
1.391007018339540537e+03 2.298902798155746663e-01
1.390803507433266759e+03 2.296465770734062162e-01
1.390600118682398943e+03 2.322376976025036788e-01
1.390396729931531127e+03 2.366655792290437432e-01
1.390193463336069271e+03 2.354553497277742380e-01
1.389990196740607416e+03 2.307303134753659057e-01
1.389787052300551522e+03 2.325991341140005719e-01
1.389583907860495628e+03 2.342076594909990872e-01
1.389381007731251430e+03 2.362350486328569088e-01
1.389177985446601497e+03 2.367860518385311031e-01
1.388974963161951337e+03 2.361248069359986601e-01
1.388772063032707365e+03 2.372855102231236635e-01
1.388569285058869127e+03 2.365775176423443871e-01
1.388366629240436851e+03 2.354426109318369376e-01
1.388163973422004574e+03 2.347548308414306450e-01
1.387961317603572525e+03 2.341027568027881367e-01
1.387758783940546209e+03 2.336993685956046674e-01
1.387556372432925855e+03 2.325938664709345238e-01
1.387353838769899539e+03 2.336493751031297750e-01
1.387151549417684919e+03 2.338654904917285005e-01
1.386949260065470526e+03 2.346758012320554199e-01
1.386746970713256133e+03 2.317993495343303734e-01
1.386544803516447473e+03 2.316979694172942861e-01
1.386342758475045002e+03 2.366651790790861576e-01
1.386140591278236343e+03 2.336841396849286823e-01
1.385938668392239833e+03 2.369696424225406217e-01
1.385736745506243096e+03 2.342689017959194431e-01
1.385534944775652320e+03 2.357196999227750001e-01
1.385333144045061545e+03 2.360616450968046620e-01
1.385131343314470769e+03 2.341821659596003968e-01
1.384929664739285954e+03 2.331648201028841960e-01
1.384727986164101139e+03 2.352824478658799567e-01
1.384526551899728247e+03 2.370290884901754269e-01
1.384324995479949393e+03 2.375065920007069786e-01
1.384123561215576274e+03 2.361774401423326342e-01
1.383922126951203381e+03 2.379249709136391222e-01
1.383720936997642184e+03 2.348132974067612677e-01
1.383519624888675253e+03 2.339901891360058606e-01
1.383318434935114055e+03 2.380364204752424828e-01
1.383117244981552858e+03 2.362857092488447885e-01
1.382916299338803583e+03 2.354026627633233337e-01
1.382715353696054535e+03 2.356622010142992441e-01
1.382514285897899299e+03 2.365071668256811255e-01
1.382313462410555985e+03 2.379306004713055978e-01
1.382112638923212671e+03 2.386473645933918919e-01
1.381911937591275091e+03 2.364638772318079507e-01
1.381711236259337738e+03 2.389042964343468523e-01
1.381510534927400386e+03 2.355923114382107719e-01
1.381309955750868767e+03 2.344985794815925839e-01
1.381109376574337375e+03 2.368846335737545272e-01
1.380909041708617679e+03 2.375413680216617307e-01
1.380708706842898209e+03 2.326164070812453688e-01
1.380508371977178513e+03 2.366624855081979617e-01
1.380308037111458816e+03 2.367024239057350654e-01
1.380107824401145081e+03 2.350786691940291995e-01
1.379907733846237306e+03 2.338121757888205476e-01
1.379707643291329532e+03 2.335121543100686370e-01
1.379507552736421758e+03 2.344804168983489756e-01
1.379307584336919945e+03 2.403303311953873256e-01
1.379107860248230054e+03 2.374339946799374490e-01
1.378908014004133975e+03 2.349123754502869532e-01
1.378708167760038123e+03 2.350023149442125869e-01
1.378508443671348005e+03 2.373612910071190296e-01
1.378308719582658114e+03 2.372816671957727885e-01
1.378109117649373957e+03 2.388225646107502431e-01
1.377909637871495988e+03 2.368221617760827291e-01
1.377710158093617792e+03 2.385287885996669743e-01
1.377510800471145558e+03 2.348900672488924424e-01
1.377311442848673323e+03 2.363823970230412574e-01
1.377112207381607050e+03 2.401471459145601006e-01
1.376912971914540776e+03 2.421941855284835965e-01
1.376713736447474503e+03 2.403959336395572743e-01
1.376514623135814190e+03 2.404626859782852122e-01
1.376315509824153651e+03 2.389033453539437801e-01
1.376116640823305261e+03 2.384960216330292149e-01
1.375917649667050682e+03 2.388998730388810221e-01
1.375718780666202292e+03 2.336491122873233794e-01
1.375519911665353675e+03 2.363742538844039454e-01
1.375321164819911246e+03 2.373110772025299187e-01
1.375122662285280512e+03 2.398290763536320147e-01
1.374924037595243817e+03 2.373348256330460038e-01
1.374725412905207122e+03 2.383107140838888749e-01
1.374526910370576388e+03 2.354027439129882104e-01
1.374328407835945654e+03 2.361282080821309748e-01
1.374130149612126843e+03 2.371299414253937587e-01
1.373931769232902070e+03 2.375609755759381381e-01
1.373733511009083031e+03 2.381991581112913037e-01
1.373535252785264220e+03 2.366874757370051874e-01
1.373337116716851369e+03 2.367117811510819902e-01
1.373139102803844253e+03 2.371018328323739599e-01
1.372940966735431175e+03 2.340678581028850513e-01
1.372743074977830247e+03 2.363790969093621241e-01
1.372545183220229092e+03 2.343920077736403595e-01
1.372347291462627936e+03 2.395475279279504210e-01
1.372149644015838703e+03 2.395331729387874253e-01
1.371951874413643509e+03 2.346040554383023169e-01
1.371754226966854276e+03 2.327748848954013516e-01
1.371556457364659082e+03 2.347053713917995055e-01
1.371359054228681771e+03 2.373407981114556697e-01
1.371161651092704460e+03 2.380580188830893340e-01
1.370964247956726922e+03 2.380789180842735608e-01
1.370766844820749611e+03 2.374251668458720599e-01
1.370569441684772301e+03 2.349016583120277502e-01
1.370372160704200724e+03 2.396337921698512285e-01
1.370175124034441069e+03 2.375260238303285310e-01
1.369977965209275681e+03 2.340369808308820632e-01
1.369780928539516026e+03 2.316097960114826271e-01
1.369583891869756371e+03 2.352531675078847195e-01
1.369386977355402678e+03 2.345654745879151293e-01
1.369190184996454946e+03 2.384178259759777430e-01
1.368993148326695291e+03 2.427265962356670026e-01
1.368796478123153520e+03 2.397671118185647487e-01
1.368599807919611521e+03 2.354250615074004460e-01
1.368403137716069750e+03 2.374660079119891576e-01
1.368206589667933940e+03 2.377275463064837946e-01
1.368010041619797903e+03 2.361610415583412226e-01
1.367813493571662093e+03 2.416782034055023620e-01
1.367617189834337978e+03 2.365105624975491760e-01
1.367420763941608129e+03 2.361190643682712642e-01
1.367224460204284014e+03 2.352008916193980004e-01
1.367028400777771822e+03 2.340305230611224585e-01
1.366832097040447707e+03 2.345018795937804379e-01
1.366636037613935514e+03 2.371103720484098731e-01
1.366439856032017360e+03 2.397987965961799750e-01
1.366243918760911129e+03 2.384441538732013088e-01
1.366048103645210858e+03 2.387260906964294438e-01
1.365852166374104627e+03 2.381363043766707155e-01
1.365656351258404129e+03 2.368556393803117610e-01
1.365460536142703859e+03 2.389833920331454753e-01
1.365264843182409322e+03 2.375478988732884211e-01
1.365069394532926935e+03 2.367151911269848030e-01
1.364873701572632399e+03 2.354064258832982426e-01
1.364678252923149785e+03 2.372966909863339635e-01
1.364482682118261437e+03 2.385314695291699538e-01
1.364287355624184784e+03 2.341954927824258237e-01
1.364092029130108131e+03 2.349130702731618003e-01
1.363896702636031478e+03 2.385846796208738740e-01
1.363701498297360786e+03 2.335717686012858951e-01
1.363506293958690094e+03 2.351899788228909438e-01
1.363311211775425136e+03 2.350518778392288732e-01
1.363116129592160405e+03 2.365524725746048773e-01
1.362921169564301636e+03 2.394518753164607827e-01
1.362726331691848600e+03 2.372286549158867108e-01
1.362531249508583869e+03 2.374793587368277947e-01
1.362336533791536795e+03 2.400193422089151041e-01
1.362141818074489947e+03 2.373579478931439335e-01
1.361947224512848834e+03 2.367364852912653972e-01
1.361752508795801759e+03 2.386323117513254322e-01
1.361557915234160646e+03 2.397001627668488566e-01
1.361363321672519533e+03 2.372360577793047043e-01
1.361168850266284380e+03 2.406032458181127653e-01
1.360974501015455189e+03 2.358021686671334105e-01
1.360780273920031959e+03 2.406897287132733210e-01
1.360585924669202768e+03 2.389054559694404334e-01
1.360391697573779311e+03 2.377896213868128661e-01
1.360197470478356081e+03 2.354113027633409072e-01
1.360003243382932851e+03 2.405700273042406523e-01
1.359809382753727277e+03 2.441836474610663554e-01
1.359615399969115742e+03 2.405350607697688547e-01
1.359421417184504435e+03 2.378530609114484773e-01
1.359227556555298861e+03 2.338215916468752431e-01
1.359033695926093287e+03 2.348688867741524633e-01
1.358839957452293675e+03 2.371641786806238383e-01
1.358646341133900023e+03 2.373021772465382928e-01
1.358452602660100411e+03 2.410860801533340203e-01
1.358258986341706759e+03 2.374982288905976013e-01
1.358065492178719069e+03 2.397159903847400353e-01
1.357871998015731378e+03 2.391632441222493743e-01
1.357678626008149422e+03 2.380994030924209470e-01
1.357485254000567693e+03 2.401020363703435245e-01
1.357292004148391925e+03 2.432242178249973130e-01
1.357098754296215930e+03 2.405395447797925024e-01
1.356905504444039934e+03 2.371184558259074593e-01
1.356712376747270127e+03 2.350150808011740866e-01
1.356519371205906054e+03 2.357859631613392348e-01
1.356326365664541981e+03 2.400643103676330936e-01
1.356133482278583870e+03 2.415731398873486313e-01
1.355940476737219797e+03 2.382130099821599400e-01
1.355747715506667646e+03 2.368813099734240202e-01
1.355554832120709534e+03 2.397500150283865816e-01
1.355362315200969306e+03 2.414721151078701999e-01
1.355169553970417155e+03 2.436621483816046874e-01
1.354976914895270738e+03 2.388032170822994293e-01
1.354784397975530510e+03 2.383749486820703478e-01
1.354591881055790054e+03 2.361751291728755031e-01
1.354399608446861748e+03 2.352627146646894540e-01
1.354207213682527254e+03 2.392596865447592647e-01
1.354014818918192987e+03 2.377394727245673300e-01
1.353822546309264453e+03 2.377732600744044966e-01
1.353630273700335920e+03 2.397836030580348943e-01
1.353438123246813348e+03 2.421341880847668049e-01
1.353246217104102698e+03 2.376139782736535477e-01
1.353054188805986087e+03 2.373974749703798293e-01
1.352862160507869476e+03 2.339643382532233806e-01
1.352670254365158826e+03 2.371931260200314251e-01
1.352478348222448176e+03 2.397561985849806232e-01
1.352286564235143260e+03 2.359339120496961040e-01
1.352094902403244532e+03 2.401875614885391752e-01
1.351903240571345577e+03 2.346359460677251152e-01
1.351711578739446850e+03 2.397502848810891263e-01
1.351519916907547895e+03 2.386599095362906542e-01
1.351328377231054901e+03 2.363165359513525188e-01
1.351136837554562135e+03 2.417312621385317162e-01
1.350945664344287025e+03 2.381449162788714380e-01
1.350754246823199992e+03 2.355340962442802888e-01
1.350562951457518921e+03 2.376592254818644945e-01
1.350371778247243810e+03 2.370460119649236419e-01
1.350180605036968700e+03 2.357283038592037361e-01
1.349989431826693590e+03 2.399090312777505396e-01
1.349798502927230174e+03 2.364597803665576814e-01
1.349607451872361025e+03 2.386219445543315554e-01
1.349416522972897837e+03 2.378901088951184961e-01
1.349225594073434422e+03 2.359386380243245762e-01
1.349034787329377195e+03 2.388195454237924675e-01
1.348843980585319741e+03 2.375667679316615377e-01
1.348653295996668248e+03 2.355521775832752074e-01
1.348462733563422717e+03 2.399515212367537564e-01
1.348272048974771451e+03 2.375939668372623603e-01
1.348081486541525919e+03 2.365291930580911695e-01
1.347891046263686349e+03 2.363384870080788847e-01
1.347700605985846778e+03 2.399825623713174316e-01
1.347510287863413168e+03 2.365304656439232711e-01
1.347319847585573598e+03 2.374501835411695905e-01
1.347129651618545722e+03 2.347180132257314367e-01
1.346939455651518074e+03 2.377201343230932185e-01
1.346749259684490426e+03 2.366919608686455234e-01
1.346559185872868511e+03 2.378577085760733845e-01
1.346369234216652785e+03 2.376894618187017361e-01
1.346179282560436832e+03 2.396264974364279154e-01
1.345989330904220878e+03 2.350708408372848279e-01
1.345799501403410886e+03 2.395908762492040545e-01
1.345609671902601121e+03 2.398572584072129477e-01
1.345419842401791129e+03 2.388630390619775334e-01
1.345230257211793059e+03 2.391130232797362698e-01
1.345040549866389028e+03 2.375264458791367106e-01
1.344850964676390959e+03 2.372585670373169864e-01
1.344661501641798850e+03 2.363864151427846894e-01
1.344471916451800553e+03 2.372396100867988078e-01
1.344282575572614405e+03 2.384570223096567354e-01
1.344093112538022297e+03 2.342367411596964211e-01
1.343904015969647844e+03 2.369942031796931636e-01
1.343714675090461697e+03 2.355480644406508783e-01
1.343525456366681283e+03 2.326274126584569890e-01
1.343336359798307058e+03 2.351490562601762091e-01
1.343147263229932605e+03 2.364305207964179922e-01
1.342958288816964114e+03 2.363448521158306448e-01
1.342769314403995622e+03 2.349369232260909157e-01
1.342580462146433092e+03 2.355696272288153592e-01
1.342391487733464601e+03 2.385409091284443062e-01
1.342202757631308032e+03 2.369352704262833176e-01
1.342014027529151463e+03 2.348386490685762940e-01
1.341825297426994894e+03 2.364439626777021797e-01
1.341636689480244286e+03 2.374124321457008469e-01
1.341448203688899412e+03 2.397025189723443195e-01
1.341259717897554765e+03 2.362818637606957928e-01
1.341071232106209891e+03 2.375677126386849247e-01
1.340882746314865244e+03 2.368201347589170280e-01
1.340694382678926331e+03 2.345264050690621660e-01
1.340506141198393379e+03 2.381243233741458798e-01
1.340317899717860655e+03 2.389880998599286932e-01
1.340129780392733664e+03 2.390934259800499284e-01
1.339941661067606674e+03 2.378773262649638842e-01
1.339753541742479683e+03 2.377669985226370519e-01
1.339565544572758654e+03 2.359076663246702787e-01
1.339377547403037624e+03 2.379076050852232949e-01
1.339189550233316595e+03 2.367790106208137180e-01
1.339001797374407261e+03 2.352165613507668507e-01
1.338814044515498153e+03 2.376754069002636194e-01
1.338626169501183085e+03 2.360980658664596221e-01
1.338438538797679712e+03 2.356941372079163766e-01
1.338250908094176566e+03 2.396834061837825880e-01
1.322320132985664259e+03 2.372332999960085897e-01
1.322137266342992234e+03 2.400732359999107890e-01
1.321954399700320209e+03 2.390911563270698981e-01
1.321771533057647957e+03 2.373823743539935360e-01
1.321588910725787628e+03 2.412560855625820178e-01
1.304824791438044258e+03 2.400129835818638202e-01
1.304646933167015050e+03 2.393785694743648385e-01
1.304469197051392030e+03 2.420646545177997100e-01
1.304291460935768782e+03 2.400669051191002268e-01
1.304113724820145535e+03 2.404259420548884585e-01
1.286946492692844231e+03 2.389814085749202288e-01
1.286773887104269988e+03 2.421524147373085301e-01
1.286601159360289785e+03 2.419371706614064643e-01
1.286428553771715542e+03 2.412762272481508707e-01
1.286255948183141300e+03 2.429312648006912156e-01
1.286083464749972791e+03 2.415138592726030486e-01
1.285910981316804509e+03 2.383166391563306119e-01
1.285738497883636001e+03 2.389698834619729262e-01
1.285566136605873680e+03 2.436703143955593620e-01
1.285393775328111133e+03 2.444621122743335651e-01
1.285221658361160735e+03 2.467720408473568217e-01
1.285049419238804148e+03 2.426642234268024667e-01
1.284877180116447562e+03 2.442622191821729183e-01
1.284705063149496937e+03 2.452603713471420976e-01
1.284532946182546539e+03 2.448206080191200895e-01
1.284360951371001875e+03 2.433151721387686595e-01
1.284188956559457210e+03 2.464626350673833066e-01
1.284016961747912546e+03 2.458359421019073732e-01
1.283845089091773843e+03 2.477313756671457312e-01
1.283673216435634913e+03 2.479408194062913684e-01
1.283501465934902171e+03 2.483382549661917182e-01
1.283329715434169429e+03 2.519772588569940686e-01
1.283157964933436688e+03 2.510105489252865141e-01
1.282986336588109680e+03 2.545513817326590655e-01
1.282814708242782899e+03 2.519065332536076229e-01
1.282643324208267813e+03 2.567729862202812186e-01
1.282471818018346767e+03 2.507784462273107695e-01
1.282300311828425947e+03 2.529186093638532418e-01
1.282128927793910862e+03 2.484838532255554122e-01
1.281957665914801737e+03 2.426955025574769331e-01
1.281786281880286651e+03 2.427657166370084385e-01
1.281615020001177754e+03 2.414726529461203031e-01
1.281443758122068630e+03 2.449609435827945214e-01
1.281272618398365466e+03 2.431815029913172999e-01
1.281101478674662303e+03 2.425757589761750599e-01
1.280930338950959140e+03 2.456433910018147593e-01
1.280759443538067671e+03 2.410469287773734925e-01
1.280588425969770469e+03 2.443917601329989309e-01
1.280417408401473267e+03 2.407565116129260219e-01
1.280246635143987760e+03 2.425393061528284266e-01
1.280075739731096519e+03 2.426854140515344038e-01
1.279905088629016973e+03 2.450305482435018445e-01
1.279734315371531693e+03 2.406073769510757854e-01
1.279563664269452147e+03 2.427120285754917339e-01
1.279393013167372828e+03 2.446698557955642450e-01
1.279222484220699243e+03 2.429734831392358907e-01
1.279051833118619697e+03 2.431853487251397217e-01
1.278881426327352074e+03 2.427150540918385779e-01
1.278710897380678489e+03 2.425828169282670255e-01
1.278540612744816826e+03 2.447701282690920854e-01
1.278370205953549203e+03 2.428233915411637800e-01
1.278199921317687540e+03 2.410715103849775387e-01
1.278029636681825878e+03 2.445804427656819158e-01
1.277859474201370176e+03 2.399015722199120404e-01
1.277689311720914475e+03 2.457244516064799045e-01
1.277519149240458546e+03 2.433644994679544094e-01
1.277349108915408806e+03 2.445504711758489658e-01
1.277179068590359066e+03 2.427819669359911892e-01
1.277009272576121020e+03 2.423448822750267073e-01
1.276839354406477014e+03 2.421417002337073743e-01
1.276669436236833235e+03 2.437735547518374846e-01
1.276499640222595190e+03 2.428083361958625619e-01
1.276329966363763106e+03 2.432221239399749435e-01
1.276160170349525060e+03 2.446216973820321272e-01
1.275990496490693204e+03 2.415438022199211943e-01
1.275820822631861120e+03 2.425061455809491007e-01
1.275651270928434997e+03 2.462602728918843464e-01
1.275481719225008874e+03 2.437875451331620869e-01
1.275312167521582751e+03 2.420544824772579984e-01
1.275142860128968323e+03 2.444233055525418807e-01
1.274973308425542200e+03 2.424576372700005533e-01
1.274804001032927999e+03 2.457792650965680559e-01
1.274634693640313799e+03 2.418292557180220237e-01
1.274465508403105332e+03 2.443883387843393540e-01
1.274296201010491131e+03 2.466154479218990170e-01
1.274127137928688626e+03 2.447501795531175639e-01
1.273958074846886348e+03 2.403615349418606051e-01
1.273789011765083842e+03 2.383758055172367774e-01
1.273620070838687298e+03 2.407180146673915666e-01
1.273451129912290753e+03 2.421027714125646157e-01
1.273282311141300397e+03 2.414433940516578503e-01
1.273282188985894436e+03 2.451972414334535888e-01
1.273113370214903853e+03 2.409329232936600895e-01
1.273113248059497892e+03 2.390562098808959313e-01
1.272944673599319231e+03 2.434770520775032809e-01
1.272944551443913269e+03 2.434769725710126675e-01
1.272775854828328647e+03 2.401086500367076437e-01
1.272775732672922686e+03 2.394051803861242944e-01
1.272607036057338064e+03 2.435714851173099715e-01
1.272606913901932103e+03 2.419305159474579026e-01
1.272438217286347481e+03 2.423762752696611011e-01
1.272269642826168820e+03 2.415009189851841376e-01
1.272101068365989931e+03 2.443630895044197060e-01
1.271932493905811270e+03 2.436322166846581760e-01
1.271764041601038571e+03 2.429972019887348400e-01
1.271595589296265643e+03 2.402916950027750020e-01
1.271427136991492944e+03 2.420948172246564223e-01
1.271258806842126205e+03 2.402701359636245926e-01
1.271090476692759239e+03 2.439135632594959247e-01
1.270922268698798234e+03 2.447045361636422944e-01
1.270754060704837457e+03 2.430936391123233176e-01
1.270585852710876452e+03 2.422283098528351664e-01
1.270417889027727369e+03 2.429062584606471453e-01
1.270249803189172326e+03 2.446887147903645532e-01
1.270081717350617282e+03 2.443851069786697749e-01
1.269913753667468200e+03 2.443419250010358534e-01
1.269745912139725078e+03 2.469759194470917130e-01
1.269577948456575996e+03 2.446385218481623158e-01
1.269410106928832874e+03 2.468607011099604454e-01
1.269242387556495714e+03 2.466077989204470133e-01
1.269074668184158327e+03 2.445747418358954484e-01
1.268906948811821167e+03 2.437591064867081769e-01
1.268739229439484006e+03 2.476343663081365665e-01
1.268571754377958541e+03 2.464632840338426556e-01
1.268404157161027342e+03 2.431306990362450404e-01
1.268236559944095916e+03 2.440612412697814315e-01
1.268069207037976639e+03 2.424092845085532577e-01
1.267901731976451174e+03 2.440455116873480601e-01
1.267734379070331670e+03 2.406236753870997502e-01
1.267567026164212166e+03 2.437061232546281209e-01
1.267399917568904584e+03 2.441906474819827144e-01
1.267232564662785308e+03 2.432096263591330965e-01
1.267065333912071765e+03 2.429851916322461058e-01
1.266898225316764183e+03 2.453774111885671794e-01
1.266731116721456601e+03 2.412215207866499345e-01
1.266564130281554753e+03 2.444368853572266298e-01
1.266397265997059094e+03 2.445516791327198292e-01
1.266230279557157473e+03 2.453046952722071905e-01
1.266063415272661814e+03 2.444922527590739358e-01
1.265896550988165927e+03 2.435887879677142709e-01
1.265729686703670268e+03 2.385491527547845547e-01
1.265562944574580342e+03 2.445133356172219663e-01
1.265396202445490644e+03 2.453997190117597482e-01
1.265229704627212641e+03 2.424217979738304829e-01
1.265062962498122715e+03 2.438683353356944916e-01
1.264896342524438978e+03 2.430407800778656979e-01
1.264729844706160975e+03 2.430676536311252023e-01
1.264563346887882972e+03 2.467439049170256082e-01
1.264396971225010930e+03 2.469497471759195817e-01
1.264230595562138888e+03 2.437968008912320961e-01
1.264064219899266845e+03 2.442665259966697588e-01
1.263897966391800765e+03 2.452214167764572295e-01
1.263731712884334684e+03 2.448137560175737693e-01
1.263565459376868603e+03 2.422003808523122137e-01
1.263399328024808483e+03 2.435415222022450366e-01
1.263233196672748136e+03 2.397130849014701970e-01
1.263067187476093977e+03 2.434009354207199716e-01
1.262901056124033857e+03 2.455215773630702314e-01
1.262735169082785433e+03 2.412463332530427884e-01
1.262569159886131274e+03 2.470603234343591303e-01
1.262403272844882849e+03 2.431060828021531228e-01
1.262237507959040386e+03 2.462175560061287960e-01
1.262071743073198149e+03 2.475371927072492761e-01
1.261905978187355686e+03 2.439821772478249218e-01
1.261740213301513222e+03 2.443570597981935821e-01
1.261574692726482681e+03 2.432926935911415012e-01
1.261409172151452140e+03 2.437187138294325539e-01
1.261243529421015637e+03 2.406520028305847436e-01
1.261078008845985096e+03 2.421286466874675580e-01
1.260912610426360516e+03 2.456641837372948445e-01
1.260747212006735936e+03 2.411256085885266354e-01
1.260581813587111355e+03 2.429941548281061015e-01
1.260416415167486548e+03 2.407498093369101755e-01
1.260251138903267929e+03 2.424368740986588555e-01
1.260085984794455271e+03 2.433587251488110725e-01
1.259920708530236425e+03 2.453287182230140806e-01
1.259755676576829728e+03 2.435814275328401779e-01
1.259590522468016843e+03 2.435964489535897837e-01
1.259425490514610146e+03 2.429420861731016179e-01
