# Wavelength, Reflectance
1.644505953068425470e+03 2.685701860613308734e-01
1.643639864201237970e+03 2.645735090451754590e-01
1.642774629826237970e+03 2.746922095245140083e-01
1.641910372013737970e+03 2.758148154581128719e-01
1.641046968693425470e+03 2.744161136258150835e-01
1.640184664005925470e+03 2.707191637921177452e-01
1.639323213810612970e+03 2.758299427611303201e-01
1.638462740177800470e+03 2.775284792350691254e-01
1.637603121037175470e+03 2.706657493513086599e-01
1.636744600529362970e+03 2.659144686193732898e-01
1.635886934513737970e+03 2.608128883049684599e-01
1.635030245060612970e+03 2.676821395133721082e-01
1.634174532169987970e+03 2.642123479870948644e-01
1.633319673771550470e+03 2.630543749050424096e-01
1.632465791935612970e+03 2.606678174759141653e-01
1.631612764591862970e+03 2.662671993080258925e-01
1.630760713810612970e+03 2.590745752665855606e-01
1.629909639591862970e+03 2.513296077525264405e-01
1.629059419865300470e+03 2.521731045842122154e-01
1.628210176701237970e+03 2.508754743944627830e-01
1.627361788029362970e+03 2.561800601715912284e-01
1.626514375919987970e+03 2.573048631655498464e-01
1.625667940373112970e+03 2.498343799262193743e-01
1.624822481388737970e+03 2.496804432351371617e-01
1.623977754826237970e+03 2.523720746466396880e-01
1.623134126896550470e+03 2.548526339879468861e-01
1.622291231388737970e+03 2.494389713512568385e-01
1.621449434513737970e+03 2.556177101207584013e-01
1.620608370060612970e+03 2.496243240547905418e-01
1.619768404240300470e+03 2.476357510920646487e-01
1.618929170841862970e+03 2.539179692706093339e-01
1.618090914005925470e+03 2.494099835166129209e-01
1.617253511662175470e+03 2.500044115532000233e-01
1.616417085880925470e+03 2.463610155105313004e-01
1.615581514591862970e+03 2.368184291716408929e-01
1.614746919865300470e+03 2.486876904181437309e-01
1.613913301701237970e+03 2.466027710281230301e-01
1.613080415959050470e+03 2.464950291249052017e-01
1.612248506779362970e+03 2.526386658338469204e-01
1.611417452091862970e+03 2.496254339174826253e-01
1.610587373966862970e+03 2.433451284490223687e-01
1.609758150334050470e+03 2.438050153615993199e-01
1.608929781193425470e+03 2.447249291387800507e-01
1.608102388615300470e+03 2.500463739949788100e-01
1.607275728459050470e+03 2.436495053561085755e-01
1.606450044865300470e+03 2.466296228253213318e-01
1.605625337834050470e+03 2.438070295410711130e-01
1.604801485294987970e+03 2.447295666144921611e-01
1.603978365177800470e+03 2.446354626939839794e-01
1.603156221623112970e+03 2.443712032083451835e-01
1.602335054630925470e+03 2.441283674698912498e-01
1.601514620060612970e+03 2.431516575769384347e-01
1.600695162052800470e+03 2.413724223435192162e-01
1.599876558537175470e+03 2.446435841309668457e-01
1.599058809513737970e+03 2.443238040556393598e-01
1.598241914982487970e+03 2.392301471615990438e-01
1.597425752873112970e+03 2.457872877297436753e-01
1.596610933537175470e+03 2.386067930232932954e-01
1.595796602482487970e+03 2.378540380947386790e-01
1.594983125919987970e+03 2.421770574499000073e-01
1.594170747990300470e+03 2.429105635608600489e-01
1.593358980412175470e+03 2.425906261318086510e-01
1.592548189396550470e+03 2.413499467364538797e-01
1.591738374943425470e+03 2.415980571408848643e-01
1.590929292912175470e+03 2.459495417789934746e-01
1.590121187443425470e+03 2.414150205048787579e-01
1.589313692326237970e+03 2.350740658203683553e-01
1.588507051701237970e+03 2.398881235125442934e-01
1.587701631779362970e+03 2.403582724619119371e-01
1.586896822209050470e+03 2.413213954476882694e-01
1.586092867130925470e+03 2.419417634785893390e-01
1.585289888615300470e+03 2.434694800675420989e-01
1.584487642521550470e+03 2.438194995143161681e-01
1.583686250919987970e+03 2.409028314394331405e-01
1.582885835880925470e+03 2.464202776786565685e-01
1.582086153263737970e+03 2.396749067830040159e-01
1.581287447209050470e+03 2.466953736862312063e-01
1.580489351505925470e+03 2.413977449936689779e-01
1.579692110294987970e+03 2.442809136237578671e-01
1.578895967716862970e+03 2.479209440648280083e-01
1.578100435490300470e+03 2.496457751060352226e-01
1.577305879826237970e+03 2.460910795393588257e-01
1.576512178654362970e+03 2.384755943624309593e-01
1.575719209904362970e+03 2.466298044783501175e-01
1.574926973576237970e+03 2.455071136080175798e-01
1.574135713810612970e+03 2.419521474864936572e-01
1.573345308537175470e+03 2.453916021910847178e-01
1.572555757755925470e+03 2.423814299867308730e-01
1.571766939396550470e+03 2.413927104481541075e-01
1.570978853459050470e+03 2.455031731456719657e-01
1.570191866154362970e+03 2.419725319940091712e-01
1.569405489201237970e+03 2.391429748639980202e-01
1.568620210880925470e+03 2.444032063595519833e-01
1.567835420841862970e+03 2.406931813375168816e-01
1.567051607365300470e+03 2.386632010852831054e-01
1.566268648380925470e+03 2.386769486611663438e-01
1.565486421818425470e+03 2.421195425491786402e-01
1.564705049748112970e+03 2.416794170457509661e-01
1.563924532169987970e+03 2.409086165965700910e-01
1.563144869084050470e+03 2.410331031789652856e-01
1.562365816349675470e+03 2.373183529562125360e-01
1.561587740177800470e+03 2.417171884689897909e-01
1.560810518498112970e+03 2.403648929379119947e-01
1.560034029240300470e+03 2.398376854739587283e-01
1.559258272404362970e+03 2.356314291515006487e-01
1.558483370060612970e+03 2.394986719149417576e-01
1.557709444279362970e+03 2.362616023709456226e-01
1.556936128849675470e+03 2.389754333613129389e-01
1.556163667912175470e+03 2.411462164606883729e-01
1.555391939396550470e+03 2.413830472472583144e-01
1.554621187443425470e+03 2.419848419289393759e-01
1.553851045841862970e+03 2.353861293375715813e-01
1.553081880802800470e+03 2.438446037096075603e-01
1.553081758732487970e+03 2.379550971767242229e-01
1.552825655216862970e+03 2.434294358198068609e-01
1.552569429630925470e+03 2.421847295758803587e-01
1.552313448185612970e+03 2.439686824755995520e-01
1.552313326115300470e+03 2.408898591180971827e-01
1.552057466740300470e+03 2.435309014552244078e-01
1.551545747990300470e+03 2.361312836364689582e-01
1.550778902287175470e+03 2.384450198990956116e-01
1.550012789005925470e+03 2.362062080209652859e-01
1.549247530216862970e+03 2.379153163637360291e-01
1.548483125919987970e+03 2.394388910473889132e-01
1.547719331974675470e+03 2.403480364468344177e-01
1.546956392521550470e+03 2.391486300406160670e-01
1.546194307560612970e+03 2.363294353440192064e-01
1.545433077091862970e+03 2.396888698239202087e-01
1.544672456974675470e+03 2.331685504934743192e-01
1.543912569279362970e+03 2.328368164894884518e-01
1.543153658146550470e+03 2.397209195568787976e-01
1.542395601505925470e+03 2.342010793642470556e-01
1.541638155216862970e+03 2.372661317196837760e-01
1.540881441349675470e+03 2.446882095657192391e-01
1.540125581974675470e+03 2.376880896913889929e-01
1.539370455021550470e+03 2.377438250633801820e-01
1.538616304630925470e+03 2.401838165418287707e-01
1.537862764591862970e+03 2.404442882702857165e-01
1.537109956974675470e+03 2.403969340218546358e-01
1.536358003849675470e+03 2.392032561773125010e-01
1.535606539005925470e+03 2.402059839861526991e-01
1.534856416935612970e+03 2.366419997410150466e-01
1.534106539005925470e+03 2.370606418038013752e-01
1.533357759709050470e+03 2.377886801467977151e-01
1.532609590763737970e+03 2.388614021677955557e-01
1.531862154240300470e+03 2.376634023427146025e-01
1.531115694279362970e+03 2.371280782167966006e-01
1.530369844669987970e+03 2.422490572922718077e-01
1.529624727482487970e+03 2.359982632658744472e-01
1.528880342716862970e+03 2.408480684505308334e-01
1.528136812443425470e+03 2.369276920088330129e-01
1.527393770451237970e+03 2.374319819359292094e-01
1.526651949162175470e+03 2.380805786027723192e-01
1.525910494084050470e+03 2.398945140756517658e-01
1.525170137638737970e+03 2.417241124575827405e-01
1.524430269474675470e+03 2.356752731555066538e-01
1.523691255802800470e+03 2.392909411968359157e-01
1.522952974552800470e+03 2.398236986815916738e-01
1.522215547794987970e+03 2.372665956186104375e-01
1.521478731388737970e+03 2.396289206633850088e-01
1.520742647404362970e+03 2.368339639490550930e-01
1.520007295841862970e+03 2.341595157195142107e-01
1.519272798771550470e+03 2.378275012757893048e-01
1.518538912052800470e+03 2.392166218863843175e-01
1.517805757755925470e+03 2.364890447262101014e-01
1.517073702091862970e+03 2.403950958678992000e-01
1.516342134709050470e+03 2.350135292562350320e-01
1.515611177677800470e+03 2.367000734505824433e-01
1.515367891544987970e+03 2.440291042345276995e-01
1.515124605412175470e+03 2.401938805215765582e-01
1.514881197209050470e+03 2.369734208088758176e-01
1.514881075138737970e+03 2.357113829096982027e-01
1.514638033146550470e+03 2.402354969352251957e-01
1.514394991154362970e+03 2.396098626771053786e-01
1.514151705021550470e+03 2.362059526094016093e-01
1.513423067326237970e+03 2.359988624075868291e-01
1.512695162052800470e+03 2.391527893463327448e-01
1.511967989201237970e+03 2.378088545864568693e-01
1.511241670841862970e+03 2.360034042335471260e-01
1.510515962834050470e+03 2.362113791807801677e-01
1.509790987248112970e+03 2.356356690408582533e-01
1.509066744084050470e+03 2.409186636146742611e-01
1.508343233341862970e+03 2.378325408972451760e-01
1.507620455021550470e+03 2.377413391106833196e-01
1.506898409123112970e+03 2.406390402756248548e-01
1.506177095646550470e+03 2.401831680484710629e-01
1.505456514591862970e+03 2.402123758870410297e-01
1.504736788029362970e+03 2.405724139695635255e-01
1.504017549748112970e+03 2.369381903506757037e-01
1.503299165959050470e+03 2.444703146182777009e-01
1.502580587615970444e+03 2.315158284877808781e-01
1.501862673828347624e+03 2.383603617011853248e-01
1.501145615572987936e+03 2.363113952963510067e-01
1.500429168412101944e+03 2.395854803703231228e-01
1.499713454564584254e+03 2.378950971852054064e-01
1.498998474030434863e+03 2.395744894731376695e-01
1.498284104590759171e+03 2.391035845782185365e-01
1.497570590683346609e+03 2.377430555321493610e-01
1.496857687870407517e+03 2.399513952299510977e-01
1.496145640589731556e+03 2.405793810290132451e-01
1.495434204403529293e+03 2.372577394935994899e-01
1.494723501530695557e+03 2.356954791508234504e-01
1.494013409752335065e+03 2.364527469876189503e-01
1.493304173506237930e+03 2.378940223645471252e-01
1.492595548354614493e+03 2.386634332214403464e-01
1.491887656516359129e+03 2.388427759212439772e-01
1.491180497991472294e+03 2.393273332402568454e-01
1.490473950561059155e+03 2.391185859107997080e-01
1.489768136444014317e+03 2.393582660525752359e-01
1.489063055640337780e+03 2.416636139231355396e-01
1.488358708150029543e+03 2.356115265139517856e-01
1.487654971754195230e+03 2.355117922933878671e-01
1.486951968671728991e+03 2.394551728655212874e-01
1.486249576683736450e+03 2.370713692299156461e-01
1.485548040228007039e+03 2.361428799878750873e-01
1.484847114866751326e+03 2.370121066834019186e-01
1.484146922818863686e+03 2.377302712669828177e-01
1.483447341865449971e+03 2.366166884123135361e-01
1.482748616444299159e+03 2.372023704799034460e-01
1.482050379898727442e+03 2.375359817272213458e-01
1.481352998885418629e+03 2.398056040915316212e-01
1.480656228966583512e+03 2.366264052284347275e-01
1.479960070142222094e+03 2.398749887648677637e-01
1.479264766850123806e+03 2.381518973047554999e-01
1.478569952433604158e+03 2.372530419682730984e-01
1.477875993549347868e+03 2.368881716478415389e-01
1.477182645759565048e+03 2.375345254524614813e-01
1.476490031283150756e+03 2.403383839477685191e-01
1.475798027901209934e+03 2.390143520371596775e-01
1.475106757832637413e+03 2.346369317880311056e-01
1.474416098858538589e+03 2.427453066612954569e-01
1.473726173197808293e+03 2.389769608706593940e-01
1.473036858631551468e+03 2.402047831757709584e-01
1.472348277378662942e+03 2.354017394125621221e-01
1.471660429439142945e+03 2.327880196673268731e-01
1.470973192594096417e+03 2.344384824440057247e-01
1.470286689062418418e+03 2.348011269719010863e-01
1.469600796625213889e+03 2.339614308352177541e-01
1.468915515282483057e+03 2.333940816696364329e-01
1.468230967253120753e+03 2.373326733699963331e-01
1.467547152537126522e+03 2.385923991168993619e-01
1.466863948915605988e+03 2.389764962624255085e-01
1.466181356388559152e+03 2.357816257290339390e-01
1.465499497174880844e+03 2.326230864119069597e-01
1.464818249055675778e+03 2.358003830841795823e-01
1.464137734249839468e+03 2.383435487428977873e-01
1.463457830538476628e+03 2.378368103225162178e-01
1.462778660140482089e+03 2.356577786616354808e-01
1.462100100836961246e+03 2.359289547213525018e-01
1.461422152627913874e+03 2.350513879741102652e-01
1.460744815513340200e+03 2.378051551133860131e-01
1.460068333931029656e+03 2.360422181445224199e-01
1.459392341224298207e+03 2.330982397645460225e-01
1.458717081830934831e+03 2.356059654579856499e-01
1.458042433532045152e+03 2.314144430582257828e-01
1.457368518546524001e+03 2.351805101760881533e-01
1.456695214655476320e+03 2.307821595722254759e-01
1.456022521858902337e+03 2.380336616586754273e-01
1.455350562375696654e+03 2.346631655890547841e-01
1.454679213986964669e+03 2.288797624887181636e-01
1.454008476692706381e+03 2.383279180412025411e-01
1.453338350492921563e+03 2.342878824005804050e-01
1.452669079825399876e+03 2.362909513043940091e-01
1.452000298033457057e+03 2.404197389566875287e-01
1.451332127335987934e+03 2.359095249516101889e-01
1.450664689951887112e+03 2.392512549183676840e-01
1.449997863662259988e+03 2.359626055600228534e-01
1.449331648467106561e+03 2.357266675921293742e-01
1.448666166585321434e+03 2.346901573947917374e-01
1.448001295798009778e+03 2.411400816836890282e-01
1.447336913886277216e+03 2.400044819054197309e-01
1.446673387506807785e+03 2.384234897724377134e-01
1.446010350002916994e+03 2.404440620498248249e-01
1.445348168031289561e+03 2.370783206065997240e-01
1.444686352716346164e+03 2.431176718040097273e-01
1.444025270714771295e+03 2.376408011326786585e-01
1.443364922026564500e+03 2.412550553270277065e-01
1.442705062213936799e+03 2.429690740504322488e-01
1.442045935714677398e+03 2.416547234268793531e-01
1.441387420309891695e+03 2.374854587682917462e-01
1.440729515999579462e+03 2.408531664827190666e-01
1.440072100564846323e+03 2.361043928500867195e-01
1.439415662881270919e+03 2.385904364040701831e-01
1.439415540662376316e+03 2.363697835664040348e-01
1.439196891059710651e+03 2.376875430585420612e-01
1.438978119238150612e+03 2.373293971390462442e-01
1.438759591854379778e+03 2.364745511384797050e-01
1.438759469635484948e+03 2.372999920440836130e-01
1.438540942251714341e+03 2.363786447067663388e-01
1.438322537086838111e+03 2.371103999891747416e-01
1.438104254140856938e+03 2.393495527697614422e-01
1.438104131921962107e+03 2.358676374220272653e-01
1.437885848975980934e+03 2.377245569645942969e-01
1.437667688248894137e+03 2.369285131261107402e-01
1.437449527521807568e+03 2.344551610174506751e-01
1.437449405302912965e+03 2.333967975962785990e-01
1.437231122356931564e+03 2.378832104161160421e-01
1.437013206067634428e+03 2.363052745844917701e-01
1.436795411997232122e+03 2.383485498471915875e-01
1.436795289778337292e+03 2.394098328070783932e-01
1.436577373489040156e+03 2.364310669418837607e-01
1.436359457199743019e+03 2.362729606526073056e-01
1.436141785348235317e+03 2.365008070877052393e-01
1.435924113496727614e+03 2.361245888111683233e-01
1.435706441645219911e+03 2.348720771810617058e-01
1.435488892012607039e+03 2.364569470526383388e-01
1.435271464598888770e+03 2.402687689446876829e-01
1.435054037185170500e+03 2.372896411521120130e-01
1.434836609771452231e+03 2.361432800020564771e-01
1.434619426795523623e+03 2.387920338548201182e-01
1.434402121600699957e+03 2.408160638198436343e-01
1.434184938624771348e+03 2.413234066563975377e-01
1.433967877867737116e+03 2.376138348971419956e-01
1.433750939329597941e+03 2.373439504925198562e-01
1.433534000791458539e+03 2.420128185760606065e-01
1.433317062253319136e+03 2.388594294351997216e-01
1.433100368152969395e+03 2.411508705176458878e-01
1.432883551833724823e+03 2.386740840467737323e-01
1.432666857733374854e+03 2.406472561119167297e-01
1.432450285851919716e+03 2.362671510449816104e-01
1.432233836189359181e+03 2.390860289975605402e-01
1.432017386526798873e+03 2.409882891588512321e-01
1.431800936864238338e+03 2.414397639847874477e-01
1.431584609420572633e+03 2.400573724590419067e-01
1.431368404195801759e+03 2.389350290671508892e-01
1.431152198971030884e+03 2.297131509716973385e-01
1.430936115965154613e+03 2.255902095922454886e-01
1.430720155178172945e+03 2.295283546161852317e-01
1.430504072172296901e+03 2.317435592107150721e-01
1.430288111385315233e+03 2.388237025971365890e-01
1.430072150598333792e+03 2.349930066194115541e-01
1.429856556468036388e+03 2.350323114860516371e-01
1.429640840118844380e+03 2.341408149533800997e-01
1.429425245988546976e+03 2.346525198126175604e-01
1.429209774077144402e+03 2.371025952864759534e-01
1.428994179946846998e+03 2.385865726454322877e-01
1.428778708035444424e+03 2.372179720236268774e-01
1.428563358342936681e+03 2.342333928528676223e-01
1.428348130869323313e+03 2.365390098924914364e-01
1.428132903395710173e+03 2.386925138098807686e-01
1.427917675922097033e+03 2.417240787318180317e-01
1.427702570667378723e+03 2.397205946346657734e-01
1.427487709850449619e+03 2.367846255760739926e-01
1.427272604595731309e+03 2.387802616171349479e-01
1.427057743778802205e+03 2.377166469114699587e-01
1.426843005180767932e+03 2.434242537438455478e-01
1.426628266582733659e+03 2.400481337909607382e-01
1.426413527984699613e+03 2.402380547468245531e-01
1.426198911605559942e+03 2.357706820997817199e-01
1.425984417445315103e+03 2.403682760063724499e-01
1.425769923285070490e+03 2.379237553700675190e-01
1.425555551343720253e+03 2.375743370432948920e-01
1.425341179402370244e+03 2.401463661363169300e-01
1.425126929679914838e+03 2.366516206478343487e-01
1.424912679957459432e+03 2.373752534736239816e-01
1.424698552453898856e+03 2.360110890841103093e-01
1.424484302731443449e+03 2.353144903174801128e-01
1.424270541884567137e+03 2.345665067609807031e-01
1.424056536599901165e+03 2.377672301690998968e-01
1.423842653534130022e+03 2.354006485172231156e-01
1.423628892687253710e+03 2.352902422054142240e-01
1.423415131840377171e+03 2.375119413975326499e-01
1.423201493212395462e+03 2.368322340379737101e-01
1.422987732365518923e+03 2.371790015672469443e-01
1.422774460394221478e+03 2.339733007821687971e-01
1.422560943985134372e+03 2.325547854223993793e-01
1.422347549794942324e+03 2.384338023388118399e-01
1.422134155604750049e+03 2.373924932945374600e-01
1.421921005852347207e+03 2.462987330713660161e-01
1.421707733881049535e+03 2.371877720939049305e-01
1.421494584128646693e+03 2.383902949745576039e-01
1.421281434376244079e+03 2.353896666613174982e-01
1.421068529061630670e+03 2.363835993522437062e-01
1.420855623747017262e+03 2.349102053292877468e-01
1.420642718432403854e+03 2.325255967249615918e-01
1.420430057555580106e+03 2.352855764217388346e-01
1.420217152240966698e+03 2.372153974896405726e-01
1.420004613583037553e+03 2.373534067951070525e-01
1.419791952706213578e+03 2.398741949179147570e-01
1.419579536267179037e+03 2.362834841101005001e-01
1.419366997609249893e+03 2.382802923515659199e-01
1.419154581170215579e+03 2.379699436276719038e-01
1.418942286950075868e+03 2.359401712332675483e-01
1.418730114948830760e+03 2.319868871741139205e-01
1.418517942947585652e+03 2.338962792869505314e-01
1.418305770946340772e+03 2.339826568395908524e-01
1.418093598945095664e+03 2.384436601725919980e-01
1.417881793600535048e+03 2.345783202462596861e-01
1.417669743818184770e+03 2.338277742552074823e-01
1.417457816254729096e+03 2.365719150877973465e-01
1.417246133129063082e+03 2.350617603850140569e-01
1.417034450003396842e+03 2.369653473198374827e-01
1.416822766877730828e+03 2.370527586334626458e-01
1.416611083752064815e+03 2.405073127813871225e-01
1.416399645064188007e+03 2.368389101713853362e-01
1.416188206376311427e+03 2.357738035748868088e-01
1.415976767688434848e+03 2.387043366006979250e-01
1.415765451219452871e+03 2.355903080104421732e-01
1.415554134750470894e+03 2.363664180141456239e-01
1.415343062719278578e+03 2.357518374100624203e-01
1.415131868469191431e+03 2.388062929872297735e-01
1.414920796437998888e+03 2.380747206398654003e-01
1.414709724406806345e+03 2.372332622895643450e-01
1.414498896813403462e+03 2.351719458514966443e-01
1.414288069220000352e+03 2.356138667545013277e-01
1.414077241626597470e+03 2.377347525874300982e-01
1.413866536252089190e+03 2.353877846577070720e-01
1.413655953096475514e+03 2.359497769911379494e-01
1.413445247721967235e+03 2.381632283014370466e-01
1.413234542347458955e+03 2.382158743786372546e-01
1.413024325848529543e+03 2.374786944612063411e-01
1.412813864911810697e+03 2.338627063563117336e-01
1.412603526193986681e+03 2.366274738098685937e-01
1.412393187476162666e+03 2.394071812551722134e-01
1.412183093196127857e+03 2.411558900743313860e-01
1.411972998916093275e+03 2.411508027080351557e-01
1.411762904636058693e+03 2.399809496932662767e-01
1.411552810356023883e+03 2.358693645270949768e-01
1.411342960513778735e+03 2.360894479460781681e-01
1.411133110671533586e+03 2.365646879261543989e-01
1.410923260829288438e+03 2.381557408567798184e-01
1.410713410987043062e+03 2.371171040254214657e-01
1.410503805582587347e+03 2.360038153221933332e-01
1.410294200178131632e+03 2.366095659730911571e-01
1.410084716992570748e+03 2.367281842927805302e-01
1.409875111588114805e+03 2.397040807922328209e-01
1.409665872840343354e+03 2.387406317233177200e-01
1.409456389654782242e+03 2.352681713860387269e-01
1.409247150907010791e+03 2.341473361261608988e-01
1.409037912159239113e+03 2.370998348135405498e-01
1.408828795630362265e+03 2.368850778979658955e-01
1.408619679101485417e+03 2.353409122336032056e-01
1.408410684791503400e+03 2.335338742253176558e-01
1.408201690481521382e+03 2.339143880406103493e-01
1.407992818390433968e+03 2.349378610837648818e-01
1.407783946299346553e+03 2.366660162196086437e-01
1.407575196427153742e+03 2.351670359811054989e-01
1.407366446554961158e+03 2.354031720785634829e-01
1.407157818901663177e+03 2.357674204496646997e-01
1.406949313467260026e+03 2.384397831910051446e-01
1.406740808032856876e+03 2.382073618394384418e-01
1.406532302598453725e+03 2.365902818441091571e-01
1.406323919382945178e+03 2.398491459502679335e-01
1.406115780605226064e+03 2.394568847333479467e-01
1.405907397389717744e+03 2.378247575459951912e-01
1.405699258611998630e+03 2.423656012320550279e-01
1.405491119834279516e+03 2.416003629407486031e-01
1.405283103275455233e+03 2.405436610093608096e-01
1.405075086716630949e+03 2.400257573259063359e-01
1.404867192376701496e+03 2.378633074520500879e-01
1.404659298036771816e+03 2.407362897938608581e-01
1.404451648134631796e+03 2.392409564739302330e-01
1.404243876013596946e+03 2.372212168867815218e-01
1.404036103892562096e+03 2.380196668791851600e-01
1.403828576209316680e+03 2.409090651023524376e-01
1.403621048526071263e+03 2.389895715716995328e-01
1.403413643061720450e+03 2.395709649470030289e-01
1.403206115378475033e+03 2.372332325634044226e-01
1.402998832133019278e+03 2.365204007936907160e-01
1.402791671106457898e+03 2.411991617086472750e-01
1.402584387861001915e+03 2.402064411779714359e-01
1.402377226834440762e+03 2.387861180220827717e-01
1.402170065807879610e+03 2.362703025494705400e-01
1.401963149219107891e+03 2.388930939022983202e-01
1.401756232630336171e+03 2.403318560632516365e-01
1.401549316041564225e+03 2.384941429352952780e-01
1.401342399452792506e+03 2.394657826522551547e-01
1.401135605082915390e+03 2.398852808014651505e-01
1.400928932931933105e+03 2.382775690259165968e-01
1.400722382999845649e+03 2.392394197910581999e-01
1.400515833067757967e+03 2.408082977553741288e-01
1.400309283135670512e+03 2.392429636504118384e-01
1.400102855422477660e+03 2.367635325592114259e-01
1.399896549928179411e+03 2.361047252900755622e-01
1.399690122214986559e+03 2.374659927951708605e-01
1.399483938939583140e+03 2.374149825098004207e-01
1.399277755664179722e+03 2.377185090866088257e-01
1.399071694607671134e+03 2.390526890920789127e-01
1.398865511332267715e+03 2.418097446949037943e-01
1.398659572494653730e+03 2.388844446305885272e-01
1.398453755875934576e+03 2.375779356986588153e-01
1.398247694819425760e+03 2.384717979243899388e-01
1.398042000419601209e+03 2.383164976461172868e-01
1.397836183800882054e+03 2.387218549549698920e-01
1.397630489401057503e+03 2.395113218068211924e-01
1.397425039439022612e+03 2.392887984240008592e-01
1.397219467258092664e+03 2.370787608996620388e-01
1.397013895077162942e+03 2.368698427709068077e-01
1.396808322896233221e+03 2.400009814140794118e-01
1.396603239590882367e+03 2.404808505770519300e-01
1.396397911847742080e+03 2.374569244372788934e-01
1.396192584104601792e+03 2.386622127753922906e-01
1.395987500799250711e+03 2.376764711037749334e-01
1.395782417493899857e+03 2.400395175166108175e-01
1.395577334188549003e+03 2.388190336219269683e-01
1.395372373102092979e+03 2.371983054746422126e-01
1.395167412015636728e+03 2.349775722342304640e-01
1.394962573148075307e+03 2.371153548340618755e-01
1.394757856499408717e+03 2.384681267863889564e-01
1.394553139850741900e+03 2.391307206648405626e-01
1.394348423202075310e+03 2.401171973699678663e-01
1.394143706553408720e+03 2.381740014538984984e-01
1.393939356561426166e+03 2.400934625875807416e-01
1.393734884350548782e+03 2.370066561468548438e-01
1.393530412139671625e+03 2.373586176504942080e-01
1.393326062147689072e+03 2.381058695947262660e-01
1.393121834374601349e+03 2.406612622028145576e-01
1.392917606601513626e+03 2.419838435970897983e-01
1.392713501047320506e+03 2.401153400506074453e-01
1.392509395493127386e+03 2.391421364020875906e-01
1.392305289938934266e+03 2.353810309634969677e-01
1.392101428822530806e+03 2.367276525034296419e-01
1.391897445487232517e+03 2.356942903131854783e-01
1.391693584370828830e+03 2.383676139714725750e-01
1.391489723254425144e+03 2.375577676469739219e-01
1.391286228794705721e+03 2.370612580084251186e-01
1.391082489897196865e+03 2.368069030010031828e-01
1.390878873218582839e+03 2.370804021146665497e-01
1.390675378758863417e+03 2.365096827706093530e-01
1.390471884299143994e+03 2.388937095110174880e-01
1.390268512058319175e+03 2.411990817795271747e-01
1.390065139817494583e+03 2.373468583856729042e-01
1.389861889795564593e+03 2.380959559468537878e-01
1.389658639773634604e+03 2.369155167674625306e-01
1.389455634189494049e+03 2.400347141238068360e-01
1.389252506386458890e+03 2.385919945563665101e-01
1.389049378583423504e+03 2.391361713223626173e-01
1.388846372999282949e+03 2.377776512494149119e-01
1.388643489634037223e+03 2.380255831425644730e-01
1.388440728487686101e+03 2.403553718155169439e-01
1.388237967341335207e+03 2.384908607701526628e-01
1.388035206194984085e+03 2.374414073849491214e-01
1.387832567267527793e+03 2.383466891227271900e-01
1.387630050558966104e+03 2.390098027502982614e-01
1.387427411631509813e+03 2.437073124147211556e-01
1.387225017141842955e+03 2.370705183380168446e-01
1.387022622652175869e+03 2.375797069177848220e-01
1.386820228162509011e+03 2.372262451967475649e-01
1.386617955891736983e+03 2.370619962828540706e-01
1.386415805839859559e+03 2.383366137863490997e-01
1.386213533569087303e+03 2.374177518870429493e-01
1.386011505736104482e+03 2.398939206711132588e-01
1.385809477903121888e+03 2.412990413886244856e-01
1.385607572289033897e+03 2.415052002432270528e-01
1.385405666674945905e+03 2.423069329131005700e-01
1.385203761060857914e+03 2.364362162515185606e-01
1.385001977665664754e+03 2.351791276297902356e-01
1.384800194270471366e+03 2.367650821708777165e-01
1.384598655313067638e+03 2.402326382432432295e-01
1.384396994136769081e+03 2.416833302627094948e-01
1.384195455179365354e+03 2.406563931123859301e-01
1.383993916221961399e+03 2.393758106338129688e-01
1.383792621702347105e+03 2.388649256872132642e-01
1.383591204963837981e+03 2.412545758185180023e-01
1.383389910444223688e+03 2.392862927995159927e-01
1.383188615924609394e+03 2.386920480399668532e-01
1.382987565842784534e+03 2.385536641940931013e-01
1.382786515760959446e+03 2.406686723090734059e-01
1.382585343460239983e+03 2.400380524183958475e-01
1.382384415597309726e+03 2.394809910251708140e-01
1.382183487734379469e+03 2.424726601387361680e-01
1.381982682090344042e+03 2.401527661997324703e-01
1.381781876446308615e+03 2.413144111845515194e-01
1.381581070802273189e+03 2.398745035570247208e-01
1.381380387377132593e+03 2.427383215117347171e-01
1.381179703951991769e+03 2.424997286338115010e-01
1.380979264964640606e+03 2.415726241003278707e-01
1.380778825977289216e+03 2.395684546674587134e-01
1.380578386989938053e+03 2.377801913366895947e-01
1.380377948002586663e+03 2.401257998216021206e-01
1.380177631234130104e+03 2.415695650160196439e-01
1.379977436684568374e+03 2.379070384526878190e-01
1.379777242135006645e+03 2.407923481012263778e-01
1.379577047585444689e+03 2.395033914948227760e-01
1.379376975254777562e+03 2.396732036236556840e-01
1.379177147361900097e+03 2.424435200774381349e-01
1.378977197250127574e+03 2.404801564831877403e-01
1.378777247138355278e+03 2.425895112399530651e-01
1.378577419245477586e+03 2.385271219062879422e-01
1.378377591352600120e+03 2.371182917928541245e-01
1.378177885678617031e+03 2.426259488360334726e-01
1.377978302223528999e+03 2.414197852627120722e-01
1.377778718768440740e+03 2.415244718660304324e-01
1.377579257532247311e+03 2.435773368006000084e-01
1.377379796296053883e+03 2.437842977692274982e-01
1.377180457278755057e+03 2.407330324820220191e-01
1.376981118261456459e+03 2.422698294463834501e-01
1.376781779244157633e+03 2.435593449859879134e-01
1.376582562445753638e+03 2.443705191269918142e-01
1.376383345647349643e+03 2.451101640820834149e-01
1.376184373286735081e+03 2.442358763540510291e-01
1.375985278707225916e+03 2.411546348345016133e-01
1.375786306346611354e+03 2.415168690034305843e-01
1.375587333985996793e+03 2.408955519162314096e-01
1.375388483844276834e+03 2.402804552252953973e-01
1.375189878140346536e+03 2.441840605993094993e-01
1.374991150217521408e+03 2.410214990861029027e-01
1.374792422294696280e+03 2.421991317493668028e-01
1.374593816590765982e+03 2.425628608839957290e-01
1.374395210886835685e+03 2.429463848325032760e-01
1.374196849620694593e+03 2.414737747200712825e-01
1.373998366135659126e+03 2.411777302881069618e-01
1.373800004869518034e+03 2.413201833066778434e-01
1.373601643603377170e+03 2.435086962359845619e-01
1.373403404556130909e+03 2.393249486576558838e-01
1.373205287727779478e+03 2.382323417265580501e-01
1.373007048680533444e+03 2.392324604141843336e-01
1.372809054071076616e+03 2.395421750412787820e-01
1.372611059461619789e+03 2.408397770333888799e-01
1.372413064852163188e+03 2.413844434476663525e-01
1.372215314680495794e+03 2.421305106177526201e-01
1.372017442289933797e+03 2.408884691690552082e-01
1.371819692118266630e+03 2.389109160756368311e-01
1.371621819727704633e+03 2.392613400966324133e-01
1.371424313993826672e+03 2.417471891782532190e-01
1.371226808259948939e+03 2.421565535790540513e-01
1.371029302526070978e+03 2.404581380571242655e-01
1.370831796792193245e+03 2.391701764987427259e-01
1.370634291058315284e+03 2.432325396850609778e-01
1.370436907543332154e+03 2.396647604151458666e-01
1.370239768466138685e+03 2.416258773823161399e-01
1.370042507170050158e+03 2.404878276186447894e-01
1.369845368092856461e+03 2.380948064411418097e-01
1.369648229015662992e+03 2.388801656958233210e-01
1.369451212157363898e+03 2.386966594680112186e-01
1.369254317517959862e+03 2.436642896836431760e-01
1.369057178440766165e+03 2.463282585698716998e-01
1.368860406020256733e+03 2.441802742116894465e-01
1.368663633599747072e+03 2.424146939442687332e-01
1.368466861179237640e+03 2.406087803447663209e-01
1.368270210977623037e+03 2.418317606403165843e-01
1.368073560776008208e+03 2.408239036889200657e-01
1.367876910574393378e+03 2.414732979268861546e-01
1.367680504810568209e+03 2.432354730733200243e-01
1.367483976827848210e+03 2.406728728562327890e-01
1.367287571064022814e+03 2.417837474407022458e-01
1.367091409737987078e+03 2.413749366092221571e-01
1.366895003974161682e+03 2.402789541423526187e-01
1.366698842648125947e+03 2.437525306902211253e-01
1.366502559103195381e+03 2.426800933796048887e-01
1.366306519996054249e+03 2.418739735553941117e-01
1.366110603107807719e+03 2.418861002824113648e-01
1.365914564000666587e+03 2.439903848330781944e-01
1.365718647112420285e+03 2.412507346123719809e-01
1.365522730224173756e+03 2.417704365261523214e-01
1.365326935554822285e+03 2.425769125841964469e-01
1.365131385323260020e+03 2.422411715528249854e-01
1.364935590653908321e+03 2.439868135700577756e-01
1.364740040422346055e+03 2.423435682998734964e-01
1.364544367971889187e+03 2.396061911932868549e-01
1.364348939959221752e+03 2.389401386340035682e-01
1.364153511946554318e+03 2.418273335109448474e-01
1.363958083933886655e+03 2.409329318506656936e-01
1.363762778140114051e+03 2.368654198925298215e-01
1.363567472346341219e+03 2.392108616491955830e-01
1.363372288771463218e+03 2.383624195273793822e-01
1.363177105196585217e+03 2.422950926996921828e-01
1.362982043840601818e+03 2.405747360567725979e-01
1.362787104703513251e+03 2.416521404699517872e-01
1.362591921128635249e+03 2.423750724621083485e-01
1.362397104210441285e+03 2.378209257228593998e-01
1.362202287292247547e+03 2.392054838999640720e-01
1.362007592592948413e+03 2.418037217665304217e-01
1.361812775674754448e+03 2.426196903352327849e-01
1.361618080975455314e+03 2.443921750483503685e-01
1.361423386276156180e+03 2.422996945737943275e-01
1.361228813795751876e+03 2.416552499703863988e-01
1.361034363534242175e+03 2.429974534321934776e-01
1.360840035491627305e+03 2.450519247378087628e-01
1.360645585230117604e+03 2.403871149328809798e-01
1.360451257187502733e+03 2.412647770849855877e-01
1.360256929144887636e+03 2.421509537247817090e-01
1.360062601102272765e+03 2.481678621508015548e-01
1.359868639716341931e+03 2.449697156476791648e-01
1.359674556111516495e+03 2.447139101394609217e-01
1.359480472506691058e+03 2.440824534800649370e-01
1.359286511120760224e+03 2.425538681305823008e-01
1.359092549734829390e+03 2.420393772310724390e-01
1.358898710567793387e+03 2.425453918163821831e-01
1.358704993619651987e+03 2.456507731825272878e-01
1.358511154452615983e+03 2.383090686426107552e-01
1.358317437504474810e+03 2.443589772247727332e-01
1.358123842775228240e+03 2.420204664681432916e-01
1.357930248045981443e+03 2.424372108995318797e-01
1.357736775535629704e+03 2.421696114880861062e-01
1.357543303025277737e+03 2.419672119411775402e-01
1.357349952733820601e+03 2.451036897456649044e-01
1.357156602442363464e+03 2.408489310915356840e-01
1.356963252150906328e+03 2.425562092846711426e-01
1.356770024078344022e+03 2.412242823744095432e-01
1.356576918224676319e+03 2.391648002719102273e-01
1.356383812371008617e+03 2.446778953446167859e-01
1.356190828736235744e+03 2.451111088560702922e-01
1.355997722882568041e+03 2.431570048366575587e-01
1.355804861466689772e+03 2.453717785277338692e-01
1.355611877831916900e+03 2.431925416735412349e-01
1.355419260853828064e+03 2.450102604242918314e-01
1.355226399437949794e+03 2.437384349054158017e-01
1.355033660240966356e+03 2.436975342691373447e-01
1.354841043262877520e+03 2.425021905044210668e-01
1.354648426284788684e+03 2.423852889249392684e-01
1.354456053744489509e+03 2.442660945342931822e-01
1.354263558985295276e+03 2.430608643232417820e-01
1.354071064226101271e+03 2.440559755538897480e-01
1.353878691685801869e+03 2.440873401941204557e-01
1.353686319145502694e+03 2.426211714091998095e-01
1.353494068824098122e+03 2.424949261762520403e-01
1.353302062940482983e+03 2.439763689614554143e-01
1.353109934837973015e+03 2.446899985952044887e-01
1.352917806735463046e+03 2.417769050387268415e-01
1.352725800851847907e+03 2.426776720854980085e-01
1.352533794968232769e+03 2.415231977521123119e-01
1.352341911303512461e+03 2.429650138626847089e-01
1.352150149857686756e+03 2.434685478225226407e-01
1.351958388411861051e+03 2.426816223544762952e-01
1.351766626966035346e+03 2.403458202085081985e-01
1.351574865520209642e+03 2.427319560367114937e-01
1.351383226293278767e+03 2.446539148159287413e-01
1.351191587066347665e+03 2.399910876014194616e-01
1.351000314496101055e+03 2.425339360766552155e-01
1.350808797488064783e+03 2.440760780583097755e-01
1.350617402698923115e+03 2.409748533479712518e-01
1.350426130128676505e+03 2.399450930277272354e-01
1.350234857558429667e+03 2.426788804740311611e-01
1.350043584988182829e+03 2.404696105552733831e-01
1.349852556855725425e+03 2.437018791099481996e-01
1.349661406504373417e+03 2.402059988879021446e-01
1.349470378371916013e+03 2.435725584240750752e-01
1.349279350239458836e+03 2.428635978731580047e-01
1.349088444325896035e+03 2.419822582499517316e-01
1.348897538412333461e+03 2.402265132431798955e-01
1.348706754717665717e+03 2.404193243366789523e-01
1.348516093241892577e+03 2.386180961202090944e-01
1.348325309547224606e+03 2.430604410630542167e-01
1.348134648071451466e+03 2.403330232845712344e-01
1.347944108814572928e+03 2.406433597619546394e-01
1.347753569557694618e+03 2.420484747069168996e-01
1.347563152519710911e+03 2.416984446326048697e-01
1.347372613262832374e+03 2.438352214769620996e-01
1.347182318443743497e+03 2.399904557490911139e-01
1.346992023624654621e+03 2.440750159910923811e-01
1.346801728805565517e+03 2.423845083973683590e-01
1.346611556205371244e+03 2.420986679204161218e-01
1.346421505824071801e+03 2.421995033987617563e-01
1.346231455442772130e+03 2.467200132393739531e-01
1.346041405061472688e+03 2.406039535373782623e-01
1.345851476899067848e+03 2.408582366198236402e-01
1.345661548736663008e+03 2.406437289585221517e-01
1.345471620574258395e+03 2.411415361199167884e-01
1.345281936849642989e+03 2.413741939580096862e-01
1.345092130906132979e+03 2.400552641301667844e-01
1.344902447181517573e+03 2.404937763041836707e-01
1.344712885675796997e+03 2.413218269337905064e-01
1.344523201951181591e+03 2.423761665090509443e-01
1.344333762664355618e+03 2.404268782256411274e-01
1.344144201158635042e+03 2.419364782836916916e-01
1.343955006309598730e+03 2.405458463023128490e-01
1.343765567022772757e+03 2.396770596653694796e-01
1.343576249954841614e+03 2.414694018096064099e-01
1.343387055105805075e+03 2.405238316006578503e-01
1.343197860256768763e+03 2.400634393812580702e-01
1.343008787626627054e+03 2.414236837995731300e-01
1.342819714996485345e+03 2.427055526227930582e-01
1.342630764585238239e+03 2.399461422830813373e-01
1.342441691955096530e+03 2.435708079833053541e-01
1.342252863762744255e+03 2.432721645169759472e-01
1.342064035570391979e+03 2.419939025262501098e-01
1.341875207378039704e+03 2.452435812283252914e-01
1.341686501404582259e+03 2.420200128822213304e-01
1.341497917650019417e+03 2.437216856770326734e-01
1.341309333895456575e+03 2.435396394637887041e-01
1.341120750140893733e+03 2.408758766832480858e-01
1.340932166386331119e+03 2.408428875048453655e-01
1.340743704850662880e+03 2.422233935196203836e-01
1.340555365533889699e+03 2.430495081874952390e-01
1.340367026217116290e+03 2.395655020303717742e-01
1.340178809119237712e+03 2.431128259088256860e-01
1.339990592021358907e+03 2.447344117616757075e-01
1.339802374923480329e+03 2.437468231177291056e-01
1.339614280044496354e+03 2.417364798189230446e-01
1.339426185165512607e+03 2.428788274717419149e-01
1.339238090286528632e+03 2.409793244882999230e-01
1.339050239845334090e+03 2.421147043461859272e-01
1.338862389404139776e+03 2.427717122704803887e-01
1.338674416744050632e+03 2.417347529559291386e-01
1.338486688521750921e+03 2.422873992582621760e-01
1.338298960299451210e+03 2.412356258941687481e-01
1.322359905362604650e+03 2.429541619479465009e-01
1.322176943677199233e+03 2.416471511108362891e-01
1.321993981991793817e+03 2.438184669440063568e-01
1.321811020306388627e+03 2.474374295233931764e-01
1.321628303058772644e+03 2.451814319882542337e-01
1.304855470822102689e+03 2.460716328824773258e-01
1.304677520111381227e+03 2.475490910387782573e-01
1.304499691619554369e+03 2.460009897340791063e-01
1.304321863127727283e+03 2.449912029072884578e-01
1.304144034635900425e+03 2.458262995156678399e-01
1.286967880046633582e+03 2.446317573379779009e-01
1.286795184748385282e+03 2.433512700941551365e-01
1.286622367231242151e+03 2.468162920021687023e-01
1.286449671932993851e+03 2.445799914973495748e-01
1.286276976634745324e+03 2.480306270330474572e-01
1.286104403555391855e+03 2.471385811137229160e-01
1.285931830476038158e+03 2.470492749894458440e-01
1.285759257396684461e+03 2.465471544861970732e-01
1.285586806536225595e+03 2.472024145893216562e-01
1.285414355675766501e+03 2.477668924680719309e-01
1.285242149253097068e+03 2.507157435325704231e-01
1.285069820611533032e+03 2.476992468618712528e-01
1.284897491969968769e+03 2.476545653084606946e-01
1.284725285547299336e+03 2.519159130990947237e-01
1.284553079124629903e+03 2.503529443039522739e-01
1.284380994920855073e+03 2.475162576392039848e-01
1.284208910717080244e+03 2.482358722268641626e-01
1.284036826513305641e+03 2.502496466487376670e-01
1.283864864528425642e+03 2.547228251660048071e-01
1.283692902543545415e+03 2.507268856106973365e-01
1.283521062777560246e+03 2.509539127512931955e-01
1.283349223011574850e+03 2.516868839200925856e-01
1.283177383245589681e+03 2.554809060296441281e-01
1.283005665698499115e+03 2.590555776715023351e-01
1.282833948151408549e+03 2.577408232112334829e-01
1.282662475042107417e+03 2.605288951999493174e-01
1.282490879713911454e+03 2.631154863306670033e-01
1.282319284385715719e+03 2.570788861521972613e-01
1.282147811276414586e+03 2.510520904176244406e-01
1.281976460386008284e+03 2.461719102972048101e-01
1.281804987276707152e+03 2.481600488070132282e-01
1.281633636386300623e+03 2.471627800687565268e-01
1.281462285495894321e+03 2.484439322862175004e-01
1.281291056824382622e+03 2.509811345241100278e-01
1.281119828152870923e+03 2.456686999583759801e-01
1.280948599481359224e+03 2.451995817182743009e-01
1.280777615247637186e+03 2.468418811846583294e-01
1.280606508795020090e+03 2.441405448394091682e-01
1.280435402342403222e+03 2.476189753171231522e-01
1.280264540327575787e+03 2.490555122908764130e-01
1.280093556093853522e+03 2.472885307560097889e-01
1.279922816297920690e+03 2.499915709188386403e-01
1.279751954283093255e+03 2.463938758493037229e-01
1.279581214487160651e+03 2.467923967929686324e-01
1.279410474691227819e+03 2.465847675950767759e-01
1.279239857114189817e+03 2.449251305667608791e-01
1.279069117318256986e+03 2.481001873195391727e-01
1.278898621960113815e+03 2.474041271474649584e-01
1.278728004383075586e+03 2.484186572704277229e-01
1.278557631243827018e+03 2.482268492294737727e-01
1.278387135885683847e+03 2.483957171210372794e-01
1.278216762746435279e+03 2.485161667783135353e-01
1.278046389607186711e+03 2.448000362611052194e-01
1.277876138686832746e+03 2.459856023963467586e-01
1.277705887766479009e+03 2.454399406971848052e-01
1.277535636846125044e+03 2.484144934740326882e-01
1.277365508144665910e+03 2.479619498691569002e-01
1.277195379443206775e+03 2.487599536145056467e-01
1.277025495179537074e+03 2.494673056627276786e-01
1.276855488696972770e+03 2.474345924588536305e-01
1.276685482214408466e+03 2.469591241476868648e-01
1.276515597950738766e+03 2.471654204435423108e-01
1.276345835905963668e+03 2.498417653672514449e-01
1.276175951642294194e+03 2.452594629873275645e-01
1.276006189597519096e+03 2.490997467779530183e-01
1.275836427552744226e+03 2.470617980670248848e-01
1.275666787726863959e+03 2.452355680901312507e-01
1.275497147900983691e+03 2.492156912928208123e-01
1.275327508075103651e+03 2.480044379917328567e-01
1.275158112687012817e+03 2.459719035630536788e-01
1.274988472861132550e+03 2.481632610606616385e-01
1.274819077473041716e+03 2.477354846550907097e-01
1.274649682084951110e+03 2.466633829407925971e-01
1.274480408915755106e+03 2.503008663756829399e-01
1.274311013527664272e+03 2.488070098048818790e-01
1.274141862577362872e+03 2.501884499946708251e-01
1.273972711627061699e+03 2.452300226249299053e-01
1.273803560676760299e+03 2.446417419553489625e-01
1.273634531945353729e+03 2.448507562011509597e-01
1.273465503213947159e+03 2.468681410196666148e-01
1.273296596701435192e+03 2.460066419814078698e-01
1.273296474482540589e+03 2.469135758227263833e-01
1.273127567970028622e+03 2.432442028688080460e-01
1.273127445751134019e+03 2.448311127777081930e-01
1.272958783676411485e+03 2.457015106712825692e-01
1.272958661457516882e+03 2.468348083104275337e-01
1.272789877163899746e+03 2.438021912093104870e-01
1.272789754945004915e+03 2.492404539827185184e-01
1.272620970651387779e+03 2.475993724888962133e-01
1.272620848432493176e+03 2.489586218452884414e-01
1.272452064138876040e+03 2.491614733040266039e-01
1.272283402064153506e+03 2.465066578720502555e-01
1.272114739989431200e+03 2.467822241761163937e-01
1.271946077914708667e+03 2.497006174828263481e-01
1.271777538058880964e+03 2.470391298396324709e-01
1.271608998203053261e+03 2.489447154619160718e-01
1.271440458347225785e+03 2.468357734885238408e-01
1.271272040710292686e+03 2.486960373009121650e-01
1.271103623073359813e+03 2.443003610723988583e-01
1.270935327655321544e+03 2.459737872239937395e-01
1.270767032237283274e+03 2.478165200924522249e-01
1.270598736819245005e+03 2.490237221592553896e-01
1.270430685838996396e+03 2.487789822486725644e-01
1.270262512639852730e+03 2.484781394921013742e-01
1.270094339440709291e+03 2.466111737541799021e-01
1.269926288460460455e+03 2.479435632388594657e-01
1.269758359699106450e+03 2.498183777818254736e-01
1.269590308718857614e+03 2.478104387935000652e-01
1.269422379957503608e+03 2.472368665233438401e-01
1.269254573415044433e+03 2.506667762663211674e-01
1.269086766872585031e+03 2.500823890872340138e-01
1.268918960330125628e+03 2.507069449594777621e-01
1.268751153787666453e+03 2.494563393868427514e-01
1.268583591682996484e+03 2.514081453465079052e-01
1.268415907359431912e+03 2.493515853755057243e-01
1.268248223035867341e+03 2.483375201328373305e-01
1.268080783150092202e+03 2.455051986864146829e-01
1.267913221045422233e+03 2.477164387293271652e-01
1.267745781159647095e+03 2.478211934403543870e-01
1.267578341273871956e+03 2.482705090391993386e-01
1.267411145825886251e+03 2.480405866081676625e-01
1.267243705940111113e+03 2.482169785731361822e-01
1.267076388273230805e+03 2.448053419604837022e-01
1.266909192825245100e+03 2.471132355688942517e-01
1.266741997377259395e+03 2.469740366080701299e-01
1.266574924148168520e+03 2.468899462753414709e-01
1.266407973137972249e+03 2.465514763707331025e-01
1.266240899908881147e+03 2.493365981761209715e-01
1.266073948898684876e+03 2.469308767921625791e-01
1.265906997888488831e+03 2.481010262607071526e-01
1.265740046878292560e+03 2.510427164456268678e-01
1.265573218086990892e+03 2.504679044068885974e-01
1.265406389295689451e+03 2.476874712081100216e-01
1.265239804942177443e+03 2.482635100683685814e-01
1.265072976150876002e+03 2.486881648518350918e-01
1.264906269578469164e+03 2.466991783161875673e-01
1.264739685224957157e+03 2.497280584453725194e-01
1.264573100871444922e+03 2.487608258017685037e-01
1.264406638736827745e+03 2.501648160636325002e-01
1.264240176602210340e+03 2.468943591139468319e-01
1.264073714467592936e+03 2.479955631741887212e-01
1.263907374551870362e+03 2.502520581630718888e-01
1.263741034636147788e+03 2.489420813678141775e-01
1.263574694720425214e+03 2.499176232429909661e-01
1.263408477023597243e+03 2.500854273397944416e-01
1.263242259326769499e+03 2.472987448473214500e-01
1.263076163848836359e+03 2.471528139298792281e-01
1.262909946152008388e+03 2.448098229344862486e-01
1.262743972892969850e+03 2.503147412646956060e-01
1.262577877415036710e+03 2.474243947661757259e-01
1.262411904155998400e+03 2.516531050479698939e-01
1.262246053115854693e+03 2.547583156563792972e-01
1.262080202075710986e+03 2.528982178789098700e-01
1.261914351035567279e+03 2.525402430273760435e-01
1.261748499995423572e+03 2.484359873377212369e-01
1.261582893393069298e+03 2.468535782159524683e-01
1.261417286790715025e+03 2.458036159074260818e-01
1.261251557969466148e+03 2.469291077926314415e-01
1.261085951367111875e+03 2.499603200227713262e-01
1.260920466983652432e+03 2.511118397476163611e-01
1.260754982600192761e+03 2.483443971706990328e-01
1.260589498216733318e+03 2.483115922885176519e-01
1.260424013833273875e+03 2.481864804625048826e-01
1.260258651668709035e+03 2.477164284609422173e-01
1.260093411723038798e+03 2.474402155556434113e-01
1.259928049558474186e+03 2.479803902681700367e-01
1.259762931831698779e+03 2.472241876238999714e-01
1.259597691886028770e+03 2.472530482754038694e-01
1.259432574159253363e+03 2.484555476939931395e-01
