# Wavelength, Reflectance
1.644540085092541858e+03 2.463470155745279833e-01
1.643673996225354358e+03 2.525104616826193138e-01
1.642808761850354358e+03 2.580536095256915630e-01
1.641944504037854358e+03 2.495284442518748980e-01
1.641081100717541858e+03 2.432914011520968811e-01
1.640218796030041858e+03 2.498558672133203429e-01
1.639357345834729358e+03 2.544322054190297222e-01
1.638496872201916858e+03 2.545145919295434545e-01
1.637637253061291858e+03 2.594459952325043894e-01
1.636778732553479358e+03 2.484437008571332151e-01
1.635921066537854358e+03 2.420352481199305739e-01
1.635064377084729358e+03 2.548395923429924159e-01
1.634208664194104358e+03 2.398906643482992540e-01
1.633353805795666858e+03 2.510210515737748560e-01
1.632499923959729358e+03 2.507232084335488942e-01
1.631646896615979358e+03 2.428739849060158607e-01
1.630794845834729358e+03 2.325409120545318120e-01
1.629943771615979358e+03 2.454548366975134177e-01
1.629093551889416858e+03 2.409863448495764837e-01
1.628244308725354358e+03 2.386515881508098069e-01
1.627395920053479358e+03 2.413162359446663074e-01
1.626548507944104358e+03 2.403395588150799567e-01
1.625702072397229358e+03 2.422682342673857514e-01
1.624856613412854358e+03 2.411160521616957098e-01
1.624011886850354358e+03 2.383476738310938425e-01
1.623168258920666858e+03 2.312469257187062255e-01
1.622325363412854358e+03 2.386321082905485114e-01
1.621483566537854358e+03 2.396593533583132596e-01
1.620642502084729358e+03 2.391949271291431700e-01
1.619802536264416858e+03 2.315699917467273494e-01
1.618963302865979358e+03 2.320079472080749383e-01
1.618125046030041858e+03 2.336074112169770622e-01
1.617287643686291858e+03 2.393425328269033758e-01
1.616451217905041858e+03 2.341211998180831588e-01
1.615615646615979358e+03 2.338797032575017087e-01
1.614781051889416858e+03 2.348800562337971798e-01
1.613947433725354358e+03 2.385311445256338148e-01
1.613114547983166858e+03 2.345745382853240690e-01
1.612282638803479358e+03 2.363742170234245932e-01
1.611451584115979358e+03 2.397241149603069610e-01
1.610621505990979358e+03 2.305452576412435339e-01
1.609792282358166858e+03 2.349768670448879326e-01
1.608963913217541858e+03 2.333239326880691134e-01
1.608136520639416858e+03 2.399694899152484129e-01
1.607309860483166858e+03 2.379308347335279961e-01
1.606484176889416858e+03 2.332858188932968313e-01
1.605659469858166858e+03 2.372048809919156398e-01
1.604835617319104358e+03 2.343365782585081769e-01
1.604012497201916858e+03 2.326069406263716888e-01
1.603190353647229358e+03 2.307045793107226073e-01
1.602369186655041858e+03 2.344493667321747299e-01
1.601548752084729358e+03 2.335078118674647485e-01
1.600729294076916858e+03 2.312105982768451473e-01
1.599910690561291858e+03 2.351364672921120447e-01
1.599092941537854358e+03 2.364736489463409586e-01
1.598276047006604358e+03 2.295729986721088689e-01
1.597459884897229358e+03 2.332308058526230132e-01
1.596645065561291858e+03 2.263316838279272047e-01
1.595830734506604358e+03 2.293413342943949329e-01
1.595017257944104358e+03 2.323657242960350533e-01
1.594204880014416858e+03 2.319614298078681580e-01
1.593393112436291858e+03 2.342737682838637037e-01
1.592582321420666858e+03 2.365361401681018994e-01
1.591772506967541858e+03 2.335281869378715014e-01
1.590963424936291858e+03 2.355316730924369995e-01
1.590155319467541858e+03 2.317813191441580600e-01
1.589347824350354358e+03 2.259123244393804464e-01
1.588541183725354358e+03 2.282797972422019872e-01
1.587735763803479358e+03 2.300956733914257812e-01
1.586930954233166858e+03 2.288794173405254151e-01
1.586126999155041858e+03 2.302135899239246830e-01
1.585324020639416858e+03 2.335770630014355476e-01
1.584521774545666858e+03 2.331769973209405766e-01
1.583720382944104358e+03 2.281548151043262807e-01
1.582919967905041858e+03 2.311229715568461074e-01
1.582120285287854358e+03 2.323300994903449712e-01
1.581321579233166858e+03 2.317284336812188983e-01
1.580523483530041858e+03 2.317964305850817863e-01
1.579726242319104358e+03 2.301723400719505319e-01
1.578930099740979358e+03 2.418914368520171942e-01
1.578134567514416858e+03 2.390956139167532413e-01
1.577340011850354358e+03 2.352035756984593717e-01
1.576546310678479358e+03 2.378536337499661812e-01
1.575753341928479358e+03 2.359850338881376575e-01
1.574961105600354358e+03 2.344153001569895534e-01
1.574169845834729358e+03 2.331855612379698239e-01
1.573379440561291858e+03 2.297387897551169955e-01
1.572589889780041858e+03 2.368746567063315656e-01
1.571801071420666858e+03 2.336754342346098745e-01
1.571012985483166858e+03 2.340654959330106810e-01
1.570225998178479358e+03 2.360990326943064044e-01
1.569439621225354358e+03 2.304135433847254721e-01
1.568654342905041858e+03 2.305350302419698350e-01
1.567869552865979358e+03 2.316198823548162866e-01
1.567085739389416858e+03 2.323056044224054151e-01
1.566302780405041858e+03 2.326642926321381977e-01
1.565520553842541858e+03 2.343675721937542589e-01
1.564739181772229358e+03 2.326200327891252417e-01
1.563958664194104358e+03 2.297647152202432486e-01
1.563179001108166858e+03 2.336119999819261661e-01
1.562399948373791858e+03 2.287937002462782643e-01
1.561621872201916858e+03 2.324442096196901453e-01
1.560844650522229358e+03 2.340305246023637320e-01
1.560068161264416858e+03 2.271708481472430596e-01
1.559292404428479358e+03 2.278530166121591483e-01
1.558517502084729358e+03 2.280530838397194227e-01
1.557743576303479358e+03 2.307849327237138648e-01
1.556970260873791858e+03 2.316817979962260410e-01
1.556197799936291858e+03 2.290817642409021526e-01
1.555426071420666858e+03 2.311304671526816790e-01
1.554655319467541858e+03 2.292567451632651354e-01
1.553885177865979358e+03 2.308783202178052163e-01
1.553116012826916858e+03 2.312906159787212201e-01
1.553115890756604358e+03 2.312905471749138742e-01
1.552859787240979358e+03 2.293538260527043793e-01
1.552603561655041858e+03 2.310537157414818410e-01
1.552347580209729358e+03 2.284754524031974710e-01
1.552347458139416858e+03 2.302862764050623012e-01
1.552091598764416858e+03 2.331910191401141696e-01
1.551579880014416858e+03 2.295095146608354120e-01
1.550813034311291858e+03 2.317705183516423628e-01
1.550046921030041858e+03 2.290718652081517037e-01
1.549281662240979358e+03 2.272488782568890253e-01
1.548517257944104358e+03 2.299404969404968968e-01
1.547753463998791858e+03 2.302553595577093160e-01
1.546990524545666858e+03 2.302616325798217678e-01
1.546228439584729358e+03 2.284465198710338985e-01
1.545467209115979358e+03 2.277790430611607297e-01
1.544706588998791858e+03 2.290471973334348987e-01
1.543946701303479358e+03 2.301965523741408004e-01
1.543187790170666858e+03 2.294975340372603922e-01
1.542429733530041858e+03 2.287174938211493924e-01
1.541672287240979358e+03 2.291013869832598804e-01
1.540915573373791858e+03 2.278701526047129389e-01
1.540159713998791858e+03 2.264204078643821116e-01
1.539404587045666858e+03 2.293544500156277643e-01
1.538650436655041858e+03 2.298019427928250369e-01
1.537896896615979358e+03 2.281038301486063014e-01
1.537144088998791858e+03 2.261388126284407940e-01
1.536392135873791858e+03 2.298884192701424189e-01
1.535640671030041858e+03 2.305925803254494921e-01
1.534890548959729358e+03 2.305472976839074706e-01
1.534140671030041858e+03 2.275964195861795714e-01
1.533391891733166858e+03 2.293690408422587312e-01
1.532643722787854358e+03 2.265028736095346384e-01
1.531896286264416858e+03 2.280075298556417385e-01
1.531149826303479358e+03 2.329552744365739336e-01
1.530403976694104358e+03 2.314425995527077951e-01
1.529658859506604358e+03 2.282207949682739934e-01
1.528914474740979358e+03 2.288751699799577988e-01
1.528170944467541858e+03 2.302465358612650059e-01
1.527427902475354358e+03 2.290159218427360588e-01
1.526686081186291858e+03 2.265168530729852747e-01
1.525944626108166858e+03 2.289515266686233952e-01
1.525204269662854358e+03 2.334364146971243947e-01
1.524464401498791858e+03 2.277846134643310982e-01
1.523725387826916858e+03 2.310932884386497632e-01
1.522987106576916858e+03 2.290985530945174597e-01
1.522249679819104358e+03 2.267473929075373429e-01
1.521512863412854358e+03 2.281510339418082456e-01
1.520776779428479358e+03 2.305347731606800510e-01
1.520041427865979358e+03 2.267474436994654508e-01
1.519306930795666858e+03 2.277792293385983435e-01
1.518573044076916858e+03 2.272010690824305679e-01
1.517839889780041858e+03 2.271232798711249612e-01
1.517107834115979358e+03 2.245550188462830665e-01
1.516376266733166858e+03 2.293498007555048457e-01
1.515645309701916858e+03 2.283858427486173681e-01
1.515402023569104358e+03 2.291536039902256350e-01
1.515158737436291858e+03 2.269304323943923674e-01
1.514915329233166858e+03 2.272762276696492778e-01
1.514915207162854358e+03 2.270042595540528729e-01
1.514672165170666858e+03 2.231010225557200355e-01
1.514429123178479358e+03 2.275620961790825181e-01
1.514185837045666858e+03 2.280039113751038127e-01
1.513457199350354358e+03 2.287829500750853673e-01
1.512729294076916858e+03 2.287296275718999905e-01
1.512002121225354358e+03 2.291558067290734857e-01
1.511275802865979358e+03 2.253547634102399111e-01
1.510550094858166858e+03 2.281901013254572508e-01
1.509825119272229358e+03 2.314647663465050909e-01
1.509100876108166858e+03 2.305565689542267427e-01
1.508377365365979358e+03 2.293513526741587927e-01
1.507654587045666858e+03 2.318278453557834629e-01
1.506932541147229358e+03 2.301501898698818105e-01
1.506211227670666858e+03 2.311430082496796212e-01
1.505490646615979358e+03 2.361573204283884397e-01
1.504770920053479358e+03 2.328259736091658483e-01
1.504051681772229358e+03 2.321321540998500521e-01
1.503333297983166858e+03 2.320408470466543693e-01
1.502614502414443450e+03 2.263356318104040033e-01
1.501896424302618243e+03 2.303138976155751916e-01
1.501179201918880153e+03 2.301418213580228300e-01
1.500462590769489680e+03 2.305867973211772337e-01
1.499746713101316573e+03 2.260664120034215629e-01
1.499031568914361060e+03 2.296001074460261859e-01
1.498317035961753163e+03 2.299453400423917548e-01
1.497603358737232384e+03 2.337123331231651391e-01
1.496890292747059448e+03 2.284411619104648739e-01
1.496178082484973402e+03 2.269749805535811460e-01
1.495466483457234972e+03 2.294521796400855740e-01
1.494755617910714136e+03 2.269130152617008789e-01
1.494045363598541144e+03 2.297634907807250271e-01
1.493335965014455041e+03 2.301495294995271890e-01
1.492627177664716783e+03 2.311208971110344512e-01
1.491919123796195890e+03 2.305598823945063935e-01
1.491211803408892592e+03 2.283077264053202660e-01
1.490505094255936910e+03 2.295335701644281301e-01
1.489799118584198595e+03 2.316886234978574044e-01
1.489093876393677874e+03 2.322161264748798248e-01
1.488389367684374292e+03 2.316319500505544249e-01
1.487685470209418781e+03 2.247582723006739946e-01
1.486982306215680410e+03 2.316939446006497649e-01
1.486279753456289882e+03 2.302282912868036935e-01
1.485578056424986471e+03 2.270654669738859932e-01
1.484876970628030904e+03 2.265822929498466920e-01
1.484176618312292703e+03 2.277293359653968507e-01
1.483476877230902119e+03 2.256442539291710903e-01
1.482777991877598652e+03 2.282021915545233981e-01
1.482079595511773505e+03 2.257941977169662662e-01
1.481382054874035248e+03 2.267332833956725302e-01
1.480685125470644834e+03 2.313926787090645476e-01
1.479988807301602264e+03 2.311021408656813714e-01
1.479293344860646584e+03 2.292888509222587856e-01
1.478598371407169225e+03 2.314316217649564633e-01
1.477904253681778755e+03 2.304507803858264758e-01
1.477210747190736129e+03 2.289317776223439571e-01
1.476517974180910869e+03 2.313285256768363995e-01
1.475825812405433453e+03 2.296345850867505534e-01
1.475134384111173404e+03 2.276657063900880129e-01
1.474443567051261198e+03 2.317048054225658293e-01
1.473753483472566586e+03 2.315893884588577367e-01
1.473064011128219590e+03 2.294244533685162180e-01
1.472375272265089961e+03 2.289181597423210202e-01
1.471687266883177699e+03 2.293489563363384776e-01
1.470999872735613508e+03 2.278449344314246172e-01
1.470313212069266456e+03 2.297768529120441106e-01
1.469627162637267247e+03 2.268510951244498142e-01
1.468941724439615882e+03 2.287165057556674042e-01
1.468257019723182111e+03 2.302481665027302504e-01
1.467573048487965480e+03 2.287664228758978235e-01
1.466889688487096691e+03 2.293914088642217963e-01
1.466206939720575974e+03 2.290874998886837377e-01
1.465524924435272396e+03 2.227706159328440849e-01
1.464843520384316662e+03 2.300121821169031633e-01
1.464162849814578522e+03 2.256457130019041413e-01
1.463482790479187997e+03 2.281270209235251034e-01
1.462803464625014840e+03 2.286676595751730434e-01
1.462124750005189753e+03 2.300050437917697810e-01
1.461446646619712283e+03 2.290961296097720756e-01
1.460769154468582656e+03 2.294002735891997879e-01
1.460092518045540146e+03 2.264077572264231453e-01
1.459416370609975729e+03 2.285587302145516697e-01
1.458740956655628679e+03 2.268448728182799190e-01
1.458066153935629472e+03 2.276360451734602830e-01
1.457392084696847860e+03 2.292388821738406413e-01
1.456718626692413864e+03 2.259415190882921309e-01
1.456045779922327711e+03 2.283202801770971846e-01
1.455373666633458924e+03 2.250664246569027971e-01
1.454702164578937982e+03 2.249545807801352493e-01
1.454031273758765110e+03 2.299883848708671186e-01
1.453360994172939854e+03 2.287831136814652555e-01
1.452691570315201488e+03 2.291833386572365849e-01
1.452022635444941443e+03 2.281945830494736260e-01
1.451354311809029241e+03 2.273665086903737254e-01
1.450686721654334406e+03 2.310158419249469519e-01
1.450019742733987414e+03 2.276031560389539798e-01
1.449353375047988266e+03 2.305368274396775163e-01
1.448687740843206484e+03 2.300176588102142983e-01
1.448022717872772546e+03 2.296335852685068568e-01
1.447358183889816701e+03 2.300530225733531386e-01
1.446694505634947973e+03 2.336335098022730150e-01
1.446031316367557565e+03 2.331494071532908274e-01
1.445368982828254047e+03 2.309367876521292162e-01
1.444707016029559327e+03 2.322479665829141060e-01
1.444045782712081746e+03 2.307078612707760268e-01
1.443385282875821758e+03 2.319455272689398551e-01
1.442725272027040091e+03 2.342452890479944927e-01
1.442065994659475564e+03 2.323000893996994554e-01
1.441407328526259107e+03 2.292837360688032566e-01
1.440749273627390266e+03 2.317024970384270466e-01
1.440091707715999746e+03 2.313795170623724196e-01
1.439435119779565866e+03 2.312488934557714593e-01
1.439434997532696343e+03 2.324659946653754583e-01
1.439216297883044263e+03 2.319382038858844031e-01
1.438997475986522886e+03 2.325188244646893276e-01
1.438778898583740556e+03 2.260433960084075600e-01
1.438778776336871033e+03 2.269469920982648548e-01
1.438560198934088703e+03 2.266168829423200470e-01
1.438341743778175896e+03 2.268498927925646502e-01
1.438123410869132613e+03 2.289123376795277887e-01
1.438123288622263090e+03 2.312563797809336630e-01
1.437904955713219806e+03 2.310603564153525802e-01
1.437686745051046273e+03 2.310881217212837624e-01
1.437468534388872740e+03 2.280270197511711228e-01
1.437468412142002990e+03 2.254251008048059890e-01
1.437250079232959934e+03 2.244315348387010967e-01
1.437032113064525447e+03 2.301555815500088142e-01
1.436814269142960484e+03 2.312610738771092578e-01
1.436814146896090733e+03 2.303913734765135612e-01
1.436596180727656247e+03 2.312387599768822577e-01
1.436378214559221760e+03 2.327662470287108210e-01
1.436160492884526548e+03 2.321171704690367932e-01
1.435942771209831108e+03 2.297027177964082734e-01
1.435725049535135668e+03 2.289234628660135329e-01
1.435507450107309751e+03 2.314706834845914885e-01
1.435289972926353585e+03 2.278419714296096577e-01
1.435072495745397418e+03 2.337881155067001449e-01
1.434855018564441025e+03 2.306355626654923718e-01
1.434637785877223905e+03 2.295887386069241365e-01
1.434420430943137262e+03 2.302780674722044452e-01
1.434203198255920142e+03 2.351280731573325011e-01
1.433986087815572546e+03 2.289649453378428678e-01
1.433769099622094700e+03 2.331124251639063727e-01
1.433552111428616627e+03 2.317223160750849220e-01
1.433335123235138553e+03 2.356188856256023478e-01
1.433118379535399754e+03 2.315654666157675734e-01
1.432901513588791431e+03 2.307897715320164911e-01
1.432684769889052404e+03 2.290231954955050664e-01
1.432468148436183128e+03 2.313853335857018745e-01
1.432251649230183375e+03 2.295802967434828756e-01
1.432035150024183849e+03 2.319164542212567015e-01
1.431818650818184096e+03 2.326315565081017722e-01
1.431602273859053867e+03 2.286837929297021454e-01
1.431386019146793160e+03 2.247691330325768400e-01
1.431169764434532681e+03 2.190919800880120338e-01
1.430953631969141725e+03 2.181981522654902195e-01
1.430737621750620065e+03 2.216306536995113208e-01
1.430521489285229109e+03 2.254795849218381720e-01
1.430305479066707676e+03 2.282401703284490102e-01
1.430089468848186243e+03 2.280921848558914167e-01
1.429873825370273380e+03 2.303318491104422716e-01
1.429658059645490994e+03 2.264505432881934177e-01
1.429442416167578358e+03 2.292975935062989690e-01
1.429226894936535018e+03 2.293187020756451977e-01
1.429011251458622382e+03 2.282977638279718169e-01
1.428795730227579043e+03 2.265356401299870592e-01
1.428580331243405453e+03 2.273794718189195430e-01
1.428365054506101387e+03 2.288727548541149015e-01
1.428149777768797321e+03 2.269341751824519027e-01
1.427934501031493255e+03 2.300846787565512253e-01
1.427719346541058712e+03 2.329938080225962826e-01
1.427504436544363216e+03 2.328607753902005306e-01
1.427289282053928900e+03 2.299781567497909684e-01
1.427074372057233404e+03 2.338099314259256267e-01
1.426859584307407658e+03 2.303371783834368136e-01
1.426644796557581685e+03 2.347454820656505736e-01
1.426430008807755939e+03 2.329277121886117741e-01
1.426215343304799717e+03 2.337101065762068886e-01
1.426000800048713018e+03 2.317367969954849671e-01
1.425786256792626318e+03 2.304823096059340770e-01
1.425571835783409142e+03 2.317382598968097118e-01
1.425357414774192193e+03 2.297677788060816795e-01
1.425143116011844540e+03 2.292185822406578033e-01
1.424928817249496888e+03 2.288998293272407336e-01
1.424714640734018985e+03 2.319139472759619292e-01
1.424500341971671332e+03 2.309664634508497572e-01
1.424286532196802227e+03 2.289431793461519093e-01
1.424072477928193621e+03 2.301434392676177665e-01
1.423858545906454765e+03 2.309860536389739538e-01
1.423644736131585432e+03 2.278780080911404771e-01
1.423430926356716327e+03 2.281757793038074467e-01
1.423217238828716518e+03 2.322591898052856485e-01
1.423003429053847185e+03 2.269953311541687835e-01
1.422790108266456173e+03 2.254375541877887690e-01
1.422576542985325887e+03 2.234689626548073405e-01
1.422363099951065351e+03 2.337917429257879431e-01
1.422149656916804815e+03 2.293788720718727969e-01
1.421936458376283326e+03 2.341145038279869306e-01
1.421723137588892314e+03 2.319211140860764631e-01
1.421509939048370825e+03 2.310552584822194999e-01
1.421296740507849336e+03 2.251621930334600508e-01
1.421083786461066893e+03 2.237208729792145578e-01
1.420870832414284678e+03 2.289888802016244729e-01
1.420657878367502235e+03 2.300676176122451733e-01
1.420445168814459066e+03 2.287348596574033111e-01
1.420232214767676851e+03 2.295124402894294091e-01
1.420019627461503205e+03 2.287498285412320753e-01
1.419806917908459809e+03 2.322602652697423331e-01
1.419594452849155687e+03 2.278246744177537808e-01
1.419381865542982041e+03 2.298520970998478852e-01
1.419169400483678146e+03 2.272523950936588544e-01
1.418957057671243547e+03 2.266707018409827856e-01
1.418744837105678698e+03 2.274322285423983903e-01
1.418532616540113622e+03 2.291166446483929031e-01
1.418320395974548774e+03 2.287633951724341586e-01
1.418108175408983698e+03 2.279084331320649914e-01
1.417896321584027419e+03 2.286973387720925843e-01
1.417684223265332093e+03 2.280379370050898968e-01
1.417472247193506291e+03 2.290717360298125671e-01
1.417260515615419536e+03 2.284706047836632115e-01
1.417048784037332780e+03 2.281281889099789906e-01
1.416837052459246252e+03 2.299278426208151704e-01
1.416625320881159496e+03 2.308606846031993898e-01
1.416413833796812014e+03 2.290249778286657656e-01
1.416202346712464305e+03 2.285981987456460196e-01
1.415990859628116823e+03 2.288867571277860835e-01
1.415779494790638864e+03 2.270134067857510485e-01
1.415568129953160906e+03 2.303308701922797130e-01
1.415357009609421993e+03 2.300642281140787837e-01
1.415145767018813558e+03 2.281561956118555168e-01
1.414934646675074646e+03 2.333861132166907548e-01
1.414723526331335734e+03 2.297614350331123600e-01
1.414512650481336095e+03 2.251913407916282805e-01
1.414301774631336230e+03 2.274439261783465505e-01
1.414090898781336591e+03 2.307768732393054023e-01
1.413880145178206476e+03 2.293903698301316407e-01
1.413669513821945884e+03 2.264841928571645624e-01
1.413458760218815542e+03 2.279960510368197746e-01
1.413248006615685426e+03 2.278913457827880518e-01
1.413037742000033631e+03 2.293969932802220058e-01
1.412827232890642563e+03 2.295558673285995888e-01
1.412616846028121017e+03 2.259674108445190455e-01
1.412406459165599472e+03 2.325313941650749283e-01
1.412196316796817200e+03 2.340480993840576562e-01
1.411986174428034928e+03 2.333632444439741604e-01
1.411776032059252429e+03 2.309022833537962005e-01
1.411565889690470158e+03 2.364746153625033598e-01
1.411355991815426933e+03 2.286446075344592266e-01
1.411146093940383707e+03 2.305675570520879514e-01
1.410936196065340482e+03 2.279733954654046546e-01
1.410726298190297257e+03 2.265572089111009269e-01
1.410516644808993306e+03 2.286377332645952720e-01
1.410306991427689127e+03 2.291221462978482726e-01
1.410097460293254699e+03 2.304717019606820072e-01
1.409887806911950520e+03 2.300567696223383973e-01
1.409678520271255138e+03 2.290943246873458627e-01
1.409468989136820710e+03 2.291260824623477244e-01
1.409259702496125328e+03 2.288507018977921081e-01
1.409050415855429719e+03 2.287138798343998358e-01
1.408841251461604088e+03 2.257021533891612475e-01
1.408632087067778230e+03 2.302899406929177217e-01
1.408423044920821894e+03 2.269099774444388873e-01
1.408214002773865559e+03 2.285678084560638090e-01
1.408005082873778974e+03 2.267677480774630827e-01
1.407796162973692162e+03 2.247688916121407532e-01
1.407587365320475101e+03 2.312033901848287443e-01
1.407378567667258039e+03 2.291756084007019745e-01
1.407169892260910501e+03 2.278501287348055626e-01
1.406961339101432486e+03 2.326301107714359995e-01
1.406752785941954471e+03 2.273045352059083202e-01
1.406544232782476456e+03 2.289377317950794244e-01
1.406335801869867964e+03 2.311838597455001254e-01
1.406127615450998746e+03 2.324905360550213185e-01
1.405919184538390255e+03 2.293195879827122641e-01
1.405710998119521037e+03 2.319619298864478707e-01
1.405502811700651591e+03 2.379928765230588938e-01
1.405294747528651897e+03 2.341112449652797689e-01
1.405086683356652202e+03 2.298883829192187866e-01
1.404878741431522030e+03 2.299471637404547630e-01
1.404670799506391859e+03 2.306461151885342287e-01
1.404463102075000734e+03 2.293387594929843509e-01
1.404255282396740085e+03 2.308557956416715518e-01
1.404047462718479437e+03 2.315988717688122756e-01
1.403839887533958063e+03 2.324619499595281802e-01
1.403632312349436688e+03 2.316508861988511581e-01
1.403424859411784610e+03 2.344249581100480428e-01
1.403217284227263235e+03 2.337977626216849181e-01
1.403009953536480907e+03 2.303065318602617040e-01
1.402802745092568102e+03 2.294882981925903120e-01
1.402595414401785774e+03 2.307778149832883374e-01
1.402388205957872970e+03 2.325185328703909815e-01
1.402180997513960165e+03 2.318595850209148046e-01
1.401974033563786406e+03 2.327286426059829438e-01
1.401767069613612875e+03 2.318410918434722079e-01
1.401560105663439117e+03 2.348027547656459935e-01
1.401353141713265586e+03 2.299901358146778096e-01
1.401146300009961351e+03 2.351130818668027977e-01
1.400939580553526866e+03 2.308311351396132860e-01
1.400732983343961905e+03 2.319278133829359434e-01
1.400526386134396944e+03 2.268378431628246539e-01
1.400319788924831983e+03 2.290052617691604453e-01
1.400113313962136544e+03 2.311452398403010533e-01
1.399906961246310857e+03 2.277659349069823536e-01
1.399700486283615419e+03 2.310420761146857738e-01
1.399494255814659027e+03 2.281260398269266410e-01
1.399288025345702863e+03 2.307841465379791568e-01
1.399081917123616222e+03 2.316905393199478469e-01
1.398875686654659830e+03 2.352856319445336686e-01
1.398669700679442712e+03 2.304009781360964737e-01
1.398463836951095118e+03 2.295201949389110152e-01
1.398257728729008477e+03 2.319994086922603782e-01
1.398051987247530406e+03 2.283767265282123093e-01
1.397846123519183038e+03 2.302229196622591623e-01
1.397640382037704967e+03 2.298827099063673607e-01
1.397434885049965942e+03 2.304893818089793767e-01
1.397229265815357621e+03 2.320972081538220377e-01
1.397023646580749073e+03 2.285540148496157664e-01
1.396818027346140752e+03 2.324104540723951617e-01
1.396612897099010524e+03 2.324207371702726732e-01
1.396407522358141250e+03 2.287360323562428188e-01
1.396202147617271976e+03 2.317861527530407917e-01
1.395997017370141748e+03 2.318135822809251068e-01
1.395791887123011520e+03 2.315999126511394390e-01
1.395586756875881292e+03 2.336885892707162848e-01
1.395381748875620815e+03 2.291289699589903195e-01
1.395176740875360110e+03 2.277794427313252212e-01
1.394971855121969156e+03 2.316512971540359567e-01
1.394767091615447725e+03 2.303477745148797273e-01
1.394562328108926067e+03 2.320867768735362380e-01
1.394357564602404636e+03 2.302833254655763939e-01
1.394152801095883206e+03 2.291027960747270276e-01
1.393948404329970344e+03 2.304471689717852989e-01
1.393743885317187960e+03 2.326120446734332714e-01
1.393539366304405803e+03 2.334671203989240607e-01
1.393334969538492942e+03 2.316881179554281800e-01
1.393130695019449604e+03 2.309211970065520036e-01
1.392926420500406493e+03 2.349137523799009475e-01
1.392722268228232906e+03 2.310463337354131952e-01
1.392518115956059091e+03 2.315609152644888258e-01
1.392313963683885504e+03 2.263416512564651040e-01
1.392110055905450963e+03 2.339001035069308565e-01
1.391906025880146899e+03 2.344856076088792374e-01
1.391702118101712358e+03 2.299205277563834970e-01
1.391498210323277817e+03 2.279462312980218008e-01
1.391294669285452073e+03 2.338528560023091507e-01
1.391090883753887056e+03 2.275850192126277483e-01
1.390887220469191561e+03 2.270351003043543370e-01
1.390683679431365817e+03 2.283009247619574578e-01
1.390480138393539846e+03 2.285623593634518169e-01
1.390276719602583626e+03 2.286037163151450613e-01
1.390073300811627405e+03 2.319835827751196289e-01
1.389870004267540708e+03 2.305071442943188442e-01
1.389666707723454010e+03 2.282735992748908815e-01
1.389463655673106359e+03 2.336236064679593494e-01
1.389260481375889185e+03 2.308141243305276979e-01
1.389057307078672238e+03 2.322701355438426818e-01
1.388854255028324587e+03 2.313804622860332338e-01
1.388651325224846687e+03 2.341388585300067382e-01
1.388448517668238082e+03 2.303182424814637641e-01
1.388245710111629705e+03 2.322542549699782854e-01
1.388042902555021328e+03 2.274623542184989744e-01
1.387840217245282474e+03 2.309677005427018814e-01
1.387637654182413144e+03 2.300431796992547240e-01
1.387434968872674290e+03 2.295462803168677735e-01
1.387232528056674482e+03 2.287118452520036649e-01
1.387030087240674675e+03 2.314480836811218245e-01
1.386827646424674867e+03 2.311454650376746633e-01
1.386625327855544811e+03 2.316392169927184996e-01
1.386423131533284050e+03 2.315799116132321034e-01
1.386220812964153993e+03 2.305988772709361145e-01
1.386018738888762982e+03 2.326434282824529631e-01
1.385816664813371744e+03 2.351223178457535201e-01
1.385614712984850257e+03 2.339216167710534977e-01
1.385412761156328770e+03 2.340543753597769672e-01
1.385210809327807283e+03 2.340569728728950083e-01
1.385008979746155546e+03 2.287045981456651556e-01
1.384807150164503582e+03 2.314463731265352375e-01
1.384605565076590665e+03 2.318872303645834188e-01
1.384403857741808451e+03 2.313153024679287240e-01
1.384202272653895534e+03 2.299043825127540519e-01
1.384000687565982844e+03 2.349327763820557580e-01
1.383799346971809200e+03 2.332699523524709440e-01
1.383597884130766033e+03 2.330107251461675799e-01
1.383396543536592162e+03 2.363587962524517638e-01
1.383195202942418518e+03 2.353165654200232437e-01
1.382994106841984149e+03 2.333666891860873560e-01
1.382793010741549551e+03 2.321521563235930952e-01
1.382591792394245431e+03 2.296032915780377437e-01
1.382390818540680584e+03 2.334950907722101732e-01
1.382189844687115510e+03 2.344654710845325563e-01
1.381988993080420187e+03 2.326706345799825770e-01
1.381788141473724636e+03 2.356918700956377177e-01
1.381587289867029313e+03 2.340700523339834804e-01
1.381386560507203512e+03 2.380847183855308580e-01
1.381185831147377712e+03 2.334762781586688929e-01
1.380985346281290958e+03 2.318178492393599965e-01
1.380784861415204205e+03 2.326272323404640074e-01
1.380584376549117451e+03 2.321917274430378153e-01
1.380383891683030697e+03 2.305269635377180382e-01
1.380183529063813694e+03 2.359755360852306971e-01
1.379983288691465987e+03 2.330004028723715870e-01
1.379783048319118507e+03 2.310787854261203145e-01
1.379582807946771027e+03 2.292161767844028697e-01
1.379382689821292843e+03 2.340955883297412554e-01
1.379182816189553932e+03 2.322402151419441230e-01
1.378982820310945499e+03 2.334309130129769427e-01
1.378782824432337065e+03 2.323979472991263007e-01
1.378582950800598383e+03 2.320169123564095881e-01
1.378383077168859472e+03 2.317655941113936913e-01
1.378183325783990085e+03 2.303519114177933758e-01
1.377983696645990221e+03 2.346383484540804365e-01
1.377784067507990585e+03 2.328003397303753663e-01
1.377584560616860472e+03 2.376160043930709842e-01
1.377385053725730131e+03 2.306862171924364546e-01
1.377185669081469541e+03 2.364938852432325322e-01
1.376986284437208951e+03 2.310398353341111544e-01
1.376786899792948361e+03 2.328723557056959770e-01
1.376587637395557294e+03 2.366858401149614100e-01
1.376388374998166228e+03 2.345212273660472746e-01
1.376189357094514207e+03 2.340707392185401858e-01
1.375990216943992891e+03 2.357966029844074662e-01
1.375791199040340871e+03 2.316433828139673190e-01
1.375592181136688851e+03 2.350687756561515018e-01
1.375393285479906581e+03 2.355948744789718441e-01
1.375194634316863358e+03 2.366482237887435336e-01
1.374995860906950611e+03 2.370374703261971805e-01
1.374797087497037865e+03 2.356320534487271745e-01
1.374598436333994641e+03 2.331602255564837189e-01
1.374399785170951418e+03 2.331779884457143848e-01
1.374201378501647241e+03 2.336849315787461190e-01
1.374002849585473541e+03 2.359666401346377507e-01
1.373804442916169364e+03 2.347633308969283850e-01
1.373606036246865415e+03 2.337514073481084254e-01
1.373407751824430761e+03 2.364914361802570586e-01
1.373209589648865858e+03 2.302726196469086217e-01
1.373011305226431205e+03 2.318506171464854715e-01
1.372813265297735825e+03 2.339558380024891193e-01
1.372615225369040445e+03 2.342526476662946666e-01
1.372417185440345065e+03 2.337524713653761910e-01
1.372219390005388732e+03 2.347645612550647576e-01
1.372021472323562875e+03 2.330086898372556725e-01
1.371823676888606769e+03 2.329421198145373018e-01
1.371625759206780913e+03 2.291091798143848612e-01
1.371428208265563626e+03 2.357484176650475327e-01
1.371230657324346566e+03 2.327402136416770739e-01
1.371033106383129507e+03 2.305891255689924979e-01
1.370835555441912220e+03 2.327743921325782506e-01
1.370638004500695160e+03 2.351127402859810867e-01
1.370440575806347624e+03 2.344053527610051868e-01
1.370243391605739134e+03 2.351270244839449575e-01
1.370046085158261121e+03 2.290613376841001692e-01
1.369848900957652631e+03 2.316353906795078910e-01
1.369651716757044142e+03 2.298561651705344766e-01
1.369454654803305402e+03 2.363542793817311471e-01
1.369257715096435959e+03 2.372139383573183269e-01
1.369060530895827469e+03 2.363411360563132391e-01
1.368863713435827776e+03 2.354767360569662293e-01
1.368666895975828083e+03 2.326353502466019241e-01
1.368470078515828391e+03 2.337495672687514847e-01
1.368273383302697994e+03 2.329677927079111532e-01
1.368076688089567824e+03 2.361601205710388562e-01
1.367879992876437655e+03 2.370530404471568042e-01
1.367683542157046759e+03 2.331891101376756259e-01
1.367486969190786112e+03 2.324543294708591168e-01
1.367290518471394989e+03 2.352433208035664136e-01
1.367094312245743140e+03 2.308053708422073969e-01
1.366897861526352017e+03 2.343111496508229474e-01
1.366701655300699940e+03 2.341112306520739539e-01
1.366505326828178568e+03 2.350419421549250210e-01
1.366309242849396242e+03 2.322881216620557576e-01
1.366113281117483439e+03 2.341857536884777435e-01
1.365917197138701113e+03 2.365497904596655376e-01
1.365721235406788310e+03 2.381994159148040080e-01
1.365525273674875507e+03 2.343243966748638496e-01
1.365329434189832227e+03 2.361073663395427957e-01
1.365133839198527994e+03 2.361326903015156242e-01
1.364937999713484942e+03 2.347911276972194650e-01
1.364742404722180709e+03 2.340010888087738772e-01
1.364546687484007180e+03 2.319633712348243837e-01
1.364351214739572470e+03 2.335562180612253957e-01
1.364155741995137987e+03 2.337753865936791076e-01
1.363960269250703504e+03 2.299095516074589063e-01
1.363764918753138545e+03 2.283585147791188374e-01
1.363569568255573586e+03 2.318503145232820861e-01
1.363374340004878150e+03 2.346208911650506657e-01
1.363179111754182713e+03 2.351252918640864553e-01
1.362984005750356800e+03 2.390162842356548245e-01
1.362789021993400638e+03 2.342858452237409350e-01
1.362593793742705202e+03 2.378289835501652405e-01
1.362398932232618563e+03 2.359227759594735296e-01
1.362204070722531696e+03 2.302362461869432719e-01
1.362009331459314581e+03 2.360739247296872734e-01
1.361814469949227941e+03 2.356687097677932496e-01
1.361619730686010826e+03 2.340962610403445610e-01
1.361424991422793482e+03 2.373277161711329630e-01
1.361230374406446117e+03 2.343760624806931758e-01
1.361035879636968048e+03 2.324728361463822834e-01
1.360841507114359501e+03 2.353775294630429116e-01
1.360647012344881432e+03 2.353677014700687742e-01
1.360452639822273113e+03 2.344878543019561501e-01
1.360258267299664567e+03 2.347047269192838737e-01
1.360063894777056248e+03 2.371343525635102589e-01
1.359869888995056499e+03 2.373643776274343975e-01
1.359675760966186999e+03 2.375905414749828748e-01
1.359481632937317727e+03 2.334591085385637477e-01
1.359287627155317978e+03 2.303931562723854354e-01
1.359093621373318229e+03 2.331188031177548470e-01
1.358899737838188003e+03 2.333903383963542855e-01
1.358705976549927527e+03 2.332317727382523243e-01
1.358512093014797301e+03 2.339801104453512470e-01
1.358318331726536599e+03 2.332125805588675660e-01
1.358124692685145646e+03 2.345487981110802034e-01
1.357931053643754467e+03 2.364099618869636987e-01
1.357737536849233038e+03 2.371362983483654985e-01
1.357544020054711382e+03 2.332190515907809625e-01
1.357350625507059476e+03 2.344040663988413709e-01
1.357157230959407570e+03 2.398514661908171808e-01
1.356963836411755665e+03 2.343561833378633164e-01
1.356770564110973282e+03 2.297889792068490700e-01
1.356577414057060423e+03 2.338968171979639576e-01
1.356384264003147791e+03 2.339358722974887450e-01
1.356191236196104455e+03 2.355290170725271581e-01
1.355998086142191596e+03 2.365410022294015813e-01
1.355805180582018011e+03 2.359183938426717975e-01
1.355612152774974675e+03 2.381019406006330830e-01
1.355419491708540136e+03 2.368029262534938340e-01
1.355226586148366550e+03 2.360298659502385599e-01
1.355033802835062488e+03 2.370051689900614378e-01
1.354841141768627949e+03 2.330840399944378583e-01
1.354648480702193410e+03 2.350009772365658500e-01
1.354456064129497918e+03 2.333863964446101780e-01
1.354263525309932902e+03 2.361650708250931929e-01
1.354070986490367886e+03 2.324277384703804239e-01
1.353878569917672621e+03 2.327192601157480334e-01
1.353686153344977129e+03 2.356089758737965334e-01
1.353493859019151387e+03 2.353911163782518301e-01
1.353301809187064691e+03 2.364328777513191038e-01
1.353109637108108245e+03 2.346872450619227057e-01
1.352917465029152027e+03 2.333127845934114541e-01
1.352725415197065331e+03 2.304112301687804287e-01
1.352533365364978636e+03 2.317674583743491168e-01
1.352341437779761463e+03 2.353137555771005474e-01
1.352149632441413814e+03 2.337016570371020230e-01
1.351957827103066165e+03 2.355398053269716074e-01
1.351766021764718744e+03 2.335568704428325204e-01
1.351574216426371095e+03 2.349999595572684896e-01
1.351382533334892969e+03 2.343061642887102336e-01
1.351190850243415071e+03 2.367699518472737574e-01
1.350999533892545742e+03 2.344156407735823178e-01
1.350807973047937367e+03 2.342002935661970098e-01
1.350616534450198287e+03 2.338084048368659074e-01
1.350425218099328958e+03 2.307119086620784132e-01
1.350233901748459630e+03 2.342221767421641676e-01
1.350042585397590301e+03 2.316289845048584151e-01
1.349851513540460246e+03 2.369148292431778324e-01
1.349660319436460441e+03 2.331816022935730148e-01
1.349469247579330158e+03 2.308969745647588556e-01
1.349278175722200103e+03 2.349034144558452553e-01
1.349087226111939344e+03 2.353600576274479661e-01
1.348896276501678813e+03 2.333493534603275632e-01
1.348705449138287804e+03 2.344097665506734984e-01
1.348514744021766319e+03 2.351282606679965248e-01
1.348323916658375083e+03 2.360950665849357588e-01
1.348133211541853598e+03 2.352509903565993821e-01
1.347942628672201636e+03 2.352794077310058629e-01
1.347752045802549674e+03 2.290534373741426599e-01
1.347561585179767462e+03 2.349669724839257845e-01
1.347371002310115500e+03 2.303950061021999840e-01
1.347180663934202585e+03 2.319583546706035226e-01
1.346990325558289896e+03 2.351171143379187367e-01
1.346799987182376981e+03 2.340231980767523701e-01
1.346609771053333816e+03 2.351889327245054728e-01
1.346419677171160174e+03 2.315792203429791751e-01
1.346229583288986532e+03 2.322889623203164555e-01
1.346039489406812891e+03 2.309588838705494973e-01
1.345849517771508772e+03 2.328153834828026736e-01
1.345659546136204654e+03 2.356771969094091923e-01
1.345469574500900535e+03 2.333175994123020125e-01
1.345279847359335463e+03 2.325496456337468043e-01
1.345089997970900868e+03 2.348312816431000483e-01
1.344900270829336023e+03 2.332910975689161115e-01
1.344710665934640474e+03 2.334456253819908456e-01
1.344520938793075629e+03 2.333103888041177520e-01
1.344331456145249604e+03 2.324805381092751588e-01
1.344141851250554282e+03 2.329862252038591985e-01
1.343952613096467530e+03 2.331843003754828780e-01
1.343763130448641732e+03 2.334405301729446380e-01
1.343573770047685457e+03 2.298423305436388953e-01
1.343384531893598705e+03 2.345524591039874485e-01
1.343195293739511953e+03 2.312023751008270012e-01
1.343006177832294725e+03 2.324204861581860015e-01
1.342817061925077724e+03 2.333021224633601010e-01
1.342628068264730018e+03 2.349949620154559438e-01
1.342438952357513017e+03 2.312795095617224683e-01
1.342250080944034835e+03 2.340043653630704545e-01
1.342061209530556880e+03 2.339123982790632938e-01
1.341872338117078925e+03 2.350782647011056825e-01
1.341683588950470494e+03 2.366406250803503031e-01
1.341494962030731585e+03 2.361601314874362256e-01
1.341306335110992677e+03 2.320908376921249905e-01
1.341117708191253769e+03 2.363403704964307239e-01
1.340929081271514860e+03 2.348356510914921258e-01
1.340740576598645475e+03 2.350840169671337410e-01
1.340552194172645613e+03 2.339019685032005802e-01
1.340363811746645979e+03 2.358032341552452893e-01
1.340175551567515640e+03 2.324101695142153090e-01
1.339987291388385529e+03 2.351944267733102334e-01
1.339799031209255418e+03 2.349892754268836925e-01
1.339610893276994830e+03 2.343603694858882591e-01
1.339422755344734014e+03 2.356902180155797111e-01
1.339234617412473426e+03 2.308776567022927384e-01
1.339046723973951885e+03 2.321905417733365895e-01
1.338858830535430343e+03 2.321245501590605831e-01
1.338670814850039278e+03 2.367969541801873135e-01
1.338483043658387487e+03 2.353520203990898396e-01
1.338295272466735469e+03 2.327222067114110282e-01
1.322352569219277029e+03 2.364146560255188101e-01
1.322169565655538236e+03 2.342024582402208177e-01
1.321986562091799215e+03 2.339348493612049829e-01
1.321803558528060421e+03 2.326742034675951254e-01
1.321620799458060674e+03 2.331010220959083001e-01
1.304844128066429448e+03 2.373644211044754482e-01
1.304666136624342698e+03 2.384306090221658125e-01
1.304488267429125472e+03 2.384943918821819386e-01
1.304310398233908245e+03 2.381530310857265798e-01
1.304132529038691246e+03 2.372558614950465439e-01
1.286952442977495139e+03 2.384612061027057694e-01
1.286779708150799706e+03 2.387942005860139161e-01
1.286606851077234751e+03 2.378254635560420605e-01
1.286434116250539319e+03 2.400989242163794890e-01
1.286261381423843886e+03 2.380989376140779934e-01
1.286088768844017977e+03 2.405688426960650161e-01
1.285916156264192068e+03 2.397085946898242781e-01
1.285743543684366159e+03 2.376526138942463284e-01
1.285571053351410001e+03 2.397959071602117076e-01
1.285398563018453615e+03 2.403383697592392509e-01
1.285226317179236503e+03 2.419720478115272300e-01
1.285053949093149640e+03 2.361629976410451470e-01
1.284881581007063005e+03 2.385353208023963945e-01
1.284709335167845893e+03 2.402832215769967472e-01
1.284537089328628554e+03 2.413063397451059300e-01
1.284364965736280965e+03 2.417346209720563077e-01
1.284192842143933376e+03 2.404436880203175697e-01
1.284020718551585787e+03 2.417672663907845798e-01
1.283848717206107722e+03 2.452186843974130115e-01
1.283676715860629656e+03 2.433318440040649344e-01
1.283504836762021341e+03 2.413163677764195159e-01
1.283332957663412799e+03 2.475294803956541445e-01
1.283161078564804257e+03 2.471468231367142387e-01
1.282989321713065465e+03 2.493335505837166177e-01
1.282817564861326446e+03 2.484609156849461320e-01
1.282646052503326700e+03 2.506136033472841640e-01
1.282474417898457205e+03 2.516159662688208232e-01
1.282302783293587936e+03 2.484749543393227900e-01
1.282131270935588191e+03 2.466113478901938161e-01
1.281959880824457969e+03 2.356327860130542906e-01
1.281788368466458223e+03 2.416433932247478711e-01
1.281616978355328001e+03 2.399652890866715016e-01
1.281445588244197779e+03 2.381700217149043952e-01
1.281274320379937080e+03 2.409178085401184610e-01
1.281103052515676382e+03 2.406770385286876313e-01
1.280931784651415683e+03 2.404023288764348121e-01
1.280760761280894258e+03 2.425875141115021172e-01
1.280589615663503082e+03 2.407878841529279834e-01
1.280418470046112134e+03 2.378115767539293324e-01
1.280247568922460005e+03 2.399671691511656990e-01
1.280076545551938580e+03 2.384070886619990559e-01
1.279905766675156201e+03 2.358798408233646338e-01
1.279734865551504299e+03 2.387902172087845165e-01
1.279564086674721693e+03 2.402484240492417655e-01
1.279393307797939315e+03 2.390728788998768284e-01
1.279222651168026687e+03 2.393253426434038822e-01
1.279051872291244081e+03 2.390779552661489171e-01
1.278881337908200976e+03 2.393441921705427022e-01
1.278710681278288121e+03 2.399560297491011573e-01
1.278540269142114312e+03 2.412546826956941948e-01
1.278369734759071207e+03 2.370172783701577912e-01
1.278199322622897398e+03 2.384223153296618214e-01
1.278028910486723817e+03 2.383940219238744329e-01
1.277858620597419531e+03 2.391980009810965035e-01
1.277688330708115473e+03 2.373866410594742959e-01
1.277518040818811414e+03 2.425628063451903960e-01
1.277347873176376652e+03 2.401030150836898636e-01
1.277177705533942117e+03 2.407289656668768485e-01
1.277007782385246628e+03 2.402832557851490858e-01
1.276837736989681616e+03 2.386064642805575675e-01
1.276667691594116832e+03 2.376035460292266754e-01
1.276497768445421343e+03 2.395485159592783408e-01
1.276327967543595378e+03 2.387538914145089231e-01
1.276158044394899889e+03 2.382631009408762157e-01
1.275988243493074151e+03 2.407134049073949289e-01
1.275818442591248186e+03 2.343749403470171411e-01
1.275648763936291971e+03 2.377968330788466644e-01
1.275479085281335529e+03 2.381529016173595803e-01
1.275309406626379314e+03 2.390352227032928600e-01
1.275139972465162145e+03 2.395399479260093556e-01
1.274970293810205703e+03 2.372514228347003262e-01
1.274800859648988535e+03 2.385031647711807756e-01
1.274631425487771367e+03 2.412416753683196968e-01
1.274462113573423721e+03 2.379848450184690323e-01
1.274292679412206553e+03 2.398060569051217450e-01
1.274123489744728658e+03 2.383689749308832428e-01
1.273954300077250537e+03 2.375173047639010104e-01
1.273785110409772415e+03 2.376812730423532027e-01
1.273616042989164043e+03 2.386656716001454570e-01
1.273446975568555445e+03 2.396206734905659275e-01
1.273278030394816597e+03 2.379533149989822571e-01
1.273277908147947073e+03 2.384422031006549203e-01
1.273108962974208225e+03 2.366903484624802156e-01
1.273108840727338475e+03 2.362014406053057625e-01
1.272940140047338673e+03 2.371436782290875511e-01
1.272940017800469150e+03 2.356772581536308864e-01
1.272771194873599825e+03 2.370598806570061723e-01
1.272771072626730302e+03 2.417015949595443247e-01
1.272602249699860977e+03 2.389609988356800607e-01
1.272602127452991454e+03 2.392051789925664362e-01
1.272433304526121901e+03 2.379611488768796079e-01
1.272264603846122327e+03 2.370451970445209278e-01
1.272095903166122525e+03 2.378253203893607448e-01
1.271927202486122724e+03 2.390201097133436148e-01
1.271758624052992445e+03 2.398333936321303261e-01
1.271590045619862167e+03 2.404376867821814701e-01
1.271421467186731888e+03 2.389039040200537367e-01
1.271253011000471361e+03 2.411480361146088325e-01
1.271084554814210605e+03 2.424978795024997913e-01
1.270916220874819601e+03 2.386774581576890097e-01
1.270747886935428369e+03 2.411492763978568543e-01
1.270579552996037364e+03 2.395109102543197255e-01
1.270411463550385406e+03 2.384980127395632254e-01
1.270243251857863925e+03 2.395981565280104475e-01
1.270075040165342443e+03 2.395018810466864601e-01
1.269906950719690485e+03 2.391993793238784694e-01
1.269738983520908050e+03 2.399600857871494464e-01
1.269570894075256092e+03 2.369968047878857897e-01
1.269402926876473657e+03 2.397645789406355199e-01
1.269235081924560745e+03 2.409678451033943070e-01
1.269067236972647834e+03 2.435394396866644440e-01
1.268899392020735149e+03 2.429091415434908030e-01
1.268731547068822238e+03 2.428905988280910255e-01
1.268563946610648600e+03 2.398245049371784399e-01
1.268396223905605211e+03 2.408647983965674644e-01
1.268228501200562050e+03 2.411357339290035040e-01
1.268061022989257935e+03 2.399998980963365391e-01
1.267893422531084298e+03 2.402861259744140943e-01
1.267725944319779956e+03 2.419183189807432299e-01
1.267558466108475841e+03 2.379955612035646595e-01
1.267391232390911000e+03 2.385153135837992655e-01
1.267223754179606658e+03 2.370195110911728353e-01
1.267056398215172294e+03 2.370313414291107812e-01
1.266889164497607226e+03 2.380475853262208341e-01
1.266721930780042157e+03 2.403522772783867056e-01
1.266554819309346840e+03 2.395129240375932778e-01
1.266387830085520818e+03 2.398585935857745766e-01
1.266220718614825500e+03 2.398885959940194046e-01
1.266053729390999479e+03 2.410248892705743329e-01
1.265886740167173684e+03 2.432993908189380328e-01
1.265719750943347663e+03 2.414849307749127316e-01
1.265552883966391391e+03 2.404798635449256483e-01
1.265386016989435120e+03 2.411144120473349417e-01
1.265219394506217895e+03 2.412468455599312833e-01
1.265052527529261624e+03 2.378488895326182906e-01
1.264885782799174876e+03 2.395082018020558423e-01
1.264719160315957652e+03 2.409906594025550963e-01
1.264552537832740427e+03 2.420088696453615296e-01
1.264386037596392953e+03 2.416527374416929386e-01
1.264219537360045251e+03 2.418553436345538821e-01
1.264053037123697777e+03 2.399025003260854827e-01
1.263886659134219599e+03 2.387213600503195754e-01
1.263720281144741648e+03 2.405251114355938802e-01
1.263553903155263470e+03 2.429850869581854367e-01
1.263387647412655042e+03 2.413754455579426028e-01
1.263221391670046614e+03 2.411334759030082930e-01
1.263055258174307710e+03 2.382746614527914697e-01
1.262889002431699055e+03 2.390258989592579097e-01
1.262722991182829674e+03 2.405466633364272411e-01
1.262556857687090769e+03 2.426633560713364890e-01
1.262390846438221388e+03 2.365425472620973635e-01
1.262224957436221757e+03 2.419274618134735211e-01
1.262059068434221899e+03 2.436975494198686809e-01
1.261893179432222041e+03 2.409548025745273381e-01
1.261727290430222411e+03 2.416289695801967508e-01
1.261561645921961599e+03 2.393686595320751731e-01
1.261396001413701015e+03 2.391698554415565836e-01
1.261230234658570680e+03 2.392255091291997926e-01
1.261064590150310096e+03 2.368118227710280521e-01
1.260899067888919035e+03 2.397252784833178996e-01
1.260733545627527974e+03 2.391901790672403827e-01
1.260568023366136913e+03 2.384162033970677608e-01
1.260402501104745625e+03 2.373343435983739647e-01
1.260237101090224087e+03 2.396231263234682995e-01
1.260071823322572300e+03 2.393802314756356686e-01
1.259906423308050762e+03 2.409359311623784916e-01
1.259741267787268271e+03 2.383528812070388470e-01
1.259575990019616256e+03 2.415586730896119583e-01
1.259410834498833992e+03 2.388999418988311807e-01
