# Wavelength, Reflectance
1.644602505938860077e+03 2.470713419372355946e-01
1.643736417071672577e+03 2.530777805541450376e-01
1.642871182696672577e+03 2.549252670500490314e-01
1.642006924884172577e+03 2.541710904649241987e-01
1.641143521563860077e+03 2.543020722498601227e-01
1.640281216876360077e+03 2.537988937848822402e-01
1.639419766681047577e+03 2.542352195390824576e-01
1.638559293048235077e+03 2.574461980487048329e-01
1.637699673907610077e+03 2.573734896013947226e-01
1.636841153399797577e+03 2.565652633491722900e-01
1.635983487384172577e+03 2.577157442670410803e-01
1.635126797931047577e+03 2.549483148188983472e-01
1.634271085040422577e+03 2.500830985675588924e-01
1.633416226641985077e+03 2.522234296087558780e-01
1.632562344806047577e+03 2.425391598199112542e-01
1.631709317462297577e+03 2.501428438109756791e-01
1.630857266681047577e+03 2.423855130960374804e-01
1.630006192462297577e+03 2.443967633294753250e-01
1.629155972735735077e+03 2.362665292103337533e-01
1.628306729571672577e+03 2.408267053062289609e-01
1.627458340899797577e+03 2.390640059110459847e-01
1.626610928790422577e+03 2.486328691489811671e-01
1.625764493243547577e+03 2.402348052994833782e-01
1.624919034259172577e+03 2.353188666561918940e-01
1.624074307696672577e+03 2.377610645403732403e-01
1.623230679766985077e+03 2.438005188031354131e-01
1.622387784259172577e+03 2.363833170452228349e-01
1.621545987384172577e+03 2.413497440371908942e-01
1.620704922931047577e+03 2.436669177277743792e-01
1.619864957110735077e+03 2.342061154702379244e-01
1.619025723712297577e+03 2.427516081232868606e-01
1.618187466876360077e+03 2.366389411530358811e-01
1.617350064532610077e+03 2.335545502158433984e-01
1.616513638751360077e+03 2.337313449015852862e-01
1.615678067462297577e+03 2.356591898273757424e-01
1.614843472735735077e+03 2.374918339605725515e-01
1.614009854571672577e+03 2.315341277949283794e-01
1.613176968829485077e+03 2.334474830083435037e-01
1.612345059649797577e+03 2.388146240350947080e-01
1.611514004962297577e+03 2.370914936005522611e-01
1.610683926837297577e+03 2.396559989734509399e-01
1.609854703204485077e+03 2.359203240040889937e-01
1.609026334063860077e+03 2.304334276362588474e-01
1.608198941485735077e+03 2.353581776228310662e-01
1.607372281329485077e+03 2.354083886077018295e-01
1.606546597735735077e+03 2.344562729066048679e-01
1.605721890704485077e+03 2.362294153395350371e-01
1.604898038165422577e+03 2.296223327755088084e-01
1.604074918048235077e+03 2.314906936767091306e-01
1.603252774493547577e+03 2.308569596789997735e-01
1.602431607501360077e+03 2.354300130530189439e-01
1.601611172931047577e+03 2.285859052550691661e-01
1.600791714923235077e+03 2.308889997943503747e-01
1.599973111407610077e+03 2.294884293697031508e-01
1.599155362384172577e+03 2.332709835383109387e-01
1.598338467852922577e+03 2.312820016040648408e-01
1.597522305743547577e+03 2.325445231451720718e-01
1.596707486407610077e+03 2.335599015785996269e-01
1.595893155352922577e+03 2.280823297775681491e-01
1.595079678790422577e+03 2.339888465283040953e-01
1.594267300860735077e+03 2.323936169057736756e-01
1.593455533282610077e+03 2.317548937336789405e-01
1.592644742266985077e+03 2.325524668583402454e-01
1.591834927813860077e+03 2.337677974222394650e-01
1.591025845782610077e+03 2.326284059861121745e-01
1.590217740313860077e+03 2.265371203773514641e-01
1.589410245196672577e+03 2.285906088714355910e-01
1.588603604571672577e+03 2.318086697334861557e-01
1.587798184649797577e+03 2.290211470784023207e-01
1.586993375079485077e+03 2.284076555240236173e-01
1.586189420001360077e+03 2.271241940440053841e-01
1.585386441485735077e+03 2.274338958647350584e-01
1.584584195391985077e+03 2.338399770509219378e-01
1.583782803790422577e+03 2.282534246322983351e-01
1.582982388751360077e+03 2.367367695753583856e-01
1.582182706134172577e+03 2.304891325727453921e-01
1.581384000079485077e+03 2.302536894966485670e-01
1.580585904376360077e+03 2.330176817910649956e-01
1.579788663165422577e+03 2.338465274648993120e-01
1.578992520587297577e+03 2.295886649325255269e-01
1.578196988360735077e+03 2.391720189874944891e-01
1.577402432696672577e+03 2.367177014533183854e-01
1.576608731524797577e+03 2.298743412357655835e-01
1.575815762774797577e+03 2.317559993929372841e-01
1.575023526446672577e+03 2.299864463879698895e-01
1.574232266681047577e+03 2.349586781708590255e-01
1.573441861407610077e+03 2.284739696304835532e-01
1.572652310626360077e+03 2.287397523159734325e-01
1.571863492266985077e+03 2.332437228166869270e-01
1.571075406329485077e+03 2.340396909364481082e-01
1.570288419024797577e+03 2.350379856444513027e-01
1.569502042071672577e+03 2.312189659405490816e-01
1.568716763751360077e+03 2.297802348725175303e-01
1.567931973712297577e+03 2.316680863436966498e-01
1.567148160235735077e+03 2.281969143741676143e-01
1.566365201251360077e+03 2.309129485026330530e-01
1.565582974688860077e+03 2.322668322984799139e-01
1.564801602618547577e+03 2.275014560237295091e-01
1.564021085040422577e+03 2.298533850469847983e-01
1.563241421954485077e+03 2.288467144501410699e-01
1.562462369220110077e+03 2.272840825178084057e-01
1.561684293048235077e+03 2.288126205112344380e-01
1.560907071368547577e+03 2.269633895589071582e-01
1.560130582110735077e+03 2.292815555291107532e-01
1.559354825274797577e+03 2.243694781485434109e-01
1.558579922931047577e+03 2.272842568812228903e-01
1.557805997149797577e+03 2.266453769111650973e-01
1.557032681720110077e+03 2.272749519927428630e-01
1.556260220782610077e+03 2.270027522082510574e-01
1.555488492266985077e+03 2.292465458051274330e-01
1.554717740313860077e+03 2.298227416193852624e-01
1.553947598712297577e+03 2.283984202948345366e-01
1.553178433673235077e+03 2.302672559019036114e-01
1.553178311602922577e+03 2.243431550989890555e-01
1.552922208087297577e+03 2.295775428315274813e-01
1.552665982501360077e+03 2.269260740864923187e-01
1.552410001056047577e+03 2.247928247538859559e-01
1.552409878985735077e+03 2.264818250535463873e-01
1.552154019610735077e+03 2.277632662931850516e-01
1.551642300860735077e+03 2.268167314049438499e-01
1.550875455157610077e+03 2.264975171832022127e-01
1.550109341876360077e+03 2.241275342612432941e-01
1.549344083087297577e+03 2.259443556660580554e-01
1.548579678790422577e+03 2.282365419885726554e-01
1.547815884845110077e+03 2.261912261545314939e-01
1.547052945391985077e+03 2.261400401178049746e-01
1.546290860431047577e+03 2.247073970674724752e-01
1.545529629962297577e+03 2.256726775867080870e-01
1.544769009845110077e+03 2.270936585135218677e-01
1.544009122149797577e+03 2.242967910673790699e-01
1.543250211016985077e+03 2.253419944923849838e-01
1.542492154376360077e+03 2.253635929163448903e-01
1.541734708087297577e+03 2.273477071380844705e-01
1.540977994220110077e+03 2.282816215088203371e-01
1.540222134845110077e+03 2.247715035725407207e-01
1.539467007891985077e+03 2.242336996188026288e-01
1.538712857501360077e+03 2.252704574191124465e-01
1.537959317462297577e+03 2.271044786030015639e-01
1.537206509845110077e+03 2.284419307553365586e-01
1.536454556720110077e+03 2.264110245344886085e-01
1.535703091876360077e+03 2.267917506285539175e-01
1.534952969806047577e+03 2.289607366727079429e-01
1.534203091876360077e+03 2.226787242744250050e-01
1.533454312579485077e+03 2.255519854449592465e-01
1.532706143634172577e+03 2.258613191624976868e-01
1.531958707110735077e+03 2.293420805713858035e-01
1.531212247149797577e+03 2.271568477317802426e-01
1.530466397540422577e+03 2.265700785613560253e-01
1.529721280352922577e+03 2.253493030404506436e-01
1.528976895587297577e+03 2.235948563762955865e-01
1.528233365313860077e+03 2.253323133615900697e-01
1.527490323321672577e+03 2.258023203281780966e-01
1.526748502032610077e+03 2.275023845383628285e-01
1.526007046954485077e+03 2.257106014031850516e-01
1.525266690509172577e+03 2.233988717010387814e-01
1.524526822345110077e+03 2.241854399430527056e-01
1.523787808673235077e+03 2.231413191085159231e-01
1.523049527423235077e+03 2.274724480115782876e-01
1.522312100665422577e+03 2.252310356767293908e-01
1.521575284259172577e+03 2.257673541959318020e-01
1.520839200274797577e+03 2.262719318884074682e-01
1.520103848712297577e+03 2.231763830041897656e-01
1.519369351641985077e+03 2.241029040716555620e-01
1.518635464923235077e+03 2.274806344264524438e-01
1.517902310626360077e+03 2.270897767051357763e-01
1.517170254962297577e+03 2.258147924094449921e-01
1.516438687579485077e+03 2.230456126363416225e-01
1.515707730548235077e+03 2.238469425583502481e-01
1.515464444415422577e+03 2.238240758915253092e-01
1.515221158282610077e+03 2.245406807686807227e-01
1.514977750079485077e+03 2.220629674098709427e-01
1.514977628009172577e+03 2.218092664907616862e-01
1.514734586016985077e+03 2.248024640620992498e-01
1.514491544024797577e+03 2.244010663164451025e-01
1.514248257891985077e+03 2.230230129820459928e-01
1.513519620196672577e+03 2.254494801432077589e-01
1.512791714923235077e+03 2.262475355018903900e-01
1.512064542071672577e+03 2.255261000421493467e-01
1.511338223712297577e+03 2.262483857764583661e-01
1.510612515704485077e+03 2.265590993403785447e-01
1.509887540118547577e+03 2.252423182968776305e-01
1.509163296954485077e+03 2.292443563405886786e-01
1.508439786212297577e+03 2.252376338149548463e-01
1.507717007891985077e+03 2.282493943847017093e-01
1.506994961993547577e+03 2.265204151432970159e-01
1.506273648516985077e+03 2.326892423157234102e-01
1.505553067462297577e+03 2.286619443295896392e-01
1.504833340899797577e+03 2.338100497079396989e-01
1.504114102618547577e+03 2.282398163974534711e-01
1.503395718829485077e+03 2.337400085592923893e-01
1.502676925191453847e+03 2.191266568396091630e-01
1.501958799382641246e+03 2.261669216911734448e-01
1.501241529358755542e+03 2.268305672544302931e-01
1.500524870609817981e+03 2.296711947034293655e-01
1.499808945390817826e+03 2.236623072730392348e-01
1.499093753701755077e+03 2.257397598576205422e-01
1.498379173287640242e+03 2.277653056175528157e-01
1.497665448658452533e+03 2.269957950312170014e-01
1.496952335304212738e+03 2.275409237812791308e-01
1.496240077734900069e+03 2.265446595265679097e-01
1.495528431440535314e+03 2.275445590156103259e-01
1.494817518676107966e+03 2.249547385716357539e-01
1.494107217186628759e+03 2.232725572776488865e-01
1.493397771482076450e+03 2.250532276901717477e-01
1.492688937052472056e+03 2.275283871227317123e-01
1.491980836152805068e+03 2.318909503043202480e-01
1.491273468783075714e+03 2.267110462345257316e-01
1.490566712688294274e+03 2.276797696671985782e-01
1.489860690123450468e+03 2.248749553381899080e-01
1.489155401088544068e+03 2.304654895552041005e-01
1.488450845583575074e+03 2.225749957107340249e-01
1.487746901353553994e+03 2.270693158616113594e-01
1.487043690653470549e+03 2.263071389287196478e-01
1.486341091228334790e+03 2.243910733113144151e-01
1.485639347588126384e+03 2.250791902773039976e-01
1.484938215222865665e+03 2.274793975695788562e-01
1.484237816387542580e+03 2.254382205325810573e-01
1.483538028827167409e+03 2.244129825767903763e-01
1.482839097051719364e+03 2.236432286469274833e-01
1.482140654296229513e+03 2.244407867608597673e-01
1.481443067325666789e+03 2.242010487821143594e-01
1.480746091630051978e+03 2.272645109726166290e-01
1.480049727209385310e+03 2.246101256356233811e-01
1.479354218573645539e+03 2.278105753580043080e-01
1.478659198957863964e+03 2.243167788573969812e-01
1.477965035127009514e+03 2.264187780883315237e-01
1.477271482571103206e+03 2.244030717805079178e-01
1.476578663545134305e+03 2.259755883730663051e-01
1.475886455794113317e+03 2.250016238725500994e-01
1.475194981573029736e+03 2.231154528572734386e-01
1.474504118626894069e+03 2.296279229461631599e-01
1.473813989210696036e+03 2.297325697045095039e-01
1.473124471069445690e+03 2.266325998542559617e-01
1.472435686458133205e+03 2.230641600695660032e-01
1.471747635376757898e+03 2.197623456481448412e-01
1.471060195570330734e+03 2.217276974427102865e-01
1.470373489293840976e+03 2.229011638632378833e-01
1.469687394292298904e+03 2.203983821366678197e-01
1.469001910565704975e+03 2.215708820186971795e-01
1.468317160369048679e+03 2.258914870345306303e-01
1.467633143702329789e+03 2.233517515747734383e-01
1.466949738310558587e+03 2.269531727848370650e-01
1.466266944193735526e+03 2.215691775644668127e-01
1.465584883606849871e+03 2.194313931407593787e-01
1.464903434294912358e+03 2.252082388801370516e-01
1.464222718512912024e+03 2.224752640024287298e-01
1.463542614005859832e+03 2.295803183646576706e-01
1.462863243028745046e+03 2.259820975974759227e-01
1.462184483326578174e+03 2.240449308462313105e-01
1.461506334899359217e+03 2.220523037163464053e-01
1.460828797747088174e+03 2.240411262996123143e-01
1.460152116379744257e+03 2.240136935610054780e-01
1.459475924032358762e+03 2.225861120356518175e-01
1.458800465214910673e+03 2.205024703110840256e-01
1.458125617672410499e+03 2.227967505086962396e-01
1.457451503659847731e+03 2.230193009317937014e-01
1.456778000922232877e+03 2.269948268898903665e-01
1.456105109459566165e+03 2.227096295902647738e-01
1.455432951526836632e+03 2.216942275826207787e-01
1.454761404869055241e+03 2.227493998095396444e-01
1.454090469486221764e+03 2.268397554265693949e-01
1.453420145378336201e+03 2.262512634575755133e-01
1.452750677055377764e+03 2.240092983585199038e-01
1.452081697752377522e+03 2.225397953948947960e-01
1.451413329724325195e+03 2.244018097476023210e-01
1.450745695226210501e+03 2.224442708457972928e-01
1.450078672003043494e+03 2.252925166212584873e-01
1.449412260054824628e+03 2.254840210110044540e-01
1.448746581636543169e+03 2.216140993393323211e-01
1.448081514493209625e+03 2.272208924458608836e-01
1.447416936369834502e+03 2.266278639131537598e-01
1.446753214031386506e+03 2.289527980865799506e-01
1.446089980712896704e+03 2.277360698121286275e-01
1.445427603179334028e+03 2.249827278831962041e-01
1.444765592410740055e+03 2.248760198066379334e-01
1.444104315172083716e+03 2.253418301801422552e-01
1.443443771463364783e+03 2.292459840773519997e-01
1.442783716774604045e+03 2.307164894727715687e-01
1.442124395615780941e+03 2.292659758611460541e-01
1.441465685731905751e+03 2.252589750664466817e-01
1.440807587122978475e+03 2.257896235558289333e-01
1.440149977534009622e+03 2.269417432951490177e-01
1.439493345984957386e+03 2.302861181162534077e-01
1.439493223729967667e+03 2.246905888468544721e-01
1.439274509553603139e+03 2.267948735666265592e-01
1.439055673122248891e+03 2.250931047000693519e-01
1.438837081200873854e+03 2.257443722589207724e-01
1.438836958945884135e+03 2.226877554480832522e-01
1.438618367024509098e+03 2.268895279823132938e-01
1.438399897358123781e+03 2.231272362261411124e-01
1.438181549946727728e+03 2.278374293908174419e-01
1.438181427691738236e+03 2.272974894757800457e-01
1.437963080280342410e+03 2.221936124948201419e-01
1.437744855123936077e+03 2.211777180835538537e-01
1.437526629967529743e+03 2.217208563828204360e-01
1.437526507712540024e+03 2.227858983126746184e-01
1.437308160301144198e+03 2.249020671388680948e-01
1.437090179654717076e+03 2.230250358973499269e-01
1.436872321263279446e+03 2.229183846748434006e-01
1.436872199008289954e+03 2.242545908640707630e-01
1.436654218361862831e+03 2.207543499900076756e-01
1.436436237715435709e+03 2.272705125972016571e-01
1.436218501578987571e+03 2.235340964985214063e-01
1.436000765442539659e+03 2.260891507857751559e-01
1.435783029306091748e+03 2.248536873666284741e-01
1.435565415424633329e+03 2.256613884058770447e-01
1.435347923798164629e+03 2.257863244371720868e-01
1.435130432171695702e+03 2.285967731136352432e-01
1.434912940545227002e+03 2.266912383151448163e-01
1.434695693428737286e+03 2.265137631377585892e-01
1.434478324057258078e+03 2.290601324268291550e-01
1.434261076940768362e+03 2.265730328110648895e-01
1.434043952079268365e+03 2.304328425844044403e-01
1.433826949472757860e+03 2.252895448238926290e-01
1.433609946866247356e+03 2.253706665953293387e-01
1.433392944259736851e+03 2.259460315002807529e-01
1.433176186163205557e+03 2.262381680251223659e-01
1.432959305811684771e+03 2.305213951471118405e-01
1.432742547715153478e+03 2.284894170615609788e-01
1.432525911873611676e+03 2.217198569862445234e-01
1.432309398287059594e+03 2.259241279082108422e-01
1.432092884700507284e+03 2.259857103926390665e-01
1.431876371113955202e+03 2.272818964702709721e-01
1.431659979782392611e+03 2.300708461397543148e-01
1.431443710705819740e+03 2.198814766004374976e-01
1.431227441629246641e+03 2.167454761333356961e-01
1.431011294807663262e+03 2.129637248364585622e-01
1.430795270241069602e+03 2.174711951863471104e-01
1.430579123419486223e+03 2.219133122821884407e-01
1.430363098852892335e+03 2.269172734682005643e-01
1.430147074286298448e+03 2.286916543781515598e-01
1.429931416484673491e+03 2.187693006959169906e-01
1.429715636428058815e+03 2.238468955486635492e-01
1.429499978626433631e+03 2.228770184659088771e-01
1.429284443079798166e+03 2.240812860201519541e-01
1.429068785278173209e+03 2.253243513696229494e-01
1.428853249731537744e+03 2.215152745311286253e-01
1.428637836439891771e+03 2.234027415359500779e-01
1.428422545403235517e+03 2.225030740734483814e-01
1.428207254366579264e+03 2.260778660086117386e-01
1.427991963329923010e+03 2.264705766522205621e-01
1.427776794548256248e+03 2.249545008990203876e-01
1.427561870276568698e+03 2.278761168647176205e-01
1.427346701494901936e+03 2.284439435994888579e-01
1.427131777223214385e+03 2.276193176708635746e-01
1.426916975206516327e+03 2.277727776504306911e-01
1.426702173189818268e+03 2.286120779806500580e-01
1.426487371173120437e+03 2.280432794008334929e-01
1.426272691411412097e+03 2.260749648428635183e-01
1.426058133904693250e+03 2.279139377697808611e-01
1.425843576397974402e+03 2.244409556262942640e-01
1.425629141146245274e+03 2.271572501379731657e-01
1.425414705894515919e+03 2.253537343655718783e-01
1.425200392897776283e+03 2.224431241553671834e-01
1.424986079901036646e+03 2.246679641089138202e-01
1.424771889159286502e+03 2.246987715710846989e-01
1.424557576162546866e+03 2.233838101147803124e-01
1.424343752185765652e+03 2.266259408630371397e-01
1.424129683699005227e+03 2.220602222006051729e-01
1.423915737467234294e+03 2.248226075614243313e-01
1.423701913490452853e+03 2.227958593633695417e-01
1.423488089513671639e+03 2.252145050391204384e-01
1.423274387791879917e+03 2.259254117031315456e-01
1.423060563815098703e+03 2.232134840999094039e-01
1.422847228858275685e+03 2.235774841080564179e-01
1.422633649391473455e+03 2.200071837083282800e-01
1.422420192179660944e+03 2.229443796138960432e-01
1.422206734967848433e+03 2.282875794634149913e-01
1.421993522266014907e+03 2.236744540176965057e-01
1.421780187309192115e+03 2.275626000423582596e-01
1.421566974607358588e+03 2.219013357261593045e-01
1.421353761905525289e+03 2.251825388797851768e-01
1.421140793713670973e+03 2.212863184446603459e-01
1.420927825521816885e+03 2.200164632143453147e-01
1.420714857329962570e+03 2.222520549825195979e-01
1.420502133648087465e+03 2.235124749632322050e-01
1.420289165456233377e+03 2.249484873736276869e-01
1.420076564029347765e+03 2.235948081369601437e-01
1.419863840347472660e+03 2.273828253911079067e-01
1.419651361175576767e+03 2.230283743507781857e-01
1.419438759748691382e+03 2.257894763640886926e-01
1.419226280576795489e+03 2.244928762203536599e-01
1.419013923659889088e+03 2.224824824529876288e-01
1.418801688997972406e+03 2.232274461576219948e-01
1.418589454336055724e+03 2.239402123407182588e-01
1.418377219674139042e+03 2.228308087119841019e-01
1.418164985012222360e+03 2.221799104777335276e-01
1.417953117115274381e+03 2.258958081683343777e-01
1.417741004708347191e+03 2.229143237441068293e-01
1.417529014556409493e+03 2.234681024103963576e-01
1.417317268914451233e+03 2.263767611932667734e-01
1.417105523272492746e+03 2.214088103947087771e-01
1.416893777630534487e+03 2.248834055134489585e-01
1.416682031988576000e+03 2.231222330203678494e-01
1.416470530856596724e+03 2.246203607360058863e-01
1.416259029724617676e+03 2.267928878318739849e-01
1.416047528592638400e+03 2.251120410502866209e-01
1.415836149715648617e+03 2.224757683210318027e-01
1.415624770838659060e+03 2.222303230448044453e-01
1.415413636471648488e+03 2.230250299033495753e-01
1.415202379849648423e+03 2.252990036173880273e-01
1.414991245482638078e+03 2.265262840834246505e-01
1.414780111115627506e+03 2.241438558544850135e-01
1.414569221258596372e+03 2.228449166201331433e-01
1.414358331401565010e+03 2.233377678541787759e-01
1.414147441544533649e+03 2.250137512597243927e-01
1.413936673942492007e+03 2.236518123946940606e-01
1.413726028595439857e+03 2.263989426512091341e-01
1.413515260993397987e+03 2.236022220712387543e-01
1.413304493391356345e+03 2.223962289132379588e-01
1.413094214809272898e+03 2.224405875459978532e-01
1.412883691717210468e+03 2.215905172312394866e-01
1.412673290880137529e+03 2.253554905029459543e-01
1.412462890043064363e+03 2.240807698946780391e-01
1.412252733715970635e+03 2.269507817662720917e-01
1.412042577388876907e+03 2.279178726594635052e-01
1.411832421061782952e+03 2.298076019522604929e-01
1.411622264734689224e+03 2.260170020770081167e-01
1.411412352917574481e+03 2.278228583966408205e-01
1.411202441100459964e+03 2.246253257216554444e-01
1.410992529283345220e+03 2.247335306998849425e-01
1.410782617466230704e+03 2.263974039757657153e-01
1.410572950159095171e+03 2.250403932064881096e-01
1.410363282851959639e+03 2.271351945105959669e-01
1.410153737799813825e+03 2.247469755387269397e-01
1.409944070492678293e+03 2.269506495711844929e-01
1.409734769950511691e+03 2.234724610620880958e-01
1.409525224898365650e+03 2.227501744496641900e-01
1.409315924356199048e+03 2.224164122344876593e-01
1.409106623814032218e+03 2.224320764068918599e-01
1.408897445526855108e+03 2.244476972155295680e-01
1.408688267239677998e+03 2.214069151048534689e-01
1.408479211207490380e+03 2.225549912584080525e-01
1.408270155175302762e+03 2.226804438652593143e-01
1.408061221398104863e+03 2.266614352627910334e-01
1.407852287620906964e+03 2.206387367272313049e-01
1.407643476098698557e+03 2.240692858206994875e-01
1.407434664576490150e+03 2.217793428330203376e-01
1.407225975309271234e+03 2.231786657467352275e-01
1.407017408297042039e+03 2.241634670406652263e-01
1.406808841284812843e+03 2.251885531285934272e-01
1.406600274272583647e+03 2.205944557193007527e-01
1.406391829515343943e+03 2.239201537363335603e-01
1.406183629268083450e+03 2.231127533106831984e-01
1.405975184510843974e+03 2.256796072120851315e-01
1.405766984263583481e+03 2.259228837935354228e-01
1.405558784016322988e+03 2.279613568804639001e-01
1.405350706024051988e+03 2.255466462560814789e-01
1.405142628031781214e+03 2.290895339556812127e-01
1.404934672294499933e+03 2.224586055699955822e-01
1.404726716557218651e+03 2.256860268601880992e-01
1.404519005329916354e+03 2.251970149273223309e-01
1.404311171847624792e+03 2.246870930146467604e-01
1.404103338365333002e+03 2.240424923445209493e-01
1.403895749393020424e+03 2.242497244376946697e-01
1.403688160420707845e+03 2.267334008085565844e-01
1.403480693703384986e+03 2.270384531084105040e-01
1.403273104731072408e+03 2.247064261693771103e-01
1.403065760268739041e+03 2.232946023276497494e-01
1.402858538061395166e+03 2.285474464442144860e-01
1.402651193599061799e+03 2.250790003026789388e-01
1.402443971391717923e+03 2.275778571604450129e-01
1.402236749184374048e+03 2.274962065397101163e-01
1.402029771487009384e+03 2.281160983367654105e-01
1.401822793789644948e+03 2.282554639889229353e-01
1.401615816092280284e+03 2.268268921500949942e-01
1.401408838394915620e+03 2.239499356785352446e-01
1.401201982952540448e+03 2.207733498878548251e-01
1.400995249765154995e+03 2.260265136787693585e-01
1.400788638832759034e+03 2.259564855772203673e-01
1.400582027900363300e+03 2.274667608026336718e-01
1.400375416967967340e+03 2.266321786124192994e-01
1.400168928290561098e+03 2.221122700054604659e-01
1.399962561868144348e+03 2.233427583177892972e-01
1.399756073190738107e+03 2.231099297093427358e-01
1.399549829023310849e+03 2.234327892921706971e-01
1.399343584855883819e+03 2.238313882065989247e-01
1.399137462943446280e+03 2.257004365316218619e-01
1.398931218776019023e+03 2.260303026179408814e-01
1.398725219118570976e+03 2.255493990013080763e-01
1.398519341716112649e+03 2.237621815200663278e-01
1.398313219803675111e+03 2.241867135136968447e-01
1.398107464656206275e+03 2.245140871701384044e-01
1.397901587253747948e+03 2.280845378598145845e-01
1.397695832106279113e+03 2.254102783495565421e-01
1.397490321468789489e+03 2.246790858859330497e-01
1.397284688576310145e+03 2.268549239825124741e-01
1.397079055683831029e+03 2.218512776563019984e-01
1.396873422791351913e+03 2.234401343976405718e-01
1.396668278918830993e+03 2.261899738502297086e-01
1.396462890536330860e+03 2.261881069212361706e-01
1.396257502153830728e+03 2.256790253065033003e-01
1.396052358281309807e+03 2.243685943229258573e-01
1.395847214408789114e+03 2.271674525846705539e-01
1.395642070536268193e+03 2.279310063003622266e-01
1.395437048918736764e+03 2.288528796675631249e-01
1.395232027301205562e+03 2.256743054039294649e-01
1.395027127938663853e+03 2.268525713329069271e-01
1.394822350831111635e+03 2.257312295284194248e-01
1.394617573723559417e+03 2.244128414748251255e-01
1.394412796616007427e+03 2.281628813338203998e-01
1.394208019508455209e+03 2.254947843769678772e-01
1.394003609165871922e+03 2.272101164431906961e-01
1.393799076568298915e+03 2.243817648458025782e-01
1.393594543970725908e+03 2.240161013578766402e-01
1.393390133628142394e+03 2.250009298028402827e-01
1.393185845540548598e+03 2.319591408553798029e-01
1.392981557452954803e+03 2.327325565400118201e-01
1.392777391620350727e+03 2.260391549334725414e-01
1.392573225787746424e+03 2.245698569563998881e-01
1.392369059955142120e+03 2.221207790260322501e-01
1.392165138632517255e+03 2.263054163559329313e-01
1.391961095054902444e+03 2.246042074407769151e-01
1.391757173732277579e+03 2.246106834229565363e-01
1.391553252409652487e+03 2.240011049652013697e-01
1.391349697851996098e+03 2.217581785986725562e-01
1.391145898784360725e+03 2.225042847301229587e-01
1.390942221971714844e+03 2.208266415319369014e-01
1.390738667414058455e+03 2.226409415878415066e-01
1.390535112856402066e+03 2.229494456175307171e-01
1.390331680553735396e+03 2.242161491526244443e-01
1.390128248251068726e+03 2.260962130012678928e-01
1.389924938203391548e+03 2.229947860876606569e-01
1.389721628155714370e+03 2.209231915018194659e-01
1.389518562618016404e+03 2.262883918097061131e-01
1.389315374825328945e+03 2.282533032656391681e-01
1.389112187032641259e+03 2.273081074137961455e-01
1.388909121494943292e+03 2.244241398870811255e-01
1.388706178212235045e+03 2.280759694355996570e-01
1.388503357184516062e+03 2.303673203243647438e-01
1.388300536156797307e+03 2.232317634896238689e-01
1.388097715129078551e+03 2.237237013739048208e-01
1.387895016356349288e+03 2.242074575614761700e-01
1.387692439838609744e+03 2.222290222123086967e-01
1.387489741065880480e+03 2.242442647375589848e-01
1.387287286803130428e+03 2.288659029390801847e-01
1.387084832540380376e+03 2.266466339373175432e-01
1.386882378277630323e+03 2.245459904023580644e-01
1.386680046269869763e+03 2.231615557916827031e-01
1.386477836517098922e+03 2.279241597538697317e-01
1.386275504509338361e+03 2.270086774351676717e-01
1.386073417011557240e+03 2.307087728260269477e-01
1.385871329513775891e+03 2.265718109344415643e-01
1.385669364270984033e+03 2.264207880897798897e-01
1.385467399028192403e+03 2.271664705175827914e-01
1.385265433785400774e+03 2.278310061088482941e-01
1.385063590797598636e+03 2.253742226265468551e-01
1.384861747809796498e+03 2.218499420521440890e-01
1.384660149331973344e+03 2.244192991392404968e-01
1.384458428599160925e+03 2.263398013166116052e-01
1.384256830121337998e+03 2.284568780856625902e-01
1.384055231643514844e+03 2.283659838984765100e-01
1.383853877675671129e+03 2.258577199454513962e-01
1.383652401452837694e+03 2.264833886032307786e-01
1.383451047484993978e+03 2.296664662270333224e-01
1.383249693517150035e+03 2.304752303975002858e-01
1.383048584059285531e+03 2.263818898474220520e-01
1.382847474601420799e+03 2.254396276071720107e-01
1.382646242888566576e+03 2.270045501233366458e-01
1.382445255685691563e+03 2.237781413315788337e-01
1.382244268482816551e+03 2.281383871430060495e-01
1.382043403534931031e+03 2.283648376103040445e-01
1.381842538587045510e+03 2.238711864795396855e-01
1.381641673639159990e+03 2.242219083519759737e-01
1.381440930946264189e+03 2.273125736952679166e-01
1.381240188253368387e+03 2.297220931239503106e-01
1.381039690070451570e+03 2.287532382656984609e-01
1.380839191887534980e+03 2.275034880976152529e-01
1.380638693704618163e+03 2.249901741821846157e-01
1.380438195521701346e+03 2.269194913814459036e-01
1.380237819593774248e+03 2.303907100077214332e-01
1.380037565920836641e+03 2.255261328589119318e-01
1.379837312247899263e+03 2.279904249688902429e-01
1.379637058574961657e+03 2.254736313110510537e-01
1.379436927157013542e+03 2.268061800232711034e-01
1.379237040249044867e+03 2.277526849900872175e-01
1.379037031086086472e+03 2.272061186400042565e-01
1.378837021923128077e+03 2.238281070930782379e-01
1.378637135015159174e+03 2.265216873262793362e-01
1.378437248107190499e+03 2.258909526973498227e-01
1.378237483454211315e+03 2.262757824779383087e-01
1.378037841056221623e+03 2.295467110008581058e-01
1.377838198658231931e+03 2.264822567316860102e-01
1.377638678515231959e+03 2.287376713256019933e-01
1.377439158372231759e+03 2.283483232348624270e-01
1.377239760484221279e+03 2.289647729649250951e-01
1.377040362596210798e+03 2.325208441924579983e-01
1.376840964708200545e+03 2.325975429771660052e-01
1.376641689075179556e+03 2.273911619394660966e-01
1.376442413442158568e+03 2.312669455875512869e-01
1.376243382319117018e+03 2.285855677684444642e-01
1.376044228941085521e+03 2.270721690073702614e-01
1.375845197818043971e+03 2.288298674283802681e-01
1.375646166695002194e+03 2.290083628773154911e-01
1.375447257826950135e+03 2.293313711732562210e-01
1.375248593468877061e+03 2.311858734728402254e-01
1.375049806855814495e+03 2.289637861001496966e-01
1.374851020242751929e+03 2.316892050060337105e-01
1.374652355884679082e+03 2.291660417848815356e-01
1.374453691526606008e+03 2.298910122497237196e-01
1.374255271678512145e+03 2.282155480052883434e-01
1.374056729575428790e+03 2.259414164168464523e-01
1.373858309727334927e+03 2.272730873326637702e-01
1.373659889879241291e+03 2.277253145140037127e-01
1.373461592286136920e+03 2.284522292335017801e-01
1.373263416948022268e+03 2.254136502687877908e-01
1.373065119354918124e+03 2.259384857479346531e-01
1.372867066271793192e+03 2.264610031704421822e-01
1.372669013188668032e+03 2.267171492682823475e-01
1.372470960105542872e+03 2.257291544064516375e-01
1.372273151532397151e+03 2.286967866714517128e-01
1.372075220704261710e+03 2.274551320387245279e-01
1.371877412131115761e+03 2.261807139350456020e-01
1.371679481302980321e+03 2.272149775001337246e-01
1.371481917239813583e+03 2.256211871571969785e-01
1.371284353176646846e+03 2.268125536125545350e-01
1.371086789113480108e+03 2.261920885744811149e-01
1.370889225050313371e+03 2.281936151506829547e-01
1.370691660987146633e+03 2.300438566789923811e-01
1.370494219178969615e+03 2.263884554928602688e-01
1.370297021880771581e+03 2.265672515168587753e-01
1.370099702327584055e+03 2.304425238977232393e-01
1.369902505029386020e+03 2.271166399378125866e-01
1.369705307731187986e+03 2.244940677742767732e-01
1.369508232687979671e+03 2.284871752509993470e-01
1.369311279899760848e+03 2.296530215499514305e-01
1.369114082601562814e+03 2.297393850126461246e-01
1.368917252068333710e+03 2.266070676153701946e-01
1.368720421535104379e+03 2.268935254172904370e-01
1.368523591001875275e+03 2.261163087482704892e-01
1.368326882723635663e+03 2.273655226940393403e-01
1.368130174445396051e+03 2.275969556221346113e-01
1.367933466167156212e+03 2.252634428869510486e-01
1.367737002398895811e+03 2.277591063538663696e-01
1.367540416375645691e+03 2.263980058659431083e-01
1.367343952607385290e+03 2.275084228871660785e-01
1.367147733349104101e+03 2.271239996541628281e-01
1.366951269580843473e+03 2.255813516071253633e-01
1.366755050322562283e+03 2.284095629163266916e-01
1.366558708809291375e+03 2.296114816866480779e-01
1.366362611805999677e+03 2.285570484596673724e-01
1.366166637057697471e+03 2.307510274584616550e-01
1.365970540054405774e+03 2.295973410159280470e-01
1.365774565306103568e+03 2.288041459498538210e-01
1.365578590557801590e+03 2.288215452494354318e-01
1.365382738064488876e+03 2.283613561334081055e-01
1.365187130081155601e+03 2.322087274417556080e-01
1.364991277587842887e+03 2.286368576986068379e-01
1.364795669604509612e+03 2.267197731784402759e-01
1.364599939366186618e+03 2.263079410964534133e-01
1.364404453637842835e+03 2.257532955144728737e-01
1.364208967909499052e+03 2.269738751936548338e-01
1.364013482181155268e+03 2.300487234179887930e-01
1.363818118707800977e+03 2.279318455344254424e-01
1.363622755234446686e+03 2.265643094999156837e-01
1.363427514016082114e+03 2.263803145435178410e-01
1.363232272797717542e+03 2.279987928610073544e-01
1.363037153834342462e+03 2.274379419227805232e-01
1.362842157125956874e+03 2.272608926856046485e-01
1.362646915907592302e+03 2.270301016249749171e-01
1.362452041454196433e+03 2.275100812888327939e-01
1.362257167000800564e+03 2.284448042275452895e-01
1.362062414802394187e+03 2.301053372446702494e-01
1.361867540348998318e+03 2.287285206453833764e-01
1.361672788150592169e+03 2.310196615125264807e-01
1.361478035952185792e+03 2.281894907429119490e-01
1.361283406008769134e+03 2.285213397349778741e-01
1.361088898320341968e+03 2.286065956100861440e-01
1.360894512886904295e+03 2.296564462730103506e-01
1.360700005198477129e+03 2.296975276084508855e-01
1.360505619765039683e+03 2.298568479577149104e-01
1.360311234331602009e+03 2.314652234624001714e-01
1.360116848898164562e+03 2.306944208685549336e-01
1.359922830229695819e+03 2.329038135781010543e-01
1.359728689306237357e+03 2.286457180517580401e-01
1.359534548382778894e+03 2.278878168031641949e-01
1.359340529714310151e+03 2.267407599413818198e-01
1.359146511045841407e+03 2.267707951192533544e-01
1.358952614632362156e+03 2.287411650284595921e-01
1.358758840473872624e+03 2.286502645576305448e-01
1.358564944060393373e+03 2.281574465541930108e-01
1.358371169901903613e+03 2.288052181249190520e-01
1.358177517998403573e+03 2.298967051456762278e-01
1.357983866094903533e+03 2.295575441074641510e-01
1.357790336446392985e+03 2.290273706262330733e-01
1.357596806797882664e+03 2.282745449239069746e-01
1.357403399404361835e+03 2.310860795018151725e-01
1.357209992010840779e+03 2.300007373902766550e-01
1.357016584617319950e+03 2.297502274884696827e-01
1.356823299478788613e+03 2.250357903521856551e-01
1.356630136595246995e+03 2.277531710609937143e-01
1.356436973711705150e+03 2.263210805017464855e-01
1.356243933083153024e+03 2.313790331455714833e-01
1.356050770199611406e+03 2.288789959595327606e-01
1.355857851826048773e+03 2.288892773976376749e-01
1.355664811197496647e+03 2.332005592274579431e-01
1.355472137333913224e+03 2.297753577340605480e-01
1.355279218960350818e+03 2.302222842063817443e-01
1.355086422841777676e+03 2.306962379115395645e-01
1.354893748978194481e+03 2.263573731197437711e-01
1.354701075114611058e+03 2.268509216518832250e-01
1.354508645761006846e+03 2.266083176646060959e-01
1.354316094152412916e+03 2.295715414258929221e-01
1.354123542543819212e+03 2.274008002553276342e-01
1.353931113190215001e+03 2.279372210274424326e-01
1.353738683836610790e+03 2.289092417790184741e-01
1.353546376737996070e+03 2.292749615959055742e-01
1.353354314149360562e+03 2.273593121825728536e-01
1.353162129305735562e+03 2.283299518584807064e-01
1.352969944462110561e+03 2.280960431963777457e-01
1.352777881873475053e+03 2.277914198295334924e-01
1.352585819284839545e+03 2.276162289862011523e-01
1.352393878951193756e+03 2.264159796201762886e-01
1.352202060872537459e+03 2.269364214901991306e-01
1.352010242793881162e+03 2.312313679731783922e-01
1.351818424715224864e+03 2.278801402397384879e-01
1.351626606636568567e+03 2.290593541909086983e-01
1.351434910812901762e+03 2.297827395292312280e-01
1.351243214989234957e+03 2.306815361980027179e-01
1.351051885930537082e+03 2.261246956247195683e-01
1.350860312361859997e+03 2.298283036707602922e-01
1.350668861048172403e+03 2.266792634796332695e-01
1.350477531989474301e+03 2.263798398717507543e-01
1.350286202930776426e+03 2.291580951534860078e-01
1.350094873872078551e+03 2.296692766416743581e-01
1.349903789323359661e+03 2.283228648069021705e-01
1.349712582519651278e+03 2.277632030717986478e-01
1.349521497970932387e+03 2.297131687612649908e-01
1.349330413422213724e+03 2.287626009129749283e-01
1.349139451128484552e+03 2.273936801959672571e-01
1.348948488834755153e+03 2.283091907256875608e-01
1.348757648796015701e+03 2.311872708487902328e-01
1.348566931012265513e+03 2.271945564920404004e-01
1.348376090973525834e+03 2.285000848362892523e-01
1.348185373189775873e+03 2.320524972724557489e-01
1.347994777661015405e+03 2.279892915062837200e-01
1.347804182132254937e+03 2.279580111121818076e-01
1.347613708858483960e+03 2.261809851382247383e-01
1.347423113329723492e+03 2.290844899710243188e-01
1.347232762310942235e+03 2.276347066704623168e-01
1.347042411292160978e+03 2.300320559161271594e-01
1.346852060273379720e+03 2.270790016947259460e-01
1.346661831509587955e+03 2.294344262641397347e-01
1.346471725000785682e+03 2.295311841017771692e-01
1.346281618491983636e+03 2.314156205281084622e-01
1.346091511983181590e+03 2.296419749821466683e-01
1.345901527729369036e+03 2.269900287118567783e-01
1.345711543475556482e+03 2.253195527643711837e-01
1.345521559221743928e+03 2.314102023068006497e-01
1.345331819477910585e+03 2.260943944820717200e-01
1.345141957479087523e+03 2.250246905314476908e-01
1.344952217735254180e+03 2.310236933661013181e-01
1.344762600246410329e+03 2.284573706973656304e-01
1.344572860502576987e+03 2.265964019306646871e-01
1.344383365268722628e+03 2.277778454731732571e-01
1.344193747779879004e+03 2.261241536873221936e-01
1.344004497056003856e+03 2.273776127903944233e-01
1.343815001822149725e+03 2.274693382323348390e-01
1.343625628843285085e+03 2.278100318086282716e-01
1.343436378119409937e+03 2.249171780829767875e-01
1.343247127395534790e+03 2.259171430592829266e-01
1.343057998926649361e+03 2.263257960640363275e-01
1.342868870457763933e+03 2.269050613806553041e-01
1.342679864243867996e+03 2.272791430753593189e-01
1.342490735774982568e+03 2.267551320158448236e-01
1.342301851816076351e+03 2.281019638901295443e-01
1.342112967857169906e+03 2.270234776180282410e-01
1.341924083898263689e+03 2.300340501743262656e-01
1.341735322194346963e+03 2.280265156158188256e-01
1.341546682745419957e+03 2.302626681174440859e-01
1.341358043296492724e+03 2.276908987929478767e-01
1.341169403847565491e+03 2.287072338682087369e-01
1.340980764398638485e+03 2.306344873048721822e-01
1.340792247204700971e+03 2.266940133959106096e-01
1.340603852265752948e+03 2.270254740732311760e-01
1.340415457326804926e+03 2.283546827221263065e-01
1.340227184642846623e+03 2.294315781002677079e-01
1.340038911958888093e+03 2.257784260667875520e-01
1.339850639274929790e+03 2.303261323841819530e-01
1.339662488845960979e+03 2.267643584594509487e-01
1.339474338416992168e+03 2.262284470602892450e-01
1.339286187988023357e+03 2.271243677238556635e-01
1.339098282069033758e+03 2.278343447405365985e-01
1.338910376150044158e+03 2.258100944634061080e-01
1.338722347976064839e+03 2.294248762588127211e-01
1.338534564312064958e+03 2.253460685835518285e-01
1.338346780648064851e+03 2.255472536528923544e-01
1.322403018436539469e+03 2.273510770247684498e-01
1.322220002717133184e+03 2.257794378227414300e-01
1.322036986997726899e+03 2.279388100913795900e-01
1.321853971278320614e+03 2.260290760703151380e-01
1.321671200068893540e+03 2.309887166598565966e-01
1.304893414318430587e+03 2.312982010769217556e-01
1.304715411053597109e+03 2.304431268966791735e-01
1.304537530043753350e+03 2.295739590220279014e-01
1.304359649033909591e+03 2.334298354971539868e-01
1.304181768024065832e+03 2.319254027286984376e-01
1.287000540807977586e+03 2.319767224728681854e-01
1.286827794507696353e+03 2.316042166957514303e-01
1.286654925952425401e+03 2.313980270654668325e-01
1.286482179652144168e+03 2.330641873426960164e-01
1.286309433351862936e+03 2.300574994164042986e-01
1.286136809306571195e+03 2.342230847981546793e-01
1.285964185261279454e+03 2.318116486313669955e-01
1.285791561215987713e+03 2.329126464636374905e-01
1.285619059425685691e+03 2.314582137091005243e-01
1.285446557635383442e+03 2.350064169587862406e-01
1.285274300355060632e+03 2.370174314897786627e-01
1.285101920819748102e+03 2.318556867365641483e-01
1.284929541284435345e+03 2.341020989337282976e-01
1.284757284004112535e+03 2.343577751613462601e-01
1.284585026723789497e+03 2.367414079104249447e-01
1.284412891698456178e+03 2.333923140849159528e-01
1.284240756673122860e+03 2.345588221039145993e-01
1.284068621647789314e+03 2.377179463311656915e-01
1.283896608877445487e+03 2.381300563689450200e-01
1.283724596107101888e+03 2.349799076006406084e-01
1.283552705591747554e+03 2.389255219824136245e-01
1.283380815076393446e+03 2.385492967332710768e-01
1.283208924561039112e+03 2.387653106320996865e-01
1.283037156300674496e+03 2.406520914392514532e-01
1.282865388040309881e+03 2.455477367243072417e-01
1.282693864289924477e+03 2.474343802477599330e-01
1.282522218284549353e+03 2.461024659464379205e-01
1.282350572279174230e+03 2.446803595930904518e-01
1.282179048528788826e+03 2.366189732696170889e-01
1.282007647033392914e+03 2.327043994669495131e-01
1.281836123283007510e+03 2.316033646454448147e-01
1.281664721787611597e+03 2.319169956583056746e-01
1.281493320292215685e+03 2.353356807863202504e-01
1.281322041051809492e+03 2.321686900488411642e-01
1.281150761811403072e+03 2.335557469473601988e-01
1.280979482570996879e+03 2.317797533539135424e-01
1.280808447840569670e+03 2.359055565988977532e-01
1.280637290855152969e+03 2.332408446426352255e-01
1.280466133869736268e+03 2.334917552639671767e-01
1.280295221394298778e+03 2.345232485555599211e-01
1.280124186663871569e+03 2.323313562829681378e-01
1.279953396443423571e+03 2.325191697537778157e-01
1.279782483967986082e+03 2.319556105127925649e-01
1.279611693747538084e+03 2.328404353749608247e-01
1.279440903527090086e+03 2.328906387025221347e-01
1.279270235561631807e+03 2.354253745370445683e-01
1.279099445341183809e+03 2.335506335983957016e-01
1.278928899630715023e+03 2.321716227036342006e-01
1.278758231665256744e+03 2.318141391938773332e-01
1.278587808209777450e+03 2.357907175751069451e-01
1.278417262499308663e+03 2.341314877575553788e-01
1.278246839043829368e+03 2.333523893647097280e-01
1.278076415588350301e+03 2.326238110240441970e-01
1.277906114387860498e+03 2.352056760505853716e-01
1.277735813187370923e+03 2.328224896475303840e-01
1.277565511986881347e+03 2.325965602478461403e-01
1.277395333041381264e+03 2.339792376260751150e-01
1.277225154095881180e+03 2.315726876092334685e-01
1.277055219660360308e+03 2.332173303174211454e-01
1.276885162969849944e+03 2.337099077305584138e-01
1.276715106279339352e+03 2.355258517222187375e-01
1.276545171843818480e+03 2.327531701952149090e-01
1.276375359663287327e+03 2.320098691594736917e-01
1.276205425227766455e+03 2.354362797091505144e-01
1.276035613047235074e+03 2.335906741045158663e-01
1.275865800866703694e+03 2.333843065108079928e-01
1.275696110941162033e+03 2.342907569482360619e-01
1.275526421015620372e+03 2.330281132511433650e-01
1.275356731090078711e+03 2.334005600829214544e-01
1.275187285674516033e+03 2.359321470009299593e-01
1.275017595748974372e+03 2.301324074404899334e-01
1.274848150333411922e+03 2.326743862335101387e-01
1.274678704917849245e+03 2.338671205348464288e-01
1.274509381757276287e+03 2.352051746129308063e-01
1.274339936341713837e+03 2.323178690792529200e-01
1.274170735436130371e+03 2.330345150762371531e-01
1.274001534530546905e+03 2.328995162434274735e-01
1.273832333624963667e+03 2.298296497938258909e-01
1.273663254974369920e+03 2.314242764531604102e-01
1.273494176323775946e+03 2.327706899933854323e-01
1.273325219928171919e+03 2.303045990159059697e-01
1.273325097673182199e+03 2.344099824309241187e-01
1.273156141277577944e+03 2.298090739703405050e-01
1.273156019022588453e+03 2.320894387321807417e-01
1.272987307136963409e+03 2.306868283840870226e-01
1.272987184881973917e+03 2.311427738025808865e-01
1.272818350741359154e+03 2.312892729123452451e-01
1.272818228486369662e+03 2.319729850379140534e-01
1.272649394345754899e+03 2.335165898346069635e-01
1.272649272090765407e+03 2.316934364374507449e-01
1.272480437950150872e+03 2.325827998210402703e-01
1.272311726064525828e+03 2.335543391167158866e-01
1.272143014178900557e+03 2.331447117965447513e-01
1.271974302293275514e+03 2.328906414224620192e-01
1.271805712662640190e+03 2.325037667176611811e-01
1.271637123032004638e+03 2.314692981269114991e-01
1.271468533401369314e+03 2.334502702073639191e-01
1.271300066025723254e+03 2.348631008985179458e-01
1.271131598650077422e+03 2.292944196997850903e-01
1.270963253529421081e+03 2.332503264389300390e-01
1.270794908408764968e+03 2.328231416739582338e-01
1.270626563288108628e+03 2.354002270737512725e-01
1.270458462677431498e+03 2.356001759070252832e-01
1.270290239811764650e+03 2.329901098833380702e-01
1.270122016946098029e+03 2.336019942406259431e-01
1.269953916335420899e+03 2.321821492635813833e-01
1.269785937979733262e+03 2.349658292815460237e-01
1.269617837369056133e+03 2.315343706398790002e-01
1.269449859013368723e+03 2.359832655246809907e-01
1.269282002912670805e+03 2.371168318605343939e-01
1.269114146811972660e+03 2.332941592662072516e-01
1.268946290711274742e+03 2.359575119706646129e-01
1.268778434610576824e+03 2.341357029837735360e-01
1.268610823019858117e+03 2.357650152675046240e-01
1.268443089174149691e+03 2.358001772905621574e-01
1.268275355328441265e+03 2.325106804362309376e-01
1.268107865992712050e+03 2.325566534460759283e-01
1.267940254401993343e+03 2.346225123132557600e-01
1.267772765066264128e+03 2.333687043881460255e-01
1.267605275730534913e+03 2.340658925236354937e-01
1.267438030904784682e+03 2.329310344861088011e-01
1.267270541569055467e+03 2.331273750008903412e-01
1.267103174488315972e+03 2.363460162363283656e-01
1.266935929662565968e+03 2.345387280563559773e-01
1.266768684836815964e+03 2.330176201988073403e-01
1.266601562266055453e+03 2.359090013633234895e-01
1.266434561950284433e+03 2.355520398917947400e-01
1.266267439379524149e+03 2.335087298510862830e-01
1.266100439063753129e+03 2.333992533534553493e-01
1.265933438747982336e+03 2.348189778469205458e-01
1.265766438432211316e+03 2.361402942595163812e-01
1.265599560371430016e+03 2.313312798346000287e-01
1.265432682310648715e+03 2.354314936587443563e-01
1.265266048759846626e+03 2.318462150719678427e-01
1.265099170699065326e+03 2.316497091657027940e-01
1.264932414893273744e+03 2.345427307711247800e-01
1.264765781342471655e+03 2.345650009221568744e-01
1.264599147791669338e+03 2.371988014586298710e-01
1.264432636495856968e+03 2.355204313709116370e-01
1.264266125200044371e+03 2.329172047098438392e-01
1.264099613904231774e+03 2.345508087744797021e-01
1.263933224863408896e+03 2.357215983139032689e-01
1.263766835822585790e+03 2.325475136726381786e-01
1.263600446781762912e+03 2.337073734858085283e-01
1.263434179995929526e+03 2.354754320056938188e-01
1.263267913210096140e+03 2.345461114977254458e-01
1.263101768679252245e+03 2.332607496237990297e-01
1.262935501893418859e+03 2.348696457768047752e-01
1.262769479617564684e+03 2.318800172654144343e-01
1.262603335086721017e+03 2.340768244612182192e-01
1.262437312810866842e+03 2.366940472409637952e-01
1.262271412790002159e+03 2.327496138421437655e-01
1.262105512769137476e+03 2.377285076910525263e-01
1.261939612748272793e+03 2.382545304601442759e-01
1.261773712727408110e+03 2.355698576166608549e-01
1.261608057216522866e+03 2.317577188274556055e-01
1.261442401705637394e+03 2.331273378219560766e-01
1.261276623939762203e+03 2.359118142692407938e-01
1.261110968428876731e+03 2.343529260971025652e-01
1.260945435172980979e+03 2.334034976994757982e-01
1.260779901917084999e+03 2.336049809071532868e-01
1.260614368661189246e+03 2.335742130981638409e-01
1.260448835405293266e+03 2.353158966668759677e-01
1.260283424404387006e+03 2.330443980657035397e-01
1.260118135658470237e+03 2.350935268433033409e-01
1.259952724657563977e+03 2.340257397876834566e-01
1.259787558166636927e+03 2.337006677801074239e-01
1.259622269420720158e+03 2.337139247979848067e-01
1.259457102929793109e+03 2.374514017202392080e-01
