# Wavelength, Reflectance
1.644555211301424151e+03 3.145137686432301627e-01
1.643689122434236651e+03 3.266491421178344123e-01
1.642823888059236651e+03 3.265548790782221156e-01
1.641959630246736651e+03 3.083088612842820320e-01
1.641096226926424151e+03 3.189208410938389471e-01
1.640233922238924151e+03 3.260413331517357793e-01
1.639372472043611651e+03 3.192006402993145531e-01
1.638511998410799151e+03 3.194035549132074325e-01
1.637652379270174151e+03 3.094388534024216653e-01
1.636793858762361651e+03 3.136554043367560940e-01
1.635936192746736651e+03 3.168629808834662609e-01
1.635079503293611651e+03 3.190243744605678056e-01
1.634223790402986651e+03 3.122295636489036408e-01
1.633368932004549151e+03 3.075299779948776902e-01
1.632515050168611651e+03 3.107031717162347384e-01
1.631662022824861651e+03 3.047633568652138858e-01
1.630809972043611651e+03 3.011581502962218382e-01
1.629958897824861651e+03 2.934161571164707882e-01
1.629108678098299151e+03 2.924682747812785144e-01
1.628259434934236651e+03 2.907442433097318646e-01
1.627411046262361651e+03 2.989856109582528232e-01
1.626563634152986651e+03 2.975806944869212045e-01
1.625717198606111651e+03 2.959649102636983664e-01
1.624871739621736651e+03 2.990372875590689428e-01
1.624027013059236651e+03 2.959500934950192730e-01
1.623183385129549151e+03 2.975806841901967315e-01
1.622340489621736651e+03 2.944745459133438215e-01
1.621498692746736651e+03 2.905890093485180015e-01
1.620657628293611651e+03 2.887288632327603688e-01
1.619817662473299151e+03 2.972077230141971782e-01
1.618978429074861651e+03 2.938020028126747674e-01
1.618140172238924151e+03 2.882848303850353844e-01
1.617302769895174151e+03 2.847580704068560786e-01
1.616466344113924151e+03 2.853137309110710396e-01
1.615630772824861651e+03 2.846448340095078522e-01
1.614796178098299151e+03 2.844291858102698245e-01
1.613962559934236651e+03 2.896157890473384788e-01
1.613129674192049151e+03 2.869173403975817105e-01
1.612297765012361651e+03 2.925689464957453301e-01
1.611466710324861651e+03 2.879002178185752214e-01
1.610636632199861651e+03 2.886815309686972530e-01
1.609807408567049151e+03 2.896746638610972480e-01
1.608979039426424151e+03 2.860049007338802407e-01
1.608151646848299151e+03 2.805808085443772804e-01
1.607324986692049151e+03 2.862710570272892774e-01
1.606499303098299151e+03 2.853839611993374548e-01
1.605674596067049151e+03 2.836380701805674143e-01
1.604850743527986651e+03 2.843126427862473493e-01
1.604027623410799151e+03 2.842471261766574830e-01
1.603205479856111651e+03 2.854928545783297911e-01
1.602384312863924151e+03 2.877689836125492673e-01
1.601563878293611651e+03 2.888548152406523739e-01
1.600744420285799151e+03 2.835905123039082487e-01
1.599925816770174151e+03 2.824594582259239983e-01
1.599108067746736651e+03 2.818043344273054029e-01
1.598291173215486651e+03 2.814923388321282638e-01
1.597475011106111651e+03 2.848507845655512405e-01
1.596660191770174151e+03 2.775576916104109393e-01
1.595845860715486651e+03 2.824775051195949627e-01
1.595032384152986651e+03 2.801619105289451239e-01
1.594220006223299151e+03 2.817189503978876908e-01
1.593408238645174151e+03 2.877894690490125362e-01
1.592597447629549151e+03 2.826111971628307851e-01
1.591787633176424151e+03 2.818569610825673588e-01
1.590978551145174151e+03 2.836016185455888516e-01
1.590170445676424151e+03 2.817091222592936206e-01
1.589362950559236651e+03 2.728467547429433426e-01
1.588556309934236651e+03 2.762690323272728454e-01
1.587750890012361651e+03 2.828016614959202868e-01
1.586946080442049151e+03 2.800031336597694209e-01
1.586142125363924151e+03 2.806503296062546893e-01
1.585339146848299151e+03 2.842269771417522128e-01
1.584536900754549151e+03 2.835181007401345599e-01
1.583735509152986651e+03 2.834123007783566628e-01
1.582935094113924151e+03 2.813941748269543908e-01
1.582135411496736651e+03 2.819765188073085627e-01
1.581336705442049151e+03 2.867246502344981129e-01
1.580538609738924151e+03 2.831577542249851254e-01
1.579741368527986651e+03 2.828166907258480300e-01
1.578945225949861651e+03 2.821272769472885078e-01
1.578149693723299151e+03 2.889926181133237182e-01
1.577355138059236651e+03 2.816703757657375573e-01
1.576561436887361651e+03 2.791193505098047978e-01
1.575768468137361651e+03 2.842717690189308088e-01
1.574976231809236651e+03 2.821095018294760282e-01
1.574184972043611651e+03 2.837352772176811588e-01
1.573394566770174151e+03 2.838753688781775475e-01
1.572605015988924151e+03 2.803772502611863171e-01
1.571816197629549151e+03 2.829829949625521368e-01
1.571028111692049151e+03 2.822553975355512890e-01
1.570241124387361651e+03 2.862580682400812648e-01
1.569454747434236651e+03 2.806781862753307544e-01
1.568669469113924151e+03 2.829255422894703109e-01
1.567884679074861651e+03 2.794655739699385411e-01
1.567100865598299151e+03 2.825391241763433037e-01
1.566317906613924151e+03 2.807287491825415371e-01
1.565535680051424151e+03 2.815078297454665091e-01
1.564754307981111651e+03 2.812944868542863741e-01
1.563973790402986651e+03 2.816497577696813193e-01
1.563194127317049151e+03 2.785459384387353743e-01
1.562415074582674151e+03 2.772856632350851891e-01
1.561636998410799151e+03 2.819508390135050946e-01
1.560859776731111651e+03 2.791442374086657852e-01
1.560083287473299151e+03 2.801435777757289025e-01
1.559307530637361651e+03 2.758433101673511967e-01
1.558532628293611651e+03 2.790686627487538041e-01
1.557758702512361651e+03 2.797532426919742132e-01
1.556985387082674151e+03 2.787296966001676646e-01
1.556212926145174151e+03 2.754841260021186899e-01
1.555441197629549151e+03 2.801461686719534105e-01
1.554670445676424151e+03 2.748815087254025125e-01
1.553900304074861651e+03 2.732856973745693696e-01
1.553131139035799151e+03 2.852201656184453205e-01
1.553131016965486651e+03 2.768796931110548698e-01
1.552874913449861651e+03 2.817248716417054544e-01
1.552618687863924151e+03 2.835214243361354192e-01
1.552362706418611651e+03 2.841448689483697665e-01
1.552362584348299151e+03 2.763761539797057187e-01
1.552106724973299151e+03 2.816928933058570617e-01
1.551595006223299151e+03 2.775454380356416340e-01
1.550828160520174151e+03 2.777457625444970102e-01
1.550062047238924151e+03 2.775106310018976563e-01
1.549296788449861651e+03 2.767152159716164683e-01
1.548532384152986651e+03 2.787575099552741520e-01
1.547768590207674151e+03 2.804767667810666443e-01
1.547005650754549151e+03 2.759006289936918321e-01
1.546243565793611651e+03 2.768493393399370506e-01
1.545482335324861651e+03 2.813455279515630902e-01
1.544721715207674151e+03 2.764561238640257379e-01
1.543961827512361651e+03 2.790864380054292049e-01
1.543202916379549151e+03 2.767718348094126979e-01
1.542444859738924151e+03 2.782209801589433096e-01
1.541687413449861651e+03 2.788258972822723614e-01
1.540930699582674151e+03 2.787188060330981210e-01
1.540174840207674151e+03 2.825220365952999524e-01
1.539419713254549151e+03 2.812805484249878418e-01
1.538665562863924151e+03 2.777813368604188926e-01
1.537912022824861651e+03 2.780721140567221084e-01
1.537159215207674151e+03 2.791136278057449460e-01
1.536407262082674151e+03 2.780198161705685345e-01
1.535655797238924151e+03 2.784774550766369039e-01
1.534905675168611651e+03 2.805233937111315523e-01
1.534155797238924151e+03 2.778897956920729495e-01
1.533407017942049151e+03 2.785360334251676950e-01
1.532658848996736651e+03 2.805135768402178265e-01
1.531911412473299151e+03 2.820415402844161923e-01
1.531164952512361651e+03 2.776051047811930461e-01
1.530419102902986651e+03 2.795200570570286480e-01
1.529673985715486651e+03 2.763683638529305098e-01
1.528929600949861651e+03 2.786888520090764487e-01
1.528186070676424151e+03 2.808692964442716655e-01
1.527443028684236651e+03 2.794167779980519795e-01
1.526701207395174151e+03 2.753899444391392226e-01
1.525959752317049151e+03 2.794714974891900905e-01
1.525219395871736651e+03 2.795181488814888482e-01
1.524479527707674151e+03 2.790477884598230873e-01
1.523740514035799151e+03 2.788436069629832703e-01
1.523002232785799151e+03 2.781653172134476160e-01
1.522264806027986651e+03 2.759301246394901819e-01
1.521527989621736651e+03 2.785285341205338550e-01
1.520791905637361651e+03 2.744227087370227358e-01
1.520056554074861651e+03 2.769664115806586557e-01
1.519322057004549151e+03 2.728736314555329501e-01
1.518588170285799151e+03 2.761960118747455728e-01
1.517855015988924151e+03 2.786260806859679473e-01
1.517122960324861651e+03 2.751473596515623399e-01
1.516391392942049151e+03 2.769165033789053321e-01
1.515660435910799151e+03 2.761980474842730127e-01
1.515417149777986651e+03 2.810503975615980532e-01
1.515173863645174151e+03 2.784914951387853499e-01
1.514930455442049151e+03 2.765606029722698089e-01
1.514930333371736651e+03 2.755598692865339761e-01
1.514687291379549151e+03 2.778721955320895831e-01
1.514444249387361651e+03 2.783206763669353601e-01
1.514200963254549151e+03 2.769356485443690286e-01
1.513472325559236651e+03 2.729297836018408363e-01
1.512744420285799151e+03 2.785846741091365653e-01
1.512017247434236651e+03 2.778840442590713722e-01
1.511290929074861651e+03 2.767864829050650788e-01
1.510565221067049151e+03 2.801012869315596121e-01
1.509840245481111651e+03 2.781629906766109328e-01
1.509116002317049151e+03 2.797554034750434071e-01
1.508392491574861651e+03 2.760934195912647104e-01
1.507669713254549151e+03 2.760240838247954853e-01
1.506947667356111651e+03 2.784251053996026348e-01
1.506226353879549151e+03 2.820957238766855779e-01
1.505505772824861651e+03 2.839926575730088443e-01
1.504786046262361651e+03 2.844451578127773494e-01
1.504066807981111651e+03 2.811094710199735780e-01
1.503348424192049151e+03 2.866365129940222078e-01
1.502629701752772007e+03 2.701518651057844833e-01
1.501911631719337265e+03 2.747265446349870799e-01
1.501194417404362639e+03 2.783379951491645743e-01
1.500477814316859622e+03 2.777035825204239305e-01
1.499761944702322126e+03 2.779195890135950919e-01
1.499046808560750378e+03 2.784447414050986724e-01
1.498332283646650012e+03 2.789471688914802461e-01
1.497618614451009535e+03 2.800415482886990381e-01
1.496905556482840666e+03 2.808667984147659169e-01
1.496193354233131686e+03 2.769173166844026701e-01
1.495481763210894314e+03 2.775726153243809891e-01
1.494770905661622464e+03 2.782996602001864828e-01
1.494060659339822223e+03 2.741226223077575797e-01
1.493351268736481870e+03 2.743529076156925317e-01
1.492642489360612899e+03 2.762163431289532123e-01
1.491934443457709676e+03 2.799342528120955520e-01
1.491227131027772202e+03 2.767595733677451486e-01
1.490520429825306110e+03 2.777578201510571554e-01
1.489814462095805766e+03 2.798186409960644605e-01
1.489109227839271171e+03 2.812008483062992115e-01
1.488404727055702324e+03 2.770690958029753959e-01
1.487700837499604859e+03 2.691918452064659961e-01
1.486997681416472915e+03 2.777368481324025695e-01
1.486295136560812580e+03 2.779417994573050721e-01
1.485593447423612361e+03 2.759032087236306108e-01
1.484892369513883523e+03 2.756887946293452574e-01
1.484192025077120206e+03 2.759956919314006107e-01
1.483492291867828499e+03 2.738531550540558301e-01
1.482793414376996679e+03 2.764930261108459186e-01
1.482095025868142102e+03 2.742743354604385009e-01
1.481397493077747413e+03 2.755954082453130338e-01
1.480700571514824333e+03 2.779452297324617183e-01
1.480004261179372406e+03 2.747646989695801678e-01
1.479308806562380823e+03 2.783418829816526885e-01
1.478613840927366027e+03 2.759555360441002803e-01
1.477919731010811574e+03 2.787383796844929984e-01
1.477226232321728276e+03 2.783039705441183731e-01
1.476533467105610725e+03 2.773560606873818335e-01
1.475841313116964784e+03 2.771527039773120649e-01
1.475149892601284364e+03 2.747240977940162976e-01
1.474459083313075553e+03 2.855186416908878644e-01
1.473769007497832263e+03 2.810769955794651387e-01
1.473079542910060582e+03 2.773899031843182761e-01
1.472390811795254422e+03 2.772049114446923923e-01
1.471702814153414238e+03 2.736926541245238709e-01
1.471015427739045208e+03 2.737270753714421412e-01
1.470328774797642154e+03 2.742721720945354713e-01
1.469642733083710255e+03 2.763838608270265396e-01
1.468957302597249964e+03 2.775908849322199501e-01
1.468272605583755421e+03 2.703406193696261672e-01
1.467588642043226400e+03 2.780643648114066169e-01
1.466905289730168988e+03 2.725839577584851514e-01
1.466222548644582957e+03 2.755025063172952260e-01
1.465540541031962675e+03 2.710451592343344762e-01
1.464859144646813775e+03 2.739754630205327168e-01
1.464178481734630623e+03 2.778679070629335723e-01
1.463498430049918852e+03 2.767759687308352645e-01
1.462819111838172830e+03 2.793572613414407324e-01
1.462140404853898190e+03 2.733594810211087967e-01
1.461462309097094931e+03 2.731521711948133313e-01
1.460784824567763280e+03 2.724228560764763718e-01
1.460108195756891519e+03 2.700778946256106039e-01
1.459432055927996771e+03 2.748075601493978892e-01
1.458756649572068000e+03 2.737447915942047283e-01
1.458081854443610382e+03 2.738284795114536707e-01
1.457407792788118741e+03 2.732572895118611789e-01
1.456734342360098481e+03 2.752154812596614986e-01
1.456061503159549602e+03 2.737340753534467930e-01
1.455389397431966245e+03 2.710881280328485965e-01
1.454717902931854496e+03 2.716412771410653959e-01
1.454047019659214129e+03 2.790339256824865832e-01
1.453376747614045371e+03 2.766505592184414497e-01
1.452707331287336501e+03 2.777731214471865218e-01
1.452038403942604646e+03 2.759581043902813446e-01
1.451370087825344399e+03 2.760555808269146150e-01
1.450702505181049673e+03 2.776086036125468004e-01
1.450035533764226557e+03 2.745861717284356907e-01
1.449369173574874821e+03 2.786004468298914349e-01
1.448703546858488835e+03 2.739127721923209080e-01
1.448038531369574230e+03 2.786179833653469884e-01
1.447374004862636639e+03 2.813492480550005559e-01
1.446710334074159164e+03 2.801607422191645380e-01
1.446047152267658930e+03 2.771429653654302605e-01
1.445384826179618585e+03 2.788286565263629613e-01
1.444722866828061115e+03 2.761944688436418494e-01
1.444061640949469393e+03 2.805833801242223480e-01
1.443401148543843419e+03 2.791040405462026364e-01
1.442741145120194460e+03 2.828076645771404052e-01
1.442081875169511250e+03 2.764206340867674805e-01
1.441423216446299648e+03 2.742117305286340123e-01
1.440765168950559200e+03 2.789445778006299226e-01
1.440107610436795994e+03 2.743897203913217564e-01
1.439451029886987271e+03 2.812445530285565543e-01
1.439450907641492904e+03 2.809698602762383812e-01
1.439232210452215668e+03 2.776869988315507354e-01
1.439013391017444064e+03 2.735285954119600071e-01
1.438794816073661195e+03 2.752973354564191011e-01
1.438794693828166828e+03 2.783077803063463418e-01
1.438576118884383959e+03 2.748438628752538637e-01
1.438357666186095230e+03 2.711037300778860737e-01
1.438139335733300868e+03 2.756793205597864449e-01
1.438139213487806501e+03 2.804679177930678446e-01
1.437920883035012139e+03 2.787663100075352118e-01
1.437702674827712144e+03 2.773226860230996182e-01
1.437484466620411922e+03 2.740392922846781043e-01
1.437484344374917555e+03 2.719366654876290701e-01
1.437266013922123193e+03 2.756203442043984597e-01
1.437048050205811705e+03 2.790978111517202764e-01
1.436830208734994585e+03 2.754202180379885512e-01
1.436830086489500218e+03 2.788473190470270313e-01
1.436612122773188730e+03 2.770907384975387355e-01
1.436394159056877015e+03 2.792204082982755464e-01
1.436176439831554262e+03 2.777638835973677001e-01
1.435958720606231282e+03 2.736570608738864707e-01
1.435741001380908301e+03 2.738414298838150462e-01
1.435523404401079461e+03 2.764026846386917757e-01
1.435305929666745214e+03 2.760275563692095591e-01
1.435088454932410741e+03 2.779756916960864910e-01
1.434870980198076495e+03 2.812525775314296261e-01
1.434653749954730529e+03 2.746197782732432424e-01
1.434436397465890423e+03 2.782146364126648619e-01
1.434219167222544684e+03 2.793211796293613713e-01
1.434002059224693085e+03 2.782200192158018615e-01
1.433785073472335853e+03 2.810356684865318311e-01
1.433568087719978621e+03 2.790720346897688220e-01
1.433351101967621389e+03 2.770126152983904966e-01
1.433134360706252664e+03 2.773159474041619332e-01
1.432917497199389800e+03 2.789687536614604002e-01
1.432700755938021075e+03 2.798898462303772705e-01
1.432484136922146718e+03 2.795985421996012299e-01
1.432267640151766500e+03 2.807433637360456369e-01
1.432051143381386510e+03 2.751379550688846098e-01
1.431834646611006292e+03 2.790504167297673810e-01
1.431618272086120442e+03 2.815401454728070907e-01
1.431402019806728958e+03 2.744882655362568258e-01
1.431185767527337475e+03 2.641919346039381389e-01
1.430969637493440132e+03 2.600163270747395949e-01
1.430753629705037156e+03 2.653684112648203586e-01
1.430537499671140040e+03 2.706647617303489795e-01
1.430321491882737064e+03 2.790881520901936641e-01
1.430105484094334088e+03 2.766280411321153099e-01
1.429889843042413986e+03 2.758568196423943353e-01
1.429674079744999517e+03 2.738556202334270218e-01
1.429458438693079415e+03 2.747248405835165941e-01
1.429242919886653681e+03 2.748950559274688787e-01
1.429027278834733579e+03 2.726163050319879710e-01
1.428811760028307845e+03 2.760144718818708376e-01
1.428596363467376250e+03 2.707463118865813811e-01
1.428381089151939022e+03 2.756666638693782145e-01
1.428165814836501795e+03 2.760682382266366752e-01
1.427950540521064568e+03 2.809014515689979841e-01
1.427735388451121480e+03 2.799126871055407917e-01
1.427520480872167127e+03 2.784833033970114946e-01
1.427305328802224267e+03 2.772324184622904641e-01
1.427090421223269686e+03 2.778887143014536765e-01
1.426875635889809701e+03 2.805466360357737887e-01
1.426660850556349487e+03 2.795350996055071535e-01
1.426446065222889501e+03 2.810029300313616196e-01
1.426231402134923655e+03 2.803133800191396352e-01
1.426016861292452177e+03 2.804651323310451416e-01
1.425802320449980471e+03 2.773080797473648773e-01
1.425587901853003359e+03 2.768123642503422244e-01
1.425373483256026020e+03 2.755477882439781312e-01
1.425159186904543049e+03 2.747335902829565191e-01
1.424944890553060077e+03 2.761384007486295533e-01
1.424730716447071472e+03 2.797269133377970340e-01
1.424516420095588501e+03 2.784964460786424900e-01
1.424302612726082771e+03 2.749665041392539977e-01
1.424088560865588306e+03 2.723299485381764362e-01
1.423874631250588209e+03 2.706415404781870593e-01
1.423660823881082479e+03 2.722332837802320937e-01
1.423447016511576521e+03 2.768068583187144327e-01
1.423233331387565158e+03 2.799112351718610059e-01
1.423019524018059201e+03 2.773918868811863225e-01
1.422806205630530485e+03 2.764190670213487744e-01
1.422592642752013262e+03 2.707390706277392201e-01
1.422379202118990406e+03 2.775406026295041961e-01
1.422165761485967323e+03 2.789750205183859633e-01
1.421952565343932974e+03 2.803243641634782790e-01
1.421739246956404259e+03 2.798671104543958288e-01
1.421526050814369910e+03 2.780386391503137378e-01
1.421312854672335561e+03 2.749996615110484877e-01
1.421099903021289720e+03 2.759048159886946516e-01
1.420886951370243878e+03 2.735609448253453202e-01
1.420673999719198036e+03 2.752902439432215465e-01
1.420461292559140929e+03 2.732394227937118836e-01
1.420248340908095088e+03 2.761708165529130343e-01
1.420035755993532121e+03 2.760929501922417262e-01
1.419823048833474786e+03 2.773814342593507454e-01
1.419610586164406186e+03 2.765457320169990019e-01
1.419398001249843219e+03 2.731337369167792795e-01
1.419185538580774619e+03 2.749828231480799801e-01
1.418973198157200159e+03 2.757680720166683086e-01
1.418760979979120066e+03 2.726864586236840138e-01
1.418548761801039973e+03 2.751634970144248293e-01
1.418336543622959880e+03 2.724703110031783670e-01
1.418124325444879787e+03 2.725135563685048279e-01
1.417912474003282568e+03 2.742526794702276893e-01
1.417700378070696615e+03 2.779088864486964350e-01
1.417488404383605030e+03 2.750292963352343190e-01
1.417276675187502178e+03 2.737258623191647366e-01
1.417064945991399100e+03 2.761332910690590392e-01
1.416853216795296248e+03 2.766081864289940406e-01
1.416641487599193397e+03 2.796798798358731131e-01
1.416430002894078825e+03 2.762927126199907768e-01
1.416218518188964481e+03 2.756269083596898928e-01
1.416007033483850137e+03 2.769546404825569130e-01
1.415795671024229932e+03 2.763084396801197551e-01
1.415584308564609955e+03 2.779548811579941048e-01
1.415373190595978485e+03 2.739361588923447388e-01
1.415161950381852648e+03 2.764167697169270799e-01
1.414950832413220951e+03 2.773013447488645866e-01
1.414739714444589481e+03 2.780667142499975708e-01
1.414528840966946518e+03 2.744387285138070731e-01
1.414317967489303555e+03 2.744460913401525759e-01
1.414107094011660593e+03 2.756687789824720514e-01
1.413896342779511997e+03 2.776753638236824639e-01
1.413685713792857541e+03 2.739717636819406499e-01
1.413474962560708946e+03 2.769825362831953575e-01
1.413264211328560123e+03 2.731124025837938230e-01
1.413053949078388769e+03 2.781952615327277223e-01
1.412843442337228680e+03 2.744991774870651491e-01
1.412633057841562731e+03 2.770534258231897029e-01
1.412422673345897010e+03 2.736396330753098072e-01
1.412212533341219796e+03 2.821326464891087960e-01
1.412002393336542582e+03 2.827153586580027911e-01
1.411792253331865140e+03 2.799498510826225472e-01
1.411582113327187926e+03 2.745656377369778411e-01
1.411372217813499219e+03 2.788385600713459977e-01
1.411162322299810739e+03 2.747885700221005534e-01
1.410952426786122032e+03 2.759001881057124295e-01
1.410742531272433325e+03 2.739294237270447629e-01
1.410532880249733125e+03 2.754883976900089904e-01
1.410323229227033153e+03 2.736759868670670670e-01
1.410113700449827320e+03 2.749217118304017604e-01
1.409904049427127120e+03 2.792761818935881046e-01
1.409694765140910022e+03 2.766506615808187464e-01
1.409485236363704189e+03 2.760712450625282255e-01
1.409275952077486863e+03 2.737757117394442052e-01
1.409066667791269538e+03 2.724686176046318686e-01
1.408857505750546579e+03 2.763653618715775084e-01
1.408648343709823621e+03 2.740927144948044347e-01
1.408439303914595030e+03 2.761838482201374179e-01
1.408230264119366439e+03 2.773195634284392752e-01
1.408021346569631987e+03 2.745340810945578469e-01
1.407812429019897536e+03 2.750022222236473968e-01
1.407603633715657452e+03 2.734922262704745921e-01
1.407394838411417368e+03 2.772805446121623385e-01
1.407186165352671651e+03 2.730810556018991031e-01
1.406977614539420074e+03 2.745664063499350660e-01
1.406769063726168497e+03 2.784218382548411252e-01
1.406560512912916920e+03 2.782180959688281274e-01
1.406352084345159710e+03 2.776625241263024346e-01
1.406143900268391008e+03 2.770877714423374827e-01
1.405935471700633798e+03 2.788476217989837025e-01
1.405727287623865095e+03 2.798155602054743230e-01
1.405519103547096393e+03 2.813370929125000863e-01
1.405311041715822057e+03 2.798002371142838118e-01
1.405102979884547722e+03 2.767460073003515375e-01
1.404895040298767526e+03 2.763120856562259475e-01
1.404687100712987558e+03 2.725206613553513568e-01
1.404479405618195869e+03 2.781416498481911748e-01
1.404271588277910269e+03 2.767836274089752191e-01
1.404063770937624440e+03 2.798562569130355615e-01
1.403856198088327119e+03 2.799312083388735273e-01
1.403648625239029798e+03 2.815969252878567364e-01
1.403441174635226844e+03 2.803215137126425227e-01
1.403233601785929750e+03 2.774514677998200507e-01
1.403026273427620936e+03 2.770616601912964105e-01
1.402819067314806716e+03 2.781207338693522657e-01
1.402611738956497902e+03 2.773796396268992659e-01
1.402404532843683455e+03 2.799668053971601789e-01
1.402197326730869236e+03 2.800994117795069793e-01
1.401990365109043296e+03 2.796860845107221327e-01
1.401783403487217583e+03 2.793552940871813495e-01
1.401576441865391644e+03 2.802615006296023670e-01
1.401369480243565931e+03 2.794097596426201036e-01
1.401162640867234359e+03 2.769464828120216660e-01
1.400955923736397153e+03 2.748441461108823702e-01
1.400749328851054088e+03 2.771300895631494399e-01
1.400542733965711250e+03 2.791161850851082704e-01
1.400336139080368184e+03 2.796128211415397913e-01
1.400129666440519486e+03 2.743076976125969346e-01
1.399923316046165155e+03 2.793196456503819758e-01
1.399716843406316457e+03 2.744912708868103568e-01
1.399510615257456493e+03 2.770394355092840044e-01
1.399304387108596302e+03 2.758290935454132953e-01
1.399098281205230478e+03 2.780147276677375490e-01
1.398892053056370514e+03 2.763628455494521186e-01
1.398686069398498830e+03 2.780681835472954555e-01
1.398480207986121741e+03 2.781675494457939157e-01
1.398274102082755917e+03 2.744076526259966453e-01
1.398068362915872967e+03 2.793433866328045578e-01
1.397862501503495650e+03 2.764777379845949623e-01
1.397656762336612701e+03 2.785713829667781916e-01
1.397451267660718258e+03 2.769418728085280557e-01
1.397245650739329676e+03 2.773625387425211475e-01
1.397040033817940866e+03 2.771430333207503538e-01
1.396834416896552284e+03 2.764689499341336787e-01
1.396629288957140716e+03 2.776423842672377518e-01
1.396423916526740641e+03 2.774599278698429150e-01
1.396218544096340565e+03 2.768925790339820669e-01
1.396013416156928997e+03 2.788414520202820435e-01
1.395808288217517429e+03 2.782158306815145643e-01
1.395603160278106088e+03 2.787924211932061302e-01
1.395398154584188660e+03 2.782215215129549279e-01
1.395193148890271459e+03 2.759939204536495660e-01
1.394988265441848625e+03 2.760460643225209343e-01
1.394783504238919932e+03 2.754032130044903881e-01
1.394578743035991238e+03 2.792249889318419442e-01
1.394373981833062544e+03 2.762111802533908644e-01
1.394169220630133850e+03 2.783553267680060617e-01
1.393964826163688031e+03 2.791933553595483120e-01
1.393760309451747844e+03 2.772340227182126804e-01
1.393555792739807885e+03 2.775137243591428993e-01
1.393351398273362065e+03 2.785461329069733871e-01
1.393147126052410613e+03 2.808410310851406910e-01
1.392942853831458933e+03 2.761007779318037092e-01
1.392738703856001621e+03 2.791562213504960588e-01
1.392534553880544536e+03 2.796327011535939544e-01
1.392330403905087223e+03 2.751307229899170870e-01
1.392126498420618645e+03 2.775430951028037829e-01
1.391922470690655700e+03 2.766738788113326519e-01
1.391718565206186895e+03 2.775917781705982135e-01
1.391514659721718317e+03 2.740051717425776023e-01
1.391311120973732386e+03 2.752903515387614131e-01
1.391107337734758175e+03 2.737875864147150673e-01
1.390903676741277877e+03 2.723310404926755912e-01
1.390700137993292174e+03 2.774852605371252445e-01
1.390496599245306470e+03 2.752637799284003428e-01
1.390293182742814906e+03 2.764589121161808993e-01
1.390089766240323343e+03 2.762095378062290330e-01
1.389886471983326146e+03 2.764160363043186575e-01
1.389683177726328722e+03 2.793462058892353106e-01
1.389480127960320260e+03 2.773238824303866923e-01
1.389276955948817204e+03 2.802831458232815098e-01
1.389073783937314147e+03 2.770579750230173222e-01
1.388870734171305685e+03 2.778021623745122737e-01
1.388667806650791135e+03 2.802268369795605785e-01
1.388465001375771180e+03 2.786225455607755919e-01
1.388262196100750998e+03 2.770828855745232633e-01
1.388059390825730816e+03 2.756129034029538016e-01
1.387856707796205001e+03 2.799335356414022202e-01
1.387654147012173553e+03 2.777277247450092856e-01
1.387451463982647738e+03 2.782716242387587857e-01
1.387249025444110430e+03 2.780772240120519823e-01
1.387046586905573349e+03 2.789220494459777600e-01
1.386844148367036041e+03 2.791338000496203509e-01
1.386641832073993100e+03 2.787007314243220013e-01
1.386439638026444300e+03 2.755496987843757961e-01
1.386237321733401359e+03 2.785015120856957904e-01
1.386035249931347153e+03 2.795875450140734020e-01
1.385833178129292719e+03 2.822548255089516456e-01
1.385631228572732653e+03 2.795545550452437356e-01
1.385429279016172586e+03 2.800339120377541846e-01
1.385227329459612292e+03 2.806011439067399027e-01
1.385025502148546593e+03 2.775811429041979417e-01
1.384823674837480667e+03 2.741116420780307372e-01
1.384622092017403475e+03 2.758913447718836509e-01
1.384420386951831915e+03 2.842238493437687641e-01
1.384218804131754723e+03 2.819647379503382734e-01
1.384017221311677531e+03 2.803787929082087182e-01
1.383815882982588846e+03 2.810958727834244608e-01
1.383614422408005794e+03 2.766930486933639188e-01
1.383413084078917336e+03 2.796321435803943434e-01
1.383211745749828651e+03 2.817501248637369060e-01
1.383010651911728473e+03 2.810159718772670678e-01
1.382809558073628295e+03 2.799233367713175324e-01
1.382608341990033978e+03 2.788264579830473378e-01
1.382407370397428167e+03 2.788641527211613291e-01
1.382206398804822356e+03 2.810696075344346623e-01
1.382005549457710913e+03 2.798180772673466987e-01
1.381804700110599242e+03 2.785314082792553214e-01
1.381603850763487799e+03 2.806094905007182061e-01
1.381403123661870495e+03 2.791652532054960667e-01
1.381202396560253192e+03 2.831686244243577510e-01
1.381001913949624623e+03 2.821561625510929927e-01
1.380801431338996053e+03 2.781444419900080400e-01
1.380600948728367257e+03 2.804147798051842555e-01
1.380400466117738688e+03 2.783079193062189538e-01
1.380200105752604259e+03 2.800919534720874848e-01
1.379999867632964197e+03 2.781961665218896651e-01
1.379799629513324135e+03 2.806305079288929916e-01
1.379599391393683845e+03 2.677351963421907288e-01
1.379399275519538151e+03 2.814669832995634891e-01
1.379199404136380963e+03 2.823907960698991415e-01
1.378999410507729408e+03 2.826448371541610549e-01
1.378799416879077853e+03 2.807669194182806360e-01
1.378599545495920665e+03 2.824838834524238673e-01
1.378399674112763478e+03 2.788964734730038919e-01
1.378199924975100430e+03 2.790743021340364449e-01
1.378000298082931749e+03 2.806767735874947656e-01
1.377800671190763069e+03 2.790217094428997235e-01
1.377601166544088755e+03 2.802676500377309088e-01
1.377401661897414215e+03 2.822214906042514460e-01
1.377202279496234269e+03 2.830439795115731183e-01
1.377002897095054095e+03 2.822705395197717682e-01
1.376803514693873922e+03 2.821989545303561497e-01
1.376604254538188115e+03 2.838768913029083851e-01
1.376404994382502309e+03 2.844599941685281852e-01
1.376205978717805237e+03 2.817146962874257365e-01
1.376006840807613571e+03 2.814030712536480516e-01
1.375807825142916499e+03 2.791010029063658582e-01
1.375608809478219200e+03 2.817072394800891333e-01
1.375409916059016268e+03 2.835005513655302067e-01
1.375211267130801843e+03 2.840000863545789067e-01
1.375012495957093051e+03 2.800208410990456809e-01
1.374813724783384487e+03 2.803098784646499975e-01
1.374615075855170062e+03 2.803577780958180221e-01
1.374416426926955637e+03 2.831445276638599462e-01
1.374218022489729947e+03 2.819921150199362625e-01
1.374019495807009889e+03 2.805230647805491695e-01
1.373821091369783971e+03 2.819857360436422433e-01
1.373622686932558281e+03 2.830265749030950184e-01
1.373424404740826731e+03 2.793615804529824831e-01
1.373226244794589547e+03 2.798654313953499173e-01
1.373027962602857997e+03 2.769427075349357170e-01
1.372829924902114954e+03 2.802557602038149853e-01
1.372631887201371910e+03 2.785686921353541790e-01
1.372433849500629094e+03 2.816904636231971626e-01
1.372236056290874785e+03 2.792942772386691197e-01
1.372038140835626109e+03 2.792387127539873171e-01
1.371840347625871573e+03 2.783394475353914710e-01
1.371642432170622897e+03 2.779436013802732974e-01
1.371444883451857095e+03 2.819147983328139095e-01
1.371247334733091293e+03 2.787996421333039376e-01
1.371049786014325491e+03 2.785998259970600133e-01
1.370852237295559689e+03 2.810110325448838542e-01
1.370654688576793887e+03 2.830496442781887390e-01
1.370457262103522453e+03 2.797129921834832222e-01
1.370260080121239525e+03 2.835118189660444377e-01
1.370062775893462231e+03 2.803427992895466958e-01
1.369865593911179303e+03 2.801199471448469480e-01
1.369668411928896376e+03 2.792589185857121681e-01
1.369471352192107588e+03 2.816157981023073020e-01
1.369274414700813168e+03 2.854457127465786503e-01
1.369077232718530240e+03 2.873584789215812285e-01
1.368880417472730187e+03 2.821948106782760091e-01
1.368683602226930134e+03 2.810562945849590100e-01
1.368486786981130081e+03 2.833463133344797935e-01
1.368290093980824167e+03 2.813184686733606332e-01
1.368093400980518481e+03 2.837524500712042541e-01
1.367896707980212568e+03 2.816785283469979695e-01
1.367700259470895389e+03 2.810140045416306687e-01
1.367503688716083843e+03 2.802598073821911950e-01
1.367307240206766664e+03 2.762106494827805681e-01
1.367111036188437993e+03 2.767255991750839361e-01
1.366914587679120586e+03 2.777107719457476143e-01
1.366718383660791915e+03 2.819271151421752220e-01
1.366522057396969103e+03 2.835912045455221131e-01
1.366325975624134571e+03 2.822934951590443386e-01
1.366130016096794634e+03 2.817128753648161510e-01
1.365933934323960102e+03 2.827783129496564962e-01
1.365737974796620165e+03 2.833259744418353820e-01
1.365542015269280000e+03 2.834026861998815705e-01
1.365346177987434203e+03 2.818492042813234288e-01
1.365150585196576912e+03 2.847276425776649189e-01
1.364954747914731115e+03 2.816825930996629257e-01
1.364759155123873825e+03 2.798200853938095367e-01
1.364563440087522395e+03 2.798111605161515136e-01
1.364367969542159472e+03 2.782709477982103774e-01
1.364172498996796548e+03 2.824522536988053889e-01
1.363977028451433625e+03 2.822254829845520785e-01
1.363781680151564842e+03 2.776823056177541993e-01
1.363586331851696286e+03 2.793467835771755170e-01
1.363391105797321870e+03 2.812014733462160354e-01
1.363195879742947454e+03 2.792610133548621421e-01
1.363000775934067406e+03 2.812890570932397583e-01
1.362805794370681497e+03 2.838690448362906071e-01
1.362610568316307081e+03 2.809808273579673110e-01
1.362415708998415539e+03 2.815110861129245801e-01
1.362220849680524225e+03 2.787889043118898513e-01
1.362026112608126823e+03 2.809703628523289587e-01
1.361831253290235281e+03 2.811773878955098893e-01
1.361636516217838107e+03 2.836294601717800901e-01
1.361441779145440933e+03 2.848971722179119981e-01
1.361247164318537898e+03 2.789069741243824230e-01
1.361052671737129231e+03 2.827340830069375310e-01
1.360858301401214931e+03 2.833571572958820117e-01
1.360663808819806263e+03 2.827961898004224817e-01
1.360469438483891736e+03 2.811622330143006554e-01
1.360275068147977436e+03 2.801997566282601326e-01
1.360080697812063136e+03 2.862191814378656773e-01
1.359886694212631483e+03 2.844941348509688051e-01
1.359692568367705690e+03 2.874040338137041628e-01
1.359498442522779897e+03 2.834873601712077362e-01
1.359304438923348471e+03 2.799221313297974301e-01
1.359110435323916818e+03 2.824369059590052800e-01
1.358916553969979759e+03 2.839545729974671251e-01
1.358722794861536613e+03 2.817215052761053440e-01
1.358528913507599555e+03 2.800222341993761632e-01
1.358335154399156636e+03 2.790442593113883762e-01
1.358141517536207857e+03 2.823789671685693614e-01
1.357947880673259306e+03 2.840838836935367651e-01
1.357754366055804894e+03 2.855650191662116866e-01
1.357560851438350483e+03 2.850179650915594110e-01
1.357367459066390438e+03 2.832125047313250321e-01
1.357174066694430167e+03 2.840961090744323347e-01
1.356980674322470122e+03 2.821874422322835363e-01
1.356787404196004445e+03 2.820151384035080033e-01
1.356594256315032908e+03 2.807096858085959545e-01
1.356401108434061371e+03 2.822253760188485616e-01
1.356208082798583973e+03 2.834218324165576619e-01
1.356014934917612436e+03 2.818154236530606704e-01
1.355822031527629633e+03 2.873605322602044709e-01
1.355629005892152463e+03 2.833955971113210626e-01
1.355436346993157940e+03 2.833320008667674639e-01
1.355243443603175137e+03 2.812082196677849755e-01
1.355050662458686475e+03 2.851080605652401845e-01
1.354858003559691952e+03 2.823916578864358873e-01
1.354665344660697656e+03 2.797616832089080408e-01
1.354472930252691867e+03 2.811646152694754486e-01
1.354280393599191711e+03 2.840305572114266153e-01
1.354087856945691556e+03 2.837673979575678906e-01
1.353895442537685767e+03 2.811089584019589860e-01
1.353703028129679979e+03 2.810976540464874551e-01
1.353510735967168557e+03 2.826326686309511560e-01
1.353318688295645643e+03 2.804515799850303970e-01
1.353126518378628361e+03 2.866850733636238102e-01
1.352934348461611080e+03 2.809094785784577719e-01
1.352742300790088166e+03 2.820279449770860536e-01
1.352550253118565251e+03 2.858908606886312875e-01
1.352358327692536477e+03 2.821860657693695540e-01
1.352166524512002070e+03 2.816845029073977713e-01
1.351974721331467663e+03 2.800123101181007379e-01
1.351782918150933256e+03 2.830731488671454077e-01
1.351591114970399076e+03 2.832631218951523477e-01
1.351399434035358809e+03 2.824765813740516274e-01
1.351207753100318769e+03 2.838799606273477716e-01
1.351016438901761603e+03 2.846318165805122868e-01
1.350824880212215703e+03 2.819967533776936985e-01
1.350633443768164170e+03 2.816792336429062571e-01
1.350442129569607005e+03 2.791883456371190841e-01
1.350250815371049839e+03 2.829810766838692926e-01
1.350059501172492446e+03 2.830122838859590040e-01
1.349868431464923788e+03 2.786504638763276365e-01
1.349677239511860989e+03 2.834629051380784803e-01
1.349486169804292331e+03 2.833985688975405037e-01
1.349295100096723672e+03 2.812575013560256743e-01
1.349104152634649154e+03 2.832613722215353569e-01
1.348913205172574862e+03 2.803094338422468801e-01
1.348722379955994711e+03 2.852163687570588024e-01
1.348531676984908927e+03 2.836874524818695509e-01
1.348340851768328776e+03 2.843286925798197418e-01
1.348150148797242991e+03 2.828897021686587743e-01
1.347959568071651574e+03 2.788945776101788288e-01
1.347768987346059930e+03 2.804688581855612761e-01
1.347578528865962653e+03 2.850180122020627982e-01
1.347387948140371236e+03 2.815585353627702014e-01
1.347197611905768326e+03 2.803537961147373192e-01
1.347007275671165416e+03 2.823356269673978347e-01
1.346816939436562279e+03 2.843540756484159715e-01
1.346626725447453737e+03 2.836622682093599690e-01
1.346436633703839334e+03 2.816171990116685953e-01
1.346246541960224931e+03 2.810563459951586629e-01
1.346056450216610529e+03 2.802335543597817002e-01
1.345866480718490493e+03 2.804795134856446492e-01
1.345676511220370458e+03 2.788281743527908363e-01
1.345486541722250422e+03 2.811810705081149164e-01
1.345296816715118894e+03 2.820703352006942999e-01
1.345106969462492998e+03 2.828733046772918258e-01
1.344917244455361470e+03 2.819025263747687582e-01
1.344727641693724308e+03 2.791951717240369613e-01
1.344537916686592780e+03 2.805240065307395003e-01
1.344348436170449759e+03 2.826797876065227921e-01
1.344158833408812598e+03 2.820640539757853782e-01
1.343969597383658083e+03 2.800040101249525737e-01
1.343780116867515289e+03 2.789048629834056103e-01
1.343590758596866635e+03 2.792481207301217849e-01
1.343401522571712121e+03 2.792594099071600833e-01
1.343212286546557834e+03 2.778330669581103307e-01
1.343023172766897687e+03 2.810653154000982146e-01
1.342834058987237540e+03 2.813356026237007201e-01
1.342645067453071761e+03 2.795628308379557447e-01
1.342455953673411614e+03 2.799104721405936136e-01
1.342267084384740201e+03 2.814274330851678774e-01
1.342078215096068561e+03 2.836302989828290433e-01
1.341889345807397149e+03 2.806216824840723767e-01
1.341700598764219876e+03 2.846364411134831851e-01
1.341511973966536971e+03 2.830896692846735507e-01
1.341323349168854065e+03 2.813404743086330706e-01
1.341134724371171160e+03 2.804743645966331633e-01
1.340946099573488027e+03 2.829966190022000783e-01
1.340757597021299489e+03 2.831809584842955863e-01
1.340569216714605091e+03 2.821287194218057848e-01
1.340380836407910692e+03 2.799154202055920138e-01
1.340192578346710661e+03 2.824123839274664260e-01
1.340004320285510630e+03 2.816976292672944138e-01
1.339816062224310372e+03 2.832106025871683475e-01
1.339627926408604708e+03 2.855224381701551017e-01
1.339439790592898817e+03 2.813966031879230334e-01
1.339251654777192925e+03 2.824561495232151276e-01
1.339063763452475769e+03 2.812357602201202567e-01
1.338875872127758612e+03 2.818543418971730663e-01
1.338687858557547088e+03 2.827676575261711123e-01
1.338500089478324071e+03 2.813282637645286854e-01
1.338312320399101054e+03 2.797258394841948825e-01
1.322369796507316323e+03 2.806400463361214404e-01
1.322186795002370445e+03 2.850700896023437569e-01
1.322003793497424567e+03 2.820709369287736634e-01
1.321820791992478917e+03 2.859186013700908413e-01
1.321638034978521546e+03 2.829717027729864443e-01
1.304861552324719241e+03 2.841025586111249335e-01
1.304683562885039237e+03 2.849417482010042635e-01
1.304505695690853372e+03 2.838810605269169729e-01
1.304327828496667507e+03 2.833292327064548810e-01
1.304149961302481870e+03 2.844540477634712738e-01
1.286970068517536220e+03 2.864313345489092333e-01
1.286797335634110595e+03 2.856344113095998782e-01
1.286624480505190377e+03 2.870302244554627236e-01
1.286451747621764525e+03 2.877788580308343613e-01
1.286279014738338901e+03 2.876045894688714077e-01
1.286106404100407417e+03 2.881310306115436037e-01
1.285933793462475705e+03 2.882961557539042707e-01
1.285761182824544221e+03 2.876045475484931280e-01
1.285588694432107104e+03 2.883297677419179306e-01
1.285416206039669760e+03 2.917373593055645475e-01
1.285243962138221150e+03 2.892321943874582857e-01
1.285071595991278173e+03 2.879266480806124129e-01
1.284899229844335196e+03 2.879954232554532978e-01
1.284726985942886586e+03 2.923459622921611434e-01
1.284554742041437976e+03 2.897251282308389020e-01
1.284382620385483733e+03 2.890690032484333205e-01
1.284210498729529263e+03 2.942785789578435396e-01
1.284038377073574793e+03 2.885045969973115687e-01
1.283866377663114918e+03 2.940208734167095161e-01
1.283694378252654815e+03 2.919001072883423697e-01
1.283522501087688852e+03 2.943437106698452155e-01
1.283350623922723116e+03 2.984215969346664665e-01
1.283178746757757381e+03 2.961899108764801114e-01
1.283006991838285785e+03 2.992664842421468574e-01
1.282835236918814417e+03 3.019744223317946674e-01
1.282663726490331328e+03 3.019784427549734307e-01
1.282492093816354100e+03 3.040235626564209981e-01
1.282320461142376871e+03 3.028897348253704602e-01
1.282148950713894010e+03 2.945368536956309291e-01
1.281977562530905288e+03 2.865428928411751786e-01
1.281806052102422427e+03 2.865032662181548062e-01
1.281634663919433706e+03 2.896889556612821659e-01
1.281463275736444984e+03 2.890737684368440141e-01
1.281292009798950630e+03 2.923948546005870064e-01
1.281120743861456276e+03 2.890450209321974717e-01
1.280949477923961922e+03 2.872012813231346606e-01
1.280778456477456075e+03 2.875967878136481137e-01
1.280607312785456088e+03 2.861347769989979750e-01
1.280436169093456101e+03 2.870888610734675384e-01
1.280265269892444394e+03 2.872077110142990941e-01
1.280094248445938774e+03 2.885482561489597364e-01
1.279923471490421434e+03 2.879145408092904646e-01
1.279752572289409954e+03 2.872779453684970452e-01
1.279581795333892842e+03 2.885403255826738400e-01
1.279411018378375502e+03 2.873422376233542574e-01
1.279240363668352529e+03 2.906373425248372500e-01
1.279069586712835417e+03 2.868467402482812179e-01
1.278899054248306584e+03 2.868027115809809180e-01
1.278728399538283838e+03 2.880150855956218336e-01
1.278557989319249373e+03 2.918892568937123677e-01
1.278387456854720767e+03 2.890496728204218768e-01
1.278217046635686302e+03 2.870690780836503420e-01
1.278046636416652063e+03 2.865135066625126847e-01
1.277876348443111965e+03 2.874299206964666675e-01
1.277706060469571867e+03 2.875536485534210263e-01
1.277535772496031768e+03 2.877863661161647602e-01
1.277365606767986037e+03 2.893778245496346213e-01
1.277195441039940079e+03 2.842635160056982135e-01
1.277025519802882854e+03 2.910419198826094678e-01
1.276855476320331491e+03 2.840188755917382735e-01
1.276685432837779899e+03 2.871614898210415601e-01
1.276515511600722675e+03 2.864588605602750859e-01
1.276345712609159818e+03 2.868432345880168044e-01
1.276175791372102594e+03 2.874525534623869061e-01
1.276005992380539510e+03 2.907630812621048166e-01
1.275836193388976653e+03 2.864520006046981648e-01
1.275666516642907936e+03 2.862177959010144823e-01
1.275496839896839219e+03 2.850001840022595156e-01
1.275327163150770730e+03 2.874318406882104826e-01
1.275157730895690520e+03 2.899310105966771967e-01
1.274988054149622030e+03 2.884807839168827548e-01
1.274818621894541820e+03 2.882874358439224127e-01
1.274649189639461838e+03 2.886306856325007719e-01
1.274479879629875995e+03 2.900543438608177982e-01
1.274310447374796013e+03 2.879125134487592330e-01
1.274141259610704310e+03 2.858553647875959891e-01
1.273972071846612835e+03 2.867074742733486392e-01
1.273802884082521359e+03 2.862451011280926494e-01
1.273633818563924251e+03 2.857347139534546221e-01
1.273464753045326916e+03 2.866072500251841682e-01
1.273295809772223947e+03 2.857613679112044891e-01
1.273295687526729807e+03 2.877842141249521979e-01
1.273126744253626839e+03 2.852635759333442267e-01
1.273126622008132472e+03 2.884097283275030010e-01
1.272957923226018011e+03 2.840981017190892244e-01
1.272957800980523871e+03 2.867943810554494100e-01
1.272788979952915270e+03 2.871431402222978102e-01
1.272788857707420902e+03 2.869184005766314272e-01
1.272620036679812301e+03 2.879780369528901485e-01
1.272619914434317934e+03 2.873042557604915670e-01
1.272451093406709333e+03 2.886245760771591895e-01
1.272282394624594872e+03 2.873516148222269306e-01
1.272113695842480638e+03 2.851624641181260134e-01
1.271944997060366177e+03 2.855801253024036757e-01
1.271776420523746083e+03 2.860588714330206117e-01
1.271607843987125989e+03 2.872531587102587491e-01
1.271439267450505895e+03 2.860483604913312550e-01
1.271270813159380168e+03 2.883497256521627694e-01
1.271102358868254441e+03 2.885044588066344451e-01
1.270934026822622855e+03 2.910785630293356574e-01
1.270765694776991268e+03 2.884197512790651063e-01
1.270597362731359908e+03 2.882816665311559445e-01
1.270429275176716828e+03 2.903224359722960668e-01
1.270261065376579609e+03 2.880648307139380138e-01
1.270092855576442389e+03 2.865086401215420908e-01
1.269924768021799537e+03 2.883142461570761816e-01
1.269756802712650824e+03 2.893168645224406532e-01
1.269588715158007972e+03 2.914868880663888939e-01
1.269420749848859259e+03 2.892084885238838665e-01
1.269252906785204914e+03 2.903766588763343481e-01
1.269085063721550569e+03 2.916330272387141487e-01
1.268917220657896223e+03 2.914504237878352000e-01
1.268749377594241878e+03 2.929934589159979841e-01
1.268581779021576040e+03 2.919729370631887200e-01
1.268414058203415834e+03 2.899411691080452935e-01
1.268246337385255856e+03 2.883031635524787584e-01
1.268078861058084385e+03 2.854386364633267337e-01
1.267911262485418547e+03 2.865133224635974529e-01
1.267743786158247076e+03 2.890527303627797306e-01
1.267576309831075605e+03 2.901369043721463981e-01
1.267409077994892641e+03 2.891900931229843263e-01
1.267241601667720943e+03 2.868308732121272464e-01
1.267074247586043839e+03 2.900052570771401439e-01
1.266907015749860875e+03 2.902658743596531199e-01
1.266739783913677911e+03 2.901456312079806477e-01
1.266572674322989315e+03 2.880539160251338604e-01
1.266405686977794858e+03 2.905002570650723759e-01
1.266238577387106261e+03 2.885525002349840218e-01
1.266071590041911804e+03 2.897798210578092504e-01
1.265904602696717575e+03 2.890929709709711415e-01
1.265737615351523118e+03 2.866353357678261826e-01
1.265570750251823029e+03 2.873562728236948582e-01
1.265403885152122939e+03 2.863009631797687748e-01
1.265237264543411584e+03 2.882222378043761690e-01
1.265070399443711494e+03 2.880273325275157781e-01
1.264903656589505545e+03 2.861418474730426098e-01
1.264737035980794190e+03 2.915020020874407036e-01
1.264570415372082607e+03 2.903624788946044255e-01
1.264403917008865392e+03 2.901239123404628639e-01
1.264237418645648177e+03 2.880665497495139005e-01
1.264070920282430961e+03 2.885290229486703328e-01
1.263904544164708113e+03 2.876351679234510628e-01
1.263738168046985038e+03 2.881724133341374006e-01
1.263571791929262190e+03 2.897203103001030899e-01
1.263405538057033482e+03 2.883487156822455710e-01
1.263239284184804774e+03 2.898949235564324267e-01
1.263073152558070433e+03 2.908236766868011469e-01
1.262906898685841725e+03 2.865815261770958688e-01
1.262740889304601751e+03 2.908151933452443605e-01
1.262574757677867410e+03 2.885685447978780238e-01
1.262408748296627209e+03 2.882641758071552429e-01
1.262242861160881603e+03 2.950068477584321114e-01
1.262076974025135769e+03 2.909365133938917047e-01
1.261911086889389935e+03 2.916363948020733177e-01
1.261745199753644101e+03 2.858524891744060326e-01
1.261579557108887002e+03 2.872035534145574998e-01
1.261413914464129675e+03 2.860913520966011925e-01
1.261248149573878209e+03 2.868587146790654296e-01
1.261082506929120882e+03 2.880578062286471286e-01
1.260916986529857923e+03 2.883646893932623745e-01
1.260751466130594963e+03 2.913439176044787526e-01
1.260585945731332231e+03 2.874374344434739714e-01
1.260420425332069271e+03 2.892988105575708957e-01
1.260255027178300452e+03 2.891636273418580205e-01
1.260089751270026227e+03 2.912873486313697913e-01
1.259924353116257407e+03 2.877667406984916743e-01
1.259759199453477549e+03 2.891203348603457179e-01
1.259593923545203097e+03 2.910078367841519853e-01
1.259428769882423012e+03 2.879007862628619741e-01
