# Wavelength, Reflectance
1.644509265567049624e+03 2.568796707109698430e-01
1.643643176699862124e+03 2.524435591578549909e-01
1.642777942324862124e+03 2.560168489143095916e-01
1.641913684512362124e+03 2.466841103984621919e-01
1.641050281192049624e+03 2.494812897163758703e-01
1.640187976504549624e+03 2.515049087649979254e-01
1.639326526309237124e+03 2.611684673953879599e-01
1.638466052676424624e+03 2.567020460123162207e-01
1.637606433535799624e+03 2.587041251490818095e-01
1.636747913027987124e+03 2.491003953148751282e-01
1.635890247012362124e+03 2.556957690146149931e-01
1.635033557559237124e+03 2.530115772417822484e-01
1.634177844668612124e+03 2.529777724887413703e-01
1.633322986270174624e+03 2.497929588938899159e-01
1.632469104434237124e+03 2.458979887724894176e-01
1.631616077090487124e+03 2.412489520041150304e-01
1.630764026309237124e+03 2.395524821072105570e-01
1.629912952090487124e+03 2.410641124539173730e-01
1.629062732363924624e+03 2.446364978996644624e-01
1.628213489199862124e+03 2.440148784619461664e-01
1.627365100527987124e+03 2.490157858489643050e-01
1.626517688418612124e+03 2.425803896427507211e-01
1.625671252871737124e+03 2.395147110483304698e-01
1.624825793887362124e+03 2.403286772303464269e-01
1.623981067324862124e+03 2.440810825144525686e-01
1.623137439395174624e+03 2.374847076609745422e-01
1.622294543887362124e+03 2.435180653595151179e-01
1.621452747012362124e+03 2.377582725805907904e-01
1.620611682559237124e+03 2.368306270905252697e-01
1.619771716738924624e+03 2.342945552799233222e-01
1.618932483340487124e+03 2.333302354295902770e-01
1.618094226504549624e+03 2.375271477933960096e-01
1.617256824160799624e+03 2.393615754637236914e-01
1.616420398379549624e+03 2.345603163770919319e-01
1.615584827090487124e+03 2.282728189922783035e-01
1.614750232363924624e+03 2.373213553604750781e-01
1.613916614199862124e+03 2.377218773774847915e-01
1.613083728457674624e+03 2.383754216810205495e-01
1.612251819277987124e+03 2.355575622082213272e-01
1.611420764590487124e+03 2.371911868992759853e-01
1.610590686465487124e+03 2.348924348014152508e-01
1.609761462832674624e+03 2.363111969260847933e-01
1.608933093692049624e+03 2.361559092599728737e-01
1.608105701113924624e+03 2.339911985644136105e-01
1.607279040957674624e+03 2.321259460544150277e-01
1.606453357363924624e+03 2.357783700910657809e-01
1.605628650332674624e+03 2.379347066883869266e-01
1.604804797793612124e+03 2.337033780815424289e-01
1.603981677676424624e+03 2.329614380453567668e-01
1.603159534121737124e+03 2.366535847936500070e-01
1.602338367129549624e+03 2.321260368236288674e-01
1.601517932559237124e+03 2.285359791883397884e-01
1.600698474551424624e+03 2.305167290889912346e-01
1.599879871035799624e+03 2.344831576139644602e-01
1.599062122012362124e+03 2.330730122875322996e-01
1.598245227481112124e+03 2.314752356665001065e-01
1.597429065371737124e+03 2.327554749975288551e-01
1.596614246035799624e+03 2.266681819203604786e-01
1.595799914981112124e+03 2.341284479851688249e-01
1.594986438418612124e+03 2.325390544232573686e-01
1.594174060488924624e+03 2.327361166842551454e-01
1.593362292910799624e+03 2.317724344371364376e-01
1.592551501895174624e+03 2.332842145411347379e-01
1.591741687442049624e+03 2.341622132513057342e-01
1.590932605410799624e+03 2.308875134526210127e-01
1.590124499942049624e+03 2.306655818484285858e-01
1.589317004824862124e+03 2.242029641357591030e-01
1.588510364199862124e+03 2.283229630878047256e-01
1.587704944277987124e+03 2.279912430429892056e-01
1.586900134707674624e+03 2.321224015797861973e-01
1.586096179629549624e+03 2.304516376755404439e-01
1.585293201113924624e+03 2.303723038400388723e-01
1.584490955020174624e+03 2.330278298301378392e-01
1.583689563418612124e+03 2.280910780513048242e-01
1.582889148379549624e+03 2.347434259309001958e-01
1.582089465762362124e+03 2.294875348747717758e-01
1.581290759707674624e+03 2.332288430899739640e-01
1.580492664004549624e+03 2.325379458948735878e-01
1.579695422793612124e+03 2.343301861165874023e-01
1.578899280215487124e+03 2.365726839208173726e-01
1.578103747988924624e+03 2.392698212029721327e-01
1.577309192324862124e+03 2.316934818015620179e-01
1.576515491152987124e+03 2.294002976867586530e-01
1.575722522402987124e+03 2.320841533652592270e-01
1.574930286074862124e+03 2.337287411327957087e-01
1.574139026309237124e+03 2.318642622230054628e-01
1.573348621035799624e+03 2.290689965965500563e-01
1.572559070254549624e+03 2.306417996941093340e-01
1.571770251895174624e+03 2.334805280080233247e-01
1.570982165957674624e+03 2.319950893940538605e-01
1.570195178652987124e+03 2.334165470840302847e-01
1.569408801699862124e+03 2.320685367059636961e-01
1.568623523379549624e+03 2.313112669839904045e-01
1.567838733340487124e+03 2.344269260707997071e-01
1.567054919863924624e+03 2.313637333916360728e-01
1.566271960879549624e+03 2.267992177208303650e-01
1.565489734317049624e+03 2.279377526703730283e-01
1.564708362246737124e+03 2.334189049484143019e-01
1.563927844668612124e+03 2.298257592783498615e-01
1.563148181582674624e+03 2.348298430789302615e-01
1.562369128848299624e+03 2.311452643601289991e-01
1.561591052676424624e+03 2.270077626120222680e-01
1.560813830996737124e+03 2.284115685683095753e-01
1.560037341738924624e+03 2.298546056643364643e-01
1.559261584902987124e+03 2.281530895202731057e-01
1.558486682559237124e+03 2.330180393308587949e-01
1.557712756777987124e+03 2.269170710293397231e-01
1.556939441348299624e+03 2.281344721466971592e-01
1.556166980410799624e+03 2.261308604600864025e-01
1.555395251895174624e+03 2.309511830449175462e-01
1.554624499942049624e+03 2.283715009739474555e-01
1.553854358340487124e+03 2.283799895303225413e-01
1.553085193301424624e+03 2.305137120245340787e-01
1.553085071231112124e+03 2.293882964285648696e-01
1.552828967715487124e+03 2.295435137718965790e-01
1.552572742129549624e+03 2.319561368794261502e-01
1.552316760684237124e+03 2.323506591257907539e-01
1.552316638613924624e+03 2.272968462525054301e-01
1.552060779238924624e+03 2.322148037993184699e-01
1.551549060488924624e+03 2.287401598543576386e-01
1.550782214785799624e+03 2.275980116511756024e-01
1.550016101504549624e+03 2.254883600130429822e-01
1.549250842715487124e+03 2.322585413092571327e-01
1.548486438418612124e+03 2.256650710573621099e-01
1.547722644473299624e+03 2.233479485292035882e-01
1.546959705020174624e+03 2.263235603812118746e-01
1.546197620059237124e+03 2.265472925168610374e-01
1.545436389590487124e+03 2.261265218425049794e-01
1.544675769473299624e+03 2.275348149080331783e-01
1.543915881777987124e+03 2.247374724885437269e-01
1.543156970645174624e+03 2.249441547671127695e-01
1.542398914004549624e+03 2.282455647369290574e-01
1.541641467715487124e+03 2.299375393693173786e-01
1.540884753848299624e+03 2.317277008615085954e-01
1.540128894473299624e+03 2.279668516782429599e-01
1.539373767520174624e+03 2.268101041289625752e-01
1.538619617129549624e+03 2.273193565528275617e-01
1.537866077090487124e+03 2.255767193851369035e-01
1.537113269473299624e+03 2.298530132533900261e-01
1.536361316348299624e+03 2.277922376312133124e-01
1.535609851504549624e+03 2.278730756537592494e-01
1.534859729434237124e+03 2.283688255590462235e-01
1.534109851504549624e+03 2.262526509890566973e-01
1.533361072207674624e+03 2.257842928364783841e-01
1.532612903262362124e+03 2.288105440858447526e-01
1.531865466738924624e+03 2.298199454670639685e-01
1.531119006777987124e+03 2.295230951711386691e-01
1.530373157168612124e+03 2.295600315563772753e-01
1.529628039981112124e+03 2.264061216213998362e-01
1.528883655215487124e+03 2.297206320427370996e-01
1.528140124942049624e+03 2.258479909250665774e-01
1.527397082949862124e+03 2.279022493485160505e-01
1.526655261660799624e+03 2.248171420216920624e-01
1.525913806582674624e+03 2.286087195630883973e-01
1.525173450137362124e+03 2.253143334406262632e-01
1.524433581973299624e+03 2.258494639008087612e-01
1.523694568301424624e+03 2.279815506740777153e-01
1.522956287051424624e+03 2.281658629905087832e-01
1.522218860293612124e+03 2.254125919727169858e-01
1.521482043887362124e+03 2.267395907305264635e-01
1.520745959902987124e+03 2.282587291904044913e-01
1.520010608340487124e+03 2.277107877056060714e-01
1.519276111270174624e+03 2.296371373428958140e-01
1.518542224551424624e+03 2.279187364496932100e-01
1.517809070254549624e+03 2.262516391451339370e-01
1.517077014590487124e+03 2.244684763594158028e-01
1.516345447207674624e+03 2.247724961916436892e-01
1.515614490176424624e+03 2.298487626993158950e-01
1.515371204043612124e+03 2.313598608802968914e-01
1.515127917910799624e+03 2.325793868555415533e-01
1.514884509707674624e+03 2.283333557332749286e-01
1.514884387637362124e+03 2.293467231459780376e-01
1.514641345645174624e+03 2.300641485698421418e-01
1.514398303652987124e+03 2.281478445923697529e-01
1.514155017520174624e+03 2.280415838776001791e-01
1.513426379824862124e+03 2.253767602940701664e-01
1.512698474551424624e+03 2.243984912251844044e-01
1.511971301699862124e+03 2.309895565338623280e-01
1.511244983340487124e+03 2.264219256785708345e-01
1.510519275332674624e+03 2.300571048851153544e-01
1.509794299746737124e+03 2.254276991774436245e-01
1.509070056582674624e+03 2.314573886302739303e-01
1.508346545840487124e+03 2.254166622202329884e-01
1.507623767520174624e+03 2.269078257562764100e-01
1.506901721621737124e+03 2.289750886008068698e-01
1.506180408145174624e+03 2.287102117474219543e-01
1.505459827090487124e+03 2.272454856598214445e-01
1.504740100527987124e+03 2.276060092484217534e-01
1.504020862246737124e+03 2.268428970029836844e-01
1.503302478457674624e+03 2.333980762945278564e-01
1.502583837747379448e+03 2.264215691468932368e-01
1.501865856333987722e+03 2.283538025696622564e-01
1.501148730533448088e+03 2.279577915852179226e-01
1.500432215884945663e+03 2.282654662533588896e-01
1.499716434618888115e+03 2.262541741120979999e-01
1.499001386735275219e+03 2.275638236304129702e-01
1.498286950003699530e+03 2.264863013370861378e-01
1.497573368884976162e+03 2.261771701793925948e-01
1.496860398918290002e+03 2.286257647527072945e-01
1.496148284564456162e+03 2.297075703927179691e-01
1.495436781362659531e+03 2.266095826789804035e-01
1.494726011543307550e+03 2.237732429484334262e-01
1.494015852875992778e+03 2.275951981935603607e-01
1.493306549821530325e+03 2.251091353659484817e-01
1.492597857919105081e+03 2.280972154242918992e-01
1.491889899399124715e+03 2.307231614483390147e-01
1.491182674261589000e+03 2.305661615296932532e-01
1.490476060276090493e+03 2.260479711345847464e-01
1.489770179673036864e+03 2.282655442803520895e-01
1.489065032452427886e+03 2.303355942250516208e-01
1.488360618614263558e+03 2.271829886088721495e-01
1.487656815928136439e+03 2.251254782636478713e-01
1.486953746624454197e+03 2.304647723071243937e-01
1.486251288472809165e+03 2.269810360303142482e-01
1.485549685934016452e+03 2.229171891561115004e-01
1.484848694547260948e+03 2.272789828746590857e-01
1.484148436542950094e+03 2.272377474310776913e-01
1.483448789690676676e+03 2.287587620789978404e-01
1.482749998451255351e+03 2.244705118441082392e-01
1.482051696133463793e+03 2.252340384669683782e-01
1.481354249428524554e+03 2.277367694838240975e-01
1.480657413875622524e+03 2.274993201737719184e-01
1.479961189474757703e+03 2.268517889820230171e-01
1.479265820686744974e+03 2.255925405118518190e-01
1.478570940820362239e+03 2.268851598313438855e-01
1.477876916566831824e+03 2.312554049141865020e-01
1.477183503465338390e+03 2.269607430845026474e-01
1.476490823746289834e+03 2.340275373263286107e-01
1.475798755179278487e+03 2.263391777016423301e-01
1.475107419994712018e+03 2.274023467048166824e-01
1.474416695962182757e+03 2.291826025177940707e-01
1.473726705312098147e+03 2.287369965460305521e-01
1.473037325814050746e+03 2.301764097147557253e-01
1.472348679698448223e+03 2.258363154257343464e-01
1.471660766965290577e+03 2.244725053740656284e-01
1.470973465384169913e+03 2.252905627624023077e-01
1.470286897185494126e+03 2.239726334808858355e-01
1.469600940138855549e+03 2.244106779500747439e-01
1.468915594244254407e+03 2.251053499770168387e-01
1.468230981732097689e+03 2.257561017456725938e-01
1.467547102602386076e+03 2.234536766214987868e-01
1.466863834624711444e+03 2.277609057084300503e-01
1.466181177799074248e+03 2.283483864681180864e-01
1.465499254355881703e+03 2.202745948866054182e-01
1.464817942064726367e+03 2.236285277719090303e-01
1.464137363156015908e+03 2.272790091041225480e-01
1.463457395399342658e+03 2.286907338042678539e-01
1.462778161025114287e+03 2.256187141325690093e-01
1.462099537802922896e+03 2.249078493426890646e-01
1.461421525732769169e+03 2.233817386685592321e-01
1.460744124814652423e+03 2.277969290135737346e-01
1.460067579509387997e+03 2.231538640650425898e-01
1.459391523125753338e+03 2.248680433753615371e-01
1.458716200124563329e+03 2.237511367483975278e-01
1.458041488275410529e+03 2.231176567754289686e-01
1.457367509808702607e+03 2.262919109403340179e-01
1.456694142494032121e+03 2.228945871516552213e-01
1.456021386331398617e+03 2.289842524509313471e-01
1.455349363551209990e+03 2.234323380896779399e-01
1.454677951923058572e+03 2.227438700886278378e-01
1.454007151446944590e+03 2.295119087708215322e-01
1.453336962122867817e+03 2.241549412942742958e-01
1.452667628411643136e+03 2.263567601468666479e-01
1.451998783622048222e+03 2.269641894017662698e-01
1.451330549984490744e+03 2.218872540138759897e-01
1.450663049729377917e+03 2.299299389371765867e-01
1.449996160626302526e+03 2.275912950284059155e-01
1.449329882675264116e+03 2.278236111303458544e-01
1.448664338106670584e+03 2.275063364505090502e-01
1.447999404690114488e+03 2.272278163444480803e-01
1.447334960195187932e+03 2.286280427415552652e-01
1.446671371313113696e+03 2.306600459068978148e-01
1.446008271352669453e+03 2.314877096647808552e-01
1.445346027005077076e+03 2.256380841447751529e-01
1.444684149348707251e+03 2.261258095850683936e-01
1.444023005074782077e+03 2.305236613534500378e-01
1.443362594183301781e+03 2.289960681308321200e-01
1.442702672213451251e+03 2.314653514944030321e-01
1.442043483626045372e+03 2.292670519066331014e-01
1.441384906190676702e+03 2.268075526796653196e-01
1.440726939907345468e+03 2.302589137927738561e-01
1.440069462545644001e+03 2.278066323066236520e-01
1.439412963027202068e+03 2.279290921650164448e-01
1.439412840796794626e+03 2.295956113371653562e-01
1.439194170597857237e+03 2.268600401483034656e-01
1.438975378168512634e+03 2.259943433235417631e-01
1.438756830199982687e+03 2.266666250422873785e-01
1.438756707969575245e+03 2.261143297944706865e-01
1.438538160001045298e+03 2.297740556628876940e-01
1.438319734262922793e+03 2.303720694372337341e-01
1.438101430755207957e+03 2.232465783209145738e-01
1.438101308524800515e+03 2.286021786911001386e-01
1.437883005017085452e+03 2.277991667783166307e-01
1.437664823739778058e+03 2.278256892135977485e-01
1.437446642462470436e+03 2.270255743750080601e-01
1.437446520232062994e+03 2.262316812965050328e-01
1.437228216724347931e+03 2.238370336242355985e-01
1.437010279907855420e+03 2.272777310435554754e-01
1.436792465321770351e+03 2.290341625470537490e-01
1.436792343091362909e+03 2.298301291170922744e-01
1.436574406274870171e+03 2.266286421808491602e-01
1.436356469458377660e+03 2.272916216526009447e-01
1.436138777102699805e+03 2.267632979636494961e-01
1.435921084747022178e+03 2.248313980704655657e-01
1.435703392391344551e+03 2.280973280897327649e-01
1.435485822266074365e+03 2.281342294110221824e-01
1.435268374371211394e+03 2.280254372373985150e-01
1.435050926476348650e+03 2.284869656840599894e-01
1.434833478581485906e+03 2.274280358308669037e-01
1.434616275147438046e+03 2.304111325804441834e-01
1.434398949482982744e+03 2.256584047823595174e-01
1.434181746048934883e+03 2.315199171450936511e-01
1.433964664845294465e+03 2.297446518866540222e-01
1.433747705872061488e+03 2.327796130000460983e-01
1.433530746898828511e+03 2.290040579876264359e-01
1.433313787925595534e+03 2.270407507977781070e-01
1.433097073413177441e+03 2.283067305677672076e-01
1.432880236670351906e+03 2.294279245157575531e-01
1.432663522157933812e+03 2.275535105416326143e-01
1.432446929875923388e+03 2.277573940555333853e-01
1.432230459824320178e+03 2.304536110186393427e-01
1.432013989772716968e+03 2.302056735147464950e-01
1.431797519721113758e+03 2.306376948852177644e-01
1.431581171899918218e+03 2.298922404474052494e-01
1.431364946309129891e+03 2.233081860213849135e-01
1.431148720718341792e+03 2.210343213495666870e-01
1.430932617357960908e+03 2.190905664256513896e-01
1.430716636227987692e+03 2.148160479458036398e-01
1.430500532867606807e+03 2.230051833356442581e-01
1.430284551737633592e+03 2.270310806584786845e-01
1.430068570607660149e+03 2.262761596580098178e-01
1.429852956168909259e+03 2.276907246190815193e-01
1.429637219499750699e+03 2.233434890782020343e-01
1.429421605060999809e+03 2.269283626626703854e-01
1.429206112852656361e+03 2.248442056233418418e-01
1.428990498413905470e+03 2.240631398854686374e-01
1.428775006205561795e+03 2.207708145799837096e-01
1.428559636227625788e+03 2.241412994538514725e-01
1.428344388480097223e+03 2.242372290978293103e-01
1.428129140732568658e+03 2.283247731558688542e-01
1.427913892985040093e+03 2.280034194850361351e-01
1.427698767467918969e+03 2.302853900782607377e-01
1.427483886411612730e+03 2.271557938968949975e-01
1.427268760894491606e+03 2.279816479035225718e-01
1.427053879838185367e+03 2.286687738389838465e-01
1.426839121012286569e+03 2.290898952755553719e-01
1.426624362186387771e+03 2.306847747190272635e-01
1.426409603360488973e+03 2.313620859279224562e-01
1.426194966764997616e+03 2.278759907758620418e-01
1.425980452399913929e+03 2.291954357437482326e-01
1.425765938034830015e+03 2.267394909958383997e-01
1.425551545900153542e+03 2.291964950189218642e-01
1.425337153765477069e+03 2.293803474259235586e-01
1.425122883861208265e+03 2.249810687487335259e-01
1.424908613956939234e+03 2.272034579278124911e-01
1.424694466283077645e+03 2.292319149324190120e-01
1.424480196378808841e+03 2.269430659394249539e-01
1.424266415396169577e+03 2.271504342273857890e-01
1.424052389952715657e+03 2.256037649722847094e-01
1.423838486739668951e+03 2.265860774628316865e-01
1.423624705757029915e+03 2.253154401325651590e-01
1.423410924774390878e+03 2.299903813702683653e-01
1.423197266022159056e+03 2.257487237385033818e-01
1.422983485039520019e+03 2.265773154874206607e-01
1.422770192978510750e+03 2.251842943779782946e-01
1.422556656456686369e+03 2.268130473004587588e-01
1.422343242165269658e+03 2.252903969383154570e-01
1.422129827873852946e+03 2.288861792044097621e-01
1.421916658043251118e+03 2.297829398988471550e-01
1.421703365982241849e+03 2.291500839814568091e-01
1.421490196151639793e+03 2.252170391270514604e-01
1.421277026321037965e+03 2.250105930507823315e-01
1.421064100951251021e+03 2.233272598050668190e-01
1.420851175581464076e+03 2.250152951213349461e-01
1.420638250211677132e+03 2.215844191441248279e-01
1.420425569302705071e+03 2.255611194104440720e-01
1.420212643932918127e+03 2.287219302326143067e-01
1.420000085254353735e+03 2.288448158027099333e-01
1.419787404345381674e+03 2.273903023253748545e-01
1.419574967897224496e+03 2.257534718212657610e-01
1.419362409218659877e+03 2.272518375719459194e-01
1.419149972770502700e+03 2.272098818996073633e-01
1.418937658552753192e+03 2.237469286775750632e-01
1.418725466565410898e+03 2.247677169519113061e-01
1.418513274578068604e+03 2.247557520483679516e-01
1.418301082590726537e+03 2.246232118210511053e-01
1.418088890603384243e+03 2.242045531558019278e-01
1.417877065307264502e+03 2.257093209950284118e-01
1.417664995550329650e+03 2.237260846565719552e-01
1.417453048023802467e+03 2.260028932392658674e-01
1.417241344958089940e+03 2.269504404246177054e-01
1.417029641892377640e+03 2.276287234396847936e-01
1.416817938826665113e+03 2.262091900105792641e-01
1.416606235760952814e+03 2.281608202644174466e-01
1.416394777156055397e+03 2.271897420314101801e-01
1.416183318551157754e+03 2.241728011044043511e-01
1.415971859946260338e+03 2.254234171647680751e-01
1.415760523571770364e+03 2.262078346554774744e-01
1.415549187197280389e+03 2.269418777145340016e-01
1.415338095283605298e+03 2.297150468186707484e-01
1.415126881139522538e+03 2.237856568389673950e-01
1.414915789225847448e+03 2.279771577134575844e-01
1.414704697312172357e+03 2.253462584537515301e-01
1.414493849859312149e+03 2.243163822783138250e-01
1.414283002406451942e+03 2.263133196729796848e-01
1.414072154953591735e+03 2.260103854755287078e-01
1.413861429731138969e+03 2.281382447540672709e-01
1.413650826739093645e+03 2.244694748162942843e-01
1.413440101516640880e+03 2.244414509973880201e-01
1.413229376294188114e+03 2.244978018984510049e-01
1.413019139993365343e+03 2.232858111911575627e-01
1.412808659231727461e+03 2.263672367536923302e-01
1.412598300700497020e+03 2.254054488119857924e-01
1.412387942169266580e+03 2.261370215964565444e-01
1.412177828098851251e+03 2.302944692800445170e-01
1.411967714028435694e+03 2.287590390226032500e-01
1.411757599958020364e+03 2.331411395021567301e-01
1.411547485887604807e+03 2.273253894301046907e-01
1.411337616278004134e+03 2.266327699508456639e-01
1.411127746668403688e+03 2.261560566755174695e-01
1.410917877058803015e+03 2.255299484861486015e-01
1.410708007449202569e+03 2.281761487376362529e-01
1.410498382300416779e+03 2.250875329072740128e-01
1.410288757151631216e+03 2.288871125729526890e-01
1.410079254233253096e+03 2.269774119383519140e-01
1.409869629084467306e+03 2.259246929073182586e-01
1.409660370626904069e+03 2.251836298812993908e-01
1.409450867708525948e+03 2.237218709614640089e-01
1.409241609250962483e+03 2.258860610544656811e-01
1.409032350793399246e+03 2.232030339181280687e-01
1.408823214566243450e+03 2.237473030793827034e-01
1.408614078339087655e+03 2.229480243553294272e-01
1.408405064342339301e+03 2.292755881887248159e-01
1.408196050345590947e+03 2.237387670044179988e-01
1.407987158579250035e+03 2.286873955684636528e-01
1.407778266812909123e+03 2.263908540406462666e-01
1.407569497276975653e+03 2.253071338558101655e-01
1.407360727741042183e+03 2.242592689444424803e-01
1.407152080435516154e+03 2.261625946798386522e-01
1.406943555360397568e+03 2.266732307560150317e-01
1.406735030285278981e+03 2.249939160132714555e-01
1.406526505210160394e+03 2.273654674925895680e-01
1.406318102365449249e+03 2.281950465118350868e-01
1.406109943981553215e+03 2.295806822292354998e-01
1.405901541136842070e+03 2.299070542733490097e-01
1.405693382752945809e+03 2.299031069478836009e-01
1.405485224369049547e+03 2.321948893509814815e-01
1.405277188215560955e+03 2.308104800217956609e-01
1.405069152062072135e+03 2.285414622233707671e-01
1.404861238138990984e+03 2.254683008252040266e-01
1.404653324215909606e+03 2.269380992850348056e-01
1.404445654753643112e+03 2.276951380268518177e-01
1.404237863060969403e+03 2.249588488109466877e-01
1.404030071368295467e+03 2.295355531580208774e-01
1.403822524136436641e+03 2.270319464323513337e-01
1.403614976904577816e+03 2.310031932378151243e-01
1.403407551903126205e+03 2.305674525232323246e-01
1.403200004671267379e+03 2.297254437806235949e-01
1.402992701900223437e+03 2.270740309267954282e-01
1.402785521359586710e+03 2.305847610310011175e-01
1.402578218588542768e+03 2.278677514797592674e-01
1.402371038047906268e+03 2.276378092015725052e-01
1.402163857507269768e+03 2.302505780132813873e-01
1.401956921427448151e+03 2.310993277238691801e-01
1.401749985347626534e+03 2.282456902407579147e-01
1.401543049267804690e+03 2.280885684856704676e-01
1.401336113187983074e+03 2.295243640611007996e-01
1.401129299338568899e+03 2.276318181423361564e-01
1.400922607719562166e+03 2.285417263510631791e-01
1.400716038330962874e+03 2.254235922964296368e-01
1.400509468942363583e+03 2.338076630594120298e-01
1.400302899553764519e+03 2.284219627010984910e-01
1.400096452395572669e+03 2.274920134420005124e-01
1.399890127467788261e+03 2.266665359045957617e-01
1.399683680309596411e+03 2.269041684494076672e-01
1.399477477612219445e+03 2.267108193697193741e-01
1.399271274914842479e+03 2.263730338463633973e-01
1.399065194447873182e+03 2.297085354491366638e-01
1.398858991750496216e+03 2.307630255465073499e-01
1.398653033513934133e+03 2.236570446634444931e-01
1.398447197507779720e+03 2.284863253534679672e-01
1.398241117040810195e+03 2.274462335977671945e-01
1.398035403265063223e+03 2.253297773821392458e-01
1.397829567258908583e+03 2.281397119196189871e-01
1.397623853483161611e+03 2.298776892828384433e-01
1.397418384168229295e+03 2.261946147705515275e-01
1.397212792622889765e+03 2.278637562537128292e-01
1.397007201077550008e+03 2.293336660898841195e-01
1.396801609532210477e+03 2.301960378072493707e-01
1.396596506908500714e+03 2.281989468213305172e-01
1.396391159823975840e+03 2.314124535063313837e-01
1.396185812739451194e+03 2.296499121814742084e-01
1.395980710115741431e+03 2.308444786335986099e-01
1.395775607492031668e+03 2.319130459191143800e-01
1.395570504868321677e+03 2.301804071567854770e-01
1.395365524475019356e+03 2.288591908766181016e-01
1.395160544081717035e+03 2.274423359169134573e-01
1.394955685918822155e+03 2.283745578929516351e-01
1.394750949986334717e+03 2.272683273340251608e-01
1.394546214053847280e+03 2.267038111808413747e-01
1.394341478121359842e+03 2.269797060029030422e-01
1.394136742188872404e+03 2.285049592956786002e-01
1.393932372947607291e+03 2.279932179641514789e-01
1.393727881475934737e+03 2.293538103795357830e-01
1.393523390004262183e+03 2.285008732343456472e-01
1.393319020762997070e+03 2.309518814662458452e-01
1.393114773752139399e+03 2.290125998329606283e-01
1.392910526741281956e+03 2.279871396584497723e-01
1.392706401960831727e+03 2.312622798832571491e-01
1.392502277180381498e+03 2.310478446584710854e-01
1.392298152399931269e+03 2.263555632032277498e-01
1.392094272080296150e+03 2.263340788717734253e-01
1.391890269530253363e+03 2.297904895063589414e-01
1.391686389210618017e+03 2.307777692605366415e-01
1.391482508890982899e+03 2.277396067607214691e-01
1.391278995262569879e+03 2.259869099755763000e-01
1.391075237173342202e+03 2.276994031465313095e-01
1.390871601314521740e+03 2.274978546694982062e-01
1.390668087686108947e+03 2.266471910785792798e-01
1.390464574057695927e+03 2.314354173169725359e-01
1.390261182659690576e+03 2.302428353581068010e-01
1.390057791261685225e+03 2.246784657524410755e-01
1.389854522094087088e+03 2.287222943918529039e-01
1.389651252926489178e+03 2.276022631236871985e-01
1.389448228219706152e+03 2.297627037917805704e-01
1.389245081282515685e+03 2.285424235280019700e-01
1.389041934345324989e+03 2.288101872936693371e-01
1.388838909638541963e+03 2.298535245556815598e-01
1.388636007162166379e+03 2.302894421441730455e-01
1.388433226916198237e+03 2.285924877625178930e-01
1.388230446670230094e+03 2.284457291619475527e-01
1.388027666424261952e+03 2.249821544852879662e-01
1.387825008408701251e+03 2.274573051599579621e-01
1.387622472623547992e+03 2.296553445979754027e-01
1.387419814607987291e+03 2.289716820446158208e-01
1.387217401053241474e+03 2.294074641945564041e-01
1.387014987498495657e+03 2.308778538531890412e-01
1.386812573943749840e+03 2.277903471198757246e-01
1.386610282619411464e+03 2.278706653012479710e-01
1.386408113525480530e+03 2.321027450010685333e-01
1.386205822201142155e+03 2.297097663720032157e-01
1.386003775337618890e+03 2.294647840148147100e-01
1.385801728474095398e+03 2.302954711478353012e-01
1.385599803840979348e+03 2.316613931413669114e-01
1.385397879207863298e+03 2.308993957443788159e-01
1.385195954574747475e+03 2.322977960341685855e-01
1.384994152172038866e+03 2.290810489125786331e-01
1.384792349769330485e+03 2.272933858757096581e-01
1.384590791827436760e+03 2.313287996193912344e-01
1.384389111655135821e+03 2.288219915809193150e-01
1.384187553713242096e+03 2.311803117801820018e-01
1.383985995771348598e+03 2.288556142464377441e-01
1.383784682290269757e+03 2.310782044328662799e-01
1.383583246578783701e+03 2.309506284288204980e-01
1.383381933097704859e+03 2.303365622568237236e-01
1.383180619616626245e+03 2.333777318239618759e-01
1.382979550596362515e+03 2.308405599670206587e-01
1.382778481576098557e+03 2.288857090932459315e-01
1.382577290325427384e+03 2.289317426500871722e-01
1.382376343535571095e+03 2.310340804159422279e-01
1.382175396745714806e+03 2.283487616236260509e-01
1.381974572186265959e+03 2.290898695804086116e-01
1.381773747626816885e+03 2.305807398458446511e-01
1.381572923067368038e+03 2.291904204117085897e-01
1.381372220738326632e+03 2.312791141132781725e-01
1.381171518409285227e+03 2.311765556278933542e-01
1.380971060541058705e+03 2.321925240897744214e-01
1.380770602672832183e+03 2.296953125988440425e-01
1.380570144804605661e+03 2.304411089296585780e-01
1.380369686936379139e+03 2.293909873642664965e-01
1.380169351298560059e+03 2.316291525841845944e-01
1.379969137891148421e+03 2.290034857136873658e-01
1.379768924483737010e+03 2.319460046113689111e-01
1.379568711076325371e+03 2.318760822314194225e-01
1.379368619899321175e+03 2.327151958563246359e-01
1.379168773183131862e+03 2.301914131351523729e-01
1.378968804236535334e+03 2.308834920531838142e-01
1.378768835289938579e+03 2.290215447224195899e-01
1.378568988573749266e+03 2.297386627436059092e-01
1.378369141857559953e+03 2.301279911172127990e-01
1.378169417371778309e+03 2.334790996880939939e-01
1.377969815116403879e+03 2.305818871474828724e-01
1.377770212861029677e+03 2.304523938584152887e-01
1.377570732836062689e+03 2.329329543353048371e-01
1.377371252811095928e+03 2.365172278449300114e-01
1.377171895016536382e+03 2.341684546117009935e-01
1.376972537221977063e+03 2.322546701846534278e-01
1.376773179427417517e+03 2.316073869276630282e-01
1.376573943863265640e+03 2.343629500595502124e-01
1.376374708299113763e+03 2.334988645705732835e-01
1.376175717195776542e+03 2.315822094723219704e-01
1.375976603862032107e+03 2.313255507847860326e-01
1.375777612758695113e+03 2.283568351990142298e-01
1.375578621655358120e+03 2.314904720366695035e-01
1.375379752782428341e+03 2.369935827282589891e-01
1.375181128370313672e+03 2.341484361962308247e-01
1.374982381727791562e+03 2.326816929038772463e-01
1.374783635085269452e+03 2.321549792899411657e-01
1.374585010673154784e+03 2.333515278300389018e-01
1.374386386261040116e+03 2.298791440043094214e-01
1.374188006309740331e+03 2.292000152469619301e-01
1.373989504128033104e+03 2.310958653498177973e-01
1.373791124176733319e+03 2.319444297176196657e-01
1.373592744225433535e+03 2.323933027671422902e-01
1.373394486504541192e+03 2.311425069528959542e-01
1.373196351014056290e+03 2.317889756817961833e-01
1.372998093293163947e+03 2.298638907724417646e-01
1.372800080033086715e+03 2.284328505148760791e-01
1.372602066773009255e+03 2.277037044605564609e-01
1.372404053512931796e+03 2.311652163694328521e-01
1.372206284713669220e+03 2.306635961293243553e-01
1.372008393683999429e+03 2.321599627047540859e-01
1.371810624884736853e+03 2.313968120263096007e-01
1.371612733855066836e+03 2.296940243709683360e-01
1.371415209516619370e+03 2.323540474384220567e-01
1.371217685178171678e+03 2.295212362112079019e-01
1.371020160839724213e+03 2.308973615764964016e-01
1.370822636501276520e+03 2.314136164887907743e-01
1.370625112162828827e+03 2.327829017174184167e-01
1.370427710054788804e+03 2.318823268714846064e-01
1.370230552407563664e+03 2.345695493767585016e-01
1.370033272529930855e+03 2.294595419634001821e-01
1.369836114882705715e+03 2.293730704189525793e-01
1.369638957235480348e+03 2.284795772509913836e-01
1.369441921818662649e+03 2.290062680034805898e-01
1.369245008632252393e+03 2.326454271032106780e-01
1.369047850985027026e+03 2.334868291360268633e-01
1.368851060029024211e+03 2.301028022772904080e-01
1.368654269073021396e+03 2.296222512639373159e-01
1.368457478117018582e+03 2.300781907989266351e-01
1.368260809391423209e+03 2.315646299201803981e-01
1.368064140665827836e+03 2.317965970871969095e-01
1.367867471940232235e+03 2.312160400855644005e-01
1.367671047675451746e+03 2.329773161343837717e-01
1.367474501180263815e+03 2.358672478015457208e-01
1.367278076915483325e+03 2.302572580942104929e-01
1.367081897111517719e+03 2.298681141991529009e-01
1.366885472846737230e+03 2.327733097258407324e-01
1.366689293042771851e+03 2.318694873897237108e-01
1.366492991008398803e+03 2.328228763926329936e-01
1.366296933434840639e+03 2.332458761411487780e-01
1.366100998091689917e+03 2.339591842328017091e-01
1.365904940518131752e+03 2.345332400215202617e-01
1.365709005174981030e+03 2.334927406378244363e-01
1.365513069831830535e+03 2.320137075673258942e-01
1.365317256719087254e+03 2.320445375826414025e-01
1.365121688067158857e+03 2.326273898445366806e-01
1.364925874954415804e+03 2.370875790596486954e-01
1.364730306302487406e+03 2.299195739770227842e-01
1.364534615420151567e+03 2.327630722022262233e-01
1.364339168998630839e+03 2.311949815123138241e-01
1.364143722577109884e+03 2.323986388697141803e-01
1.363948276155589156e+03 2.293051482052361756e-01
1.363752951964475642e+03 2.311385042267757595e-01
1.363557627773362356e+03 2.278190921296484872e-01
1.363362425812656284e+03 2.318466592025455186e-01
1.363167223851950439e+03 2.332316050323686718e-01
1.362972144121651809e+03 2.309270504215999720e-01
1.362777186621760848e+03 2.335033050666680543e-01
1.362581984661055003e+03 2.292510056259702556e-01
1.362387149391571256e+03 2.317193513660977255e-01
1.362192314122087737e+03 2.326352605543832719e-01
1.361997601083011659e+03 2.322964520508041253e-01
1.361802765813528140e+03 2.291903015229662666e-01
1.361608052774452062e+03 2.324636299948105167e-01
1.361413339735375757e+03 2.363094787321465551e-01
1.361218748926707121e+03 2.349258706106725492e-01
1.361024280348445927e+03 2.320678465997935147e-01
1.360829934000592175e+03 2.328808495057928807e-01
1.360635465422330981e+03 2.331697290591455696e-01
1.360441119074477228e+03 2.288874734810988076e-01
1.360246772726623476e+03 2.334408859097707734e-01
1.360052426378769724e+03 2.364104255683130429e-01
1.359858446722138297e+03 2.356365166353814600e-01
1.359664344835099428e+03 2.338959954516049988e-01
1.359470242948060559e+03 2.338572379136885926e-01
1.359276263291429359e+03 2.302060656273850203e-01
1.359082283634797932e+03 2.312014820741778998e-01
1.358888426208573946e+03 2.316947635046099629e-01
1.358694691012757403e+03 2.325949353194628200e-01
1.358500833586533645e+03 2.301464645369427076e-01
1.358307098390717101e+03 2.337327079471288871e-01
1.358113485425307999e+03 2.328394746647113323e-01
1.357919872459899125e+03 2.337273281984300066e-01
1.357726381724897465e+03 2.332042826258823587e-01
1.357532890989895805e+03 2.314897947309099702e-01
1.357339522485301814e+03 2.345790286448062867e-01
1.357146153980707595e+03 2.352731030683507252e-01
1.356952785476113604e+03 2.305347311018211831e-01
1.356759539201926827e+03 2.307882089927554559e-01
1.356566415158147720e+03 2.282889808434182821e-01
1.356373291114368385e+03 2.322639635469913588e-01
1.356180289300996719e+03 2.328409995548129940e-01
1.355987165257217612e+03 2.348429426417988630e-01
1.355794285674253160e+03 2.338587644645388208e-01
1.355601283860881495e+03 2.319510894695760161e-01
1.355408648738732154e+03 2.352245554508279324e-01
1.355215769155767703e+03 2.351426774549559284e-01
1.355023011803210920e+03 2.350917970335356655e-01
1.354830376681061580e+03 2.319839032505049692e-01
1.354637741558912239e+03 2.307417961294391806e-01
1.354445350897577782e+03 2.310041322144427423e-01
1.354252838005835883e+03 2.320170711230390981e-01
1.354060325114093985e+03 2.322997959344782759e-01
1.353867934452759300e+03 2.360001510428636484e-01
1.353675543791424843e+03 2.323362914516756972e-01
1.353483275360497828e+03 2.327079688969239668e-01
1.353291251390385924e+03 2.339638820295758259e-01
1.353099105189866350e+03 2.358914040972243109e-01
1.352906958989346776e+03 2.334460665420197145e-01
1.352714935019234645e+03 2.331338310538759728e-01
1.352522911049122513e+03 2.324727690273581948e-01
1.352331009309417823e+03 2.344333482539736613e-01
1.352139229800120575e+03 2.325307154182877645e-01
1.351947450290823326e+03 2.329294776314159154e-01
1.351755670781526305e+03 2.344490836406797341e-01
1.351563891272229057e+03 2.317465906984650381e-01
1.351372233993339250e+03 2.349122963375649409e-01
1.351180576714449671e+03 2.319337195436077526e-01
1.350989286126782190e+03 2.337112651013408815e-01
1.350797751078299825e+03 2.312837860641215326e-01
1.350606338260225129e+03 2.323071184895728059e-01
1.350415047672557648e+03 2.337360876626080608e-01
1.350223757084890394e+03 2.326036574098909737e-01
1.350032466497222913e+03 2.336154499439795362e-01
1.349841420370370543e+03 2.334868156881812484e-01
1.349650252013110503e+03 2.321899278293905744e-01
1.349459205886258133e+03 2.317065686891095211e-01
1.349268159759405535e+03 2.312353537663446312e-01
1.349077235862960606e+03 2.337291703491883310e-01
1.348886311966515677e+03 2.322061153415682089e-01
1.348695510300477963e+03 2.324090200541185092e-01
1.348504830864847918e+03 2.291462277897420019e-01
1.348314029198810431e+03 2.318898065046230139e-01
1.348123349763180386e+03 2.322787079011454647e-01
1.347932792557957555e+03 2.333148021416220352e-01
1.347742235352734951e+03 2.306321783657562796e-01
1.347551800377919790e+03 2.300860210025630626e-01
1.347361243172697186e+03 2.310632012177699368e-01
1.347170930428289466e+03 2.349084939714055076e-01
1.346980617683881746e+03 2.358556494534916059e-01
1.346790304939474026e+03 2.319575532276780261e-01
1.346600114425473748e+03 2.323800860131412238e-01
1.346410046141880912e+03 2.327223853378109220e-01
1.346219977858288075e+03 2.329043190620122827e-01
1.346029909574695239e+03 2.323379365720141532e-01
1.345839963521509844e+03 2.318674125733322100e-01
1.345650017468324450e+03 2.333467292658347736e-01
1.345460071415139055e+03 2.312018247972618123e-01
1.345270369822768771e+03 2.304850652477533068e-01
1.345080545999990818e+03 2.294102099924947846e-01
1.344890844407620307e+03 2.344220393860908802e-01
1.344701265045657237e+03 2.304136294089781656e-01
1.344511563453286726e+03 2.321806530606464192e-01
1.344322106321731326e+03 2.311868321424170591e-01
1.344132526959768256e+03 2.302739442658500169e-01
1.343943314289027740e+03 2.329915501561641566e-01
1.343753857157472112e+03 2.316405200003867626e-01
1.343564522256323926e+03 2.290778248655168658e-01
1.343375309585583409e+03 2.315254562724735898e-01
1.343186096914842665e+03 2.313086323291668467e-01
1.342997006474509590e+03 2.300182199828240959e-01
1.342807916034176287e+03 2.315591241568386305e-01
1.342618947824250654e+03 2.331428677238175373e-01
1.342429857383917579e+03 2.319092076248172318e-01
1.342241011404399160e+03 2.344866980722400129e-01
1.342052165424880968e+03 2.361064471908172757e-01
1.341863319445362549e+03 2.334990473838391700e-01
1.341674595696251799e+03 2.305166829651551230e-01
1.341485994177548491e+03 2.334701128992972552e-01
1.341297392658845183e+03 2.330810741362296934e-01
1.341108791140141648e+03 2.331088821555234725e-01
1.340920189621438340e+03 2.326079498388557987e-01
1.340731710333142473e+03 2.310933360266257952e-01
1.340543353275254049e+03 2.309434789865917048e-01
1.340354996217365624e+03 2.334837315914822520e-01
1.340166761389884641e+03 2.314234690759315038e-01
1.339978526562403658e+03 2.327016641766918859e-01
1.339790291734922675e+03 2.330933012333827326e-01
1.339602179137849134e+03 2.325216096993474590e-01
1.339414066540775593e+03 2.339413155272647704e-01
1.339225953943702052e+03 2.320859468041519269e-01
1.339038085807443395e+03 2.310601861869158724e-01
1.338850217671184737e+03 2.307502357444191354e-01
1.338662227304518638e+03 2.292181125949422360e-01
1.338474481398667422e+03 2.322299193864345301e-01
1.338286735492816206e+03 2.319247570432752814e-01
1.322346179134954809e+03 2.345746647420480224e-01
1.322163200214994504e+03 2.330150307313963998e-01
1.321980221295033971e+03 2.346968317768755863e-01
1.321797242375073665e+03 2.363986444133372444e-01
1.321614507915928016e+03 2.334131887559970364e-01
1.304840095718407383e+03 2.392347163648156638e-01
1.304662128245152644e+03 2.383932990278428976e-01
1.304484283002305347e+03 2.342919213755889074e-01
1.304306437759458049e+03 2.360557158750795081e-01
1.304128592516610752e+03 2.361826315279912936e-01
1.286950819974488013e+03 2.359553074205568424e-01
1.286778108408753724e+03 2.388061041699343356e-01
1.286605274612611993e+03 2.379134379017236456e-01
1.286432563046877931e+03 2.342884240487895786e-01
1.286259851481143642e+03 2.382001934242349017e-01
1.286087262145817022e+03 2.398301077106678725e-01
1.285914672810490174e+03 2.378915296042410088e-01
1.285742083475163554e+03 2.383038970720916805e-01
1.285569616370244148e+03 2.368653529340543074e-01
1.285397149265324970e+03 2.381016823265650617e-01
1.285224926621220675e+03 2.377934757486304396e-01
1.285052581746708711e+03 2.377655607824927519e-01
1.284880236872196974e+03 2.383921848673974109e-01
1.284708014228092679e+03 2.431054583940263913e-01
1.284535791583988157e+03 2.426902306406147625e-01
1.284363691170291304e+03 2.393615334574502596e-01
1.284191590756594451e+03 2.407729026248732751e-01
1.284019490342897598e+03 2.411148167692241939e-01
1.283847512159607959e+03 2.441457003212111621e-01
1.283675533976318548e+03 2.431770778979827630e-01
1.283503678023436578e+03 2.426235979462802728e-01
1.283331822070554608e+03 2.442322599788344650e-01
1.283159966117672639e+03 2.435381661365213224e-01
1.282988232395198111e+03 2.464762634134694541e-01
1.282816498672723583e+03 2.489524034646142803e-01
1.282645009411063938e+03 2.493936666436516181e-01
1.282473397918996852e+03 2.542998650595707510e-01
1.282301786426929766e+03 2.489309962839624246e-01
1.282130297165270122e+03 2.437871688328610564e-01
1.281958930134017919e+03 2.419929214199365020e-01
1.281787440872358275e+03 2.358045253527670249e-01
1.281616073841106072e+03 2.397499840862866438e-01
1.281444706809853869e+03 2.428329031687365691e-01
1.281273462009009108e+03 2.383829165389194371e-01
1.281102217208164348e+03 2.401753313953899627e-01
1.280930972407319814e+03 2.364277097951846818e-01
1.280759972067289937e+03 2.393234085606228967e-01
1.280588849496852617e+03 2.375917520344502376e-01
1.280417726926415298e+03 2.352391993690942651e-01
1.280246848816793090e+03 2.388335660126539306e-01
1.280075848476763213e+03 2.391965020768065386e-01
1.279905092597548219e+03 2.400658375756967444e-01
1.279734214487926010e+03 2.380981304435365875e-01
1.279563458608711016e+03 2.392048412849787642e-01
1.279392702729496023e+03 2.385477072536314191e-01
1.279222069080688698e+03 2.389818074292818784e-01
1.279051313201473704e+03 2.361805301144603575e-01
1.278880801783073821e+03 2.366467070033689002e-01
1.278710168134266269e+03 2.390530167447605381e-01
1.278539778946273827e+03 2.404801338268584832e-01
1.278369267527873717e+03 2.383592266068975118e-01
1.278198878339881276e+03 2.394133418184696271e-01
1.278028489151888834e+03 2.361552799309554473e-01
1.277858222194303607e+03 2.371223632384671653e-01
1.277687955236718608e+03 2.393285307119480398e-01
1.277517688279133381e+03 2.384159098030686486e-01
1.277347543551955823e+03 2.379614731241098402e-01
1.277177398824778265e+03 2.373921454634935202e-01
1.277007498558415591e+03 2.390272640575838714e-01
1.276837476061645248e+03 2.406569846551603054e-01
1.276667453564875132e+03 2.385793447580605575e-01
1.276497553298512457e+03 2.371860017810618615e-01
1.276327775262557225e+03 2.396447619517242389e-01
1.276157874996194550e+03 2.364293823019592844e-01
1.275988096960239318e+03 2.400636399385253639e-01
1.275818318924283858e+03 2.371156981463632962e-01
1.275648663118736067e+03 2.373357010730194061e-01
1.275479007313188276e+03 2.369905933399911180e-01
1.275309351507640486e+03 2.391908498251173742e-01
1.275139940162907578e+03 2.357814779194004617e-01
1.274970284357359787e+03 2.372988857745292890e-01
1.274800873012626880e+03 2.396068394302161286e-01
1.274631461667893973e+03 2.355502680016936246e-01
1.274462172553568507e+03 2.407802376471492312e-01
1.274292761208835600e+03 2.388192163479123664e-01
1.274123594324917804e+03 2.372398926329795932e-01
1.273954427440999780e+03 2.391469939802604028e-01
1.273785260557081756e+03 2.369795401767746112e-01
1.273616215903571174e+03 2.360602973781655844e-01
1.273447171250060592e+03 2.410415588826076150e-01
1.273278248826957679e+03 2.347166531039714676e-01
1.273278126596550237e+03 2.385836563850481651e-01
1.273109204173447097e+03 2.376331899584743501e-01
1.273109081943039655e+03 2.364959558611546275e-01
1.272940403980751398e+03 2.378251867692163235e-01
1.272940281750343956e+03 2.385073282503194225e-01
1.272771481557648485e+03 2.345587848582533497e-01
1.272771359327240816e+03 2.375139362607319171e-01
1.272602559134545345e+03 2.351883893082619137e-01
1.272602436904137903e+03 2.349610357967188146e-01
1.272433636711442205e+03 2.378929420938389327e-01
1.272264958749154175e+03 2.374995019759292836e-01
1.272096280786865918e+03 2.402748619577634581e-01
1.271927602824577662e+03 2.377472406570897978e-01
1.271759047092697074e+03 2.364488894533009478e-01
1.271590491360816259e+03 2.392748276769594840e-01
1.271421935628935671e+03 2.360270126551255176e-01
1.271253502127462298e+03 2.390260125318567630e-01
1.271085068625989152e+03 2.393810263468526822e-01
1.270916757354923220e+03 2.387851012444242027e-01
1.270748446083857516e+03 2.383598297520709008e-01
1.270580134812791812e+03 2.363848487518394048e-01
1.270412068002540764e+03 2.413613432318682528e-01
1.270243878961882501e+03 2.376283663092849663e-01
1.270075689921224239e+03 2.387034214977338531e-01
1.269907623110973191e+03 2.377485700088280141e-01
1.269739678531129812e+03 2.389307981507355627e-01
1.269571611720878991e+03 2.375802097343624741e-01
1.269403667141035385e+03 2.411138383435388888e-01
1.269235844791599447e+03 2.385710362533815798e-01
1.269068022442163510e+03 2.432691251581084457e-01
1.268900200092727573e+03 2.415707015271457425e-01
1.268732377743291636e+03 2.414152254045133228e-01
1.268564799854670582e+03 2.428535009153899860e-01
1.268397099735642087e+03 2.407885229716684727e-01
1.268229399616613364e+03 2.377168428361505770e-01
1.268061943958399752e+03 2.358758644080208855e-01
1.267894366069778698e+03 2.395240742502213471e-01
1.267726910411565086e+03 2.373474195028922873e-01
1.267559454753351474e+03 2.382665017158745180e-01
1.267392243555952746e+03 2.389610873497147736e-01
1.267224787897739134e+03 2.391484222098324841e-01
1.267057454469932964e+03 2.366391853657573707e-01
1.266890243272534462e+03 2.398665630247828473e-01
1.266723032075135734e+03 2.397224118961306105e-01
1.266555943108144447e+03 2.396319275403483440e-01
1.266388976371560602e+03 2.390492355976676642e-01
1.266221887404569316e+03 2.418295668565551559e-01
1.266054920667985698e+03 2.384977210274745740e-01
1.265887953931401853e+03 2.394480031076121340e-01
1.265720987194818008e+03 2.407777926334521978e-01
1.265554142688641605e+03 2.376242904866634198e-01
1.265387298182465429e+03 2.394258063885060239e-01
1.265220698137103909e+03 2.397778665943652299e-01
1.265053853630927506e+03 2.379369902951739557e-01
1.264887131355158772e+03 2.410270562846929532e-01
1.264720531309797252e+03 2.412935199642155526e-01
1.264553931264435732e+03 2.393395957582769296e-01
1.264387453449481882e+03 2.386076226669808786e-01
1.264220975634527804e+03 2.390374952006328879e-01
1.264054497819573953e+03 2.385543515561101280e-01
1.263888142235027317e+03 2.410884858831763844e-01
1.263721786650480908e+03 2.390792942895128004e-01
1.263555431065934272e+03 2.407211549302690767e-01
1.263389197711795305e+03 2.438890374393021532e-01
1.263222964357656338e+03 2.401749379933247330e-01
1.263056853233924585e+03 2.372662155767267245e-01
1.262890619879785618e+03 2.409409419205352787e-01
1.262724630986461534e+03 2.409437917446272392e-01
1.262558519862729781e+03 2.389803147234737246e-01
1.262392530969405698e+03 2.418283933672553121e-01
1.262226664306489056e+03 2.418680394002687140e-01
1.262060797643572187e+03 2.389678824534938184e-01
1.261894930980655545e+03 2.409028831067409337e-01
1.261729064317738903e+03 2.391511367921886067e-01
1.261563442115637145e+03 2.371728361816418384e-01
1.261397819913535386e+03 2.398768012505120284e-01
1.261232075481026186e+03 2.373510767729936077e-01
1.261066453278924200e+03 2.394705845866348659e-01
1.260900953307229884e+03 2.394542142188968437e-01
1.260735453335535567e+03 2.410420530361115643e-01
1.260569953363841250e+03 2.403195003209352976e-01
1.260404453392146934e+03 2.408963743017694115e-01
1.260239075650860059e+03 2.399892970056397845e-01
1.260073820139980626e+03 2.408737889168496293e-01
1.259908442398693751e+03 2.391250782522346130e-01
1.259743309118221759e+03 2.390396154624248315e-01
1.259578053607342326e+03 2.388305157116435151e-01
1.259412920326870562e+03 2.402647971082946532e-01
