# Wavelength, Reflectance
1.644461175374096229e+03 2.611359340141007346e-01
1.643595086506908729e+03 2.741106200281498428e-01
1.642729852131908729e+03 2.744271837289379845e-01
1.641865594319408729e+03 2.731422508823367901e-01
1.641002190999096229e+03 2.761333758235889335e-01
1.640139886311596229e+03 2.612261207949972963e-01
1.639278436116283729e+03 2.692635279683029959e-01
1.638417962483471229e+03 2.766165557907370731e-01
1.637558343342846229e+03 2.713735104423977695e-01
1.636699822835033729e+03 2.741853630790626606e-01
1.635842156819408729e+03 2.804603834601031576e-01
1.634985467366283729e+03 2.626186292213596452e-01
1.634129754475658729e+03 2.750790705233186473e-01
1.633274896077221229e+03 2.660937369778095807e-01
1.632421014241283729e+03 2.619580301095328911e-01
1.631567986897533729e+03 2.528189743364492870e-01
1.630715936116283729e+03 2.567956504025782349e-01
1.629864861897533729e+03 2.585288649424783980e-01
1.629014642170971229e+03 2.563154711057133439e-01
1.628165399006908729e+03 2.585377524734757126e-01
1.627317010335033729e+03 2.554775381342214713e-01
1.626469598225658729e+03 2.591418210267298905e-01
1.625623162678783729e+03 2.636716369782657887e-01
1.624777703694408729e+03 2.591568751528818271e-01
1.623932977131908729e+03 2.584904896640294880e-01
1.623089349202221229e+03 2.544212546333022851e-01
1.622246453694408729e+03 2.583212930439606758e-01
1.621404656819408729e+03 2.523834099915034934e-01
1.620563592366283729e+03 2.505023952953087107e-01
1.619723626545971229e+03 2.517602500027494861e-01
1.618884393147533729e+03 2.586033975720377631e-01
1.618046136311596229e+03 2.481542280547889834e-01
1.617208733967846229e+03 2.514332054825219598e-01
1.616372308186596229e+03 2.526706666176835592e-01
1.615536736897533729e+03 2.511708497474909874e-01
1.614702142170971229e+03 2.528250197848854741e-01
1.613868524006908729e+03 2.515514974466215858e-01
1.613035638264721229e+03 2.527327853039002536e-01
1.612203729085033729e+03 2.537690373358975071e-01
1.611372674397533729e+03 2.537114620208075211e-01
1.610542596272533729e+03 2.530384413431762680e-01
1.609713372639721229e+03 2.538354620558806451e-01
1.608885003499096229e+03 2.482578322052585440e-01
1.608057610920971229e+03 2.562087754879981971e-01
1.607230950764721229e+03 2.513258614314767270e-01
1.606405267170971229e+03 2.482389309564707325e-01
1.605580560139721229e+03 2.502062904949989286e-01
1.604756707600658729e+03 2.511505384268742924e-01
1.603933587483471229e+03 2.481551725489347937e-01
1.603111443928783729e+03 2.514909908428961671e-01
1.602290276936596229e+03 2.520298886133852112e-01
1.601469842366283729e+03 2.515399487328514594e-01
1.600650384358471229e+03 2.523493844254590113e-01
1.599831780842846229e+03 2.471448144606514519e-01
1.599014031819408729e+03 2.495359673720377036e-01
1.598197137288158729e+03 2.473927123252790683e-01
1.597380975178783729e+03 2.460739950536161291e-01
1.596566155842846229e+03 2.475793503517099425e-01
1.595751824788158729e+03 2.491205450821516454e-01
1.594938348225658729e+03 2.451743084944225382e-01
1.594125970295971229e+03 2.455906079000523545e-01
1.593314202717846229e+03 2.509272665455192786e-01
1.592503411702221229e+03 2.535888542653956246e-01
1.591693597249096229e+03 2.492641224146401047e-01
1.590884515217846229e+03 2.435731449789022562e-01
1.590076409749096229e+03 2.469845488360883912e-01
1.589268914631908729e+03 2.428024803037599211e-01
1.588462274006908729e+03 2.446518059954141122e-01
1.587656854085033729e+03 2.485939256203051617e-01
1.586852044514721229e+03 2.450539769836458937e-01
1.586048089436596229e+03 2.467181236522080490e-01
1.585245110920971229e+03 2.448675469325825305e-01
1.584442864827221229e+03 2.451275569825374090e-01
1.583641473225658729e+03 2.473829335460133449e-01
1.582841058186596229e+03 2.456026512941175410e-01
1.582041375569408729e+03 2.454086077708771962e-01
1.581242669514721229e+03 2.514785956124951372e-01
1.580444573811596229e+03 2.481422478679336519e-01
1.579647332600658729e+03 2.496733180677790098e-01
1.578851190022533729e+03 2.526692561797129200e-01
1.578055657795971229e+03 2.558604887248188686e-01
1.577261102131908729e+03 2.447416381513788375e-01
1.576467400960033729e+03 2.480065001025969773e-01
1.575674432210033729e+03 2.506856925533152980e-01
1.574882195881908729e+03 2.426680128790247859e-01
1.574090936116283729e+03 2.475845866331194411e-01
1.573300530842846229e+03 2.496638419849516177e-01
1.572510980061596229e+03 2.469441698458520740e-01
1.571722161702221229e+03 2.496938190363321430e-01
1.570934075764721229e+03 2.518576796732747702e-01
1.570147088460033729e+03 2.503999453365632344e-01
1.569360711506908729e+03 2.458191100010799768e-01
1.568575433186596229e+03 2.461378899373432017e-01
1.567790643147533729e+03 2.466610758589868613e-01
1.567006829670971229e+03 2.528271964935139837e-01
1.566223870686596229e+03 2.464188049047051909e-01
1.565441644124096229e+03 2.434551607461985789e-01
1.564660272053783729e+03 2.454764672549755722e-01
1.563879754475658729e+03 2.431558382691901832e-01
1.563100091389721229e+03 2.460364663058973722e-01
1.562321038655346229e+03 2.455821758181541137e-01
1.561542962483471229e+03 2.422124274356217133e-01
1.560765740803783729e+03 2.435513648563150113e-01
1.559989251545971229e+03 2.484280923994460211e-01
1.559213494710033729e+03 2.420034595849851200e-01
1.558438592366283729e+03 2.435736878925089943e-01
1.557664666585033729e+03 2.423248518760919012e-01
1.556891351155346229e+03 2.448070544390152370e-01
1.556118890217846229e+03 2.434818834423218004e-01
1.555347161702221229e+03 2.405639881251531442e-01
1.554576409749096229e+03 2.443666097030446072e-01
1.553806268147533729e+03 2.391079429356673947e-01
1.553037103108471229e+03 2.400169984992276684e-01
1.553036981038158729e+03 2.420148426889435211e-01
1.552780877522533729e+03 2.381735885859988799e-01
1.552524651936596229e+03 2.374827530549972199e-01
1.552268670491283729e+03 2.378815679428781249e-01
1.552268548420971229e+03 2.461417143339278135e-01
1.552012689045971229e+03 2.380243491075779982e-01
1.551500970295971229e+03 2.404443506805134800e-01
1.550734124592846229e+03 2.450900520217015599e-01
1.549968011311596229e+03 2.402386817404880692e-01
1.549202752522533729e+03 2.428211118976898453e-01
1.548438348225658729e+03 2.440922605670430012e-01
1.547674554280346229e+03 2.405240587384456230e-01
1.546911614827221229e+03 2.429493159410058001e-01
1.546149529866283729e+03 2.425940425517593702e-01
1.545388299397533729e+03 2.409985682593709377e-01
1.544627679280346229e+03 2.424162455445847131e-01
1.543867791585033729e+03 2.434614071746611097e-01
1.543108880452221229e+03 2.460469889231787777e-01
1.542350823811596229e+03 2.434830579586441945e-01
1.541593377522533729e+03 2.446477619647507706e-01
1.540836663655346229e+03 2.418054231344693994e-01
1.540080804280346229e+03 2.417252677222636037e-01
1.539325677327221229e+03 2.409470906105002919e-01
1.538571526936596229e+03 2.445534010023673877e-01
1.537817986897533729e+03 2.420579254663018931e-01
1.537065179280346229e+03 2.433797349442911595e-01
1.536313226155346229e+03 2.404948067312117632e-01
1.535561761311596229e+03 2.439931777621595632e-01
1.534811639241283729e+03 2.445497401577078622e-01
1.534061761311596229e+03 2.396652837382090007e-01
1.533312982014721229e+03 2.401537166622717268e-01
1.532564813069408729e+03 2.442861388033209513e-01
1.531817376545971229e+03 2.452535372778790468e-01
1.531070916585033729e+03 2.436120532348072520e-01
1.530325066975658729e+03 2.491714611221753917e-01
1.529579949788158729e+03 2.427607833257014458e-01
1.528835565022533729e+03 2.430528053432610691e-01
1.528092034749096229e+03 2.441768004468406750e-01
1.527348992756908729e+03 2.455067555202094798e-01
1.526607171467846229e+03 2.456348761837779948e-01
1.525865716389721229e+03 2.447833362207592622e-01
1.525125359944408729e+03 2.409899604315808019e-01
1.524385491780346229e+03 2.415675734299615462e-01
1.523646478108471229e+03 2.396907282897657310e-01
1.522908196858471229e+03 2.463430483624111933e-01
1.522170770100658729e+03 2.402767805570724391e-01
1.521433953694408729e+03 2.437435860419707723e-01
1.520697869710033729e+03 2.409010257716853731e-01
1.519962518147533729e+03 2.397360196851266445e-01
1.519228021077221229e+03 2.408784729195601049e-01
1.518494134358471229e+03 2.404682987898568436e-01
1.517760980061596229e+03 2.402910266019304686e-01
1.517028924397533729e+03 2.385412144139313351e-01
1.516297357014721229e+03 2.382712979661161246e-01
1.515566399983471229e+03 2.425590916516088824e-01
1.515323113850658729e+03 2.376889004279663098e-01
1.515079827717846229e+03 2.386684634071402078e-01
1.514836419514721229e+03 2.356527028001206003e-01
1.514836297444408729e+03 2.397641962196859489e-01
1.514593255452221229e+03 2.371592736411437530e-01
1.514350213460033729e+03 2.359949844815131259e-01
1.514106927327221229e+03 2.397515507067236040e-01
1.513378289631908729e+03 2.413361048593586078e-01
1.512650384358471229e+03 2.442958153248795394e-01
1.511923211506908729e+03 2.416422056837688459e-01
1.511196893147533729e+03 2.426103529101163447e-01
1.510471185139721229e+03 2.410454689985095655e-01
1.509746209553783729e+03 2.422633817494626030e-01
1.509021966389721229e+03 2.445446582396890722e-01
1.508298455647533729e+03 2.432025787613541767e-01
1.507575677327221229e+03 2.438673783592328059e-01
1.506853631428783729e+03 2.460582231313736545e-01
1.506132317952221229e+03 2.445695967309111929e-01
1.505411736897533729e+03 2.437723952649295533e-01
1.504692010335033729e+03 2.458261104395997876e-01
1.503972772053783729e+03 2.460831771609146568e-01
1.503254388264721229e+03 2.495097338531929998e-01
1.502535913759774985e+03 2.357436945019261987e-01
1.501818134373525936e+03 2.416686707509287657e-01
1.501101210359374818e+03 2.403584662449850806e-01
1.500384897325293878e+03 2.444496351039898707e-01
1.499669317467296878e+03 2.391593796201975930e-01
1.498954470785383819e+03 2.439175392365776907e-01
1.498240235083540711e+03 2.478100433090888732e-01
1.497526854753795760e+03 2.430695397577328221e-01
1.496814085404120760e+03 2.458582180850951426e-01
1.496102171426543919e+03 2.423492902403096283e-01
1.495390868429036800e+03 2.420800456026885039e-01
1.494680298607614077e+03 2.404887883424058070e-01
1.493970339766261077e+03 2.382087095974565472e-01
1.493261236297006235e+03 2.424685779884790671e-01
1.492552743807821344e+03 2.440204084037786159e-01
1.491844984494720393e+03 2.411615217800695266e-01
1.491137958357703610e+03 2.421785818424350978e-01
1.490431543200756551e+03 2.429760904410352140e-01
1.489725861219893886e+03 2.457712726237114287e-01
1.489020912415114935e+03 2.450397464658655433e-01
1.488316696786420152e+03 2.413360069100471128e-01
1.487613092137795320e+03 2.393011415984348522e-01
1.486910220665254656e+03 2.428102199175030951e-01
1.486207960172783714e+03 2.421683288091372732e-01
1.485506555052410931e+03 2.429749806183803817e-01
1.484805760912108326e+03 2.423501672859907918e-01
1.484105699947889434e+03 2.453424305971708408e-01
1.483406249963740720e+03 2.427224998778454990e-01
1.482707655351690164e+03 2.385185452627139602e-01
1.482009549523695341e+03 2.406316231553925766e-01
1.481312299067798676e+03 2.421659572459951004e-01
1.480615659591971962e+03 2.424904746604076289e-01
1.479919631096215426e+03 2.427503200495654267e-01
1.479224457972556593e+03 2.425082405011073361e-01
1.478529773632953948e+03 2.372807869442037088e-01
1.477835944665449460e+03 2.473662092002566482e-01
1.477142726678014697e+03 2.421474315566095881e-01
1.476450241866664101e+03 2.460077902138428085e-01
1.475758368035383683e+03 2.408405483278293346e-01
1.475067227380186978e+03 2.406836639536224232e-01
1.474376697705060451e+03 2.497669829161838218e-01
1.473686901206017865e+03 2.448977658757700016e-01
1.472997715687045456e+03 2.448631517174391092e-01
1.472309263344156761e+03 2.435809509041905740e-01
1.471621544177352234e+03 2.344795230882689430e-01
1.470934435990617885e+03 2.377515471367367406e-01
1.470248060979967249e+03 2.388745009853295298e-01
1.469562296949386791e+03 2.397565636895068186e-01
1.468877143898876284e+03 2.418746315097696220e-01
1.468192724024449944e+03 2.422007506958803735e-01
1.467509037326107546e+03 2.444746870510725312e-01
1.466825961607835097e+03 2.424009987246762698e-01
1.466143496869632600e+03 2.403781715482294634e-01
1.465461765307514270e+03 2.359268424112271334e-01
1.464780644725465891e+03 2.398859426270906203e-01
1.464100257319501452e+03 2.427228567614402865e-01
1.463420480893606964e+03 2.424713072607476150e-01
1.462741437643796644e+03 2.412284589307094329e-01
1.462063005374056274e+03 2.417528869635079680e-01
1.461385184084386083e+03 2.371601519215224552e-01
1.460707973774785614e+03 2.404526997253781662e-01
1.460031618837283304e+03 2.398862092969611948e-01
1.459355752683836954e+03 2.378681129086705759e-01
1.458680619706474772e+03 2.411555084294337015e-01
1.458006097709182541e+03 2.405944915062458445e-01
1.457332308887974250e+03 2.395081521757068677e-01
1.456659131046835910e+03 2.402322170333430484e-01
1.455986564185767747e+03 2.383728750496442172e-01
1.455314730500783526e+03 2.372347073259414851e-01
1.454643507795869255e+03 2.396766734711264779e-01
1.453972896071025161e+03 2.437130032522932255e-01
1.453302895326250791e+03 2.426426327304431751e-01
1.452633749953574807e+03 2.406460493992042537e-01
1.451965093364954555e+03 2.404536704193567243e-01
1.451297047756404481e+03 2.407843743309031614e-01
1.450629735323938348e+03 2.452364315524646621e-01
1.449963033871542166e+03 2.418267840607764840e-01
1.449296943399215934e+03 2.405506662475225821e-01
1.448631586102973870e+03 2.402697380272934002e-01
1.447966839786801756e+03 2.437178515254076194e-01
1.447302582254685603e+03 2.470513382238035127e-01
1.446639180094667609e+03 2.457019243469791281e-01
1.445976266718705574e+03 2.381675804625777715e-01
1.445314208714841470e+03 2.427219887819009603e-01
1.444652517299019337e+03 2.426503009158862412e-01
1.443991559059281371e+03 2.437959638614303204e-01
1.443331333995627347e+03 2.466877843145233173e-01
1.442671597716029282e+03 2.467238114627174073e-01
1.442012594612515386e+03 2.417204220164790029e-01
1.441354202489071440e+03 2.428022262767076944e-01
1.440696421345697445e+03 2.425411023213365214e-01
1.440039128986379410e+03 2.428120929098328828e-01
1.439382814195173523e+03 2.391259413560981317e-01
1.439382691999159533e+03 2.436458533520878267e-01
1.439164083330109634e+03 2.404319361287063084e-01
1.438945352465045517e+03 2.409191515550429818e-01
1.438726865992009607e+03 2.394884591839355759e-01
1.438726743795995617e+03 2.434109841032512100e-01
1.438508257322959707e+03 2.416192976365539591e-01
1.438289893045937561e+03 2.415358597326092427e-01
1.438071650964929631e+03 2.446274544806152917e-01
1.438071528768915641e+03 2.427206498165956627e-01
1.437853286687907712e+03 2.369921774955298654e-01
1.437635166802913773e+03 2.386179009541063434e-01
1.437417046917919834e+03 2.420192761819378591e-01
1.437416924721905843e+03 2.390608071902923237e-01
1.437198682640897687e+03 2.401078739696259068e-01
1.436980807147931728e+03 2.436166946199274652e-01
1.436763053850979759e+03 2.419294563023047240e-01
1.436762931654965769e+03 2.389619915381474557e-01
1.436545056161999810e+03 2.426819792370752404e-01
1.436327180669033851e+03 2.441279359823622652e-01
1.436109549568095872e+03 2.432789313962307465e-01
1.435891918467157893e+03 2.420918537075084920e-01
1.435674287366220142e+03 2.426881190646910380e-01
1.435456778461296153e+03 2.440352157212585249e-01
1.435239391752386155e+03 2.431236857918638306e-01
1.435022005043476156e+03 2.417209647272110518e-01
1.434804618334566158e+03 2.429771836335973823e-01
1.434587476017684367e+03 2.440938457257394445e-01
1.434370211504788358e+03 2.445585005637705700e-01
1.434153069187906340e+03 2.455683078945253561e-01
1.433936049067038311e+03 2.428251135815961970e-01
1.433719151142184501e+03 2.446828407614727308e-01
1.433502253217330463e+03 2.447664345962416721e-01
1.433285355292476652e+03 2.434410925939149706e-01
1.433068701759650594e+03 2.435459737076681175e-01
1.432851926030810773e+03 2.457527823549119639e-01
1.432635272497984715e+03 2.452181680058352631e-01
1.432418741161172875e+03 2.430361293860830996e-01
1.432202332020374797e+03 2.424464307541468189e-01
1.431985922879576947e+03 2.408746503456883625e-01
1.431769513738778869e+03 2.409366792233197108e-01
1.431553226793995009e+03 2.427782594869511701e-01
1.431337062045225139e+03 2.395649562678719702e-01
1.431120897296455269e+03 2.315868981723981090e-01
1.430904854743699161e+03 2.298176529006924762e-01
1.430688934386957271e+03 2.333714624778611413e-01
1.430472891834201391e+03 2.390432457070209293e-01
1.430256971477459501e+03 2.421204966918099333e-01
1.430041051120717611e+03 2.348431770959120146e-01
1.429825497352017692e+03 2.395846959632538520e-01
1.429609821387303555e+03 2.361116314209284472e-01
1.429394267618603635e+03 2.402329486846511708e-01
1.429178836045917933e+03 2.391476277148720520e-01
1.428963282277217786e+03 2.434869691630776600e-01
1.428747850704532084e+03 2.377703189822913676e-01
1.428532541327860145e+03 2.375475464087086763e-01
1.428317354147202195e+03 2.409085335981960285e-01
1.428102166966544246e+03 2.438624095478798270e-01
1.427886979785886297e+03 2.431125692582223607e-01
1.427671914801242337e+03 2.459325837768408796e-01
1.427457094208626586e+03 2.426741785767090875e-01
1.427242029223982627e+03 2.436802970501373011e-01
1.427027208631366648e+03 2.420841402273618270e-01
1.426812510234764659e+03 2.473814564197528987e-01
1.426597811838162897e+03 2.424182314953903794e-01
1.426383113441560909e+03 2.436397528506465682e-01
1.426168537240973137e+03 2.452253534209609398e-01
1.425954083236399129e+03 2.455788536718045423e-01
1.425739629231825120e+03 2.433501849186536226e-01
1.425525297423265329e+03 2.419686518728736691e-01
1.425310965614705538e+03 2.418026871338649630e-01
1.425096756002159509e+03 2.380038026080571190e-01
1.424882546389613708e+03 2.417439291687896730e-01
1.424668458973081670e+03 2.398617804367754736e-01
1.424454249360535869e+03 2.447674668564158440e-01
1.424240528532046028e+03 2.412343996089236220e-01
1.424026563311527980e+03 2.358263186631699149e-01
1.423812720287024149e+03 2.402936395139613490e-01
1.423598999458534308e+03 2.394125216057990668e-01
1.423385278630044468e+03 2.391467938334283783e-01
1.423171679997568390e+03 2.379220957404167280e-01
1.422957959169078549e+03 2.390227115943266700e-01
1.422744727124644669e+03 2.410808299150232759e-01
1.422531250688182809e+03 2.345845181423995285e-01
1.422317896447734938e+03 2.385591940859737581e-01
1.422104542207287068e+03 2.407621501556699850e-01
1.421891432358867178e+03 2.427276326328461631e-01
1.421678200314433298e+03 2.413195277275823059e-01
1.421465090466013407e+03 2.397833592895111943e-01
1.421251980617593517e+03 2.375029326661806106e-01
1.421039115161201607e+03 2.340404484248747030e-01
1.420826249704809698e+03 2.382675007104685105e-01
1.420613384248418015e+03 2.406020998517933163e-01
1.420400763184054085e+03 2.431717529501368213e-01
1.420187897727662175e+03 2.383527208545573872e-01
1.419975398859312236e+03 2.412707975533347760e-01
1.419762777794948533e+03 2.435998501069527311e-01
1.419550401122612584e+03 2.407165999919272381e-01
1.419337902254262644e+03 2.409947242123985922e-01
1.419125525581926922e+03 2.396658543478699943e-01
1.418913271105604963e+03 2.383388901905708901e-01
1.418701138825297221e+03 2.382961564093224460e-01
1.418489006544989252e+03 2.384754758088138693e-01
1.418276874264681510e+03 2.375696771246634531e-01
1.418064741984373541e+03 2.381461069129668651e-01
1.417852976292107769e+03 2.406668187572897633e-01
1.417640966207813790e+03 2.376614456974626144e-01
1.417429078319534028e+03 2.392056146823072493e-01
1.417217434823282019e+03 2.389065371277155625e-01
1.417005791327030238e+03 2.403465418156467415e-01
1.416794147830778456e+03 2.411775117465213558e-01
1.416582504334526675e+03 2.421897410538123296e-01
1.416371105230302646e+03 2.389559846601724824e-01
1.416159706126078845e+03 2.413776206592794793e-01
1.415948307021855044e+03 2.393939964738175108e-01
1.415737030113645233e+03 2.397186756396284812e-01
1.415525753205435421e+03 2.395215797552309178e-01
1.415314720689253591e+03 2.419213904301981688e-01
1.415103565977057542e+03 2.422819387835025984e-01
1.414892533460875711e+03 2.407876703472288382e-01
1.414681500944693880e+03 2.432356751946417039e-01
1.414470712820540029e+03 2.408676098607784866e-01
1.414259924696386179e+03 2.387744648285902993e-01
1.414049136572232555e+03 2.401723046064728473e-01
1.413838470644092695e+03 2.380195105099838226e-01
1.413627926911966824e+03 2.373131249738467952e-01
1.413417260983826964e+03 2.405520571998666923e-01
1.413206595055687103e+03 2.411005379605850041e-01
1.412996417911603203e+03 2.390999782663029150e-01
1.412785996375491550e+03 2.397122217571212854e-01
1.412575697035393659e+03 2.410290195932222324e-01
1.412365397695295769e+03 2.393045481999397373e-01
1.412155342747226086e+03 2.440977729920870698e-01
1.411945287799156176e+03 2.415282612870029155e-01
1.411735232851086266e+03 2.406082102875935491e-01
1.411525177903016584e+03 2.435394533700972752e-01
1.411315367346974654e+03 2.432363798817691602e-01
1.411105556790932951e+03 2.389611370343702190e-01
1.410895746234891021e+03 2.415781139343010087e-01
1.410685935678849319e+03 2.412712968205950881e-01
1.410476369514835369e+03 2.386421041686629940e-01
1.410266803350821647e+03 2.405189500982580220e-01
1.410057359382821915e+03 2.409096124723305588e-01
1.409847793218807965e+03 2.401711504830771060e-01
1.409638593642836213e+03 2.386875907043356226e-01
1.409429149674836481e+03 2.412094999713985943e-01
1.409219950098864501e+03 2.380331185097116220e-01
1.409010750522892749e+03 2.387716019159845937e-01
1.408801673142934987e+03 2.385454660898241042e-01
1.408592595762977226e+03 2.379660777068426936e-01
1.408383640579033226e+03 2.376218624271074220e-01
1.408174685395089455e+03 2.387571617206226959e-01
1.407965852407159673e+03 2.385529300036806355e-01
1.407757019419229891e+03 2.390671654557625092e-01
1.407548308627314100e+03 2.408513518052028957e-01
1.407339597835398308e+03 2.398369963957953099e-01
1.407131009239496507e+03 2.384234098567777071e-01
1.406922542839608695e+03 2.375954905820858443e-01
1.406714076439720884e+03 2.388610557953975144e-01
1.406505610039833073e+03 2.382164834977282541e-01
1.406297265835959479e+03 2.400349605121326058e-01
1.406089166024113638e+03 2.404034747240311465e-01
1.405880821820239817e+03 2.409988712596883020e-01
1.405672722008393976e+03 2.446301707567405115e-01
1.405464622196548135e+03 2.435974838741201964e-01
1.405256644580716511e+03 2.448257982879234740e-01
1.405048666964884660e+03 2.409597280072179881e-01
1.404840811545066799e+03 2.392760498626558541e-01
1.404632956125249166e+03 2.376535960445375073e-01
1.404425345097459285e+03 2.396785686004006266e-01
1.404217611873655414e+03 2.391358032850973425e-01
1.404009878649851771e+03 2.419535356080893818e-01
1.403802389818075881e+03 2.416250578775439306e-01
1.403594900986300217e+03 2.394092385139237333e-01
1.403387534350538317e+03 2.425173221290541914e-01
1.403180045518762654e+03 2.426571623528757937e-01
1.402972801079014971e+03 2.396614921742837023e-01
1.402765678835281051e+03 2.404243096352539633e-01
1.402558434395533368e+03 2.431587644298338069e-01
1.402351312151799448e+03 2.422200474405058757e-01
1.402144189908065755e+03 2.429422539449880847e-01
1.401937312056360042e+03 2.418543076411103498e-01
1.401730434204654330e+03 2.410373815662421870e-01
1.401523556352948390e+03 2.416921935133460597e-01
1.401316678501242677e+03 2.436977096687419908e-01
1.401109922845550955e+03 2.379633650981081705e-01
1.400903289385873222e+03 2.407074044186180983e-01
1.400696778122209480e+03 2.386023934348697473e-01
1.400490266858545738e+03 2.401753623908701452e-01
1.400283755594881995e+03 2.432192952016101195e-01
1.400077366527232243e+03 2.409422143303631692e-01
1.399871099655596481e+03 2.397489448117806066e-01
1.399664710587946729e+03 2.380941599839099809e-01
1.399458565912324957e+03 2.390694540079253971e-01
1.399252421236703185e+03 2.393815833202772858e-01
1.399046398757095403e+03 2.427322551267393491e-01
1.398840254081473631e+03 2.415656405716065658e-01
1.398634353797879839e+03 2.435677738366633094e-01
1.398428575710300265e+03 2.377660632410517338e-01
1.398222553230692483e+03 2.421473217155616642e-01
1.398016897339126672e+03 2.412443634032911122e-01
1.397811119251546870e+03 2.406685656396481965e-01
1.397605463359981059e+03 2.417280289730298903e-01
1.397400051860443455e+03 2.370105387764530891e-01
1.397194518164891633e+03 2.372474719260782017e-01
1.396988984469340039e+03 2.420561380449005040e-01
1.396783450773788218e+03 2.411994064068692378e-01
1.396578405862292584e+03 2.419433950438401315e-01
1.396373116558768743e+03 2.408921499901983121e-01
1.396167827255244902e+03 2.443928100868589803e-01
1.395962782343749268e+03 2.423945410528960676e-01
1.395757737432253634e+03 2.437883541467697757e-01
1.395552692520757773e+03 2.427908278413930532e-01
1.395347769805276130e+03 2.418887599108308084e-01
1.395142847089794259e+03 2.393638984182775153e-01
1.394938046570326605e+03 2.432957767428668705e-01
1.394733368246872942e+03 2.393924092719565688e-01
1.394528689923419279e+03 2.380568159555036256e-01
1.394324011599965388e+03 2.405767817979420353e-01
1.394119333276511725e+03 2.443644566359232939e-01
1.393915021541100032e+03 2.415704736470208058e-01
1.393710587609674349e+03 2.441548019924268398e-01
1.393506153678248666e+03 2.390341052909902009e-01
1.393301841942836745e+03 2.435293072398677650e-01
1.393097652403439042e+03 2.431507271388938796e-01
1.392893462864041339e+03 2.442492558706104711e-01
1.392689395520657627e+03 2.436147026792929438e-01
1.392485328177273914e+03 2.395804798428237403e-01
1.392281260833890201e+03 2.387880173895264579e-01
1.392077437882534468e+03 2.399044687661378294e-01
1.391873492735164746e+03 2.378534217305373066e-01
1.391669669783809240e+03 2.423030582188472892e-01
1.391465846832453508e+03 2.397435605892841437e-01
1.391262390469139746e+03 2.417305943557430947e-01
1.391058689713798003e+03 2.367552513050814600e-01
1.390855111154470251e+03 2.397629013624933136e-01
1.390651654791156716e+03 2.384209118269969563e-01
1.390448198427842954e+03 2.420859913137786423e-01
1.390244864260543181e+03 2.386415782944167063e-01
1.390041530093243409e+03 2.412657884638708949e-01
1.389838318121957855e+03 2.395340912056708738e-01
1.389635106150672073e+03 2.423122243772294349e-01
1.389432138571414498e+03 2.422755039130443933e-01
1.389229048796142706e+03 2.408102833919475161e-01
1.389025959020870914e+03 2.411195325621398322e-01
1.388822991441613340e+03 2.427284852598816378e-01
1.388620146058369528e+03 2.427472136057659269e-01
1.388417422871139934e+03 2.411010809591627446e-01
1.388214699683910339e+03 2.399506054798029309e-01
1.388011976496680518e+03 2.391284913290755987e-01
1.387809375505464914e+03 2.382971257378810326e-01
1.387606896710263300e+03 2.412225092863496401e-01
1.387404295719047468e+03 2.410271442122101926e-01
1.387201939119859844e+03 2.399967495986619626e-01
1.386999582520672220e+03 2.420191849850159005e-01
1.386797225921484369e+03 2.416683551615762815e-01
1.386594991518310735e+03 2.400096221694962284e-01
1.386392879311151091e+03 2.420696800076624078e-01
1.386190644907977457e+03 2.416348935931145470e-01
1.385988654896831804e+03 2.423998472587237385e-01
1.385786664885686150e+03 2.465948568067993785e-01
1.385584797070554487e+03 2.432655424257703647e-01
1.385382929255422823e+03 2.428090952184281115e-01
1.385181061440290932e+03 2.442273781915589026e-01
1.384979315821173259e+03 2.421605054476447805e-01
1.384777570202055585e+03 2.384651383063873531e-01
1.384576068974966120e+03 2.422382289465358773e-01
1.384374445551862436e+03 2.432090428296166673e-01
1.384172944324772743e+03 2.434113070679276014e-01
1.383971443097683050e+03 2.451340391389932871e-01
1.383770186262621337e+03 2.423446768318532341e-01
1.383568807231545634e+03 2.427670320460652009e-01
1.383367550396484148e+03 2.438371136303559283e-01
1.383166293561422435e+03 2.450992973416105669e-01
1.382965281118388702e+03 2.421156597625967466e-01
1.382764268675354970e+03 2.413830772026947513e-01
1.382563134036307474e+03 2.415256670113617443e-01
1.382362243789287731e+03 2.432622019086901066e-01
1.382161353542267989e+03 2.442618324271472741e-01
1.381960585491262464e+03 2.406328993042538555e-01
1.381759817440256711e+03 2.423239237730681617e-01
1.381559049389251186e+03 2.453719692150368448e-01
1.381358403534259423e+03 2.462848087358876781e-01
1.381157757679267888e+03 2.452939547693495925e-01
1.380957356216304106e+03 2.423246103667575091e-01
1.380756954753340551e+03 2.407960359730495770e-01
1.380556553290376769e+03 2.412569008505547064e-01
1.380356151827413214e+03 2.406180102398428611e-01
1.380155872560463649e+03 2.398327125587784436e-01
1.379955715489527847e+03 2.438555029033146471e-01
1.379755558418592273e+03 2.413137221376682462e-01
1.379555401347656698e+03 2.437313106683002550e-01
1.379355366472735113e+03 2.424257944064108772e-01
1.379155575989841282e+03 2.429916249073533208e-01
1.378955663310933687e+03 2.419989374816585992e-01
1.378755750632026093e+03 2.426238696438936526e-01
1.378555960149132488e+03 2.402462670603262296e-01
1.378356169666238884e+03 2.440683824126148316e-01
1.378156501379359270e+03 2.448974900416221734e-01
1.377956955288493646e+03 2.431734914741367493e-01
1.377757409197628022e+03 2.440381488088329553e-01
1.377557985302776387e+03 2.428877178077403776e-01
1.377358561407924753e+03 2.410631226555118856e-01
1.377159259709087110e+03 2.424824044956170044e-01
1.376959958010249466e+03 2.455543469183637806e-01
1.376760656311411822e+03 2.405717319615533756e-01
1.376561476808588168e+03 2.474355113101022741e-01
1.376362297305764514e+03 2.487019803027386289e-01
1.376163362194968840e+03 2.447507569883641265e-01
1.375964304888159404e+03 2.469480363730128802e-01
1.375765369777363730e+03 2.407596369950626147e-01
1.375566434666568057e+03 2.436443808637693831e-01
1.375367621751786373e+03 2.410165721369112724e-01
1.375169053229032897e+03 2.459891920714281366e-01
1.374970362510265204e+03 2.463183810241728611e-01
1.374771671791497511e+03 2.437203577993095616e-01
1.374573103268744035e+03 2.438543060127290329e-01
1.374374534745990331e+03 2.412718053677067320e-01
1.374176210615264836e+03 2.452472492406591320e-01
1.373977764288525123e+03 2.414680717594687442e-01
1.373779440157799627e+03 2.450908419973069075e-01
1.373581116027073904e+03 2.438344667845159519e-01
1.373382914092362398e+03 2.460680703548615567e-01
1.373184834353664655e+03 2.409657654031881757e-01
1.372986632418953150e+03 2.402411874531264202e-01
1.372788674876269397e+03 2.402964971225675095e-01
1.372590717333585872e+03 2.423537944503891262e-01
1.372392759790902346e+03 2.451601995803269762e-01
1.372195046640246801e+03 2.441573605467520502e-01
1.371997211293577038e+03 2.426356600909662653e-01
1.371799498142921493e+03 2.408688068307745511e-01
1.371601662796251958e+03 2.402112076619481451e-01
1.371404194037624393e+03 2.424786616256901506e-01
1.371206725278996601e+03 2.423906241412121521e-01
1.371009256520369036e+03 2.421896856812982834e-01
1.370811787761741471e+03 2.443949340471017750e-01
1.370614319003113906e+03 2.412365022306290074e-01
1.370416972440500331e+03 2.453996048422713849e-01
1.370219870269914736e+03 2.420849643069242774e-01
1.370022645903315151e+03 2.389096165455636689e-01
1.369825543732729557e+03 2.397731669789418818e-01
1.369628441562143962e+03 2.413331846839913419e-01
1.369431461587572358e+03 2.421518509371287375e-01
1.369234603809014743e+03 2.469610598604573826e-01
1.369037501638429148e+03 2.471327599804596098e-01
1.368840766055885751e+03 2.424175203581191151e-01
1.368644030473342127e+03 2.388737218952735886e-01
1.368447294890798503e+03 2.458898200840767545e-01
1.368250681504268869e+03 2.410868573266280179e-01
1.368054068117739234e+03 2.430834368616229535e-01
1.367857454731209828e+03 2.460065064910205712e-01
1.367661085736708173e+03 2.457781690092148974e-01
1.367464594546192529e+03 2.416497612657919070e-01
1.367268225551691103e+03 2.437920563716928224e-01
1.367072100949217429e+03 2.395955029440397788e-01
1.366875731954715775e+03 2.425264988281889689e-01
1.366679607352242328e+03 2.418150560117751924e-01
1.366483360553754665e+03 2.439802705046057174e-01
1.366287358147295208e+03 2.456477000482191475e-01
1.366091477936849515e+03 2.464119511332409362e-01
1.365895475530390058e+03 2.460567570860140996e-01
1.365699595319944365e+03 2.480466486619120892e-01
1.365503715109498899e+03 2.455677148229938600e-01
1.365307957095067422e+03 2.410991692843292566e-01
1.365112443472663699e+03 2.432746496912725487e-01
1.364916685458232223e+03 2.437712145798577590e-01
1.364721171835828727e+03 2.438750381128834965e-01
1.364525536017411014e+03 2.426080708366886718e-01
1.364330144591021508e+03 2.441837720160127956e-01
1.364134753164632002e+03 2.451165904132531492e-01
1.363939361738242496e+03 2.432080375526882443e-01
1.363744092507866981e+03 2.410594415332369400e-01
1.363548823277491238e+03 2.409433888382619959e-01
1.363353676243129712e+03 2.403240312187565342e-01
1.363158529208768186e+03 2.430572716813409195e-01
1.362963504370420651e+03 2.453724161092877276e-01
1.362768601728087106e+03 2.429013038172761763e-01
1.362573454693725580e+03 2.474553341134524687e-01
1.362378674247406025e+03 2.430667173613344223e-01
1.362183893801086469e+03 2.416952000864477923e-01
1.361989235550780904e+03 2.428351787591373490e-01
1.361794455104461349e+03 2.431727055681106031e-01
1.361599796854155784e+03 2.462334951121442905e-01
1.361405138603850219e+03 2.441013890415321963e-01
1.361210602549558871e+03 2.411858441669645081e-01
1.361016188691281286e+03 2.447950923625217545e-01
1.360821897029017691e+03 2.461248281999063869e-01
1.360627483170740106e+03 2.461386072686790327e-01
1.360433191508476511e+03 2.470301339970182031e-01
1.360238899846213144e+03 2.444319263684091581e-01
1.360044608183949549e+03 2.454962077375015816e-01
1.359850683109727925e+03 2.457618164884333711e-01
1.359656635839492537e+03 2.455006199062486627e-01
1.359462588569256923e+03 2.433647996301048777e-01
1.359268663495035526e+03 2.443442701892034330e-01
1.359074738420813901e+03 2.443266842346629719e-01
1.358880935542606267e+03 2.430960605405003971e-01
1.358687254860412850e+03 2.432587082476614926e-01
1.358493451982205215e+03 2.427583989728134550e-01
1.358299771300011798e+03 2.471806953730860401e-01
1.358106212813832371e+03 2.440601445614542508e-01
1.357912654327652717e+03 2.447388201516090822e-01
1.357719218037487281e+03 2.452148941184594810e-01
1.357525781747321616e+03 2.434881555071561898e-01
1.357332467653170170e+03 2.479194579074489591e-01
1.357139153559018723e+03 2.430671178195032978e-01
1.356945839464867049e+03 2.432833981076046592e-01
1.356752647566729593e+03 2.419434230035890643e-01
1.356559577864606126e+03 2.433651751447588885e-01
1.356366508162482660e+03 2.417244477552999427e-01
1.356173560656373184e+03 2.451619802790814262e-01
1.355980490954249490e+03 2.467028042226118711e-01
1.355787665644154004e+03 2.464263310749584823e-01
1.355594718138044527e+03 2.437045647968192064e-01
1.355402137219977021e+03 2.453112603161444472e-01
1.355209311909881535e+03 2.465644753187468396e-01
1.355016608795800039e+03 2.437496238373727808e-01
1.354824027877732533e+03 2.443152090753437367e-01
1.354631446959665027e+03 2.431962544890769184e-01
1.354439110433625501e+03 2.408864506678299044e-01
1.354246651711571985e+03 2.423827454718580354e-01
1.354054192989518469e+03 2.433939487891624009e-01
1.353861856463478944e+03 2.446649552623478274e-01
1.353669519937439418e+03 2.451506510113042048e-01
1.353477305607414110e+03 2.430375149264135393e-01
1.353285335669416554e+03 2.418276039549924761e-01
1.353093243535405009e+03 2.450314799516913056e-01
1.352901151401393463e+03 2.452897521618714327e-01
1.352709181463396135e+03 2.449762339497698893e-01
1.352517211525398579e+03 2.428120528748177465e-01
1.352325363783415014e+03 2.418138970186329006e-01
1.352133638237445666e+03 2.420798244876243011e-01
1.351941912691476091e+03 2.442304344618262124e-01
1.351750187145506516e+03 2.438241426925263633e-01
1.351558461599537168e+03 2.435313828595937480e-01
1.351366858249581583e+03 2.427681878608733412e-01
1.351175254899626225e+03 2.431897997177250026e-01
1.350984018137712610e+03 2.445520148886077272e-01
1.350792536983771242e+03 2.406679603498201037e-01
1.350601178025843637e+03 2.434770740527337218e-01
1.350409941263930250e+03 2.416739438687977581e-01
1.350218704502016635e+03 2.449401311141213011e-01
1.350027467740103248e+03 2.399618488209767919e-01
1.349836475370217840e+03 2.430121197782366127e-01
1.349645360804318216e+03 2.431518266318883348e-01
1.349454368434432808e+03 2.421652331507379019e-01
1.349263376064547401e+03 2.436578077433997347e-01
1.349072505890675757e+03 2.447308851936477736e-01
1.348881635716804340e+03 2.434437453286712461e-01
1.348690887738946913e+03 2.451133357951343072e-01
1.348500261957103476e+03 2.398514202940679463e-01
1.348309513979246049e+03 2.404486165392695773e-01
1.348118888197402384e+03 2.411063759562404873e-01
1.347928384611572938e+03 2.401897751288673277e-01
1.347737881025743491e+03 2.421051076435785376e-01
1.347547499635928034e+03 2.451681121558950960e-01
1.347356996050098587e+03 2.407370674257146570e-01
1.347166736856297121e+03 2.426852875249431163e-01
1.346976477662495654e+03 2.448879632606471568e-01
1.346786218468694187e+03 2.441400273553035460e-01
1.346596081470906711e+03 2.416305119232795007e-01
1.346406066669133224e+03 2.434483117652283812e-01
1.346216051867359965e+03 2.441200675971029466e-01
1.346026037065586479e+03 2.423194482324411980e-01
1.345836144459826983e+03 2.452787580990530847e-01
1.345646251854067486e+03 2.433407195617827701e-01
1.345456359248307990e+03 2.431108241190921004e-01
1.345266711034576474e+03 2.409030232712848496e-01
1.345076940624831195e+03 2.422579977772081894e-01
1.344887292411099679e+03 2.444209394057387519e-01
1.344697766393382153e+03 2.423280295483749569e-01
1.344508118179650864e+03 2.431561738905306247e-01
1.344318714357947329e+03 2.411704431373184743e-01
1.344129188340229803e+03 2.422101160752318239e-01
1.343940028910554474e+03 2.422615070474687660e-01
1.343750625088850938e+03 2.426013650713078618e-01
1.343561343463161620e+03 2.427019134775131315e-01
1.343372184033486064e+03 2.414944181256915012e-01
1.343183024603810736e+03 2.420110614577171415e-01
1.342993987370149171e+03 2.451163096797111252e-01
1.342804950136487832e+03 2.397969101547563764e-01
1.342616035098840257e+03 2.428767095139386933e-01
1.342426997865178919e+03 2.431195377853546946e-01
1.342238205023545561e+03 2.447754772126109757e-01
1.342049412181911975e+03 2.424807608058138220e-01
1.341860619340278618e+03 2.445491507408580345e-01
1.341671948694659250e+03 2.435019743902763489e-01
1.341483400245053645e+03 2.420295504387623975e-01
1.341294851795448267e+03 2.435847959373828031e-01
1.341106303345842889e+03 2.394172984056433529e-01
1.340917754896237511e+03 2.428280354178484757e-01
1.340729328642645896e+03 2.415433088868839395e-01
1.340541024585068499e+03 2.450802164211749179e-01
1.340352720527491101e+03 2.425110229160828412e-01
1.340164538665927694e+03 2.436447272611078629e-01
1.339976356804364286e+03 2.410346928616496354e-01
1.339788174942800879e+03 2.434756791940701770e-01
1.339600115277251462e+03 2.419188694141798102e-01
1.339412055611702044e+03 2.395863003131142588e-01
1.339223995946152627e+03 2.404356211500719154e-01
1.339036180672631190e+03 2.418569285371860167e-01
1.338848365399109753e+03 2.440176983589493476e-01
1.338660427929574325e+03 2.442033713037337628e-01
1.338472734852066878e+03 2.442746559703687093e-01
1.338285041774559431e+03 2.434581006047734086e-01
1.322348970804473538e+03 2.409361800512987706e-01
1.322166043371512160e+03 2.403291054953685113e-01
1.321983115938550782e+03 2.417994262328188038e-01
1.321800188505589404e+03 2.398735484012804453e-01
1.321617505464656233e+03 2.417214659773536667e-01
1.304847813287046847e+03 2.443070987116784110e-01
1.304669895890659745e+03 2.448635444227797719e-01
1.304492100690286406e+03 2.444576172911882006e-01
1.304314305489913295e+03 2.467139504720714249e-01
1.304136510289539956e+03 2.447387859367403384e-01
1.286963571265723431e+03 2.446628639589558118e-01
1.286790908297938358e+03 2.442905674554182172e-01
1.286618123134139068e+03 2.471165399076705460e-01
1.286445460166353996e+03 2.476393274857671967e-01
1.286272797198568924e+03 2.462444120076862086e-01
1.286100256426797841e+03 2.472002165702398557e-01
1.285927715655026532e+03 2.496800485962986371e-01
1.285755174883255449e+03 2.475281601263395748e-01
1.285582756307498357e+03 2.484233282045629487e-01
1.285410337731741265e+03 2.482847521389126011e-01
1.285238163548011926e+03 2.493950955821313542e-01
1.285065867168268824e+03 2.505607214652124659e-01
1.284893570788525722e+03 2.474352895534167873e-01
1.284721396604796610e+03 2.498626764080233986e-01
1.284549222421067498e+03 2.487354036370844068e-01
1.284377170433352376e+03 2.506028202823154527e-01
1.284205118445637254e+03 2.496638572888161267e-01
1.284033066457922132e+03 2.514656317251643958e-01
1.283861136666221000e+03 2.507220055037477358e-01
1.283689206874519869e+03 2.512028170724997511e-01
1.283517399278832727e+03 2.538375674402529314e-01
1.283345591683145585e+03 2.526021504862083211e-01
1.283173784087458444e+03 2.551829840503456737e-01
1.283002098687785292e+03 2.565014289948157611e-01
1.282830413288112140e+03 2.568270743162450187e-01
1.282658972280467196e+03 2.592418110597064507e-01
1.282487409076808035e+03 2.635941621099828214e-01
1.282315845873148874e+03 2.598702920106396586e-01
1.282144404865503702e+03 2.521232963569370322e-01
1.281973086053872521e+03 2.496323756671444682e-01
1.281801645046227577e+03 2.493779158992622813e-01
1.281630326234596396e+03 2.476652597464591155e-01
1.281459007422965215e+03 2.485081964427073298e-01
1.281287810807348251e+03 2.501433462330666102e-01
1.281116614191731060e+03 2.477225608683322478e-01
1.280945417576113869e+03 2.455741841737868192e-01
1.280774465352524885e+03 2.479928523661730222e-01
1.280603390932921684e+03 2.481273858162330037e-01
1.280432316513318483e+03 2.495246569030671047e-01
1.280261486485743490e+03 2.498085268659632208e-01
1.280090534262154279e+03 2.482587841153884589e-01
1.279919826430593275e+03 2.458231214173967338e-01
1.279748996403018054e+03 2.475958665059129482e-01
1.279578288571457051e+03 2.477695201920674106e-01
1.279407580739895820e+03 2.482691613468826219e-01
1.279236995104348807e+03 2.461161353617611902e-01
1.279066287272787804e+03 2.486515744657261662e-01
1.278895823833254553e+03 2.495838836381925052e-01
1.278725238197707540e+03 2.480456554449427253e-01
1.278554896954188507e+03 2.478539731462033602e-01
1.278384433514655257e+03 2.494313068749836326e-01
1.278214092271136224e+03 2.479270519753145052e-01
1.278043751027617191e+03 2.469436896912454993e-01
1.277873531980111920e+03 2.446628470699658275e-01
1.277703312932606877e+03 2.473646534492217886e-01
1.277533093885101835e+03 2.480665847594291928e-01
1.277362997033610782e+03 2.508613154147782964e-01
1.277192900182119502e+03 2.481875266625994392e-01
1.277023047722656429e+03 2.477501320184028188e-01
1.276853073067179366e+03 2.500953485128005749e-01
1.276683098411702304e+03 2.503075961786017656e-01
1.276513245952239231e+03 2.477331508377686176e-01
1.276343515688790148e+03 2.472102640279918440e-01
1.276173663229327076e+03 2.481154219154848295e-01
1.276003932965877993e+03 2.467007886785623216e-01
1.275834202702428911e+03 2.485647190346279012e-01
1.275664594634993819e+03 2.462434046894688977e-01
1.275494986567558726e+03 2.465900241826390615e-01
1.275325378500123634e+03 2.481314608068439787e-01
1.275156014824716522e+03 2.458308094865485904e-01
1.274986406757281429e+03 2.473681002358109615e-01
1.274817043081874317e+03 2.485527058241708276e-01
1.274647679406467205e+03 2.460663454185584853e-01
1.274478437927074310e+03 2.518495278573558149e-01
1.274309074251667198e+03 2.491662057348648651e-01
1.274139954968288066e+03 2.475580097301591509e-01
1.273970835684908934e+03 2.455393126971630591e-01
1.273801716401529802e+03 2.495698573910829221e-01
1.273632719314164888e+03 2.460899370318678780e-01
1.273463722226799746e+03 2.481433986583649887e-01
1.273294847335448594e+03 2.440350583375410221e-01
1.273294725139434604e+03 2.477274601955504751e-01
1.273125850248083680e+03 2.430703934054017357e-01
1.273125728052069690e+03 2.463006841914438805e-01
1.272957097552746518e+03 2.439570400334777622e-01
1.272956975356732528e+03 2.497246511352465281e-01
1.272788222661395366e+03 2.503286084798215239e-01
1.272788100465381376e+03 2.466384558000904448e-01
1.272619347770044442e+03 2.449696325017683141e-01
1.272619225574030452e+03 2.463530269764461489e-01
1.272450472878693290e+03 2.472517881406151585e-01
1.272281842379370119e+03 2.480072939065951776e-01
1.272113211880047174e+03 2.499017343403596436e-01
1.271944581380724003e+03 2.484899141081739204e-01
1.271776073077415049e+03 2.444019357207857790e-01
1.271607564774105867e+03 2.454236360853790377e-01
1.271439056470796913e+03 2.458126402406941857e-01
1.271270670363501722e+03 2.470137612711358899e-01
1.271102284256206758e+03 2.480677896190156551e-01
1.270934020344925784e+03 2.481568386338701415e-01
1.270765756433644583e+03 2.495707792607815279e-01
1.270597492522363609e+03 2.471081652996066913e-01
1.270429473003110616e+03 2.480117515039639287e-01
1.270261331287843404e+03 2.488534713060538139e-01
1.270093189572576421e+03 2.441674503145131736e-01
1.269925170053323427e+03 2.471403845141325606e-01
1.269757272730084196e+03 2.481144700121300228e-01
1.269589253210831203e+03 2.479182799845655316e-01
1.269421355887592199e+03 2.508199734090416633e-01
1.269253580760367186e+03 2.494120150536472125e-01
1.269085805633141945e+03 2.492813806646610730e-01
1.268918030505916931e+03 2.517751839540549041e-01
1.268750255378691918e+03 2.490694439641643887e-01
1.268582724643494885e+03 2.510269649137858439e-01
1.268415071712283861e+03 2.456178787606897451e-01
1.268247418781072838e+03 2.448545798232050208e-01
1.268080010241889795e+03 2.488177015238554335e-01
1.267912479506692762e+03 2.473444886922269714e-01
1.267745070967509719e+03 2.493193716121102077e-01
1.267577662428326676e+03 2.458265648826472582e-01
1.267410498281171613e+03 2.467600842803854000e-01
1.267243089741988570e+03 2.469456961218969848e-01
1.267075803398819517e+03 2.457929787830457347e-01
1.266908639251664454e+03 2.453560671333219478e-01
1.266741475104509391e+03 2.473008087874737637e-01
1.266574433153368318e+03 2.474445109741646998e-01
1.266407513398241235e+03 2.489543895265905749e-01
1.266240471447100163e+03 2.496891955576869548e-01
1.266073551691973307e+03 2.488697359111419760e-01
1.265906631936846225e+03 2.502943467809810585e-01
1.265739712181719142e+03 2.486261877445651025e-01
1.265572914622606049e+03 2.473127814782350165e-01
1.265406117063493184e+03 2.472784618267627466e-01
1.265239563896408072e+03 2.495084013051870331e-01
1.265072766337294979e+03 2.450481011548988342e-01
1.264906090974195877e+03 2.484038561291121439e-01
1.264739537807110992e+03 2.486822070269563423e-01
1.264572984640025879e+03 2.521220674455061372e-01
1.264406553668954984e+03 2.500087807962179109e-01
1.264240122697883862e+03 2.466760186683868983e-01
1.264073691726812740e+03 2.466395458551564057e-01
1.263907382951755835e+03 2.484902719842743135e-01
1.263741074176698703e+03 2.480921100017700887e-01
1.263574765401641798e+03 2.485995139405523524e-01
1.263408578822598656e+03 2.489967308105659471e-01
1.263242392243555742e+03 2.447560422666807955e-01
1.263076327860526590e+03 2.488429749781790323e-01
1.262910141281483675e+03 2.499775182612520574e-01
1.262744199094468740e+03 2.485663811269089585e-01
1.262578134711439589e+03 2.475013254827574116e-01
1.262412192524424654e+03 2.492286280761171757e-01
1.262246372533423482e+03 2.518778482218574366e-01
1.262080552542422538e+03 2.518248031423094835e-01
1.261914732551421594e+03 2.483537758286446795e-01
1.261748912560420422e+03 2.503592436761714057e-01
1.261583336961447458e+03 2.464137954301652833e-01
1.261417761362474494e+03 2.444444491618666115e-01
1.261252063567487539e+03 2.477025211996895515e-01
1.261086487968514575e+03 2.503206846676572228e-01
1.260921034565555374e+03 2.505512545508785105e-01
1.260755581162596400e+03 2.474965104121191473e-01
1.260590127759637426e+03 2.495660735644594785e-01
1.260424674356678452e+03 2.461777815554386795e-01
1.260259343149733468e+03 2.494390890690274254e-01
1.260094134138802474e+03 2.459138890243255937e-01
1.259928802931857490e+03 2.476228503740009468e-01
1.259763716116940486e+03 2.475436680462297090e-01
1.259598507106009492e+03 2.498970526643434498e-01
1.259433420291092489e+03 2.478608138465386579e-01
