# Wavelength, Reflectance
1.644310687875298981e+03 7.011371616568737863e-01
1.643444599008111481e+03 6.974304082309331632e-01
1.642579364633111481e+03 7.121007929210887433e-01
1.641715106820611481e+03 6.922633550291925619e-01
1.640851703500298981e+03 7.052987939429695707e-01
1.639989398812798981e+03 6.685609025994364574e-01
1.639127948617486481e+03 6.863939021520465422e-01
1.638267474984673981e+03 6.989953164566344856e-01
1.637407855844048981e+03 6.996323919707942984e-01
1.636549335336236481e+03 6.975087754336030121e-01
1.635691669320611481e+03 6.848606870914386580e-01
1.634834979867486481e+03 6.652696969662732496e-01
1.633979266976861481e+03 7.034442334638483230e-01
1.633124408578423981e+03 7.043632414184957113e-01
1.632270526742486481e+03 6.966791215534064996e-01
1.631417499398736481e+03 7.191832753844338288e-01
1.630565448617486481e+03 7.098503594471440303e-01
1.629714374398736481e+03 6.958681592954610862e-01
1.628864154672173981e+03 7.166472921155686571e-01
1.628014911508111481e+03 7.069174466006796775e-01
1.627166522836236481e+03 7.074262314208876745e-01
1.626319110726861481e+03 7.172830588227743220e-01
1.625472675179986481e+03 7.236604772804220431e-01
1.624627216195611481e+03 7.099601468309265639e-01
1.623782489633111481e+03 7.204059710732049204e-01
1.622938861703423981e+03 7.103231549165277547e-01
1.622095966195611481e+03 7.037236262961832356e-01
1.621254169320611481e+03 6.959157653822984901e-01
1.620413104867486481e+03 6.948949127615450250e-01
1.619573139047173981e+03 6.974945824437585040e-01
1.618733905648736481e+03 6.783415375874604081e-01
1.617895648812798981e+03 6.722364043471771300e-01
1.617058246469048981e+03 6.870871690426654244e-01
1.616221820687798981e+03 6.658223943668967193e-01
1.615386249398736481e+03 6.647137607091999634e-01
1.614551654672173981e+03 6.595631718211234507e-01
1.613718036508111481e+03 6.459608369377998205e-01
1.612885150765923981e+03 6.229138158826181826e-01
1.612053241586236481e+03 5.811318155903372196e-01
1.611222186898736481e+03 5.057346368712425377e-01
1.610392108773736481e+03 4.092498854612436898e-01
1.609562885140923981e+03 3.106585604467964612e-01
1.608734516000298981e+03 3.767522350640559736e-01
1.607907123422173981e+03 4.921995918507575118e-01
1.607080463265923981e+03 5.473508781496251308e-01
1.606254779672173981e+03 6.123666439326341804e-01
1.605430072640923981e+03 6.246796011384924130e-01
1.604606220101861481e+03 6.080874212187331596e-01
1.603783099984673981e+03 5.723065255930750439e-01
1.602960956429986481e+03 5.950144620160057185e-01
1.602139789437798981e+03 6.042561274389185444e-01
1.601319354867486481e+03 6.356154984160311550e-01
1.600499896859673981e+03 6.587995384303488855e-01
1.599681293344048981e+03 6.700276553412060077e-01
1.598863544320611481e+03 6.709605212432055987e-01
1.598046649789361481e+03 6.713626375380462585e-01
1.597230487679986481e+03 6.535262193845114975e-01
1.596415668344048981e+03 6.470455580698452058e-01
1.595601337289361481e+03 6.329628548364066853e-01
1.594787860726861481e+03 6.016845764996798795e-01
1.593975482797173981e+03 5.969344761179328218e-01
1.593163715219048981e+03 5.915271494547578168e-01
1.592352924203423981e+03 5.853879858495044664e-01
1.591543109750298981e+03 5.915668147237818086e-01
1.590734027719048981e+03 5.885986114620608278e-01
1.589925922250298981e+03 6.156902220904596490e-01
1.589118427133111481e+03 6.297036499574215629e-01
1.588311786508111481e+03 6.351924530597218288e-01
1.587506366586236481e+03 6.363238933307927558e-01
1.586701557015923981e+03 6.276858825319968638e-01
1.585897601937798981e+03 6.267628583131935605e-01
1.585094623422173981e+03 6.198490225287482946e-01
1.584292377328423981e+03 6.106369106625196830e-01
1.583490985726861481e+03 6.142794152606501079e-01
1.582690570687798981e+03 6.016858531404173371e-01
1.581890888070611481e+03 6.007647481916660315e-01
1.581092182015923981e+03 5.651038163814918747e-01
1.580294086312798981e+03 5.286726399883269201e-01
1.579496845101861481e+03 4.723440634195014143e-01
1.578700702523736481e+03 3.806487114418783957e-01
1.577905170297173981e+03 2.992328304131384731e-01
1.577110614633111481e+03 3.340885301199065238e-01
1.576316913461236481e+03 4.173662228895176352e-01
1.575523944711236481e+03 4.863605503500833538e-01
1.574731708383111481e+03 5.302028635662123790e-01
1.573940448617486481e+03 5.549030429195767056e-01
1.573150043344048981e+03 5.885382257361545522e-01
1.572360492562798981e+03 6.154558326010214353e-01
1.571571674203423981e+03 6.224283981483722528e-01
1.570783588265923981e+03 6.314273631290154842e-01
1.569996600961236481e+03 6.394955511105190338e-01
1.569210224008111481e+03 6.508383460621609551e-01
1.568424945687798981e+03 6.517038662180975050e-01
1.567640155648736481e+03 6.556344694723983402e-01
1.566856342172173981e+03 6.544061606782124452e-01
1.566073383187798981e+03 6.493225052150868315e-01
1.565291156625298981e+03 6.462275584614826096e-01
1.564509784554986481e+03 6.430861022036754582e-01
1.563729266976861481e+03 6.507469607255690347e-01
1.562949603890923981e+03 6.504183305386217473e-01
1.562170551156548981e+03 6.444494562505423962e-01
1.561392474984673981e+03 6.454063136561650760e-01
1.560615253304986481e+03 6.290015992576237780e-01
1.559838764047173981e+03 6.413647493022432977e-01
1.559063007211236481e+03 6.420499990183611283e-01
1.558288104867486481e+03 6.434841602134468985e-01
1.557514179086236481e+03 6.402419928716275299e-01
1.556740863656548981e+03 6.371314416972179151e-01
1.555968402719048981e+03 6.416968750126802457e-01
1.555196674203423981e+03 6.284627028521929670e-01
1.554425922250298981e+03 6.222892332875352706e-01
1.553655780648736481e+03 6.309909202536073680e-01
1.552886615609673981e+03 6.310727708131766978e-01
1.552886493539361481e+03 6.223943716717480479e-01
1.552630390023736481e+03 6.301703948062644667e-01
1.552374164437798981e+03 6.260433376208243139e-01
1.552118182992486481e+03 6.261144789929157239e-01
1.552118060922173981e+03 6.239489192015023056e-01
1.551862201547173981e+03 6.249744666593257669e-01
1.551350482797173981e+03 6.290284970506109241e-01
1.550583637094048981e+03 6.383982013881518425e-01
1.549817523812798981e+03 6.561142829555106637e-01
1.549052265023736481e+03 6.665631925765763688e-01
1.548287860726861481e+03 6.735117788962194929e-01
1.547524066781548981e+03 6.659207088019002407e-01
1.546761127328423981e+03 6.695073480215095740e-01
1.545999042367486481e+03 6.552746298781647605e-01
1.545237811898736481e+03 6.319178063082627750e-01
1.544477191781548981e+03 6.092266029293375018e-01
1.543717304086236481e+03 5.194582953174089468e-01
1.542958392953423981e+03 4.202371729574940207e-01
1.542200336312798981e+03 4.698949958277657823e-01
1.541442890023736481e+03 5.551737992247092190e-01
1.540686176156548981e+03 6.047039402065771396e-01
1.539930316781548981e+03 6.396947465642927044e-01
1.539175189828423981e+03 6.629659898258314366e-01
1.538421039437798981e+03 6.714330153556714587e-01
1.537667499398736481e+03 6.785817004653914575e-01
1.536914691781548981e+03 6.790890387725994071e-01
1.536162738656548981e+03 6.818671951449006841e-01
1.535411273812798981e+03 6.807359854783896491e-01
1.534661151742486481e+03 6.766168411678173955e-01
1.533911273812798981e+03 6.713557109073822193e-01
1.533162494515923981e+03 6.805739882918248052e-01
1.532414325570611481e+03 6.905230603682013246e-01
1.531666889047173981e+03 6.890499366667810488e-01
1.530920429086236481e+03 6.945134765981968439e-01
1.530174579476861481e+03 6.844540664540971209e-01
1.529429462289361481e+03 6.934142812354229246e-01
1.528685077523736481e+03 6.940105852705973355e-01
1.527941547250298981e+03 6.974392330576864030e-01
1.527198505258111481e+03 6.853000904279547001e-01
1.526456683969048981e+03 6.898530619287562837e-01
1.525715228890923981e+03 6.907488880081423810e-01
1.524974872445611481e+03 6.886344010969506213e-01
1.524235004281548981e+03 6.945747513376098192e-01
1.523495990609673981e+03 6.919347708186301960e-01
1.522757709359673981e+03 7.009861346920438496e-01
1.522020282601861481e+03 6.977922325662848646e-01
1.521283466195611481e+03 6.952700462866879816e-01
1.520547382211236481e+03 6.980515308230734739e-01
1.519812030648736481e+03 6.964701256412410002e-01
1.519077533578423981e+03 7.035728112268797574e-01
1.518343646859673981e+03 6.940462473364534812e-01
1.517610492562798981e+03 6.996800542999700445e-01
1.516878436898736481e+03 7.026564878973178274e-01
1.516146869515923981e+03 6.982864326231366103e-01
1.515415912484673981e+03 7.017574886229135389e-01
1.515172626351861481e+03 7.120704723634867506e-01
1.514929340219048981e+03 7.129415967944369159e-01
1.514685932015923981e+03 7.117670937758610039e-01
1.514685809945611481e+03 7.024915145412705675e-01
1.514442767953423981e+03 7.156630730678014141e-01
1.514199725961236481e+03 7.138937630654560440e-01
1.513956439828423981e+03 7.008338529904767356e-01
1.513227802133111481e+03 7.030021489394653322e-01
1.512499896859673981e+03 7.059051858479600261e-01
1.511772724008111481e+03 7.093973552460618448e-01
1.511046405648736481e+03 7.119094691865862634e-01
1.510320697640923981e+03 7.153482176683988447e-01
1.509595722054986481e+03 7.092251180007920208e-01
1.508871478890923981e+03 7.205110873882111244e-01
1.508147968148736481e+03 7.130721680440481602e-01
1.507425189828423981e+03 7.099231158397265595e-01
1.506703143929986481e+03 7.225611272927272566e-01
1.505981830453423981e+03 7.214818158212248367e-01
1.505261249398736481e+03 7.204616934779082271e-01
1.504541522836236481e+03 7.196097870904243354e-01
1.503822284554986481e+03 7.237356266150523076e-01
1.503103815125870824e+03 7.139036085375920493e-01
1.502385312139935877e+03 7.137450407739865943e-01
1.501667542320312805e+03 7.073245360969537820e-01
1.500950627861387375e+03 6.857194620611753999e-01
1.500234324374388962e+03 6.835681848664587612e-01
1.499518754053702423e+03 6.848788930902652838e-01
1.498803916899328215e+03 6.863714106708831419e-01
1.498089690716880796e+03 6.962341492437174040e-01
1.497376319895131019e+03 6.922831522927763714e-01
1.496663560045308031e+03 7.067898390653969409e-01
1.495951655556182459e+03 7.107898936435639303e-01
1.495240362038983903e+03 7.091124903197306706e-01
1.494529801688097223e+03 7.055942935462545806e-01
1.493819852309137559e+03 7.061225582315456828e-01
1.493110758290875538e+03 7.038370500979811428e-01
1.492402275244540078e+03 7.038814363766460191e-01
1.491694525364516949e+03 7.141080692048055178e-01
1.490987508650805921e+03 7.084984466224057975e-01
1.490281102909021911e+03 6.992745598489085168e-01
1.489575430333549775e+03 7.162013578204812214e-01
1.488870490924389969e+03 7.013540064891462533e-01
1.488166284681542493e+03 7.038108267941501905e-01
1.487462689410621579e+03 7.076439355354285921e-01
1.486759827306012994e+03 7.093752422261146995e-01
1.486057576173331199e+03 7.062707619048473884e-01
1.485356180401346819e+03 7.060640460934287654e-01
1.484655395601289456e+03 7.094424169191742013e-01
1.483955343967544195e+03 7.049478230083812136e-01
1.483255903305725724e+03 7.025804597067007995e-01
1.482557318004604667e+03 7.110540403764734618e-01
1.481859221481025315e+03 7.041882709273731278e-01
1.481161980318143378e+03 7.064030544512635013e-01
1.480465350127188231e+03 7.146388179593511358e-01
1.479769330908159873e+03 7.099588933385404532e-01
1.479074167049829157e+03 7.076896510738022172e-01
1.478379491969039918e+03 7.008955416890910728e-01
1.477685672248948094e+03 7.015236484212299395e-01
1.476992463500783288e+03 6.843024144449382229e-01
1.476299987918930356e+03 6.382381781607646687e-01
1.475608123309004441e+03 5.562854731082148563e-01
1.474916991865390628e+03 5.937427540394394354e-01
1.474226471393703832e+03 6.660651539765949369e-01
1.473536684088328911e+03 6.844607593866447459e-01
1.472847507754881008e+03 6.951653487807916143e-01
1.472159064587745206e+03 6.945191419832641433e-01
1.471471354586921507e+03 6.876226310679705023e-01
1.470784255558024824e+03 7.022373313678027529e-01
1.470097889695440244e+03 6.965203172081088079e-01
1.469412134804782454e+03 7.009842802895039915e-01
1.468726990886051453e+03 6.999260348997872194e-01
1.468042580133632555e+03 7.014602959111320146e-01
1.467358902547525986e+03 7.036507761512685866e-01
1.466675835933346207e+03 7.045727088884997658e-01
1.465993380291093217e+03 7.033014317347444644e-01
1.465311657815152330e+03 7.002541358860714382e-01
1.464630546311138460e+03 6.967790809043772349e-01
1.463950167973436464e+03 7.036714985347045648e-01
1.463270400607661486e+03 7.081994040137394864e-01
1.462591366408198837e+03 7.038523910738005984e-01
1.461912943180662751e+03 7.038835918289092497e-01
1.461235130925053454e+03 6.940457214767650207e-01
1.460557929641371175e+03 6.937886848349134050e-01
1.459881583718386310e+03 6.883001782514368561e-01
1.459205726572942922e+03 6.877895207057066473e-01
1.458530602593811636e+03 6.871621972055477201e-01
1.457856089586607368e+03 6.807633118768438019e-01
1.457182309745715202e+03 6.735409368550893117e-01
1.456509140876749825e+03 6.716556548987978603e-01
1.455836582979711238e+03 6.654180169181239668e-01
1.455164758248984754e+03 6.603419561610601729e-01
1.454493544490185286e+03 6.571208447609004910e-01
1.453822941703312381e+03 6.642220562739670209e-01
1.453152949888366493e+03 6.652076449128576652e-01
1.452483813434118019e+03 6.599413161561278329e-01
1.451815165757411023e+03 6.629769422667343148e-01
1.451147129052631044e+03 6.653468192905678258e-01
1.450479825514162940e+03 6.600804192219248412e-01
1.449813132947621853e+03 6.447822611554111516e-01
1.449147051353007555e+03 6.489868276013416315e-01
1.448481702924705360e+03 6.404149671033221303e-01
1.447816965468329954e+03 6.419950202882409585e-01
1.447152716789496026e+03 6.420645434249081518e-01
1.446489323471359739e+03 6.276918269784612647e-01
1.445826418930764930e+03 6.075204334762546177e-01
1.445164369750867536e+03 5.801979251113853486e-01
1.444502687154126306e+03 5.888206872656972513e-01
1.443841737723697179e+03 5.999054469410763923e-01
1.443181521459580381e+03 6.008341791051114988e-01
1.442521793973004833e+03 5.856303769985022889e-01
1.441862799652741614e+03 5.638064950010881482e-01
1.441204416304405186e+03 5.604927281294226349e-01
1.440546643927995547e+03 5.502182488994110665e-01
1.439889360329127157e+03 5.270618046317421257e-01
1.439233054285341950e+03 4.930088677458653867e-01
1.439232932090956638e+03 4.913648763011504439e-01
1.439014326335541909e+03 4.835140511089181525e-01
1.438795598385742096e+03 4.763794249075225529e-01
1.438577114824712680e+03 4.716246312920198691e-01
1.438576992630327368e+03 4.792405231094630791e-01
1.438358509069298179e+03 4.695521870033363410e-01
1.438140147702654303e+03 4.644649065063787829e-01
1.437921908530395740e+03 4.569630632595825248e-01
1.437921786336010427e+03 4.612307236197810689e-01
1.437703547163751864e+03 4.462578437433759038e-01
1.437485430185878613e+03 4.367333848197773594e-01
1.437267313208005589e+03 4.202347207984777344e-01
1.437267191013620277e+03 4.228655005946453382e-01
1.437048951841361713e+03 4.062622770630506808e-01
1.436831079252259315e+03 3.835504640817307687e-01
1.436613328857542228e+03 3.778664033726791271e-01
1.436613206663156916e+03 3.820938831752005993e-01
1.436395334074054290e+03 3.569945819960522737e-01
1.436177461484951891e+03 3.362620103513329073e-01
1.435959833284620345e+03 3.179277146338699289e-01
1.435742205084288571e+03 2.990488078138213712e-01
1.435524576883956797e+03 2.661404078260602990e-01
1.435307070878010563e+03 2.558115468167345141e-01
1.435089687066449414e+03 2.568669278506709452e-01
1.434872303254888493e+03 2.489080606366032844e-01
1.434654919443327572e+03 2.433325439323414385e-01
1.434437780020537275e+03 2.667474738535348111e-01
1.434220518403361666e+03 2.847940965677693836e-01
1.434003378980571370e+03 3.010017994734262015e-01
1.433786361752166613e+03 3.220692045771929579e-01
1.433569466718146941e+03 3.443731254557725330e-01
1.433352571684127497e+03 3.586853503189281756e-01
1.433135676650108053e+03 3.710110460471923721e-01
1.432919026004859234e+03 3.956033970214408169e-01
1.432702253165225102e+03 4.040448731585408737e-01
1.432485602519976283e+03 4.288364880486310593e-01
1.432269074069112776e+03 4.322885960532870664e-01
1.432052667812634581e+03 4.451911147281146786e-01
1.431836261556156614e+03 4.547857124339805823e-01
1.431619855299678420e+03 4.573848621835264749e-01
1.431403571237585766e+03 4.663430277516179556e-01
1.431187409369878424e+03 4.857432740354374334e-01
1.430971247502171082e+03 4.955829614250598647e-01
1.430755207828849052e+03 5.063028222271639400e-01
1.430539290349912562e+03 5.199461639341794728e-01
1.430323250676590533e+03 5.235674504870608814e-01
1.430107333197653816e+03 5.183930345570368914e-01
1.429891415718717326e+03 5.101575836960035026e-01
1.429675864822936774e+03 4.943448886429381850e-01
1.429460191732770909e+03 4.786217421658716109e-01
1.429244640836990357e+03 4.599950949599891370e-01
1.429029212135595117e+03 4.567718343925979974e-01
1.428813661239814564e+03 4.561407877578009251e-01
1.428598232538419552e+03 4.578767535034173886e-01
1.428382926031409625e+03 4.586948506811532877e-01
1.428167741718785237e+03 4.565989556506138136e-01
1.427952557406160849e+03 4.562753564625342539e-01
1.427737373093536235e+03 4.645321605958270261e-01
1.427522310975297160e+03 4.626469663008550004e-01
1.427307493245828937e+03 4.609086860285562248e-01
1.427092431127589862e+03 4.644634426347616363e-01
1.426877613398121412e+03 4.628625441674779073e-01
1.426662917863038501e+03 4.644321288424343441e-01
1.426448222327955364e+03 4.559944434150625114e-01
1.426233526792872453e+03 4.531495301948761378e-01
1.426018953452174856e+03 4.448030231079209695e-01
1.425804502305862570e+03 4.435785448384186869e-01
1.425590051159550285e+03 4.423606635082457661e-01
1.425375722207623312e+03 4.447568780297750934e-01
1.425161393255696566e+03 4.454307599630805137e-01
1.424947186498154906e+03 4.418936750609958053e-01
1.424732979740613473e+03 4.358829028276531292e-01
1.424518895177457352e+03 4.373380812288640840e-01
1.424304688419915692e+03 4.392729227660170377e-01
1.424090970439915736e+03 4.430182562758481768e-01
1.423877008071144701e+03 4.462977075984304598e-01
1.423663167896759433e+03 4.377062235820722291e-01
1.423449449916759249e+03 4.446093264186375404e-01
1.423235731936759294e+03 4.484576904676236264e-01
1.423022136151144423e+03 4.534929284444381148e-01
1.422808418171144467e+03 4.530623505443270305e-01
1.422595188968685761e+03 4.453379433276160593e-01
1.422381715377456430e+03 4.532161573168200230e-01
1.422168363980612412e+03 4.549196404977820518e-01
1.421955012583768394e+03 4.623095576927323536e-01
1.421741905575695228e+03 4.571431536490754843e-01
1.421528676373236522e+03 4.668713957009141824e-01
1.421315569365163128e+03 4.635874152409558135e-01
1.421102462357089962e+03 4.565605229535497078e-01
1.420889599737787421e+03 4.631201959358841047e-01
1.420676737118484880e+03 4.589588145961707721e-01
1.420463874499182339e+03 4.698065701063048882e-01
1.420251256268650422e+03 4.813896492906427627e-01
1.420038393649347881e+03 4.804673494581377935e-01
1.419825897613201505e+03 4.844072734486631338e-01
1.419613279382669589e+03 4.909373028312525866e-01
1.419400905540908525e+03 5.039685851279152029e-01
1.419188409504762149e+03 5.092316850113957072e-01
1.418976035663001085e+03 5.150861558995390999e-01
1.418763784015625333e+03 5.181289027165609795e-01
1.418551654562634894e+03 5.198918921896584777e-01
1.418339525109644683e+03 5.222016340030201098e-01
1.418127395656654244e+03 5.350359612509867357e-01
1.417915266203663805e+03 5.287821524913453031e-01
1.417703503333829531e+03 5.362345812522174571e-01
1.417491496075224632e+03 5.364092765208675617e-01
1.417279611011004818e+03 5.427418350527843938e-01
1.417067970335556083e+03 5.438499271332953855e-01
1.416856329660107122e+03 5.509967404885161013e-01
1.416644688984658160e+03 5.474672854609701211e-01
1.416433048309209198e+03 5.536996225403665317e-01
1.416221652022531089e+03 5.552137330421278438e-01
1.416010255735852979e+03 5.607192051606103567e-01
1.415798859449174643e+03 5.504950882624365383e-01
1.415587585356881846e+03 5.539249498641721781e-01
1.415376311264589049e+03 5.608908609350533592e-01
1.415165281561066877e+03 5.654376165188026437e-01
1.414954129663159620e+03 5.707295877303187881e-01
1.414743099959637448e+03 5.746437694841548538e-01
1.414532070256115276e+03 5.786922125499296410e-01
1.414321284941363956e+03 5.813341735982120451e-01
1.414110499626612636e+03 5.804771504574901542e-01
1.413899714311861089e+03 5.813415519209043092e-01
1.413689051191495082e+03 5.820730450922673160e-01
1.413478510265514615e+03 5.875128552580027863e-01
1.413267847145148608e+03 5.820088428342747866e-01
1.413057184024782600e+03 5.847825410843310312e-01
1.412847009681958070e+03 5.937353595573051646e-01
1.412636590950362688e+03 5.890070490146747106e-01
1.412426294413152846e+03 5.981202464605702707e-01
1.412215997875942776e+03 6.050278676990646920e-01
1.412005945727503558e+03 6.079348208813516452e-01
1.411795893579064568e+03 6.162152633535236124e-01
1.411585841430625351e+03 6.203406201060110980e-01
1.411375789282186133e+03 6.137315332628794362e-01
1.411165981522517541e+03 6.141124388609362494e-01
1.410956173762849176e+03 6.208275050541425255e-01
1.410746366003180583e+03 6.136979989827110460e-01
1.410536558243512218e+03 6.151269056047977690e-01
1.410326994872614478e+03 6.175218020868051827e-01
1.410117431501716737e+03 6.282749674540112350e-01
1.409907990325204310e+03 6.237988852832072606e-01
1.409698426954306569e+03 6.322229720893607352e-01
1.409489230166564994e+03 6.340366578214219340e-01
1.409279788990052566e+03 6.356704393226628724e-01
1.409070592202310991e+03 6.282409027924864553e-01
1.408861395414569188e+03 6.435652815913947000e-01
1.408652320821212925e+03 6.357816027976127549e-01
1.408443246227856662e+03 6.383584154314740911e-01
1.408234293828885711e+03 6.438055058056444402e-01
1.408025341429914761e+03 6.397963973727178733e-01
1.407816511225329350e+03 6.396272361538438700e-01
1.407607681020743712e+03 6.427553122692749588e-01
1.407398973010543614e+03 6.493828653675313145e-01
1.407190265000343288e+03 6.558670215527956371e-01
1.406981679184528502e+03 6.526688455658382626e-01
1.406773215563099029e+03 6.557761032354315622e-01
1.406564751941669556e+03 6.523086901596150122e-01
1.406356288320240083e+03 6.544069455726106987e-01
1.406147946893195922e+03 6.548817367702594039e-01
1.405939849854922613e+03 6.605156675849930270e-01
1.405731508427878452e+03 6.567509114194740594e-01
1.405523411389605144e+03 6.567912567777817179e-01
1.405315314351331608e+03 6.632119848184079292e-01
1.405107339507443612e+03 6.720497208308655601e-01
1.404899364663555616e+03 6.690744617794390781e-01
1.404691512014052932e+03 6.655005013318525675e-01
1.404483659364550476e+03 6.609203894064509255e-01
1.404276051103818418e+03 6.555003979710777307e-01
1.404068320648701047e+03 6.660400596716146149e-01
1.403860590193583903e+03 6.641796394242336365e-01
1.403653104127237384e+03 6.688030334605610250e-01
1.403445618060890638e+03 6.755395910758749123e-01
1.403238254188929432e+03 6.707892421128762717e-01
1.403030768122582913e+03 6.769674616995056127e-01
1.402823526445007019e+03 6.666588040185268405e-01
1.402616406961816665e+03 6.712848982058210456e-01
1.402409165284240771e+03 6.726377870420809924e-01
1.402202045801050190e+03 6.750845766934316927e-01
1.401994926317859836e+03 6.794236056280194003e-01
1.401788051223440107e+03 6.819786009477736277e-01
1.401581176129020378e+03 6.850654922041761186e-01
1.401374301034600649e+03 6.816409451728256963e-01
1.401167425940180919e+03 6.804258010558656977e-01
1.400960673040146503e+03 6.790016948785263518e-01
1.400754042334497399e+03 6.822949440444887603e-01
1.400547533823233834e+03 6.886664326135422121e-01
1.400341025311970043e+03 6.940009742387817093e-01
1.400134516800706479e+03 6.882382177814477808e-01
1.399928130483828227e+03 6.928592031078819602e-01
1.399721866361335287e+03 6.893751105883054731e-01
1.399515480044456808e+03 6.882820983748094701e-01
1.399309338116349409e+03 6.902546963566521532e-01
1.399103196188241782e+03 6.948065561109344479e-01
1.398897176454519467e+03 6.915311060715105818e-01
1.398691034526411840e+03 7.023485677282053086e-01
1.398485136987075066e+03 6.946706992152378302e-01
1.398279361642123604e+03 6.921222580848049866e-01
1.398073341908401517e+03 6.995495258935198191e-01
1.397867688757835367e+03 6.916278951885297399e-01
1.397661913412883905e+03 7.008161471311571411e-01
1.397456260262317755e+03 7.008971647259796267e-01
1.397250851500522231e+03 6.950598579828149992e-01
1.397045320544341621e+03 6.962352360413001096e-01
1.396839789588160784e+03 7.021095172233522419e-01
1.396634258631979947e+03 7.098810543859067623e-01
1.396429216453340814e+03 7.052951473042242680e-01
1.396223929885930602e+03 7.012915642641300851e-01
1.396018643318520617e+03 7.082636762459216806e-01
1.395813601139881257e+03 7.091150821436786877e-01
1.395608558961242124e+03 7.110442689016579498e-01
1.395403516782602765e+03 7.127695198914678620e-01
1.395198596798348717e+03 7.097339864406755350e-01
1.394993676814094897e+03 7.117025921681028322e-01
1.394788879024226162e+03 7.041038096165782578e-01
1.394584203428742967e+03 7.109488762852874677e-01
1.394379527833259772e+03 7.150529226576797237e-01
1.394174852237776577e+03 7.165061736086683064e-01
1.393970176642293382e+03 7.165603548570317338e-01
1.393765867629966351e+03 7.155014275474335106e-01
1.393561436423253781e+03 7.098975080909898372e-01
1.393357005216541211e+03 7.124422685195477278e-01
1.393152696204214180e+03 7.161452535389282170e-01
1.392948509386272463e+03 7.192493633294265720e-01
1.392744322568330745e+03 7.231357867837154840e-01
1.392540257944774339e+03 7.201072926726909129e-01
1.392336193321217934e+03 7.232856654841398614e-01
1.392132128697661528e+03 7.233278441900102829e-01
1.391928308462875748e+03 7.169913484644845347e-01
1.391724366033704655e+03 7.184732586750698369e-01
1.391520545798919102e+03 7.136550091005516849e-01
1.391316725564133321e+03 7.215484327892675021e-01
1.391113271912503706e+03 7.102087757267609991e-01
1.390909573872103465e+03 7.131973390262597023e-01
1.390705998026088537e+03 7.144751395329067556e-01
1.390502544374458921e+03 7.140316657416073687e-01
1.390299090722829305e+03 7.205097754666197618e-01
1.390095759265585230e+03 7.176580846329873031e-01
1.389892427808340926e+03 7.215260184816776334e-01
1.389689218545482163e+03 7.225264330773532029e-01
1.389486009282623172e+03 7.242238786542489759e-01
1.389283044408535034e+03 7.171239382520488981e-01
1.389079957340061583e+03 7.242106603899799433e-01
1.388876870271588132e+03 7.196801010977097457e-01
1.388673905397499993e+03 7.195514376298460801e-01
1.388471062717797167e+03 7.205327141837694072e-01
1.388268342232479881e+03 7.147508964291042766e-01
1.388065621747162368e+03 7.285755699700611210e-01
1.387862901261845082e+03 7.274452335194907526e-01
1.387660302970912880e+03 7.258150166838975847e-01
1.387457826874366219e+03 7.211883125495357483e-01
1.387255228583434246e+03 7.224010021000052406e-01
1.387052874681272897e+03 7.292370309413753748e-01
1.386850520779111548e+03 7.234199698432892678e-01
1.386648166876950199e+03 7.262327499367193795e-01
1.386445935169174390e+03 7.258268590524250552e-01
1.386243825655783667e+03 7.277198074988310283e-01
1.386041593948007858e+03 7.266384352164111382e-01
1.385839606629002446e+03 7.319165429487299868e-01
1.385637619309997262e+03 7.273908801315616124e-01
1.385435754185377391e+03 7.313280424318484574e-01
1.385233889060757519e+03 7.254092397556278771e-01
1.385032023936137648e+03 7.287778880386469593e-01
1.384830281005903316e+03 7.354687006737919974e-01
1.384628538075668757e+03 7.283807791815887223e-01
1.384427039534204823e+03 7.269543777038777188e-01
1.384225418798355804e+03 7.305562272839751792e-01
1.384023920256892097e+03 7.312562004367391122e-01
1.383822421715428163e+03 7.244446210224043670e-01
1.383621167562735309e+03 7.331047906466212627e-01
1.383419791215656687e+03 7.246038094783143757e-01
1.383218537062963833e+03 7.310131087538573880e-01
1.383017282910270751e+03 7.336867263797164362e-01
1.382816273146348294e+03 7.380762310055337672e-01
1.382615263382426065e+03 7.446223699601816071e-01
1.382414131424118295e+03 7.383335175352484514e-01
1.382213243854581378e+03 7.421174658438945970e-01
1.382012356285044461e+03 7.381664156559256673e-01
1.381811590909892857e+03 7.423302250809369340e-01
1.381610825534741252e+03 7.317452355505559281e-01
1.381410060159589648e+03 7.377653121861166285e-01
1.381209416978823356e+03 7.304237103327131386e-01
1.381008773798057291e+03 7.358868214052934897e-01
1.380808375006061624e+03 7.325684865690896830e-01
1.380607976214066184e+03 7.278890793126178149e-01
1.380407577422070744e+03 7.273545375444068206e-01
1.380207178630075077e+03 7.310020694691271581e-01
1.380006902032464950e+03 7.338466563187628910e-01
1.379806747629240135e+03 7.327484514076099131e-01
1.379606593226015548e+03 7.330133034732900787e-01
1.379406438822790733e+03 7.316491963029424506e-01
1.379206406613951231e+03 7.350194415394343261e-01
1.379006618793882581e+03 7.313675325908280955e-01
1.378806708779428618e+03 7.368557845108055782e-01
1.378606798764974428e+03 7.357352462218434974e-01
1.378407010944905778e+03 7.402379475907236994e-01
1.378207223124837128e+03 7.344198748000122512e-01
1.378007557499153791e+03 7.392514900900983843e-01
1.377808014067855765e+03 7.374475780804862213e-01
1.377608470636557740e+03 7.322698538120553380e-01
1.377409049399645255e+03 7.358772529683661467e-01
1.377209628162732542e+03 7.415079925918585113e-01
1.377010329120205370e+03 7.401004531192758584e-01
1.376811030077678197e+03 7.433211673482271742e-01
1.376611731035150797e+03 7.435843832608762805e-01
1.376412554187008936e+03 7.376666117554707691e-01
1.376213377338867076e+03 7.451781621782422871e-01
1.376014444879496068e+03 7.369850661977518369e-01
1.375815390225739520e+03 7.411228907914286790e-01
1.375616457766368285e+03 7.423801571730694882e-01
1.375417525306997277e+03 7.403645629685879914e-01
1.375218715042011354e+03 7.397700578946275751e-01
1.375020149165796283e+03 7.386855939798796511e-01
1.374821461095195900e+03 7.449191386593181363e-01
1.374622773024595517e+03 7.413092393549883807e-01
1.374424207148380447e+03 7.398896983423144391e-01
1.374225641272165376e+03 7.389430041456341858e-01
1.374027319784720930e+03 7.342240287495481743e-01
1.373828876102891400e+03 7.405748220956409611e-01
1.373630554615446954e+03 7.351412725796340197e-01
1.373432233128002736e+03 7.382202030671750626e-01
1.373234033834943602e+03 7.376705689760861828e-01
1.373035956736270009e+03 7.325429142892122547e-01
1.372837757443211103e+03 7.382751008619302668e-01
1.372639802538922822e+03 7.290863828193523410e-01
1.372441847634634541e+03 7.345596855679740189e-01
1.372243892730346488e+03 7.424884739451754756e-01
1.372046182214828832e+03 7.347342025035811242e-01
1.371848349504926091e+03 7.277008919684559984e-01
1.371650638989408435e+03 7.293894462044773208e-01
1.371452806279505694e+03 7.354468434726428860e-01
1.371255340152758890e+03 7.400248248154778219e-01
1.371057874026012087e+03 7.401494220540810742e-01
1.370860407899265283e+03 7.385851400899466901e-01
1.370662941772518479e+03 7.353418148982703295e-01
1.370465475645771676e+03 7.419245827225613432e-01
1.370268131713410185e+03 7.388322204799809834e-01
1.370071032169819546e+03 7.394869626197064783e-01
1.369873810431843367e+03 7.361676008090344281e-01
1.369676710888252728e+03 7.303564631740743218e-01
1.369479611344662089e+03 7.360787682279749111e-01
1.369282633995456763e+03 7.436197235804516970e-01
1.369085778840636749e+03 7.488029702509115815e-01
1.368888679297046110e+03 7.441489381255540492e-01
1.368691946336611409e+03 7.381561867044457159e-01
1.368495213376176707e+03 7.459101122841621523e-01
1.368298480415742233e+03 7.407703279579119782e-01
1.368101869649692844e+03 7.452299157706293586e-01
1.367905258883643683e+03 7.389105545421146282e-01
1.367708648117594521e+03 7.362543281873524803e-01
1.367512281740315984e+03 7.373409282485392513e-01
1.367315793168651908e+03 7.350483039015700548e-01
1.367119426791373371e+03 7.374205506767670393e-01
1.366923304802865687e+03 7.398353527711746258e-01
1.366726938425587150e+03 7.470075006893756031e-01
1.366530816437079466e+03 7.444048659181237149e-01
1.366334572254186241e+03 7.385667493260293925e-01
1.366138572460063870e+03 7.430001313825547182e-01
1.365942694860326583e+03 7.415617793520763446e-01
1.365746695066204211e+03 7.378647690450508279e-01
1.365550817466467151e+03 7.444470310895384690e-01
1.365354939866730092e+03 7.398940683313500744e-01
1.365159184461378345e+03 7.426149685647883691e-01
1.364963673444797450e+03 7.419673069311830682e-01
1.364767918039445703e+03 7.410000509393607215e-01
1.364572407022864809e+03 7.437847065536344893e-01
1.364376773811898374e+03 7.496081693267838686e-01
1.364181384989702792e+03 7.427335833260827469e-01
1.363985996167507210e+03 7.386579674791469152e-01
1.363790607345311628e+03 7.363822430218001092e-01
1.363595340717501358e+03 7.322095098711375316e-01
1.363400074089691088e+03 7.369107042821027020e-01
1.363204929656266131e+03 7.349718428576286211e-01
1.363009785222841174e+03 7.344732568568660414e-01
1.362814762983801756e+03 7.417426277695952086e-01
1.362619862939147424e+03 7.417959105354502425e-01
1.362424718505722694e+03 7.437570392936747599e-01
1.362229940655453902e+03 7.447358429472858976e-01
1.362035162805185109e+03 7.442336948642598315e-01
1.361840507149301629e+03 7.451991981971501922e-01
1.361645729299032837e+03 7.457635388382272135e-01
1.361451073643149357e+03 7.445153823376654545e-01
1.361256417987265877e+03 7.400043209698484725e-01
1.361061884525767937e+03 7.446815149587101557e-01
1.360867473258655082e+03 7.421391388125816446e-01
1.360673184185927767e+03 7.439941380606521770e-01
1.360478772918815139e+03 7.423482491159080210e-01
1.360284483846087596e+03 7.426094743275902799e-01
1.360090194773360281e+03 7.454343730775793153e-01
1.359895905700632966e+03 7.481053311916449067e-01
1.359701983211061815e+03 7.456354685259917181e-01
1.359507938527105125e+03 7.501384116016300840e-01
1.359313893843148435e+03 7.426525289472644120e-01
1.359119971353577284e+03 7.411452331340289135e-01
1.358926048864005907e+03 7.425803845440994699e-01
1.358732248568820069e+03 7.416517289651528566e-01
1.358538570468019543e+03 7.448555759738533233e-01
1.358344770172833705e+03 7.398494659937936424e-01
1.358151092072033180e+03 7.443354720327297613e-01
1.357957536165617967e+03 7.477942284025084207e-01
1.357763980259202754e+03 7.496271120588909875e-01
1.357570546547172853e+03 7.461576256624044001e-01
1.357377112835143180e+03 7.428126621483801539e-01
1.357183801317498592e+03 7.445862878419896580e-01
1.356990489799854231e+03 7.451360403913961372e-01
1.356797178282209870e+03 7.449356637354952460e-01
1.356603988958950595e+03 7.396486202817872391e-01
1.356410921830077086e+03 7.416786953098383206e-01
1.356217854701203350e+03 7.419887065521537650e-01
1.356024909766714927e+03 7.509127254714992317e-01
1.355831842637841191e+03 7.492959517988833085e-01
1.355639019897738081e+03 7.483517793524462336e-01
1.355446074963249885e+03 7.441413826672556020e-01
1.355253496611917626e+03 7.457085579045815704e-01
1.355060673871814515e+03 7.479645462785406984e-01
1.354867973326096944e+03 7.480859320142501101e-01
1.354675394974764686e+03 7.411129853630389341e-01
1.354482816623432427e+03 7.407945435116123356e-01
1.354290482660870794e+03 7.441803671980571355e-01
1.354098026503924075e+03 7.485796220064084849e-01
1.353905570346977129e+03 7.454065742681643680e-01
1.353713236384415495e+03 7.464753439648883493e-01
1.353520902421854089e+03 7.413031987434276493e-01
1.353328690653677768e+03 7.461264361186479288e-01
1.353136723274272299e+03 7.398326964539123640e-01
1.352944633700481518e+03 7.405842397549580181e-01
1.352752544126690736e+03 7.409692120042637997e-01
1.352560576747285268e+03 7.437714868716404082e-01
1.352368609367879799e+03 7.438746880040733034e-01
1.352176764182859642e+03 7.375978809330712149e-01
1.351985041192225026e+03 7.429981996018616419e-01
1.351793318201590182e+03 7.435317836164957450e-01
1.351601595210955566e+03 7.382585028715127340e-01
1.351409872220320722e+03 7.443590416690660794e-01
1.351218271424071418e+03 7.384160071561109984e-01
1.351026670627822114e+03 7.423040671474573360e-01
1.350835436414728747e+03 7.436901015421341077e-01
1.350643957812864755e+03 7.334093633007995328e-01
1.350452601405386076e+03 7.399858073694581817e-01
1.350261367192292937e+03 7.419824824914167394e-01
1.350070132979199570e+03 7.347698646847616866e-01
1.349878898766106431e+03 7.399784276043079867e-01
1.349687908941783917e+03 7.411192363973105879e-01
1.349496796923075863e+03 7.456889033834527281e-01
1.349305807098753348e+03 7.436111756144585527e-01
1.349114817274430834e+03 7.453891569918486004e-01
1.348923949644493632e+03 7.433882500455647468e-01
1.348733082014556430e+03 7.406473086225604519e-01
1.348542336579004541e+03 7.399439762719668412e-01
1.348351713337838191e+03 7.393264302395937682e-01
1.348160967902286302e+03 7.450855949430671421e-01
1.347970344661119952e+03 7.319070417414176299e-01
1.347779843614338688e+03 7.360272830251410880e-01
1.347589342567557651e+03 7.395890682582408893e-01
1.347398963715161926e+03 7.384059683572765653e-01
1.347208462668380889e+03 7.380742426767684661e-01
1.347018206010370477e+03 7.408201896969407452e-01
1.346827949352360065e+03 7.319458388620853073e-01
1.346637692694349880e+03 7.374089174375939582e-01
1.346447558230724781e+03 7.383872603768786291e-01
1.346257545961485221e+03 7.364192792439570034e-01
1.346067533692245433e+03 7.272653629636610662e-01
1.345877521423005874e+03 7.357822747950707454e-01
1.345687631348151626e+03 7.293541897404707264e-01
1.345497741273297379e+03 7.207554409400027673e-01
1.345307851198442904e+03 7.036561718518942188e-01
1.345118205512359509e+03 6.975182845261789222e-01
1.344928437631890574e+03 6.791725442649892974e-01
1.344738791945806952e+03 6.708588012223285491e-01
1.344549268454108869e+03 6.807553514926301119e-01
1.344359622768025247e+03 6.919850741588323695e-01
1.344170221470712477e+03 7.019583966530646979e-01
1.343980697979014167e+03 7.075392998937767297e-01
1.343791541070472022e+03 7.156198669822987357e-01
1.343602139773159251e+03 7.141654878569574372e-01
1.343412860670231794e+03 7.239197614721197827e-01
1.343223703761689649e+03 7.252427708296833586e-01
1.343034546853147731e+03 7.238563287397935531e-01
1.342845512138990898e+03 7.276329720316604410e-01
1.342656477424834065e+03 7.321320529378095854e-01
1.342467564905062773e+03 7.305619368514307821e-01
1.342278530190905940e+03 7.303807320803346048e-01
1.342089739865519959e+03 7.335722064857100877e-01
1.341900949540133979e+03 7.414284515888064364e-01
1.341712159214747999e+03 7.389500562611647227e-01
1.341523491083747331e+03 7.389766437887704820e-01
1.341334945147131975e+03 7.359207652053797455e-01
1.341146399210516847e+03 7.424822616230645211e-01
1.340957853273901492e+03 7.316813867303547658e-01
1.340769307337286136e+03 7.381544100468871994e-01
1.340580883595056321e+03 7.325792414201436342e-01
1.340392582047211818e+03 7.379751777358866116e-01
1.340204280499367087e+03 7.377438884243799899e-01
1.340016101145907896e+03 7.339522681955791272e-01
1.339827921792448706e+03 7.346687535247665712e-01
1.339639742438989515e+03 7.391895492133671031e-01
1.339451685279915864e+03 7.379736275029775694e-01
1.339263628120841986e+03 7.328709953294049173e-01
1.339075570961768108e+03 7.344909032455047004e-01
1.338887758191465082e+03 7.320849672292405463e-01
1.338699945421161829e+03 7.368325615955733099e-01
1.338512010456473490e+03 7.344199477712676227e-01
1.338324319880555777e+03 7.382012717347458119e-01
1.338136629304637836e+03 7.382331238876284063e-01
1.322200770731892817e+03 7.282709179942642441e-01
1.322017845737004109e+03 7.292156006312401351e-01
1.321834920742115628e+03 7.353028502940647249e-01
1.321651995747227147e+03 7.278004176277245163e-01
1.321469315141109291e+03 7.277652011513899843e-01
1.304699846471416777e+03 7.462448314186206355e-01
1.304521931446328153e+03 7.437818835133530593e-01
1.304344138615624843e+03 7.471734073729459080e-01
1.304166345784921532e+03 7.433547800916850967e-01
1.303988552954218221e+03 7.417640002762233564e-01
1.286815842812827668e+03 7.498748299642105097e-01
1.286643182146309528e+03 7.563669740283429643e-01
1.286470399285406074e+03 7.515709000278127938e-01
1.286297738618887934e+03 7.552892911193045400e-01
1.286125077952370020e+03 7.542469049200949405e-01
1.285952539480237192e+03 7.608018260796531873e-01
1.285780001008104591e+03 7.532342532822082770e-01
1.285607462535971763e+03 7.551423970655231077e-01
1.285435046258224475e+03 7.537704859226105336e-01
1.285262629980477186e+03 7.617502183858870790e-01
1.285090458091500523e+03 7.598620879525664895e-01
1.284918164008138547e+03 7.522964755079116772e-01
1.284745869924776571e+03 7.592442278471558392e-01
1.284573698035799907e+03 7.570693182479889538e-01
1.284401526146823244e+03 7.627416867973113579e-01
1.284229476452231893e+03 7.618022891269780050e-01
1.284057426757640769e+03 7.655462881734615976e-01
1.283885377063049418e+03 7.676587933936458441e-01
1.283713449562843607e+03 7.677656979039944041e-01
1.283541522062637569e+03 7.718935451380294355e-01
1.283369716756817070e+03 7.684843546727098129e-01
1.283197911450996571e+03 7.682234716656566320e-01
1.283026106145176072e+03 7.735025197848309775e-01
1.282854423033740886e+03 7.770805049913913631e-01
1.282682739922305700e+03 7.737203058801246369e-01
1.282511301199641139e+03 7.790653807831258160e-01
1.282339740282591492e+03 7.841916268531284873e-01
1.282168179365541619e+03 7.797648417538804999e-01
1.281996740642877057e+03 7.810415778202129955e-01
1.281825424114598036e+03 7.713411095316959898e-01
1.281653985391933702e+03 7.698182173819922980e-01
1.281482668863654453e+03 7.631698147941710086e-01
1.281311352335375432e+03 7.709442769589058830e-01
1.281140158001481723e+03 7.684672039244887509e-01
1.280968963667588014e+03 7.658579417401643052e-01
1.280797769333694305e+03 7.649117819376585192e-01
1.280626819388571221e+03 7.629316452713976737e-01
1.280455747249062824e+03 7.614913300457368805e-01
1.280284675109554655e+03 7.593802165751943889e-01
1.280113847358816884e+03 7.625021693810428713e-01
1.279942897413694027e+03 7.594957660049808101e-01
1.279772191857341568e+03 7.596240242071240489e-01
1.279601364106604024e+03 7.563125718571147571e-01
1.279430658550251792e+03 7.585434237096616572e-01
1.279259952993899560e+03 7.580946676663938844e-01
1.279089369631932641e+03 7.609993953189876370e-01
1.278918664075580182e+03 7.563211814566658253e-01
1.278748202907998802e+03 7.604952002433230662e-01
1.278577619546031883e+03 7.649755852251586274e-01
1.278407280572835589e+03 7.626137976378732919e-01
1.278236819405254209e+03 7.599547242791618862e-01
1.278066480432057915e+03 7.598117915239641640e-01
1.277896141458861848e+03 7.571739092734430798e-01
1.277725924680050866e+03 7.552782293808609770e-01
1.277555707901240112e+03 7.523592505154027554e-01
1.277385491122429357e+03 7.612131025427085751e-01
1.277215396538003915e+03 7.554871459473967432e-01
1.277045301953578473e+03 7.524895667347401007e-01
1.276875451757923656e+03 7.562848335733683980e-01
1.276705479367883527e+03 7.605062475511193965e-01
1.276535506977843397e+03 7.556008455456545425e-01
1.276365656782188807e+03 7.568598563130146673e-01
1.276195928780919303e+03 7.588867499177359699e-01
1.276026078585264713e+03 7.603131205039367346e-01
1.275856350583995209e+03 7.568894277659252712e-01
1.275686622582725931e+03 7.513900670221789202e-01
1.275517016775841967e+03 7.632334064701823406e-01
1.275347410968958002e+03 7.565592459528903690e-01
1.275177805162074037e+03 7.623083921637556770e-01
1.275008443743960697e+03 7.561982620236349373e-01
1.274838837937076732e+03 7.559454187355781896e-01
1.274669476518963393e+03 7.573508269766836554e-01
1.274500115100850053e+03 7.556113997305710095e-01
1.274330875877122253e+03 7.596182812537929374e-01
1.274161514459008913e+03 7.572875204875716415e-01
1.273992397429666426e+03 7.601630829699856928e-01
1.273823280400323711e+03 7.551531527374961694e-01
1.273654163370981223e+03 7.590489120240226928e-01
1.273485168536024048e+03 7.556622396988688095e-01
1.273316173701066873e+03 7.551553685232414992e-01
1.273147301060495010e+03 7.495966147069521579e-01
1.273147178866109698e+03 7.592428100322186069e-01
1.272978306225537835e+03 7.578006528130605268e-01
1.272978184031152523e+03 7.634996792601529414e-01
1.272809555779351513e+03 7.546221163554184264e-01
1.272809433584965973e+03 7.576901712099308739e-01
1.272640683138779650e+03 7.613697373288764725e-01
1.272640560944394338e+03 7.613694515890232495e-01
1.272471810498207788e+03 7.607649426665159531e-01
1.272471688303822475e+03 7.607647270289296104e-01
1.272302937857635925e+03 7.545619267137100294e-01
1.272134309605834915e+03 7.643986732457752620e-01
1.271965681354033677e+03 7.549123200615097673e-01
1.271797053102232667e+03 7.583352776083184255e-01
1.271628547044816969e+03 7.565059567775841431e-01
1.271460040987401271e+03 7.556678546625397175e-01
1.271291534929985346e+03 7.567632508171949768e-01
1.271123151066955188e+03 7.617326246122961830e-01
1.270954767203924803e+03 7.625815776762805420e-01
1.270786505535279730e+03 7.632970637812649395e-01
1.270618243866634657e+03 7.633930932083552445e-01
1.270449982197989584e+03 7.631921331926808660e-01
1.270281964918115364e+03 7.621591933624617399e-01
1.270113825443855831e+03 7.567387282015243244e-01
1.269945685969596070e+03 7.610666082820105593e-01
1.269777668689721850e+03 7.603470865134789314e-01
1.269609773604232942e+03 7.660555112325257987e-01
1.269441756324358721e+03 7.645147698425561744e-01
1.269273861238869813e+03 7.645079884857025609e-01
1.269106088347766217e+03 7.665256722477895579e-01
1.268938315456662622e+03 7.632986129534737874e-01
1.268770542565559026e+03 7.678771392839803811e-01
1.268602769674455431e+03 7.658421634689019930e-01
1.268435241172122687e+03 7.731125847444954013e-01
1.268267590475404404e+03 7.606373356243320005e-01
1.268099939778686348e+03 7.571050204052992560e-01
1.267932533470738917e+03 7.626656354764153045e-01
1.267765004968405947e+03 7.531119127110315059e-01
1.267597598660458516e+03 7.586845732225233618e-01
1.267430192352511085e+03 7.526745123324832809e-01
1.267263030433334279e+03 7.471323066292202553e-01
1.267095624125386848e+03 7.458604286283472273e-01
1.266928340011824730e+03 7.560514067887639245e-01
1.266761178092647924e+03 7.508815862149988973e-01
1.266594016173471346e+03 7.586871458856051520e-01
1.266426976448679852e+03 7.622491660964613169e-01
1.266260058918273899e+03 7.558598607740236730e-01
1.266093019193482405e+03 7.581160155246139398e-01
1.265926101663076452e+03 7.587659411976299673e-01
1.265759184132670498e+03 7.582035697876119418e-01
1.265592266602264544e+03 7.572423445375859874e-01
1.265425471266243903e+03 7.580343878553623682e-01
1.265258675930223262e+03 7.564177748410743085e-01
1.265092124982973246e+03 7.547051659100216803e-01
1.264925329646952605e+03 7.607061539571902120e-01
1.264758656505317276e+03 7.603500977757230439e-01
1.264592105558067260e+03 7.619240085235030602e-01
1.264425554610817471e+03 7.667226935724282821e-01
1.264259125857952768e+03 7.636301987412434933e-01
1.264092697105088291e+03 7.602410831759358611e-01
1.263926268352223815e+03 7.563426562156126964e-01
1.263759961793744651e+03 7.582949787071457948e-01
1.263593655235265260e+03 7.620630120345556202e-01
1.263427348676786096e+03 7.634333518607674396e-01
1.263261164312692244e+03 7.597071810152029592e-01
1.263094979948598393e+03 7.593731159591416979e-01
1.262928917778890082e+03 7.568408122660373882e-01
1.262762733414796230e+03 7.619411828600063386e-01
1.262596793439473004e+03 7.595656126289812571e-01
1.262430731269764692e+03 7.606491504046176688e-01
1.262264791294441466e+03 7.607563179719247781e-01
1.262098973513503779e+03 7.639249980967827147e-01
1.261933155732566092e+03 7.663753523137633028e-01
1.261767337951628178e+03 7.593622655443942326e-01
1.261601520170690492e+03 7.661017492266271045e-01
1.261435946778523430e+03 7.591843437317375987e-01
1.261270373386356368e+03 7.596230908350767308e-01
1.261104677799803994e+03 7.570090389914329032e-01
1.260939104407637160e+03 7.620563048369884962e-01
1.260773653209855411e+03 7.616965668747506246e-01
1.260608202012073662e+03 7.596867895864489739e-01
1.260442750814292140e+03 7.640204246812276612e-01
1.260277299616510390e+03 7.602592934150921300e-01
1.260111970613114181e+03 7.594326086144521648e-01
1.259946763804103284e+03 7.658137647833249684e-01
1.259781434800706847e+03 7.673785955513646728e-01
1.259616350186081263e+03 7.575050899356275957e-01
1.259451143377070366e+03 7.604849707475253018e-01
1.259286058762444782e+03 7.526790317583608170e-01
