# Wavelength, Reflectance
1.644359295650001513e+03 6.608023328821591713e-01
1.643493206782814013e+03 6.588163603864721773e-01
1.642627972407814013e+03 7.558451872265513627e-01
1.641763714595314013e+03 6.580962571831837638e-01
1.640900311275001513e+03 6.580241200310643634e-01
1.640038006587501513e+03 6.479282606625654806e-01
1.639176556392189013e+03 6.334722070395429894e-01
1.638316082759376513e+03 6.574408767005679444e-01
1.637456463618751513e+03 6.577919902243599681e-01
1.636597943110939013e+03 6.628535313545859120e-01
1.635740277095314013e+03 6.584786711013042027e-01
1.634883587642189013e+03 6.206999921138623977e-01
1.634027874751564013e+03 6.285049236882568335e-01
1.633173016353126513e+03 6.582490069920804432e-01
1.632319134517189013e+03 6.756586365014731754e-01
1.631466107173439013e+03 6.818499009260613475e-01
1.630614056392189013e+03 6.729362086173298341e-01
1.629762982173439013e+03 6.699201553203462112e-01
1.628912762446876513e+03 6.688436498727600155e-01
1.628063519282814013e+03 6.758450731140455137e-01
1.627215130610939013e+03 6.767658701347405437e-01
1.626367718501564013e+03 6.890703699947016148e-01
1.625521282954689013e+03 6.767724582944563139e-01
1.624675823970314013e+03 6.785110248138086497e-01
1.623831097407814013e+03 6.720323846080876740e-01
1.622987469478126513e+03 6.759392677380346992e-01
1.622144573970314013e+03 6.632683310639448937e-01
1.621302777095314013e+03 6.667466854313678359e-01
1.620461712642189013e+03 6.699468268412179794e-01
1.619621746821876513e+03 6.564660461897702248e-01
1.618782513423439013e+03 6.459648400841403459e-01
1.617944256587501513e+03 6.369962993922352323e-01
1.617106854243751513e+03 6.204420116705651189e-01
1.616270428462501513e+03 6.279227228701695918e-01
1.615434857173439013e+03 6.276003841362340907e-01
1.614600262446876513e+03 6.205275534715788410e-01
1.613766644282814013e+03 5.911166478365520449e-01
1.612933758540626513e+03 5.819931630801069566e-01
1.612101849360939013e+03 5.323769791507374505e-01
1.611270794673439013e+03 4.574189590130247618e-01
1.610440716548439013e+03 3.590596321439636363e-01
1.609611492915626513e+03 2.922905080090913432e-01
1.608783123775001513e+03 3.473986341103416642e-01
1.607955731196876513e+03 4.288579783139470081e-01
1.607129071040626513e+03 5.041823331834505151e-01
1.606303387446876513e+03 5.471447743187447532e-01
1.605478680415626513e+03 5.598623790539599687e-01
1.604654827876564013e+03 5.679215756517942415e-01
1.603831707759376513e+03 5.334358241510912535e-01
1.603009564204689013e+03 5.547600789460852555e-01
1.602188397212501513e+03 5.633110389649186311e-01
1.601367962642189013e+03 5.923148012366555859e-01
1.600548504634376513e+03 6.149418209987936867e-01
1.599729901118751513e+03 6.215342142051211161e-01
1.598912152095314013e+03 6.253518432366558244e-01
1.598095257564064013e+03 6.242311609849470200e-01
1.597279095454689013e+03 6.101954935842170968e-01
1.596464276118751513e+03 5.958145704454875791e-01
1.595649945064064013e+03 5.849273767363574184e-01
1.594836468501564013e+03 5.480451226895786121e-01
1.594024090571876513e+03 5.411938429625797742e-01
1.593212322993751513e+03 5.430231892184815834e-01
1.592401531978126513e+03 5.346943454934595108e-01
1.591591717525001513e+03 5.384244716724596591e-01
1.590782635493751513e+03 5.348178913228011089e-01
1.589974530025001513e+03 5.537289275993220183e-01
1.589167034907814013e+03 5.786580919594418448e-01
1.588360394282814013e+03 5.949853062314854890e-01
1.587554974360939013e+03 5.836901662059007512e-01
1.586750164790626513e+03 5.818853440067204286e-01
1.585946209712501513e+03 5.738313349066499480e-01
1.585143231196876513e+03 5.765670959387781958e-01
1.584340985103126513e+03 5.686369481318767072e-01
1.583539593501564013e+03 5.622938007375448688e-01
1.582739178462501513e+03 5.479995190525753790e-01
1.581939495845314013e+03 5.481916896336814782e-01
1.581140789790626513e+03 5.177401144513587017e-01
1.580342694087501513e+03 4.726854590082589236e-01
1.579545452876564013e+03 4.232118687833687498e-01
1.578749310298439013e+03 3.336979811362753012e-01
1.577953778071876513e+03 2.755397649889177458e-01
1.577159222407814013e+03 3.044236765174653248e-01
1.576365521235939013e+03 3.771897818832563032e-01
1.575572552485939013e+03 4.353569796167121031e-01
1.574780316157814013e+03 4.755133157099125096e-01
1.573989056392189013e+03 4.979281611236238692e-01
1.573198651118751513e+03 5.385236166313263073e-01
1.572409100337501513e+03 5.614086250114143084e-01
1.571620281978126513e+03 5.782163052981411644e-01
1.570832196040626513e+03 5.795407524311104730e-01
1.570045208735939013e+03 5.926025703725585903e-01
1.569258831782814013e+03 6.039936725599021061e-01
1.568473553462501513e+03 6.093356800098426174e-01
1.567688763423439013e+03 6.167925324889699246e-01
1.566904949946876513e+03 6.040292040117912764e-01
1.566121990962501513e+03 6.019927079968269146e-01
1.565339764400001513e+03 5.962828331467274756e-01
1.564558392329689013e+03 5.928574178738090783e-01
1.563777874751564013e+03 5.879291362164040802e-01
1.562998211665626513e+03 5.990647768869975520e-01
1.562219158931251513e+03 5.994450117905838482e-01
1.561441082759376513e+03 5.891469168782798027e-01
1.560663861079689013e+03 5.898118701264635222e-01
1.559887371821876513e+03 5.858762132436092784e-01
1.559111614985939013e+03 5.898605582139679893e-01
1.558336712642189013e+03 5.902809963779225289e-01
1.557562786860939013e+03 5.919100020697696252e-01
1.556789471431251513e+03 5.884438460054206566e-01
1.556017010493751513e+03 5.868730769157641802e-01
1.555245281978126513e+03 5.773146418767148846e-01
1.554474530025001513e+03 5.792883653545888301e-01
1.553704388423439013e+03 5.776579357339235443e-01
1.552935223384376513e+03 5.632389779243913708e-01
1.552935101314064013e+03 5.713333783410597944e-01
1.552678997798439013e+03 5.649427491717843308e-01
1.552422772212501513e+03 5.651503375274218310e-01
1.552166790767189013e+03 5.576588782825435686e-01
1.552166668696876513e+03 5.743196042913204513e-01
1.551910809321876513e+03 5.626927154150488386e-01
1.551399090571876513e+03 5.765845920667140856e-01
1.550632244868751513e+03 5.887792493866605970e-01
1.549866131587501513e+03 6.088974464974223899e-01
1.549100872798439013e+03 6.191767562359400401e-01
1.548336468501564013e+03 6.191566399929415709e-01
1.547572674556251513e+03 6.260900641353996932e-01
1.546809735103126513e+03 6.150676267158542432e-01
1.546047650142189013e+03 6.141951883415920355e-01
1.545286419673439013e+03 5.874867102679971476e-01
1.544525799556251513e+03 5.501034108920750398e-01
1.543765911860939013e+03 4.767365104576968271e-01
1.543007000728126513e+03 3.826405772528699289e-01
1.542248944087501513e+03 4.196590851089388452e-01
1.541491497798439013e+03 4.998014104586536721e-01
1.540734783931251513e+03 5.544096205221958895e-01
1.539978924556251513e+03 5.860365537979568273e-01
1.539223797603126513e+03 6.109192006500597794e-01
1.538469647212501513e+03 6.321315443271556811e-01
1.537716107173439013e+03 6.367102362433758600e-01
1.536963299556251513e+03 6.413248771415204219e-01
1.536211346431251513e+03 6.485282253654897078e-01
1.535459881587501513e+03 6.382346597188018889e-01
1.534709759517189013e+03 6.279257584334014819e-01
1.533959881587501513e+03 6.244331085279204441e-01
1.533211102290626513e+03 6.448232023631155219e-01
1.532462933345314013e+03 6.461399994889784892e-01
1.531715496821876513e+03 6.549826297112296691e-01
1.530969036860939013e+03 6.474364972502415494e-01
1.530223187251564013e+03 6.412501564081767302e-01
1.529478070064064013e+03 6.498919437014276657e-01
1.528733685298439013e+03 6.501552190968021838e-01
1.527990155025001513e+03 6.538194139910147307e-01
1.527247113032814013e+03 6.472940946921369454e-01
1.526505291743751513e+03 6.486516739649984542e-01
1.525763836665626513e+03 6.508034989111531887e-01
1.525023480220314013e+03 6.473301104394905137e-01
1.524283612056251513e+03 6.469995707246847250e-01
1.523544598384376513e+03 6.533518234434909644e-01
1.522806317134376513e+03 6.485593129615678798e-01
1.522068890376564013e+03 6.488818640871971688e-01
1.521332073970314013e+03 6.601675549672653132e-01
1.520595989985939013e+03 6.546941090790322493e-01
1.519860638423439013e+03 6.609821900610461931e-01
1.519126141353126513e+03 6.579359172644269060e-01
1.518392254634376513e+03 6.554912692211477543e-01
1.517659100337501513e+03 6.556734357486436737e-01
1.516927044673439013e+03 6.612265165696832314e-01
1.516195477290626513e+03 6.598624678147321232e-01
1.515464520259376513e+03 6.625613539068859748e-01
1.515221234126564013e+03 6.394218567791286612e-01
1.514977947993751513e+03 6.365969219557134906e-01
1.514734539790626513e+03 6.414105387969107896e-01
1.514734417720314013e+03 6.609911328032161970e-01
1.514491375728126513e+03 6.463689229479430143e-01
1.514248333735939013e+03 6.360030845185931092e-01
1.514005047603126513e+03 6.612960159720852049e-01
1.513276409907814013e+03 6.687009432514610108e-01
1.512548504634376513e+03 6.719560761890003286e-01
1.511821331782814013e+03 6.705683990190610677e-01
1.511095013423439013e+03 6.710975607153361056e-01
1.510369305415626513e+03 6.716517222221685124e-01
1.509644329829689013e+03 6.691366539679459713e-01
1.508920086665626513e+03 6.792706962934630388e-01
1.508196575923439013e+03 6.704205248246342119e-01
1.507473797603126513e+03 6.760328882461376088e-01
1.506751751704689013e+03 6.765329534516779653e-01
1.506030438228126513e+03 6.793506924566710126e-01
1.505309857173439013e+03 6.768100816866474689e-01
1.504590130610939013e+03 6.821990958695656193e-01
1.503870892329689013e+03 6.778568642928120003e-01
1.503152413208053304e+03 6.713859108284696564e-01
1.502433827653708704e+03 6.713640497700711363e-01
1.501715975349929749e+03 6.610978552057286128e-01
1.500998978505144123e+03 6.450241576664039744e-01
1.500282592702496686e+03 6.466471637494642932e-01
1.499566940150414666e+03 6.403198882294934835e-01
1.498852020848898519e+03 6.491118529829663641e-01
1.498137712589520106e+03 6.530509793598163748e-01
1.497424259789135249e+03 6.565996487978058571e-01
1.496711418030888353e+03 6.678050600618339327e-01
1.495999431731634786e+03 6.659922012080314868e-01
1.495288056474519180e+03 6.652617008953710664e-01
1.494577414467969220e+03 6.610500710205059471e-01
1.493867383503557221e+03 6.624229796770914058e-01
1.493158207998138778e+03 6.602903969101910908e-01
1.492449643534858069e+03 6.661277977826081109e-01
1.491741812322143232e+03 6.729809979625773764e-01
1.491034714359994041e+03 6.657927181065206312e-01
1.490328227439982811e+03 6.680352443408759111e-01
1.489622473770537226e+03 6.744235607713721103e-01
1.488917453351657286e+03 6.652947559647386377e-01
1.488213166183342992e+03 6.591071055783210841e-01
1.487509490057166886e+03 6.620601579234908218e-01
1.486806547181556425e+03 6.669583651998294282e-01
1.486104215348083926e+03 6.720277226639996826e-01
1.485402738973604755e+03 6.641252081266141305e-01
1.484701873641263546e+03 6.647040636324907936e-01
1.484001741559487982e+03 6.590929147871745775e-01
1.483302220519850607e+03 6.559731408220006443e-01
1.482603554939206333e+03 6.656616478229505640e-01
1.481905378192272565e+03 6.630405542443339462e-01
1.481208056904332125e+03 6.664030579480766381e-01
1.480511346658529646e+03 6.643887307142176679e-01
1.479815247454865357e+03 6.608452368005521826e-01
1.479120003710194169e+03 6.613379900625905305e-01
1.478425248799233486e+03 6.645452261591403564e-01
1.477731349347266132e+03 6.574560504415830620e-01
1.477038060937436740e+03 6.455019279769106388e-01
1.476345505778172992e+03 5.902478065716906253e-01
1.475653561661047434e+03 5.095914266288430472e-01
1.474962350794487293e+03 5.432960947855910439e-01
1.474271750970065341e+03 6.101244227071558335e-01
1.473581884396209034e+03 6.316765988204415816e-01
1.472892628864490916e+03 6.481827920138580890e-01
1.472204106583338216e+03 6.489640632207996918e-01
1.471516317552751389e+03 6.430163267343860234e-01
1.470829139564302523e+03 6.545668678676097585e-01
1.470142694826419302e+03 6.591601361533819814e-01
1.469456861130674042e+03 6.553418780248873032e-01
1.468771638477066972e+03 6.598895019347091884e-01
1.468087149074025319e+03 6.690416747431641165e-01
1.467403392921549539e+03 6.648751177869841600e-01
1.466720247811211948e+03 6.636739521192503988e-01
1.466037713743012091e+03 6.615479342839006849e-01
1.465355912925378107e+03 6.556886721692433140e-01
1.464674723149882084e+03 6.591295925954668844e-01
1.463994266624951706e+03 6.674332791732385806e-01
1.463314421142159290e+03 6.656068736598625968e-01
1.462635308909932746e+03 6.582891660764343955e-01
1.461956807719844164e+03 6.613894990513126126e-01
1.461278917571893544e+03 6.544376393378812384e-01
1.460601638466081113e+03 6.454394857370266969e-01
1.459925214819261782e+03 6.420159725940638440e-01
1.459249280006152958e+03 6.380366020103995783e-01
1.458574078443610006e+03 6.435447068069455323e-01
1.457899487923204788e+03 6.329234480471377378e-01
1.457225630653365442e+03 6.229925737966151011e-01
1.456552384425664059e+03 6.282895499956283603e-01
1.455879749240100637e+03 6.189605015421484335e-01
1.455207847305102860e+03 6.134428483901264162e-01
1.454536556412243272e+03 6.113001795508049563e-01
1.453865876561521645e+03 6.148188071710648517e-01
1.453195807752938208e+03 6.217273157582597909e-01
1.452526594403347872e+03 6.231977311922979323e-01
1.451857869887468041e+03 6.129070970480648972e-01
1.451189756413726400e+03 6.186513110949060090e-01
1.450522376190550176e+03 6.161160815739915586e-01
1.449855607009512141e+03 6.003008811290644342e-01
1.449189448870612068e+03 6.041004981449870082e-01
1.448524023982277640e+03 5.934183359790038415e-01
1.447859210136081401e+03 5.962855577282015762e-01
1.447194885123595441e+03 5.904627740509221789e-01
1.446531415570102808e+03 5.784451284289733319e-01
1.445868434850320682e+03 5.522106781407712939e-01
1.445206309589531884e+03 5.233000800993533597e-01
1.444544550954025681e+03 5.344237782304133155e-01
1.443883525569085350e+03 5.445135198583019864e-01
1.443223233434710437e+03 5.428764015345983740e-01
1.442563430134046257e+03 5.340224448474100161e-01
1.441904360083947495e+03 5.099290127705866649e-01
1.441245901075986922e+03 5.108953924133092794e-01
1.440588053110164310e+03 5.013582654789172643e-01
1.439930693978052204e+03 4.777452705750640516e-01
1.439274312513360883e+03 4.366940336702516134e-01
1.439274190304933200e+03 4.526465709120893743e-01
1.439055559427939670e+03 4.365306682371075109e-01
1.438836806342518457e+03 4.335264045919557385e-01
1.438618297673952384e+03 4.190180378304173003e-01
1.438618175465524928e+03 4.261663061282394693e-01
1.438399666796958854e+03 4.224328178006189205e-01
1.438181280336820464e+03 4.183673864855083635e-01
1.437963016085109757e+03 4.194721395231215122e-01
1.437962893876682074e+03 4.174677937858394805e-01
1.437744629624971367e+03 4.039974454336632825e-01
1.437526487581688116e+03 3.911681386791782677e-01
1.437308345538404865e+03 3.767645906049078564e-01
1.437308223329977409e+03 3.817077024821262099e-01
1.437089959078266475e+03 3.641733362939467700e-01
1.436872061451838590e+03 3.532164955088288316e-01
1.436654286033838389e+03 3.424460679175459488e-01
1.436654163825410706e+03 3.424462538109804832e-01
1.436436266198982821e+03 3.208656020630419881e-01
1.436218368572554709e+03 3.053636660617368159e-01
1.436000715362981964e+03 2.935659267213925339e-01
1.435783062153409219e+03 2.728807668924866370e-01
1.435565408943836474e+03 2.601059214117414364e-01
1.435347877942691412e+03 2.528078386646300801e-01
1.435130469149974033e+03 2.439655308520937704e-01
1.434913060357256427e+03 2.393682717547667149e-01
1.434695651564538821e+03 2.398298195275694322e-01
1.434478487188676581e+03 2.505195114435779802e-01
1.434261200604386659e+03 2.640527942510479953e-01
1.434044036228524419e+03 2.734898961702234010e-01
1.433826994061089863e+03 2.894485231985038931e-01
1.433610074102082763e+03 3.110649430330694742e-01
1.433393154143075662e+03 3.262643980456997328e-01
1.433176234184068562e+03 3.391055257816990021e-01
1.432959558641916601e+03 3.588388408898382509e-01
1.432742760891337184e+03 3.663608770153879979e-01
1.432526085349185450e+03 3.801889228298580004e-01
1.432309532015461173e+03 3.942872713844756127e-01
1.432093100890164578e+03 4.016243195829928836e-01
1.431876669764867756e+03 4.144553179422845735e-01
1.431660238639571162e+03 4.126814609286384439e-01
1.431443929722702251e+03 4.275060105018428924e-01
1.431227743014260795e+03 4.371723264734025394e-01
1.431011556305819340e+03 4.482435130914344534e-01
1.430795491805805568e+03 4.615862153307565552e-01
1.430579549514219252e+03 4.697739538035497486e-01
1.430363485014205480e+03 4.814121320059555620e-01
1.430147542722619391e+03 4.740609595137397769e-01
1.429931600431033075e+03 4.592275815080965051e-01
1.429716024764729809e+03 4.416631777341419873e-01
1.429500326889998860e+03 4.238565904075823343e-01
1.429284751223695366e+03 4.138581050359042002e-01
1.429069297765819783e+03 4.094896208284815597e-01
1.428853722099516290e+03 4.075279929098584719e-01
1.428638268641640479e+03 4.042244069374813509e-01
1.428422937392192352e+03 4.065385126236406577e-01
1.428207728351171909e+03 4.095912934787745985e-01
1.427992519310151238e+03 4.096222730594108463e-01
1.427777310269130794e+03 4.171463835568897105e-01
1.427562223436537806e+03 4.135154701733434468e-01
1.427347381020800185e+03 4.197073913599139727e-01
1.427132294188207197e+03 4.122275735858287882e-01
1.426917451772469576e+03 4.143322060865321510e-01
1.426702731565159411e+03 4.156939646198243854e-01
1.426488011357849246e+03 4.068647434307145483e-01
1.426273291150539308e+03 4.019505121758512045e-01
1.426058693151656826e+03 3.982968879913529325e-01
1.425844217361201800e+03 4.044890075036989829e-01
1.425629741570747001e+03 4.024335534926571922e-01
1.425415387988719658e+03 3.973749238992295152e-01
1.425201034406692543e+03 3.967741489240688146e-01
1.424986803033092883e+03 3.913376347325241977e-01
1.424772571659493224e+03 3.933195861956969019e-01
1.424558462494321020e+03 3.946013934618092800e-01
1.424344231120721361e+03 3.949626980567209622e-01
1.424130488580832207e+03 3.979795672363139469e-01
1.423916501624087687e+03 3.997175729786771048e-01
1.423702636875770850e+03 3.981784022766463593e-01
1.423488894335881696e+03 4.037410001812636873e-01
1.423275151795992542e+03 4.031962160665669703e-01
1.423061531464530844e+03 3.986726251169709356e-01
1.422847788924641691e+03 4.040966688366018911e-01
1.422634535218462815e+03 4.028411782362816829e-01
1.422421037095428801e+03 4.062335837012201467e-01
1.422207661180822470e+03 4.087070710545328001e-01
1.421994285266216139e+03 4.132700312981837931e-01
1.421781153768464947e+03 4.215039439829361134e-01
1.421567900062286071e+03 4.211195170141808775e-01
1.421354768564534879e+03 4.096411883300629109e-01
1.421141637066783687e+03 4.121823309311510863e-01
1.420928749985887862e+03 4.116861375150152047e-01
1.420715862904991809e+03 4.149152232189204925e-01
1.420502975824095984e+03 4.240867888639942018e-01
1.420290333160055070e+03 4.298987640212986738e-01
1.420077446079159245e+03 4.348582260072123562e-01
1.419864925623546014e+03 4.354115763033074571e-01
1.419652282959505328e+03 4.442795540323597470e-01
1.419439884712319781e+03 4.483435399859907466e-01
1.419227364256706778e+03 4.578076926193040963e-01
1.419014966009521231e+03 4.560046631961265362e-01
1.418802689970763140e+03 4.656202607716284914e-01
1.418590536140432960e+03 4.681599409118394339e-01
1.418378382310102552e+03 4.667874274501616627e-01
1.418166228479772371e+03 4.757179685586883644e-01
1.417954074649441964e+03 4.805551026153052074e-01
1.417742287444394606e+03 4.812735933518724196e-01
1.417530255822491881e+03 4.836210766035972108e-01
1.417318346409016840e+03 4.868749138413701050e-01
1.417106681412396938e+03 4.923658584702205188e-01
1.416895016415777036e+03 4.923833481647759136e-01
1.416683351419157134e+03 5.001076434413637140e-01
1.416471686422537459e+03 4.973954260158200968e-01
1.416260265842772696e+03 5.037092028338293614e-01
1.416048845263008161e+03 5.040292830595498597e-01
1.415837424683243398e+03 5.026056181419519264e-01
1.415626126311906546e+03 5.089746405786722550e-01
1.415414827940569467e+03 5.056442589218549388e-01
1.415203773986087526e+03 5.143636515594749437e-01
1.414992597823178130e+03 5.156812540409693169e-01
1.414781543868696417e+03 5.206729907390920120e-01
1.414570489914214477e+03 5.188868330603174650e-01
1.414359680376587903e+03 5.222329270011258906e-01
1.414148870838961329e+03 5.228245548911745200e-01
1.413938061301334756e+03 5.214453113274643004e-01
1.413727373972135865e+03 5.261981210201074344e-01
1.413516808851364431e+03 5.289227400408249569e-01
1.413306121522165540e+03 5.281729214327924860e-01
1.413095434192966422e+03 5.302637836168121455e-01
1.412885235697477810e+03 5.418327095826664941e-01
1.412674792785134059e+03 5.420302754170428505e-01
1.412464472081217991e+03 5.424759567692952755e-01
1.412254151377301923e+03 5.461091517160265862e-01
1.412044075090240995e+03 5.591142559845926341e-01
1.411833998803180066e+03 5.654367594611329206e-01
1.411623922516119137e+03 5.666057645213462557e-01
1.411413846229058208e+03 5.678076822962647707e-01
1.411204014358852419e+03 5.650734077395892507e-01
1.410994182488646629e+03 5.601757301230350095e-01
1.410784350618441067e+03 5.611107547003787444e-01
1.410574518748235278e+03 5.664749194308649205e-01
1.410364931294884855e+03 5.705315654477505216e-01
1.410155343841534204e+03 5.698089965535406698e-01
1.409945878596611465e+03 5.727993875012853398e-01
1.409736291143260814e+03 5.761313030294331616e-01
1.409527070315193214e+03 5.783060145358829285e-01
1.409317605070270247e+03 5.749019659629569512e-01
1.409108384242202646e+03 5.779460279228965103e-01
1.408899163414135046e+03 5.828055574823730600e-01
1.408690064794494901e+03 5.845047501396669620e-01
1.408480966174854757e+03 5.859720674079870184e-01
1.408271989763642523e+03 5.843033105554766848e-01
1.408063013352430062e+03 5.876650107970201597e-01
1.407854159149645056e+03 5.866038115105133288e-01
1.407645304946860279e+03 5.855205489507248062e-01
1.407436572952502956e+03 5.904071647532049827e-01
1.407227840958145862e+03 6.006227735540288215e-01
1.407019231172216223e+03 5.953137274040044558e-01
1.406810743594714268e+03 5.985801816622454696e-01
1.406602256017212312e+03 6.024799470620150199e-01
1.406393768439710129e+03 6.003684330737085739e-01
1.406185403070635857e+03 6.035432297309852867e-01
1.405977282118416724e+03 6.057298907008998867e-01
1.405768916749342225e+03 6.085360352223828651e-01
1.405560795797123092e+03 6.073331732348575818e-01
1.405352674844903959e+03 6.180470890500076031e-01
1.405144676101112282e+03 6.115499744863061027e-01
1.404936677357320605e+03 6.096643992209296314e-01
1.404728800821956838e+03 6.081659654235176404e-01
1.404520924286592845e+03 6.102690913226245240e-01
1.404313292168083990e+03 6.102298049556867943e-01
1.404105537841147680e+03 6.168675026077696799e-01
1.403897783514211369e+03 6.177704884924288820e-01
1.403690273604130198e+03 6.161698531462980188e-01
1.403482763694049027e+03 6.170273949834884641e-01
1.403275375992395539e+03 6.184469710585285274e-01
1.403067866082314367e+03 6.219650409583135087e-01
1.402860600589088563e+03 6.177031228579847877e-01
1.402653457304290214e+03 6.210864545346240773e-01
1.402446191811064409e+03 6.241311219247396291e-01
1.402239048526266060e+03 6.202128606171797287e-01
1.402031905241467712e+03 6.229908142106479474e-01
1.401825006373524502e+03 6.263450613164256442e-01
1.401618107505581520e+03 6.301450069928448139e-01
1.401411208637638538e+03 6.255319810467548924e-01
1.401204309769695328e+03 6.294443758154919522e-01
1.400997533110179802e+03 6.313957364382831727e-01
1.400790878659091959e+03 6.350101338448264077e-01
1.400584346416431799e+03 6.386610359411072357e-01
1.400377814173771412e+03 6.370555589296973409e-01
1.400171281931111253e+03 6.399457989107047995e-01
1.399964871896878549e+03 6.400217015041860247e-01
1.399758584071073528e+03 6.455102703489586924e-01
1.399552174036840825e+03 6.362291427035897673e-01
1.399346008419463487e+03 6.425504130846794171e-01
1.399139842802086150e+03 6.390850742371998461e-01
1.398933799393136269e+03 6.408942345379149419e-01
1.398727633775758932e+03 6.399296610752294168e-01
1.398521712575236506e+03 6.412684712875361681e-01
1.398315913583141992e+03 6.450952205433146958e-01
1.398109870174192110e+03 6.439912571231278804e-01
1.397904193390525279e+03 6.489800958787914631e-01
1.397698394398430537e+03 6.412181486601278291e-01
1.397492717614763706e+03 6.511944126251437703e-01
1.397287285247951786e+03 6.435480736821873604e-01
1.397081730672712411e+03 6.505307606554388000e-01
1.396876176097473035e+03 6.501672364592370190e-01
1.396670621522233660e+03 6.524569681168962410e-01
1.396465555780704790e+03 6.509291791745300815e-01
1.396260245622320554e+03 6.576383114095776250e-01
1.396054935463936545e+03 6.587261084341797801e-01
1.395849869722407448e+03 6.568555440971721726e-01
1.395644803980878578e+03 6.614858374588195034e-01
1.395439738239349708e+03 6.650115607149347241e-01
1.395234794706248294e+03 6.612049713473110435e-01
1.395029851173146881e+03 6.588365229355461761e-01
1.394825029848473378e+03 6.592883666635664941e-01
1.394620330732227103e+03 6.578737007853856511e-01
1.394415631615981056e+03 6.643249858752032777e-01
1.394210932499735009e+03 6.715057712293608372e-01
1.394006233383488734e+03 6.621904022248761290e-01
1.393801900892525509e+03 6.652564752108970358e-01
1.393597446193134601e+03 6.590740270802898371e-01
1.393392991493743693e+03 6.640750515660116537e-01
1.393188659002780469e+03 6.591456649218730979e-01
1.392984448720244700e+03 6.591057926645749188e-01
1.392780238437709158e+03 6.688352125500088841e-01
1.392576150363601073e+03 6.665904124100986428e-01
1.392372062289492987e+03 6.662910308393356074e-01
1.392167974215384902e+03 6.634296834383024422e-01
1.391964130558132183e+03 6.658894453012904613e-01
1.391760164692451553e+03 6.675226553721000933e-01
1.391556321035198835e+03 6.629514600547983250e-01
1.391352477377945888e+03 6.623358106718471028e-01
1.391149000345975992e+03 6.637961149267076477e-01
1.390945278897150729e+03 6.612815671179892441e-01
1.390741679656753149e+03 6.566732298353489261e-01
1.390538202624783025e+03 6.641892500038294456e-01
1.390334725592813129e+03 6.666704318034176735e-01
1.390131370769270688e+03 6.649528817068776076e-01
1.389928015945728248e+03 6.600547048309544085e-01
1.389724783330613491e+03 6.677103683467391360e-01
1.389521550715498734e+03 6.692531765114004827e-01
1.389318562517239116e+03 6.750317513820318638e-01
1.389115452110551814e+03 6.697624879814874088e-01
1.388912341703864740e+03 6.682702621179364977e-01
1.388709353505605122e+03 6.713816382855150033e-01
1.388506487515773188e+03 6.715736879961787809e-01
1.388303743734368709e+03 6.768451508802211247e-01
1.388100999952964457e+03 6.675349124187479610e-01
1.387898256171559979e+03 6.686502942223671031e-01
1.387695634598583410e+03 6.732708708221268878e-01
1.387493135234034298e+03 6.745715672055426770e-01
1.387290513661057503e+03 6.760793825835461623e-01
1.387088136504935846e+03 6.753394687902380955e-01
1.386885759348814418e+03 6.672756446290942778e-01
1.386683382192692761e+03 6.717184852228685887e-01
1.386481127244999016e+03 6.749510343797648915e-01
1.386278994505732726e+03 6.834638681635010204e-01
1.386076739558038753e+03 6.748164355793682123e-01
1.385874729027199919e+03 6.712058269784676456e-01
1.385672718496361313e+03 6.818836453837815448e-01
1.385470830173950162e+03 6.737908330995137085e-01
1.385268941851539239e+03 6.742753610304182965e-01
1.385067053529128088e+03 6.866388720611829033e-01
1.384865287415144621e+03 6.805021061985112585e-01
1.384663521301161154e+03 6.729404603092088433e-01
1.384461999604032826e+03 6.751956463692085908e-01
1.384260355698477042e+03 6.791450961376490625e-01
1.384058834001348714e+03 6.767452427905081835e-01
1.383857312304220386e+03 6.776542596196557522e-01
1.383656035023947425e+03 6.788389418226885574e-01
1.383454635535246780e+03 6.763230323955184975e-01
1.383253358254973818e+03 6.789118476147213421e-01
1.383052080974700630e+03 6.804072691090553571e-01
1.382851048111282807e+03 6.833032616598825326e-01
1.382650015247864985e+03 6.864777836695231672e-01
1.382448860176019480e+03 6.879175454742088025e-01
1.382247949521029341e+03 6.791388587669475729e-01
1.382047038866039202e+03 6.827348935734647295e-01
1.381846250419476519e+03 6.710380604154526640e-01
1.381645461972914063e+03 6.788333374905843876e-01
1.381444673526351380e+03 6.849264989575267748e-01
1.381244007288216380e+03 6.805975443824954230e-01
1.381043341050081381e+03 6.769957781372714090e-01
1.380842919228801520e+03 6.786817347301736802e-01
1.380642497407521887e+03 6.797471049759931105e-01
1.380442075586242026e+03 6.798415842537954834e-01
1.380241653764962166e+03 6.760576068492625268e-01
1.380041354152110216e+03 6.749678068206454995e-01
1.379841176747685495e+03 6.810502172548940081e-01
1.379640999343261001e+03 6.794395871108555029e-01
1.379440821938836507e+03 6.790605742986425275e-01
1.379240766742839469e+03 6.792720613584205536e-01
1.379040955963697797e+03 6.843036983835361076e-01
1.378841022976128443e+03 6.804449726092272055e-01
1.378641089988559088e+03 6.843679699917476489e-01
1.378441279209417416e+03 6.810417636789820595e-01
1.378241468430275745e+03 6.830343007292615232e-01
1.378041779859561530e+03 6.766273898484929106e-01
1.377842213497274997e+03 6.829445191606857701e-01
1.377642647134988465e+03 6.857503465929155606e-01
1.377443202981129616e+03 6.835394877674718650e-01
1.377243758827270767e+03 6.867103024758751673e-01
1.377044436881839374e+03 6.886243422394019431e-01
1.376845114936408208e+03 6.910591529256880916e-01
1.376645792990976815e+03 6.888894388392657886e-01
1.376446593253973106e+03 6.815272488519389382e-01
1.376247393516969396e+03 6.890492113396220475e-01
1.376048438196821053e+03 6.892032560050861401e-01
1.375849360668245026e+03 6.874506913039976075e-01
1.375650405348096456e+03 6.894212448875443044e-01
1.375451450027948113e+03 6.844407099235791936e-01
1.375252616916227225e+03 6.831143433003056264e-01
1.375054028221361477e+03 6.885438061243571717e-01
1.374855317318068273e+03 6.848376389982747670e-01
1.374656606414775069e+03 6.941819321876815385e-01
1.374458017719909549e+03 6.841813539585303028e-01
1.374259429025043801e+03 6.873386624710322579e-01
1.374061084747033419e+03 6.877889680234063885e-01
1.373862618260595355e+03 6.821608129216719663e-01
1.373664273982584973e+03 6.873543517146764037e-01
1.373465929704574592e+03 6.813055086219458323e-01
1.373267707634991666e+03 6.812482088652251910e-01
1.373069607773836651e+03 6.800153631823451228e-01
1.372871385704253726e+03 6.764379974292699105e-01
1.372673408051526167e+03 6.754842130912189768e-01
1.372475430398798608e+03 6.725985845260538110e-01
1.372277452746071049e+03 6.795934955317011195e-01
1.372079719510198629e+03 6.809028454103561723e-01
1.371881864065898753e+03 6.777881755255293905e-01
1.371684130830026334e+03 6.770554688906251783e-01
1.371486275385726458e+03 6.774472920240650620e-01
1.371288786566709177e+03 6.861510850155863039e-01
1.371091297747692124e+03 6.873085289158915590e-01
1.370893808928674844e+03 6.784244454399142032e-01
1.370696320109657790e+03 6.855936781846150296e-01
1.370498831290640737e+03 6.874951357202957469e-01
1.370301464680051140e+03 6.905710702719223271e-01
1.370104342486316909e+03 6.794195493410362108e-01
1.369907098084154768e+03 6.740501162526673085e-01
1.369709975890420537e+03 6.793557574640129992e-01
1.369512853696686307e+03 6.782600713583946117e-01
1.369315853711379532e+03 6.825962059702342932e-01
1.369118975934500440e+03 6.884363609817335528e-01
1.368921853740766210e+03 6.915772457553633901e-01
1.368725098172314574e+03 6.828708419652296246e-01
1.368528342603863166e+03 6.851320959796044496e-01
1.368331587035411758e+03 6.857748937659313704e-01
1.368134953675387806e+03 6.885544665881323523e-01
1.367938320315363853e+03 6.858709462286816105e-01
1.367741686955340128e+03 6.847439863119704206e-01
1.367545298012171315e+03 6.829424399947797708e-01
1.367348786860575046e+03 6.788632736984925309e-01
1.367152397917406461e+03 6.791717690694106802e-01
1.366956253391093014e+03 6.836753076918393734e-01
1.366759864447924429e+03 6.849734515894927434e-01
1.366563719921610982e+03 6.820658621647200937e-01
1.366367453186869852e+03 6.904013643390281008e-01
1.366171430868984089e+03 6.842774595713440045e-01
1.365975530759525782e+03 6.879729766984188366e-01
1.365779508441640019e+03 6.837652068044004494e-01
1.365583608332181711e+03 6.854411524252563837e-01
1.365387708222723631e+03 6.834980750581681752e-01
1.365191930321693007e+03 6.851878698837763348e-01
1.364996396837517523e+03 6.865557437491840442e-01
1.364800618936486899e+03 6.866457714343743302e-01
1.364605085452311641e+03 6.864424881788687705e-01
1.364409429759708473e+03 6.871442088980422858e-01
1.364214018483960899e+03 6.869143971587865494e-01
1.364018607208213098e+03 6.821409010505674608e-01
1.363823195932465296e+03 6.809095941748696257e-01
1.363627906865145178e+03 6.761015778301568968e-01
1.363432617797824832e+03 6.728176993491697955e-01
1.363237450938932398e+03 6.835872038452611710e-01
1.363042284080039735e+03 6.840925695593182976e-01
1.362847239429574756e+03 6.896863477906034490e-01
1.362652316987537461e+03 6.930951882057834190e-01
1.362457150128645026e+03 6.871745480959994268e-01
1.362262349895035186e+03 6.877079186117128762e-01
1.362067549661425346e+03 6.868474742283212642e-01
1.361872871636243417e+03 6.872992417821998101e-01
1.361678071402633577e+03 6.855345626501667677e-01
1.361483393377451421e+03 6.892572735377292537e-01
1.361288715352269264e+03 6.835096808512772792e-01
1.361094159535514791e+03 6.850690578663225505e-01
1.360899725927188001e+03 6.839656103022500044e-01
1.360705414527288667e+03 6.910337254295095821e-01
1.360510980918961650e+03 6.826788014659086468e-01
1.360316669519062543e+03 6.829039537613221800e-01
1.360122358119163209e+03 6.918694813372782138e-01
1.359928046719263875e+03 6.871721797561600731e-01
1.359734101944647364e+03 6.926232758997259431e-01
1.359540034961603396e+03 6.899444268532562985e-01
1.359345967978559202e+03 6.824760889752113924e-01
1.359152023203942690e+03 6.797462511451657363e-01
1.358958078429326406e+03 6.855707356848665945e-01
1.358764255863137578e+03 6.820446700893324499e-01
1.358570555505376205e+03 6.801291937051613390e-01
1.358376732939187377e+03 6.794710183965019246e-01
1.358183032581426232e+03 6.859236066833064305e-01
1.357989454432092543e+03 6.873837946443939195e-01
1.357795876282758854e+03 6.913419217361957969e-01
1.357602420341852849e+03 6.867062643294290503e-01
1.357408964400946843e+03 6.911418766118175849e-01
1.357215630668468293e+03 6.858997978228539294e-01
1.357022296935989971e+03 6.840806687984837264e-01
1.356828963203511648e+03 6.780028543923614093e-01
1.356635751679460782e+03 6.821299659119917091e-01
1.356442662363837599e+03 6.778397872501797927e-01
1.356249573048214415e+03 6.768344420829647268e-01
1.356056605941018688e+03 6.860673671430074227e-01
1.355863516625395505e+03 6.845068386412660466e-01
1.355670671726627688e+03 6.885732749869716285e-01
1.355477704619431961e+03 6.846137635648449349e-01
1.355285104137519284e+03 6.861673067067258769e-01
1.355092259238751240e+03 6.916121977204711113e-01
1.354899536548410879e+03 6.877009984858470926e-01
1.354706936066498201e+03 6.871119661325532091e-01
1.354514335584585297e+03 6.853690595136018304e-01
1.354321979519527758e+03 6.808387802955978563e-01
1.354129501246042764e+03 6.813321154545112224e-01
1.353937022972557543e+03 6.854321589074588994e-01
1.353744666907500005e+03 6.868616079848949285e-01
1.353552310842442466e+03 6.855932481301119097e-01
1.353360076985812611e+03 6.816836887576526172e-01
1.353168087546037896e+03 6.841869887327757249e-01
1.352975975897835497e+03 6.813522644277665297e-01
1.352783864249633098e+03 6.826220947933459016e-01
1.352591874809858382e+03 6.803752307713420988e-01
1.352399885370083666e+03 6.778220351372866714e-01
1.352208018138736634e+03 6.816277691267336181e-01
1.352016273115817057e+03 6.787391192387350891e-01
1.351824528092897708e+03 6.849843271170567016e-01
1.351632783069978132e+03 6.840636961314108255e-01
1.351441038047058782e+03 6.946023876170641653e-01
1.351249415232566889e+03 6.823986168175983913e-01
1.351057792418074996e+03 6.833616696946374081e-01
1.350866536228865925e+03 6.718718779801907681e-01
1.350675035622801488e+03 6.840864772195606180e-01
1.350483657225164961e+03 6.732804020705435155e-01
1.350292401035955891e+03 6.818022653554647317e-01
1.350101144846746820e+03 6.776445150988600341e-01
1.349909888657537749e+03 6.802166096945402307e-01
1.349718876885184045e+03 6.781891689901895504e-01
1.349527742904402430e+03 6.846645562248597772e-01
1.349336731132048726e+03 6.805632923980998727e-01
1.349145719359694795e+03 6.787497377207368787e-01
1.348954829795768546e+03 6.782220359066244431e-01
1.348763940231842298e+03 6.827286455035390667e-01
1.348573172876343733e+03 6.807898006864491203e-01
1.348382527729272852e+03 6.802577810041510187e-01
1.348191760373774059e+03 6.817150199106092323e-01
1.348001115226703178e+03 6.808411628785119296e-01
1.347810592288059752e+03 6.784953147844293708e-01
1.347620069349416326e+03 6.769190025309261838e-01
1.347429668619200584e+03 6.753112239549633466e-01
1.347239145680557158e+03 6.741073443820594369e-01
1.347048867158769099e+03 6.753878632764482859e-01
1.346858588636980812e+03 6.771409963374025454e-01
1.346668310115192753e+03 6.748117995941339542e-01
1.346478153801832150e+03 6.752499724755078869e-01
1.346288119696899230e+03 6.751305497695434532e-01
1.346098085591966083e+03 6.722733600187726921e-01
1.345908051487033163e+03 6.667201200101282588e-01
1.345718139590527926e+03 6.568079662619167314e-01
1.345528227694022462e+03 6.605668481355468913e-01
1.345338315797517225e+03 6.524275730789876881e-01
1.345148648317867128e+03 6.349295799246004179e-01
1.344958858629789347e+03 6.204558252324922085e-01
1.344769191150139250e+03 6.092528131438617045e-01
1.344579645878916608e+03 6.202578375236971198e-01
1.344389978399266511e+03 6.307536797339831081e-01
1.344200555336471552e+03 6.387328958107268972e-01
1.344011010065249138e+03 6.548334702627712778e-01
1.343821831419309319e+03 6.535502425224336553e-01
1.343632408356514588e+03 6.560723070709670868e-01
1.343443107502147313e+03 6.537829214494570440e-01
1.343253928856207494e+03 6.663768244028469567e-01
1.343064750210267903e+03 6.694582883507781412e-01
1.342875693772755767e+03 6.686172140932737928e-01
1.342686637335243631e+03 6.706434158422415193e-01
1.342497703106159179e+03 6.709191625661530267e-01
1.342308646668647043e+03 6.667884927762187663e-01
1.342119834647990274e+03 6.710410150993585399e-01
1.341931022627333505e+03 6.691296237226013188e-01
1.341742210606676508e+03 6.787213476492225395e-01
1.341553520794447195e+03 6.792217880776521000e-01
1.341364953190645565e+03 6.741916904825669965e-01
1.341176385586843935e+03 6.706966651247746602e-01
1.340987817983042305e+03 6.781378908390651716e-01
1.340799250379240675e+03 6.707060711910687312e-01
1.340610804983866728e+03 6.729568888637080804e-01
1.340422481796920238e+03 6.780063724599636465e-01
1.340234158609973747e+03 6.725068027655254355e-01
1.340045957631454939e+03 6.741252209714370114e-01
1.339857756652936132e+03 6.715847702591041246e-01
1.339669555674417325e+03 6.770531180131456050e-01
1.339481476904326200e+03 6.736712633467433209e-01
1.339293398134235076e+03 6.734287671307676026e-01
1.339105319364143725e+03 6.652393127654169236e-01
1.338917485010907740e+03 6.670245048370355700e-01
1.338729650657671755e+03 6.741033384035719500e-01
1.338541694096008314e+03 6.722898018332449377e-01
1.338353981951199785e+03 6.732075714225366214e-01
1.338166269806391483e+03 6.693219365858342762e-01
1.322228579928110776e+03 6.695154376369577554e-01
1.322045633911979166e+03 6.621858129132206505e-01
1.321862687895847557e+03 6.626626362383026825e-01
1.321679741879715948e+03 6.608619526196954919e-01
1.321497040280439478e+03 6.569517125433604887e-01
1.304725644509005861e+03 6.688333557809901242e-01
1.304547709038406310e+03 6.723231202521763317e-01
1.304369895776234216e+03 6.758985420005346745e-01
1.304192082514062349e+03 6.760830782177268405e-01
1.304014269251890255e+03 6.737321386641730303e-01
1.286839585669345070e+03 6.864091725517899034e-01
1.286666905161132490e+03 6.907997998331543155e-01
1.286494102444492682e+03 6.879729140321140246e-01
1.286321421936280103e+03 6.860565944412907458e-01
1.286148741428067751e+03 6.900286288209540597e-01
1.285976183128283083e+03 6.886637833039732648e-01
1.285803624828498187e+03 6.940280884223529734e-01
1.285631066528713518e+03 6.895721120045692487e-01
1.285458630437356305e+03 6.903407068264554303e-01
1.285286194345999093e+03 6.902505060169181750e-01
1.285114002671497246e+03 6.955466309208534481e-01
1.284941688788567490e+03 6.938973650322940445e-01
1.284769374905637960e+03 6.915492661984400380e-01
1.284597183231136114e+03 6.940970081257444857e-01
1.284424991556634041e+03 6.964136264812618160e-01
1.284252922090559878e+03 7.009996478675364351e-01
1.284080852624485487e+03 6.972861951240333367e-01
1.283908783158411097e+03 6.983539007585490843e-01
1.283736835900764390e+03 6.992424398554071274e-01
1.283564888643117683e+03 7.047251011782348362e-01
1.283393063593898432e+03 7.061736591154087472e-01
1.283221238544679409e+03 7.136596502013805576e-01
1.283049413495460158e+03 7.115073675804508557e-01
1.282877710654668817e+03 7.093798657792561579e-01
1.282706007813877250e+03 7.100522263306469073e-01
1.282534549389941049e+03 7.119016676021511225e-01
1.282362968757576937e+03 7.200836022506083012e-01
1.282191388125213052e+03 7.201935979039943980e-01
1.282019929701276851e+03 7.137486373708449294e-01
1.281848593485768106e+03 7.056052806503735342e-01
1.281677135061831905e+03 7.036860811191102405e-01
1.281505798846323160e+03 6.977410560326785527e-01
1.281334462630814414e+03 6.985055725250184366e-01
1.281163248623733352e+03 6.893880891748745965e-01
1.280992034616652290e+03 6.902727415332302607e-01
1.280820820609571228e+03 6.964769917215400952e-01
1.280649851019345306e+03 6.934669971459396232e-01
1.280478759220691927e+03 6.922002545543293195e-01
1.280307667422038548e+03 6.953681256247585818e-01
1.280136820040240309e+03 6.932779487906087779e-01
1.279965850450014386e+03 6.901142391679816468e-01
1.279795125276643830e+03 6.940382837775593838e-01
1.279624277894845591e+03 6.876278023839400566e-01
1.279453552721474807e+03 6.859734011893922068e-01
1.279282827548104251e+03 6.922571761670168744e-01
1.279112224583161151e+03 6.925017813646295872e-01
1.278941499409790595e+03 6.919075170034679756e-01
1.278771018653275178e+03 6.933258288193598906e-01
1.278600415688332077e+03 6.900555470474204478e-01
1.278430057140244344e+03 6.907680853701070323e-01
1.278259576383728927e+03 6.916193453748092912e-01
1.278089217835640966e+03 6.972900258868460766e-01
1.277918859287553232e+03 6.874182320895932952e-01
1.277748622947892954e+03 6.869004926198792882e-01
1.277578386608232904e+03 6.911885290807848747e-01
1.277408150268572626e+03 6.924406878897915174e-01
1.277238036137340032e+03 6.899842315931953296e-01
1.277067922006107437e+03 6.925492976334401973e-01
1.276898052291730210e+03 6.923924529125179417e-01
1.276728060368925071e+03 6.914054732819200355e-01
1.276558068446120160e+03 6.929992963156821340e-01
1.276388198731742705e+03 6.892405576731717165e-01
1.276218451225792933e+03 6.907235221769099098e-01
1.276048581511415705e+03 6.916603087145088979e-01
1.275878834005465933e+03 6.901259042377237973e-01
1.275709086499516161e+03 6.927981224169785790e-01
1.275539461201994072e+03 6.862199480751480785e-01
1.275369835904471756e+03 6.894142024784375433e-01
1.275200210606949668e+03 6.927142660534463259e-01
1.275030829726282718e+03 6.874247633143328873e-01
1.274861204428760630e+03 6.929375996761705236e-01
1.274691823548093680e+03 6.901441900831336573e-01
1.274522442667426731e+03 6.885024722348500603e-01
1.274353183995187464e+03 6.868606665497187791e-01
1.274183803114520515e+03 6.908528162632078251e-01
1.274014666650708705e+03 6.853215356758638466e-01
1.273845530186897122e+03 6.917863159478733204e-01
1.273676393723085312e+03 6.876729067240170412e-01
1.273507379467701185e+03 6.878055108874177037e-01
1.273338365212317058e+03 6.856987640503707793e-01
1.273169473165360614e+03 6.874627202537716419e-01
1.273169350956932931e+03 6.850090741435227448e-01
1.273000458909976487e+03 6.799880226087710033e-01
1.273000336701549031e+03 6.820321447682394789e-01
1.272831689071447727e+03 6.843858404488570857e-01
1.272831566863020043e+03 6.856120205875488871e-01
1.272662797024491283e+03 6.845555863272912989e-01
1.272662674816063600e+03 6.935458974617099148e-01
1.272493904977534612e+03 6.790940366864622879e-01
1.272493782769107156e+03 6.913511611755036590e-01
1.272325012930578168e+03 6.929216629030389152e-01
1.272156365300476864e+03 6.877903961036265779e-01
1.271987717670375559e+03 6.895654215607271986e-01
1.271819070040274255e+03 6.927592647152100991e-01
1.271650544618600634e+03 6.943304184952834301e-01
1.271482019196927013e+03 6.866153529806854339e-01
1.271313493775253392e+03 6.876423456370941434e-01
1.271145090562007226e+03 6.853343970408396491e-01
1.270976687348761288e+03 6.893801620978897704e-01
1.270808406343942806e+03 6.912654407413925117e-01
1.270640125339124324e+03 6.925781815982960943e-01
1.270471844334305842e+03 6.895236860193580952e-01
1.270303807746342727e+03 6.967218173605905784e-01
1.270135648949951928e+03 6.924650524653130912e-01
1.269967490153561130e+03 6.936072645055810781e-01
1.269799453565597787e+03 6.929239821773736097e-01
1.269631539186062128e+03 6.957626013620042960e-01
1.269463502598099012e+03 6.979965730785766542e-01
1.269295588218563353e+03 6.963036924130467931e-01
1.269127796047455377e+03 6.956903561803406966e-01
1.268960003876347400e+03 6.972221649857096581e-01
1.268792211705239424e+03 6.944088310200795533e-01
1.268624419534131221e+03 6.965504582344409501e-01
1.268456871779878611e+03 6.956743028226048953e-01
1.268289201817198091e+03 6.953681194401020171e-01
1.268121531854517798e+03 6.879531298464087730e-01
1.267954106308692644e+03 6.895270676295938150e-01
1.267786558554439807e+03 6.856829834908957366e-01
1.267619133008614654e+03 6.933814408573528709e-01
1.267451707462789500e+03 6.844959977350572045e-01
1.267284526333819485e+03 6.785220161101813696e-01
1.267117100787994332e+03 6.818827990343182543e-01
1.266949797450596634e+03 6.839892882467912827e-01
1.266782616321626847e+03 6.869891313850432502e-01
1.266615435192656832e+03 6.885106807493802661e-01
1.266448376272114501e+03 6.885335007705257748e-01
1.266281439559999626e+03 6.862663069956987938e-01
1.266114380639457295e+03 6.858957048285605484e-01
1.265947443927342647e+03 6.947960839335208805e-01
1.265780507215227999e+03 6.839805462717091222e-01
1.265613570503113124e+03 6.884060752969204389e-01
1.265446755999425932e+03 6.890472770111147893e-01
1.265279941495738967e+03 6.953707024682552751e-01
1.265113371408906914e+03 6.875364916711198537e-01
1.264946556905219950e+03 6.923718311871833730e-01
1.264779864609960441e+03 6.879747877225370623e-01
1.264613294523128388e+03 6.918815993100391193e-01
1.264446724436296563e+03 6.895830386143984025e-01
1.264280276557892194e+03 6.932718493582733510e-01
1.264113828679487824e+03 6.909352163875097652e-01
1.263947380801083682e+03 6.882056668102704000e-01
1.263781055131106996e+03 6.867713583090460094e-01
1.263614729461130310e+03 6.944317127496050235e-01
1.263448403791153623e+03 6.894089295841723253e-01
1.263282200329604393e+03 6.908983667087379432e-01
1.263115996868055390e+03 6.893468559091385783e-01
1.262949915614933843e+03 6.895020446364964473e-01
1.262783712153384840e+03 6.897159977030530298e-01
1.262617753108690977e+03 6.920912979215920746e-01
1.262451671855569430e+03 6.922939077153302811e-01
1.262285712810875566e+03 6.911275296926586709e-01
1.262119875974609386e+03 6.931424989574660467e-01
1.261954039138343205e+03 6.915107159993262309e-01
1.261788202302076797e+03 6.903739678066336261e-01
1.261622365465810617e+03 6.845214270929278477e-01
1.261456773046399576e+03 6.887201923865314823e-01
1.261291180626988535e+03 6.871976508834718445e-01
1.261125465999149810e+03 6.918439796604100023e-01
1.260959873579738996e+03 6.915924923014189485e-01
1.260794403368755411e+03 6.912221198235952713e-01
1.260628933157772053e+03 6.922303877845403797e-01
1.260463462946788695e+03 6.859192164756782173e-01
1.260297992735805110e+03 6.890646951283222466e-01
1.260132644733249435e+03 6.866983675419273681e-01
1.259967418939121217e+03 6.844606751225901231e-01
1.259802070936565315e+03 6.887886436420892489e-01
1.259636967350864779e+03 6.886050076426322164e-01
1.259471741556736561e+03 6.917740686049990151e-01
1.259306637971036025e+03 6.861366759307578889e-01
