# Wavelength, Reflectance
1.644538953867154532e+03 5.460379929968828261e-01
1.643672864999967032e+03 5.354198643650834866e-01
1.642807630624967032e+03 5.330946154644581325e-01
1.641943372812467032e+03 5.409655855622829135e-01
1.641079969492154532e+03 5.266165027172580171e-01
1.640217664804654532e+03 5.379857484981878102e-01
1.639356214609342032e+03 5.254031344913985269e-01
1.638495740976529532e+03 5.257724059767553415e-01
1.637636121835904532e+03 5.253360262677556625e-01
1.636777601328092032e+03 5.098413788322946338e-01
1.635919935312467032e+03 5.135692300025045398e-01
1.635063245859342032e+03 5.177701428599599254e-01
1.634207532968717032e+03 5.022411524132589511e-01
1.633352674570279532e+03 4.991004204419699497e-01
1.632498792734342032e+03 4.934356157217559824e-01
1.631645765390592032e+03 4.844534672121001417e-01
1.630793714609342032e+03 4.896805220600932151e-01
1.629942640390592032e+03 4.738349151191684205e-01
1.629092420664029532e+03 4.690214461616021291e-01
1.628243177499967032e+03 4.668915241960545637e-01
1.627394788828092032e+03 4.766334340044592888e-01
1.626547376718717032e+03 4.700829629502273899e-01
1.625700941171842032e+03 4.662298292846517311e-01
1.624855482187467032e+03 4.657384788483277527e-01
1.624010755624967032e+03 4.733717146674186194e-01
1.623167127695279532e+03 4.648181084240372574e-01
1.622324232187467032e+03 4.680464803794414097e-01
1.621482435312467032e+03 4.696809131020931449e-01
1.620641370859342032e+03 4.680056827508140005e-01
1.619801405039029532e+03 4.604501118261896120e-01
1.618962171640592032e+03 4.651822358283980163e-01
1.618123914804654532e+03 4.503190433896126499e-01
1.617286512460904532e+03 4.606922879483958400e-01
1.616450086679654532e+03 4.524478968558636183e-01
1.615614515390592032e+03 4.521734185106195403e-01
1.614779920664029532e+03 4.504359593237841630e-01
1.613946302499967032e+03 4.576774080858740379e-01
1.613113416757779532e+03 4.554286867936260252e-01
1.612281507578092032e+03 4.529363120678519539e-01
1.611450452890592032e+03 4.490227706723604051e-01
1.610620374765592032e+03 4.514065883900782450e-01
1.609791151132779532e+03 4.503247612117929899e-01
1.608962781992154532e+03 4.527271641750383324e-01
1.608135389414029532e+03 4.467195816022085930e-01
1.607308729257779532e+03 4.500674295964016136e-01
1.606483045664029532e+03 4.462114774416059970e-01
1.605658338632779532e+03 4.535439285519735630e-01
1.604834486093717032e+03 4.480812787863285296e-01
1.604011365976529532e+03 4.467439876387188646e-01
1.603189222421842032e+03 4.494285772288275083e-01
1.602368055429654532e+03 4.444653784357774362e-01
1.601547620859342032e+03 4.531392123464746402e-01
1.600728162851529532e+03 4.425223529909392828e-01
1.599909559335904532e+03 4.437439664374446813e-01
1.599091810312467032e+03 4.461406207693517367e-01
1.598274915781217032e+03 4.450189231483562269e-01
1.597458753671842032e+03 4.497729869090418275e-01
1.596643934335904532e+03 4.388738763363984052e-01
1.595829603281217032e+03 4.415047141204730963e-01
1.595016126718717032e+03 4.459117288592827633e-01
1.594203748789029532e+03 4.416873324164130588e-01
1.593391981210904532e+03 4.437498614102095562e-01
1.592581190195279532e+03 4.444056591771863296e-01
1.591771375742154532e+03 4.445606109565106712e-01
1.590962293710904532e+03 4.480864835011379999e-01
1.590154188242154532e+03 4.474750409647751392e-01
1.589346693124967032e+03 4.348984840965151588e-01
1.588540052499967032e+03 4.302318227371109693e-01
1.587734632578092032e+03 4.415535852536582317e-01
1.586929823007779532e+03 4.386898166555061040e-01
1.586125867929654532e+03 4.389298015315956092e-01
1.585322889414029532e+03 4.434768081584611887e-01
1.584520643320279532e+03 4.518753812449047280e-01
1.583719251718717032e+03 4.385831311599613369e-01
1.582918836679654532e+03 4.468319631964545735e-01
1.582119154062467032e+03 4.419792952688124665e-01
1.581320448007779532e+03 4.441108531250102520e-01
1.580522352304654532e+03 4.446518675108480090e-01
1.579725111093717032e+03 4.463585332074210821e-01
1.578928968515592032e+03 4.469885790478321796e-01
1.578133436289029532e+03 4.496195701863944794e-01
1.577338880624967032e+03 4.425683412074731815e-01
1.576545179453092032e+03 4.364085303528119630e-01
1.575752210703092032e+03 4.510249643258467112e-01
1.574959974374967032e+03 4.457201176855416502e-01
1.574168714609342032e+03 4.381507482546619370e-01
1.573378309335904532e+03 4.412955383926613351e-01
1.572588758554654532e+03 4.466837961308033345e-01
1.571799940195279532e+03 4.367114507722218986e-01
1.571011854257779532e+03 4.398873708455018350e-01
1.570224866953092032e+03 4.456574835543289370e-01
1.569438489999967032e+03 4.374572343312498335e-01
1.568653211679654532e+03 4.392858668078833406e-01
1.567868421640592032e+03 4.406135972822124436e-01
1.567084608164029532e+03 4.381438479310430512e-01
1.566301649179654532e+03 4.366135746946768759e-01
1.565519422617154532e+03 4.358951207013661566e-01
1.564738050546842032e+03 4.356206566231836663e-01
1.563957532968717032e+03 4.381255397667718210e-01
1.563177869882779532e+03 4.378251937192498833e-01
1.562398817148404532e+03 4.369242093576267694e-01
1.561620740976529532e+03 4.412734165320613133e-01
1.560843519296842032e+03 4.382184478023488095e-01
1.560067030039029532e+03 4.408187942448112406e-01
1.559291273203092032e+03 4.342049082521026726e-01
1.558516370859342032e+03 4.359803576461335206e-01
1.557742445078092032e+03 4.373809424712527538e-01
1.556969129648404532e+03 4.353614054502918940e-01
1.556196668710904532e+03 4.346645147910810358e-01
1.555424940195279532e+03 4.361766167821160556e-01
1.554654188242154532e+03 4.353892047250194630e-01
1.553884046640592032e+03 4.309968821777048209e-01
1.553114881601529532e+03 4.365146501115755862e-01
1.553114759531217032e+03 4.326564627126018858e-01
1.552858656015592032e+03 4.386275524259020675e-01
1.552602430429654532e+03 4.428311227263609928e-01
1.552346448984342032e+03 4.362733467761672479e-01
1.552346326914029532e+03 4.383461856781831756e-01
1.552090467539029532e+03 4.372463657433541817e-01
1.551578748789029532e+03 4.359265212338988560e-01
1.550811903085904532e+03 4.380555929132188830e-01
1.550045789804654532e+03 4.337340567267135016e-01
1.549280531015592032e+03 4.342087290829411694e-01
1.548516126718717032e+03 4.360028815425759929e-01
1.547752332773404532e+03 4.342009922866644778e-01
1.546989393320279532e+03 4.335190724987676436e-01
1.546227308359342032e+03 4.334432757588579377e-01
1.545466077890592032e+03 4.327090662936436960e-01
1.544705457773404532e+03 4.319289235778484559e-01
1.543945570078092032e+03 4.355111304888332757e-01
1.543186658945279532e+03 4.352453214313271590e-01
1.542428602304654532e+03 4.318675616414117124e-01
1.541671156015592032e+03 4.342212147762255503e-01
1.540914442148404532e+03 4.344396297004831098e-01
1.540158582773404532e+03 4.331595832925175249e-01
1.539403455820279532e+03 4.366271482900109246e-01
1.538649305429654532e+03 4.375967485299979143e-01
1.537895765390592032e+03 4.320921706350501768e-01
1.537142957773404532e+03 4.363967883127033986e-01
1.536391004648404532e+03 4.329999318930937147e-01
1.535639539804654532e+03 4.321630105519387866e-01
1.534889417734342032e+03 4.335139138850301332e-01
1.534139539804654532e+03 4.333876680122346614e-01
1.533390760507779532e+03 4.309529693675273054e-01
1.532642591562467032e+03 4.343037214991312678e-01
1.531895155039029532e+03 4.329122738042142093e-01
1.531148695078092032e+03 4.309812956579002763e-01
1.530402845468717032e+03 4.373857419384870049e-01
1.529657728281217032e+03 4.251171433672203959e-01
1.528913343515592032e+03 4.346445210714011687e-01
1.528169813242154532e+03 4.317044071820742013e-01
1.527426771249967032e+03 4.333112430617413469e-01
1.526684949960904532e+03 4.300654697577078744e-01
1.525943494882779532e+03 4.342510096822462251e-01
1.525203138437467032e+03 4.322941073056753014e-01
1.524463270273404532e+03 4.314897443439022484e-01
1.523724256601529532e+03 4.321503309410354432e-01
1.522985975351529532e+03 4.377396432977203600e-01
1.522248548593717032e+03 4.291528354555224078e-01
1.521511732187467032e+03 4.336177675592368108e-01
1.520775648203092032e+03 4.287336593404795781e-01
1.520040296640592032e+03 4.275302880245133719e-01
1.519305799570279532e+03 4.309945902523370509e-01
1.518571912851529532e+03 4.295502214474641312e-01
1.517838758554654532e+03 4.254296515022193415e-01
1.517106702890592032e+03 4.305697656562817999e-01
1.516375135507779532e+03 4.257975688222062072e-01
1.515644178476529532e+03 4.292086612523772771e-01
1.515400892343717032e+03 4.352143337336897844e-01
1.515157606210904532e+03 4.311197268730170284e-01
1.514914198007779532e+03 4.357393438371913730e-01
1.514914075937467032e+03 4.309309904536735569e-01
1.514671033945279532e+03 4.269823308042271504e-01
1.514427991953092032e+03 4.303512332063023638e-01
1.514184705820279532e+03 4.304172719353103194e-01
1.513456068124967032e+03 4.302170740704828189e-01
1.512728162851529532e+03 4.310533245190492635e-01
1.512000989999967032e+03 4.293974185839691260e-01
1.511274671640592032e+03 4.277906004156371567e-01
1.510548963632779532e+03 4.353095945878823758e-01
1.509823988046842032e+03 4.302238352911146868e-01
1.509099744882779532e+03 4.347276801867879792e-01
1.508376234140592032e+03 4.299232872035402830e-01
1.507653455820279532e+03 4.288226162315022516e-01
1.506931409921842032e+03 4.341800256562752813e-01
1.506210096445279532e+03 4.413838683675537777e-01
1.505489515390592032e+03 4.432631105418072814e-01
1.504769788828092032e+03 4.379823066466510539e-01
1.504050550546842032e+03 4.248535508180145692e-01
1.503332166757779532e+03 4.431451449523698405e-01
1.502613720497747181e+03 4.177528772131079982e-01
1.501895886868939442e+03 4.260226274412099445e-01
1.501178908676870151e+03 4.275954057906893868e-01
1.500462541511042673e+03 4.350320443537070147e-01
1.499746907576705325e+03 4.316198935795890756e-01
1.499032006873858109e+03 4.323758951847377352e-01
1.498317717197252477e+03 4.319544935773634298e-01
1.497604282957385294e+03 4.325157167892421661e-01
1.496891459743760151e+03 4.316922062362926193e-01
1.496179491966873229e+03 4.337088424187531266e-01
1.495468135216228120e+03 4.281975195623952124e-01
1.494757511697072914e+03 4.229747897312094995e-01
1.494047499204159749e+03 4.257409226299985749e-01
1.493338342147984804e+03 4.273310791607587977e-01
1.492629796118051900e+03 4.311380999658095958e-01
1.491921983319608898e+03 4.352678664122239804e-01
1.491214903752656028e+03 4.331840735661829922e-01
1.490508435211944743e+03 4.313131104486369605e-01
1.489802699902723816e+03 4.358960164425895178e-01
1.489097697824992792e+03 4.371959645494580271e-01
1.488393428978751899e+03 4.322741004543411703e-01
1.487689771158752819e+03 4.199907934911918939e-01
1.486986846570243870e+03 4.323523832117742716e-01
1.486284533007976734e+03 4.285606262054030280e-01
1.485583074882447818e+03 4.277797390580030390e-01
1.484882227783160715e+03 4.258592894635754855e-01
1.484182113915363971e+03 4.288612029408307991e-01
1.483482611073808812e+03 4.265341473237340697e-01
1.482783963668991873e+03 4.230564575369506475e-01
1.482085805085168658e+03 4.293873093094915383e-01
1.481388501938083664e+03 4.301701421802647807e-01
1.480691809817240483e+03 4.242170992936890594e-01
1.479995728722639114e+03 4.308603868379966562e-01
1.479300503064776194e+03 4.297335642505183406e-01
1.478605766227906770e+03 4.288865807986970147e-01
1.477911884827775566e+03 4.313170909768928030e-01
1.477218614453886175e+03 4.282782970624592900e-01
1.476526077311487143e+03 4.319800701723516823e-01
1.475834151195329468e+03 4.311746983311748882e-01
1.475142958310662152e+03 4.250266656986980141e-01
1.474452376452236422e+03 4.381564041826548905e-01
1.473762527825301049e+03 4.339078898539067142e-01
1.473073290224607263e+03 4.349243086545814263e-01
1.472384785855403379e+03 4.256681542561686071e-01
1.471697014717689854e+03 4.227845139598025992e-01
1.471009854606218141e+03 4.239474837570178511e-01
1.470323427726236332e+03 4.223923624730621662e-01
1.469637611872496336e+03 4.210533803299008615e-01
1.468952407044998154e+03 4.230779061258828633e-01
1.468267935448989874e+03 4.272575585774931461e-01
1.467584197084471953e+03 4.269143419924046334e-01
1.466901069746195617e+03 4.279035716400143019e-01
1.466218553434161095e+03 4.267251024485723687e-01
1.465536770353616703e+03 4.176172866578665710e-01
1.464855598299313897e+03 4.259138964614792577e-01
1.464175159476501221e+03 4.298442989892442001e-01
1.463495331679930359e+03 4.308177025840173591e-01
1.462816237114849628e+03 4.277174738489336603e-01
1.462137753576010709e+03 4.272812346275696171e-01
1.461459881063413377e+03 4.211069457902052449e-01
1.460782619577057858e+03 4.258891239336640711e-01
1.460106213527441014e+03 4.250588657996733910e-01
1.459430296298817211e+03 4.213697192329955987e-01
1.458755112301683766e+03 4.248635818806556497e-01
1.458080539330791908e+03 4.268769598563375012e-01
1.457406699591390179e+03 4.255535772946817397e-01
1.456733470878230264e+03 4.214734548186954699e-01
1.456060853191312162e+03 4.222846697453818132e-01
1.455388968735883964e+03 4.260594233222700922e-01
1.454717695306697578e+03 4.170758116464400866e-01
1.454047032903753006e+03 4.287148457729321183e-01
1.453376981527050248e+03 4.268070336167021916e-01
1.452707785587085709e+03 4.259834202160486805e-01
1.452039078468114894e+03 4.318607534251038826e-01
1.451370982375385438e+03 4.258248623170793890e-01
1.450703619514146339e+03 4.306327292595297784e-01
1.450036867679149054e+03 4.242486370005137952e-01
1.449370726870393355e+03 4.275242589380342517e-01
1.448705319293127786e+03 4.269760742858826896e-01
1.448040522742104031e+03 4.297628155264513472e-01
1.447376215012073544e+03 4.309673232501062268e-01
1.446712762718781732e+03 4.302026049211156167e-01
1.446049799246483190e+03 4.312642907066375764e-01
1.445387691210923094e+03 4.254080869853872904e-01
1.444725949791107951e+03 4.310237289723774512e-01
1.444064941602782937e+03 4.287637319539113756e-01
1.443404666645948055e+03 4.334472045667869811e-01
1.442744880510106668e+03 4.322078438714097581e-01
1.442085827605755412e+03 4.281173412535002054e-01
1.441427385727645742e+03 4.273110902819973744e-01
1.440769554875777885e+03 4.298719240435364686e-01
1.440112212844903524e+03 4.267297921159333707e-01
1.439455848456015701e+03 4.279983420116342252e-01
1.439455726250767384e+03 4.300346001054763390e-01
1.439237101061469275e+03 4.296131688487341282e-01
1.439018353666922849e+03 4.245039818645184315e-01
1.438799850682873284e+03 4.241882928220036542e-01
1.438799728477624740e+03 4.238977429461329161e-01
1.438581225493575175e+03 4.195887333571496902e-01
1.438362844714773701e+03 4.238091236572738008e-01
1.438144586141220771e+03 4.274030999558023902e-01
1.438144463935972226e+03 4.271211545086269212e-01
1.437926205362419296e+03 4.267295790523424337e-01
1.437708068994114683e+03 4.228403339364278923e-01
1.437489932625809843e+03 4.228569316746873530e-01
1.437489810420561525e+03 4.217446328188997895e-01
1.437271551847008595e+03 4.237594741487684114e-01
1.437053659889200617e+03 4.231889907998913625e-01
1.436835890136640955e+03 4.234423271428138236e-01
1.436835767931392638e+03 4.267883887914010188e-01
1.436617875973584660e+03 4.244547317295334632e-01
1.436399984015776681e+03 4.224240047349842042e-01
1.436182336468465337e+03 4.245689196042279900e-01
1.435964688921153993e+03 4.250635512938593097e-01
1.435747041373842649e+03 4.244186972725088047e-01
1.435529516031779849e+03 4.218567497995405757e-01
1.435312112894965139e+03 4.260470970382072564e-01
1.435094709758150657e+03 4.292496803719997867e-01
1.434877306621335947e+03 4.259186555552063047e-01
1.434660147895018099e+03 4.269718110014618651e-01
1.434442866963451934e+03 4.295553611459181353e-01
1.434225708237134086e+03 4.343970909088434862e-01
1.434008671716064555e+03 4.331704080434969906e-01
1.433791757400243341e+03 4.314786541298715750e-01
1.433574843084422128e+03 4.267667922344461351e-01
1.433357928768600914e+03 4.301294285189397049e-01
1.433141258863276562e+03 4.284052998473573126e-01
1.432924466752703665e+03 4.258141150151084631e-01
1.432707796847379086e+03 4.270089713902182615e-01
1.432491249147303051e+03 4.237714985772754184e-01
1.432274823652475334e+03 4.276732966889009724e-01
1.432058398157647389e+03 4.277788099433238456e-01
1.431841972662819671e+03 4.306938575074752973e-01
1.431625669373240271e+03 4.279193250647339020e-01
1.431409488288909188e+03 4.207893151636490914e-01
1.431193307204578105e+03 4.060720926976422729e-01
1.430977248325495339e+03 3.966979132422281951e-01
1.430761311651660890e+03 4.053584223767441319e-01
1.430545252772578124e+03 4.161774435054362287e-01
1.430329316098743902e+03 4.248155165684683876e-01
1.430113379424909454e+03 4.291395923139789681e-01
1.429897809366820184e+03 4.217989241511126419e-01
1.429682117103482369e+03 4.217385348699062564e-01
1.429466547045393099e+03 4.206874087592612499e-01
1.429251099192552147e+03 4.274698296654401708e-01
1.429035529134462649e+03 4.268843451656305632e-01
1.428820081281621697e+03 4.220520052846978842e-01
1.428604755634029061e+03 4.237449138516816705e-01
1.428389552191684743e+03 4.243073589655764755e-01
1.428174348749340652e+03 4.289879248036201354e-01
1.427959145306996334e+03 4.295266039692228754e-01
1.427744064069900332e+03 4.325171322545217634e-01
1.427529227243301193e+03 4.305058685029755638e-01
1.427314146006205192e+03 4.297050387082397283e-01
1.427099309179606053e+03 4.265055109012392265e-01
1.426884594558255003e+03 4.371781637327163406e-01
1.426669879936904181e+03 4.348726913898370294e-01
1.426455165315553359e+03 4.378118920004906434e-01
1.426240572899450854e+03 4.272305042534801367e-01
1.426026102688596666e+03 4.314958443091209683e-01
1.425811632477742478e+03 4.321414460431903803e-01
1.425597284472136607e+03 4.290662676300038836e-01
1.425382936466530737e+03 4.289551126072482234e-01
1.425168710666173183e+03 4.227575728751636897e-01
1.424954484865815630e+03 4.249344774604077446e-01
1.424740381270706621e+03 4.290743123525507241e-01
1.424526155470349067e+03 4.289118417523637428e-01
1.424312418490985010e+03 4.272061321551222091e-01
1.424098437101124318e+03 4.211364068962499263e-01
1.423884577916511716e+03 4.179609045830293690e-01
1.423670840937147659e+03 4.215099100423109202e-01
1.423457103957783602e+03 4.285822998564796094e-01
1.423243489183667862e+03 4.295519924366348885e-01
1.423029752204303804e+03 4.262304888841291772e-01
1.422816504045933243e+03 4.231529776466081416e-01
1.422603011477065820e+03 4.200217785906263379e-01
1.422389641113446714e+03 4.249282465255859731e-01
1.422176270749827609e+03 4.287829578446714640e-01
1.421963144796705365e+03 4.354610568492969791e-01
1.421749896638334576e+03 4.302506206373421516e-01
1.421536770685212332e+03 4.293917373923211156e-01
1.421323644732090088e+03 4.240995260476603246e-01
1.421110763189464251e+03 4.219368904635029116e-01
1.420897881646838641e+03 4.194398793942760717e-01
1.420685000104213032e+03 4.260103162681720956e-01
1.420472362972084056e+03 4.275124526584177520e-01
1.420259481429458447e+03 4.275912557588725238e-01
1.420046966502578016e+03 4.262035150459262955e-01
1.419834329370449041e+03 4.280270523737040311e-01
1.419621936648816700e+03 4.302142879935397235e-01
1.419409421721936042e+03 4.254834952274150761e-01
1.419197029000303928e+03 4.239536562430415989e-01
1.418984758483920132e+03 4.216630273507462889e-01
1.418772610172784425e+03 4.236167632705530317e-01
1.418560461861648946e+03 4.256674784958646152e-01
1.418348313550513467e+03 4.213954611697611208e-01
1.418136165239377988e+03 4.228335091920145117e-01
1.417924383543987460e+03 4.265319803943428134e-01
1.417712357438100298e+03 4.254476577403144555e-01
1.417500453537461453e+03 4.269893079520781787e-01
1.417288794047319243e+03 4.231631648781941646e-01
1.417077134557177033e+03 4.253402837281414772e-01
1.416865475067035050e+03 4.268480632831921362e-01
1.416653815576892839e+03 4.261583795762957649e-01
1.416442400497247490e+03 4.295725964525898832e-01
1.416230985417601914e+03 4.271908472593303752e-01
1.416019570337956566e+03 4.234527211228394927e-01
1.415808277463559534e+03 4.242603463944660258e-01
1.415596984589162275e+03 4.240213602946151794e-01
1.415385936125261878e+03 4.278986786467775527e-01
1.415174765456113164e+03 4.260573934266592144e-01
1.414963716992212767e+03 4.252174193549264070e-01
1.414752668528312370e+03 4.289493493601705398e-01
1.414541864474908834e+03 4.259103639425303456e-01
1.414331060421505072e+03 4.251937679529052549e-01
1.414120256368101309e+03 4.232688293294650239e-01
1.413909574519946091e+03 4.258773386979292086e-01
1.413699014877038962e+03 4.279875963825641172e-01
1.413488333028883744e+03 4.263811662167386607e-01
1.413277651180728299e+03 4.239352819999402944e-01
1.413067458153566349e+03 4.277364883671489482e-01
1.412857020715907765e+03 4.248761151254529800e-01
1.412646705483497499e+03 4.219591262972209322e-01
1.412436390251087232e+03 4.245534646892193398e-01
1.412226319429173600e+03 4.334864684642203425e-01
1.412016248607259968e+03 4.301931545390094702e-01
1.411806177785346563e+03 4.340004808971860695e-01
1.411596106963432931e+03 4.292521838680116164e-01
1.411386280552015933e+03 4.276907704445950253e-01
1.411176454140599162e+03 4.266012081860734440e-01
1.410966627729182164e+03 4.291765376667768250e-01
1.410756801317765394e+03 4.258888076333645079e-01
1.410547219316845258e+03 4.240635361562741790e-01
1.410337637315924894e+03 4.273210009186046432e-01
1.410128177520253075e+03 4.248047075721148591e-01
1.409918595519332939e+03 4.274930990880156378e-01
1.409709380134157755e+03 4.242671671444025461e-01
1.409499920338485936e+03 4.265677321508911102e-01
1.409290704953310751e+03 4.247102357959285368e-01
1.409081489568135794e+03 4.255091653848093181e-01
1.408872396388208927e+03 4.200191876803445745e-01
1.408663303208282059e+03 4.228291793870613824e-01
1.408454332233603736e+03 4.237645210603316337e-01
1.408245361258925186e+03 4.266331264764082198e-01
1.408036512489495180e+03 4.246858353890463622e-01
1.407827663720065175e+03 4.238921727337971457e-01
1.407618937155883259e+03 4.246223225734971907e-01
1.407410210591701571e+03 4.277873616634648157e-01
1.407201606232768199e+03 4.246317813122788554e-01
1.406993124079083145e+03 4.268759052301647205e-01
1.406784641925398091e+03 4.240848281091233463e-01
1.406576159771713037e+03 4.266227982896474979e-01
1.406367799823276528e+03 4.282914506467868643e-01
1.406159684285336425e+03 4.304382988772362251e-01
1.405951324336899688e+03 4.326678298637851028e-01
1.405743208798959813e+03 4.320731799999646960e-01
1.405535093261019711e+03 4.333814006604060909e-01
1.405327099928328153e+03 4.359264281960982812e-01
1.405119106595636595e+03 4.293938365902943421e-01
1.404911235468193127e+03 4.273419115378472299e-01
1.404703364340749886e+03 4.250071364497005066e-01
1.404495737623803279e+03 4.274580522152297002e-01
1.404287988701608356e+03 4.252753417959572735e-01
1.404080239779413432e+03 4.289502710587309031e-01
1.403872735267715143e+03 4.290899057215462054e-01
1.403665230756017081e+03 4.297241686236094593e-01
1.403457848449567109e+03 4.310095284928401882e-01
1.403250343937868820e+03 4.329881295812458841e-01
1.403043083836667392e+03 4.310498891666827426e-01
1.402835945940714055e+03 4.291076426313353287e-01
1.402628685839512627e+03 4.288495583910333364e-01
1.402421547943559517e+03 4.295026714862225092e-01
1.402214410047606179e+03 4.339241481659545374e-01
1.402007516562149704e+03 4.320169539452732299e-01
1.401800623076693228e+03 4.343770396753580121e-01
1.401593729591236752e+03 4.303629286775454421e-01
1.401386836105780276e+03 4.329516638008609197e-01
1.401180064825572117e+03 4.290696297927494296e-01
1.400973415750612276e+03 4.245483815017173646e-01
1.400766888880900979e+03 4.255778388861398698e-01
1.400560362011189454e+03 4.301767354447348923e-01
1.400353835141477930e+03 4.277327711178712799e-01
1.400147430477014950e+03 4.262162587367029354e-01
1.399941148017800288e+03 4.281676592936621284e-01
1.399734743353337080e+03 4.213864985883420400e-01
1.399528583099370735e+03 4.223092450243493556e-01
1.399322422845404390e+03 4.254527186078984613e-01
1.399116384796686361e+03 4.274886200193729335e-01
1.398910224542720016e+03 4.281905070166585059e-01
1.398704308699250305e+03 4.273783216928515594e-01
1.398498515061028911e+03 4.286164923414887418e-01
1.398292477012310883e+03 4.237051030577895783e-01
1.398086805579337806e+03 4.295389948317485662e-01
1.397881011941116412e+03 4.272792187082463111e-01
1.397675340508143563e+03 4.312814469927542249e-01
1.397469913485667348e+03 4.262892098009387620e-01
1.397264364257942589e+03 4.269574588069525167e-01
1.397058815030218057e+03 4.274023264256808785e-01
1.396853265802493297e+03 4.258583616212550105e-01
1.396648205395762034e+03 4.264516110500547463e-01
1.396442900578534136e+03 4.286967374260939323e-01
1.396237595761306238e+03 4.260665672924547898e-01
1.396032535354574975e+03 4.295463077405852204e-01
1.395827474947843712e+03 4.304071712270181038e-01
1.395622414541112448e+03 4.336213297828071522e-01
1.395417476339629502e+03 4.269601348164956400e-01
1.395212538138146783e+03 4.277807315749095340e-01
1.395007722141912154e+03 4.278153047847725876e-01
1.394803028350926070e+03 4.250195877677447331e-01
1.394598334559939758e+03 4.277809602630077701e-01
1.394393640768953674e+03 4.274321552874383867e-01
1.394188946977967362e+03 4.281367681063507624e-01
1.393984619802726229e+03 4.274478616208074455e-01
1.393780170422236779e+03 4.294749246159903500e-01
1.393575721041747329e+03 4.241874862395599299e-01
1.393371393866506196e+03 4.300508100783247412e-01
1.393167188896513380e+03 4.343919175619823658e-01
1.392962983926520565e+03 4.328146917534292371e-01
1.392758901161776066e+03 4.320168306425287708e-01
1.392554818397031795e+03 4.258567352870278322e-01
1.392350735632287297e+03 4.245234037238755365e-01
1.392146897278039660e+03 4.257986163325084839e-01
1.391942936718543478e+03 4.263654775913234829e-01
1.391739098364295614e+03 4.280361074404921973e-01
1.391535260010047978e+03 4.271342822744544354e-01
1.391331788271545292e+03 4.271582623440518534e-01
1.391128072122545973e+03 4.248765694515734825e-01
1.390924478178794971e+03 4.201566546373899924e-01
1.390721006440292285e+03 4.241380784316559627e-01
1.390517534701789600e+03 4.304763275188214222e-01
1.390314185168535232e+03 4.316749418561455220e-01
1.390110835635280864e+03 4.305319930910502246e-01
1.389907608307274813e+03 4.256728868497886564e-01
1.389704380979268763e+03 4.277846063976331048e-01
1.389501398061759573e+03 4.285076690622772189e-01
1.389298292939001840e+03 4.304793163508742748e-01
1.389095187816244334e+03 4.301109658635677291e-01
1.388892204898734917e+03 4.302675519703241247e-01
1.388689344186474045e+03 4.290077000022617382e-01
1.388486605679461491e+03 4.294956097555367447e-01
1.388283867172448936e+03 4.280893148505178769e-01
1.388081128665436381e+03 4.253138364231068280e-01
1.387878512363672144e+03 4.244302463603426556e-01
1.387676018267156223e+03 4.288447321525292733e-01
1.387473401965391986e+03 4.294595691130346227e-01
1.387271030074124383e+03 4.323280584873958055e-01
1.387068658182856780e+03 4.298297285079865637e-01
1.386866286291589176e+03 4.291607335946513446e-01
1.386664036605570118e+03 4.280113999020648818e-01
1.386461909124799149e+03 4.299009392848066047e-01
1.386259659438780091e+03 4.272386010567409964e-01
1.386057654163257666e+03 4.307865654896020913e-01
1.385855648887735015e+03 4.316336954537255965e-01
1.385653765817460908e+03 4.348772583988470553e-01
1.385451882747186801e+03 4.308430658140066649e-01
1.385249999676912694e+03 4.306751001460707440e-01
1.385048238811886904e+03 4.293059404762785136e-01
1.384846477946861114e+03 4.251150423748573104e-01
1.384644961492331959e+03 4.244375301810825452e-01
1.384443322832554486e+03 4.299454922370824494e-01
1.384241806378025558e+03 4.307132800893738733e-01
1.384040289923496402e+03 4.313139550279695977e-01
1.383839017879463881e+03 4.299809973748808245e-01
1.383637623630183271e+03 4.307848531883015086e-01
1.383436351586150977e+03 4.334551984873732944e-01
1.383235079542118456e+03 4.333977459440885860e-01
1.383034051908582796e+03 4.317483939765568990e-01
1.382833024275047137e+03 4.270790444134363595e-01
1.382631874436263161e+03 4.277052531845096928e-01
1.382430969007975818e+03 4.272565655803966522e-01
1.382230063579688476e+03 4.328867567904771119e-01
1.382029280356649451e+03 4.287012980618158942e-01
1.381828497133610426e+03 4.275324828207777705e-01
1.381627713910571401e+03 4.319308296012561166e-01
1.381427052892780694e+03 4.335651969076370071e-01
1.381226391874990213e+03 4.352310567496514015e-01
1.381025975267696140e+03 4.318559726986148650e-01
1.380825558660402294e+03 4.311318145014523817e-01
1.380625142053108220e+03 4.268736513415858913e-01
1.380424725445814374e+03 4.300328472225752319e-01
1.380224431043768845e+03 4.282231893641790799e-01
1.380024258846971634e+03 4.310900253666246629e-01
1.379824086650174195e+03 4.298241927740958923e-01
1.379623914453376983e+03 4.304441935913499995e-01
1.379423864461828089e+03 4.333103178810586709e-01
1.379224058880776056e+03 4.315445220242535296e-01
1.379024131094475479e+03 4.323808477956903595e-01
1.378824203308174901e+03 4.316719444446447396e-01
1.378624397727122641e+03 4.264222223924959421e-01
1.378424592146070609e+03 4.294997783873445441e-01
1.378224908770266666e+03 4.332301528402303092e-01
1.378025347599711267e+03 4.314559022911044206e-01
1.377825786429155642e+03 4.340682252474602487e-01
1.377626347463848560e+03 4.342908687024582548e-01
1.377426908498541479e+03 4.374478883672163199e-01
1.377227591738482715e+03 4.387992547146321032e-01
1.377028274978423951e+03 4.380709216257377414e-01
1.376828958218364960e+03 4.337784378565024968e-01
1.376629763663554513e+03 4.346515727421996211e-01
1.376430569108744066e+03 4.441344110669011025e-01
1.376231618964430481e+03 4.381046545488992972e-01
1.376032546614868352e+03 4.329134713265565537e-01
1.375833596470554539e+03 4.328138449227040274e-01
1.375634646326240954e+03 4.329192745919970831e-01
1.375435818387175459e+03 4.350742284366441170e-01
1.375237234858606826e+03 4.380007196843744843e-01
1.375038529124789648e+03 4.338874581506101391e-01
1.374839823390972697e+03 4.377060515224671100e-01
1.374641239862404063e+03 4.323389172719336315e-01
1.374442656333835430e+03 4.311187711029756398e-01
1.374244317215763431e+03 4.335612901114719864e-01
1.374045855892442887e+03 4.326320124415407586e-01
1.373847516774370888e+03 4.373661988431981062e-01
1.373649177656299116e+03 4.358342889116105789e-01
1.373450960743475434e+03 4.313516779118664046e-01
1.373252866035900070e+03 4.308096259749924495e-01
1.373054649123076388e+03 4.288963702473518880e-01
1.372856676620749568e+03 4.306809916064704424e-01
1.372658704118422520e+03 4.322861445891846288e-01
1.372460731616095700e+03 4.313308188428842116e-01
1.372263003524265287e+03 4.325688438099551947e-01
1.372065153227186784e+03 4.350390661809916959e-01
1.371867425135356598e+03 4.340951166872386024e-01
1.371669574838277867e+03 4.280417592337904531e-01
1.371472091156944316e+03 4.319125001027940280e-01
1.371274607475610765e+03 4.278834680145007230e-01
1.371077123794277441e+03 4.296153662182236599e-01
1.370879640112943889e+03 4.321392392989961140e-01
1.370682156431610338e+03 4.348472396232338499e-01
1.370484794955525103e+03 4.373907943207492877e-01
1.370287677889936504e+03 4.342328352434783878e-01
1.370090438619099814e+03 4.303916780981990597e-01
1.369893321553511214e+03 4.261644801406657135e-01
1.369696204487922842e+03 4.255420748771722717e-01
1.369499209627582559e+03 4.293445424555083489e-01
1.369302336972490821e+03 4.357220660960522962e-01
1.369105219906902221e+03 4.387234611020829900e-01
1.368908469457058800e+03 4.335110364081013468e-01
1.368711719007215379e+03 4.297495842543749833e-01
1.368514968557371958e+03 4.315963365631924065e-01
1.368318340312776854e+03 4.316367174344574731e-01
1.368121712068181751e+03 4.337115634597064617e-01
1.367925083823586647e+03 4.362070503452588621e-01
1.367728699989488405e+03 4.317768349103852099e-01
1.367532193950141618e+03 4.312128257974051082e-01
1.367335810116043149e+03 4.298381939254143913e-01
1.367139670692441541e+03 4.298913817370920709e-01
1.366943286858343072e+03 4.325384033276923890e-01
1.366747147434741464e+03 4.314749485690584363e-01
1.366550885805891312e+03 4.322380669784114948e-01
1.366354868587538022e+03 4.352279890328927259e-01
1.366158973574433048e+03 4.357485873663817788e-01
1.365962956356079758e+03 4.397504912004280841e-01
1.365767061342974785e+03 4.400168490494841822e-01
1.365571166329869811e+03 4.354783709669182157e-01
1.365375393522013155e+03 4.335285000098427211e-01
1.365179865124653134e+03 4.356636755439679543e-01
1.364984092316796477e+03 4.344853869494963439e-01
1.364788563919436683e+03 4.344508847509703231e-01
1.364592913316828344e+03 4.311258366893407912e-01
1.364397507124716640e+03 4.289736104757070900e-01
1.364202100932605163e+03 4.343118395550656929e-01
1.364006694740493458e+03 4.317920880149531682e-01
1.363811410753630298e+03 4.341778132734554485e-01
1.363616126766766911e+03 4.284290118016639837e-01
1.363420964985152068e+03 4.297962059279742397e-01
1.363225803203537225e+03 4.314427083755526526e-01
1.363030763627170700e+03 4.346143040499656496e-01
1.362835846256052491e+03 4.352564899883229477e-01
1.362640684474437649e+03 4.341713089429333206e-01
1.362445889308567757e+03 4.329941599580443556e-01
1.362251094142697866e+03 4.335671605192964462e-01
1.362056421182076519e+03 4.296926317785468297e-01
1.361861626016206628e+03 4.353023862192034188e-01
1.361666953055585054e+03 4.339020016091446608e-01
1.361472280094963708e+03 4.348326661712731411e-01
1.361277729339590451e+03 4.324262520125621845e-01
1.361083300789465738e+03 4.380499357589530685e-01
1.360888994444589343e+03 4.334607208338684403e-01
1.360694565894464404e+03 4.331580072666562642e-01
1.360500259549588009e+03 4.361544652171769898e-01
1.360305953204711614e+03 4.354182650084527650e-01
1.360111646859835218e+03 4.380527161542884240e-01
1.359917707130703775e+03 4.379239419014410717e-01
1.359723645196324014e+03 4.374939837261749842e-01
1.359529583261944254e+03 4.316153217178877455e-01
1.359335643532812810e+03 4.306539502015680476e-01
1.359141703803681366e+03 4.357461879509080815e-01
1.358947886279798468e+03 4.338700692041664309e-01
1.358754190961163658e+03 4.354907901562470318e-01
1.358560373437280759e+03 4.321583164309584779e-01
1.358366678118645950e+03 4.359262511095913784e-01
1.358173105005259686e+03 4.369859621342224720e-01
1.357979531891873421e+03 4.405206041243153736e-01
1.357786080983735246e+03 4.359820688272019185e-01
1.357592630075597299e+03 4.392584734867676088e-01
1.357399301372707669e+03 4.405427463494095419e-01
1.357205972669818038e+03 4.357521543579550571e-01
1.357012643966928408e+03 4.362587813584160590e-01
1.356819437469287095e+03 4.325352195800274413e-01
1.356626353176894099e+03 4.298644162049958806e-01
1.356433268884501331e+03 4.336979214419595108e-01
1.356240306797356652e+03 4.349302939950512314e-01
1.356047222504963656e+03 4.371853412143759665e-01
1.355854382623067522e+03 4.365806417216323010e-01
1.355661420535922844e+03 4.355632317426484934e-01
1.355468825064523344e+03 4.380225688529529315e-01
1.355275985182626982e+03 4.401284874300552818e-01
1.355083267505979165e+03 4.344235132697564228e-01
1.354890672034579666e+03 4.301583839483042460e-01
1.354698076563180166e+03 4.311994804564681094e-01
1.354505725502277301e+03 4.337203444459048485e-01
1.354313252236126118e+03 4.351864564175397798e-01
1.354120778969974936e+03 4.348267686410200450e-01
1.353928427909072070e+03 4.344505591472106465e-01
1.353736076848169205e+03 4.377582371119068672e-01
1.353543847992514657e+03 4.352564700501435624e-01
1.353351863547356970e+03 4.364229262559468081e-01
1.353159756896950739e+03 4.370911385653476477e-01
1.352967650246544736e+03 4.369610154444427130e-01
1.352775665801386822e+03 4.339721225825459161e-01
1.352583681356229135e+03 4.303223497692858501e-01
1.352391819116319539e+03 4.323196566561068876e-01
1.352200079081658487e+03 4.332287958621100499e-01
1.352008339046997435e+03 4.333968831565973012e-01
1.351816599012336383e+03 4.343681543183044447e-01
1.351624858977675331e+03 4.348586630523046948e-01
1.351433241148262596e+03 4.344831488883610926e-01
1.351241623318849634e+03 4.376394689753113076e-01
1.351050372105182078e+03 4.367265053909753503e-01
1.350858876481017660e+03 4.327585937447548936e-01
1.350667503062101559e+03 4.280007321854074065e-01
1.350476251848434003e+03 4.284689197778109859e-01
1.350285000634766220e+03 4.320346629177830300e-01
1.350093749421098437e+03 4.327002448467138218e-01
1.349902742617927515e+03 4.338839033060096773e-01
1.349711613609508277e+03 4.322903396371185480e-01
1.349520606806337128e+03 4.330680898705550064e-01
1.349329600003166206e+03 4.325196745914714480e-01
1.349138715405243602e+03 4.353872620416878725e-01
1.348947830807320997e+03 4.354183473039229257e-01
1.348757068414646710e+03 4.305215018871483279e-01
1.348566428227220740e+03 4.352600499963701353e-01
1.348375665834546453e+03 4.337598299556396642e-01
1.348185025647120483e+03 4.362009186010027961e-01
1.347994507664942830e+03 4.340007055251209334e-01
1.347803989682765177e+03 4.327679129770495292e-01
1.347613593905836069e+03 4.295194700909445995e-01
1.347423075923658416e+03 4.317189754634465082e-01
1.347232802351977625e+03 4.319110420349577262e-01
1.347042528780296607e+03 4.309026217162020833e-01
1.346852255208615816e+03 4.361837008795065862e-01
1.346662103842183114e+03 4.359215162103100005e-01
1.346472074680998958e+03 4.342919582021100289e-01
1.346282045519814801e+03 4.333713779352484363e-01
1.346092016358630644e+03 4.351928919430688714e-01
1.345902109402694805e+03 4.328706215312743688e-01
1.345712202446758965e+03 4.323775449680709593e-01
1.345522295490823126e+03 4.304146060885165603e-01
1.345332632945383921e+03 4.309366725462659975e-01
1.345142848194696398e+03 4.314125920414290660e-01
1.344953185649257421e+03 4.342250207978438636e-01
1.344763645309066533e+03 4.357876926167031928e-01
1.344573982763627328e+03 4.340179224211094255e-01
1.344384564628684984e+03 4.310513850140891834e-01
1.344195024288494096e+03 4.338601133152020783e-01
1.344005850564048387e+03 4.315764877631373952e-01
1.343816432429106044e+03 4.296988458751266338e-01
1.343627136499411790e+03 4.285703115686385622e-01
1.343437962774966081e+03 4.316261003136114272e-01
1.343248789050520372e+03 4.290405039293041511e-01
1.343059737531322980e+03 4.311164930416125918e-01
1.342870686012125589e+03 4.325435634242902894e-01
1.342681756698176514e+03 4.332279467373090776e-01
1.342492705178979122e+03 4.334391364457175766e-01
1.342303898070278365e+03 4.349870729564693228e-01
1.342115090961577835e+03 4.355776543772322817e-01
1.341926283852877077e+03 4.355668169978448301e-01
1.341737598949424637e+03 4.328056464955784000e-01
1.341549036251220741e+03 4.341918420856968885e-01
1.341360473553016845e+03 4.337209794601094015e-01
1.341171910854812722e+03 4.341351252860336518e-01
1.340983348156608827e+03 4.307454863223171282e-01
1.340794907663653021e+03 4.301981913634916332e-01
1.340606589375945759e+03 4.337716379175561854e-01
1.340418271088238498e+03 4.356382658806579600e-01
1.340230075005779554e+03 4.347855703142841088e-01
1.340041878923320610e+03 4.369246924719877856e-01
1.339853682840861666e+03 4.392905561982383689e-01
1.339665608963651039e+03 4.369806695055756807e-01
1.339477535086440639e+03 4.287969081530252358e-01
1.339289461209230012e+03 4.274227469917354916e-01
1.339101631742516020e+03 4.318261065814973376e-01
1.338913802275802254e+03 4.326349352412021676e-01
1.338725850603839945e+03 4.328493443704006238e-01
1.338538143342374269e+03 4.308654197190318058e-01
1.338350436080908821e+03 4.299147861259531300e-01
1.322413160822596637e+03 4.395001401172633493e-01
1.322230219565816697e+03 4.400626089149789477e-01
1.322047278309036983e+03 4.385751007668137746e-01
1.321864337052257042e+03 4.379359472766937156e-01
1.321681640205973736e+03 4.383295788809713489e-01
1.304910680743418197e+03 4.390903271876917535e-01
1.304732749901820625e+03 4.411579326731360218e-01
1.304554941265471598e+03 4.420334868898532221e-01
1.304377132629122343e+03 4.406861776760815363e-01
1.304199323992773088e+03 4.384598899755603463e-01
1.287025087210662605e+03 4.384945693445563841e-01
1.286852411194744263e+03 4.406188558002522848e-01
1.286679612973577377e+03 4.409248653479629909e-01
1.286506936957658809e+03 4.390994017018507445e-01
1.286334260941740240e+03 4.448826152792983990e-01
1.286161707131070216e+03 4.436558556162129574e-01
1.285989153320399964e+03 4.451383863642817684e-01
1.285816599509729940e+03 4.445176615661311503e-01
1.285644167904308006e+03 4.426153220862392157e-01
1.285471736298886299e+03 4.465724520393039021e-01
1.285299549103961226e+03 4.426616512044523333e-01
1.285127239703787836e+03 4.456958926387941666e-01
1.284954930303614219e+03 4.434397801231473868e-01
1.284782743108689147e+03 4.489782139386698234e-01
1.284610555913764074e+03 4.462128499920710589e-01
1.284438490924087318e+03 4.472243383849309750e-01
1.284266425934410563e+03 4.495693065142796208e-01
1.284094360944733808e+03 4.508170232254044563e-01
1.283922418160305369e+03 4.497273327240736696e-01
1.283750475375877159e+03 4.506098733833995840e-01
1.283578654796697037e+03 4.524856931980488217e-01
1.283406834217516916e+03 4.598240031421123031e-01
1.283235013638337023e+03 4.621066257586505799e-01
1.283063315264405219e+03 4.577201695325298636e-01
1.282891616890473642e+03 4.660425501819999150e-01
1.282720162927038473e+03 4.685650210748983358e-01
1.282548586758355214e+03 4.749213262812435610e-01
1.282377010589671727e+03 4.662402675427341769e-01
1.282205556626236785e+03 4.535034658791833317e-01
1.282034224868050160e+03 4.397412962276150417e-01
1.281862770904615218e+03 4.349278344780563854e-01
1.281691439146428593e+03 4.396797294730835914e-01
1.281520107388241968e+03 4.447629904712332993e-01
1.281348897835303660e+03 4.449966121857505397e-01
1.281177688282365352e+03 4.422985607655809948e-01
1.281006478729427045e+03 4.408086849361999016e-01
1.280835513586985371e+03 4.403295778123312298e-01
1.280664426239295381e+03 4.429288191909458439e-01
1.280493338891605390e+03 4.411777424179175178e-01
1.280322495954412261e+03 4.435376502179520508e-01
1.280151530811970588e+03 4.432838307134315259e-01
1.279980810080025776e+03 4.435422134041025477e-01
1.279809967142832420e+03 4.448809310766969061e-01
1.279639246410887608e+03 4.416609926397599417e-01
1.279468525678942797e+03 4.443048126266400111e-01
1.279297927152246075e+03 4.409589510308075666e-01
1.279127206420301263e+03 4.398122844711175317e-01
1.278956730098853086e+03 4.411023787514029570e-01
1.278786131572156592e+03 4.442733471254011746e-01
1.278615777455956732e+03 4.449061899194719505e-01
1.278445301134508554e+03 4.451190207884022643e-01
1.278274947018308694e+03 4.411263983440094627e-01
1.278104592902108834e+03 4.432859382296995276e-01
1.277934360991157291e+03 4.417448929715760420e-01
1.277764129080205748e+03 4.442491051325460627e-01
1.277593897169254205e+03 4.420855710692279672e-01
1.277423787463551207e+03 4.445153600176625641e-01
1.277253677757847981e+03 4.438291717685856619e-01
1.277083812462641617e+03 4.451570802918381475e-01
1.276913824962186709e+03 4.409284925571806402e-01
1.276743837461732028e+03 4.421042966530688845e-01
1.276573972166525436e+03 4.454454141646671528e-01
1.276404229076567390e+03 4.436538010780881613e-01
1.276234363781361026e+03 4.422376599476269265e-01
1.276064620691402752e+03 4.434670903226203831e-01
1.275894877601444705e+03 4.452426495586656596e-01
1.275725256716734975e+03 4.449899972686546246e-01
1.275555635832025246e+03 4.439980179458067888e-01
1.275386014947315516e+03 4.469228451407631364e-01
1.275216638473102421e+03 4.411742348125597957e-01
1.275047017588392691e+03 4.400648583396372659e-01
1.274877641114179596e+03 4.439670118690255962e-01
1.274708264639966501e+03 4.437742290733521222e-01
1.274539010371001950e+03 4.431245242949840013e-01
1.274369633896788855e+03 4.416194298244169869e-01
1.274200501833072394e+03 4.414807094565829648e-01
1.274031369769356161e+03 4.420449621222132808e-01
1.273862237705639700e+03 4.407460864915621057e-01
1.273693227847171784e+03 4.374283742465623903e-01
1.273524217988703867e+03 4.412273508017163226e-01
1.273355330335484041e+03 4.417901953533752701e-01
1.273355208130235724e+03 4.410703120500196195e-01
1.273186320477016125e+03 4.383578811723415902e-01
1.273186198271767807e+03 4.409966695848940854e-01
1.273017555029044843e+03 4.390139624588437761e-01
1.273017432823796526e+03 4.426118398505072271e-01
1.272848667375825244e+03 4.429373214158119909e-01
1.272848545170576926e+03 4.414984055016291098e-01
1.272679779722605645e+03 4.418815917558368001e-01
1.272679657517357100e+03 4.428404093361082983e-01
1.272510892069385818e+03 4.430391588779275525e-01
1.272342248826662853e+03 4.431543680726530710e-01
1.272173605583940116e+03 4.430035089382997615e-01
1.272004962341217151e+03 4.415164609787942673e-01
1.271836441303742504e+03 4.428935655787643033e-01
1.271667920266267856e+03 4.405034570735832933e-01
1.271499399228793209e+03 4.451650082182060930e-01
1.271331000396567106e+03 4.416632298176378923e-01
1.271162601564340775e+03 4.430986735595746073e-01
1.270994324937362762e+03 4.422999538235627970e-01
1.270826048310384977e+03 4.413964556673209971e-01
1.270657771683406963e+03 4.434480037986752721e-01
1.270489739466925812e+03 4.462065104085917167e-01
1.270321585045196343e+03 4.430382649980992293e-01
1.270153430623466647e+03 4.478591199371846354e-01
1.269985398406985496e+03 4.443559047252195193e-01
1.269817488395752662e+03 4.472689800644735203e-01
1.269649456179271510e+03 4.469652364083658846e-01
1.269481546168038676e+03 4.479967211907155966e-01
1.269313758362054159e+03 4.467015808694350110e-01
1.269145970556069642e+03 4.485841382075498318e-01
1.268978182750085125e+03 4.492179964660376057e-01
1.268810394944100608e+03 4.517042338848875072e-01
1.268642851548612953e+03 4.504573361694609313e-01
1.268475185947876753e+03 4.495381509924034624e-01
1.268307520347140553e+03 4.432956369083138060e-01
1.268140099156901215e+03 4.417539284036950398e-01
1.267972555761413332e+03 4.419744566868996638e-01
1.267805134571173767e+03 4.427949754966832296e-01
1.267637713380934429e+03 4.459965375943580890e-01
1.267470536601191725e+03 4.443739371724088061e-01
1.267303115410952159e+03 4.445941659166042226e-01
1.267135816425961139e+03 4.417092449319230951e-01
1.266968639646218435e+03 4.458542563199160980e-01
1.266801462866475731e+03 4.431128415677266230e-01
1.266634408291981117e+03 4.443318756799932712e-01
1.266467475922735275e+03 4.447048013650485854e-01
1.266300421348240661e+03 4.420257667367480381e-01
1.266133488978994819e+03 4.422817861017108165e-01
1.265966556609748750e+03 4.460270181206761331e-01
1.265799624240502681e+03 4.421988766858638287e-01
1.265632814076504928e+03 4.469564525984700554e-01
1.265466003912507176e+03 4.464725205748394377e-01
1.265299438159006286e+03 4.433454272520344630e-01
1.265132627995008534e+03 4.431004753012000030e-01
1.264965940036259099e+03 4.442536620184948659e-01
1.264799374282758208e+03 4.439566005805170579e-01
1.264632808529257090e+03 4.474771316462614057e-01
1.264466364981004517e+03 4.500735698458899758e-01
1.264299921432751944e+03 4.472554882403884657e-01
1.264133477884499143e+03 4.467057047012018001e-01
1.263967156541494887e+03 4.398576806002186812e-01
1.263800835198490631e+03 4.419299700782380880e-01
1.263634513855486375e+03 4.478928670612969398e-01
1.263468314717730436e+03 4.466540152142807196e-01
1.263302115579974497e+03 4.471948517898121644e-01
1.263136038647466876e+03 4.438350496704058790e-01
1.262969839509710937e+03 4.414777601071236957e-01
1.262803884782451632e+03 4.447721362651768651e-01
1.262637807849944011e+03 4.424235416766761908e-01
1.262471853122684706e+03 4.464072270530574649e-01
1.262306020600673946e+03 4.448922397520909677e-01
1.262140188078662959e+03 4.525763568405907766e-01
1.261974355556651972e+03 4.500717614662878563e-01
1.261808523034641212e+03 4.450384607109834634e-01
1.261642934923126859e+03 4.371402954475703262e-01
1.261477346811612733e+03 4.389163452671778765e-01
1.261311636494850291e+03 4.432235566345884559e-01
1.261146048383335938e+03 4.455001342338359427e-01
1.260980582477070129e+03 4.441400787800446892e-01
1.260815116570804321e+03 4.442780953012864797e-01
1.260649650664538513e+03 4.473745207779253330e-01
1.260484184758272704e+03 4.462499413894770450e-01
1.260318841057255213e+03 4.445090878499787235e-01
1.260153619561486039e+03 4.414319300492641207e-01
1.259988275860468548e+03 4.452023942084071817e-01
1.259823176569947691e+03 4.446870936940869323e-01
1.259657955074178517e+03 4.446677174165834523e-01
1.259492855783657660e+03 4.471945403967942378e-01
