# Wavelength, Reflectance
1.644511620178634530e+03 5.336919020140578063e-01
1.643645531311447030e+03 5.320991386526197076e-01
1.642780296936447030e+03 5.371611870753950635e-01
1.641916039123947030e+03 5.358183894257210200e-01
1.641052635803634530e+03 5.354653562565144798e-01
1.640190331116134530e+03 5.229802334616566739e-01
1.639328880920822030e+03 5.197281446254048420e-01
1.638468407288009530e+03 5.178400708454512502e-01
1.637608788147384530e+03 5.154653242520195189e-01
1.636750267639572030e+03 5.158104835465449067e-01
1.635892601623947030e+03 5.184131485504439585e-01
1.635035912170822030e+03 4.978370568504604243e-01
1.634180199280197030e+03 4.960242446784502435e-01
1.633325340881759530e+03 4.935897683422976745e-01
1.632471459045822030e+03 4.958093398250641992e-01
1.631618431702072030e+03 4.803231948482082347e-01
1.630766380920822030e+03 4.816429636331085451e-01
1.629915306702072030e+03 4.752355503150261229e-01
1.629065086975509530e+03 4.677070764087594701e-01
1.628215843811447030e+03 4.686865388376848518e-01
1.627367455139572030e+03 4.665470920582893699e-01
1.626520043030197030e+03 4.717306218296259956e-01
1.625673607483322030e+03 4.703765813760608649e-01
1.624828148498947030e+03 4.663852120993003392e-01
1.623983421936447030e+03 4.616019766056758122e-01
1.623139794006759530e+03 4.648663249557684618e-01
1.622296898498947030e+03 4.602822114863575620e-01
1.621455101623947030e+03 4.556623565574616785e-01
1.620614037170822030e+03 4.660728086633740830e-01
1.619774071350509530e+03 4.637059521360248904e-01
1.618934837952072030e+03 4.519236915779412112e-01
1.618096581116134530e+03 4.502906393195227341e-01
1.617259178772384530e+03 4.540710791333672502e-01
1.616422752991134530e+03 4.509825615123516651e-01
1.615587181702072030e+03 4.497719980199378353e-01
1.614752586975509530e+03 4.528838635353871767e-01
1.613918968811447030e+03 4.543309774664673895e-01
1.613086083069259530e+03 4.494030384351561103e-01
1.612254173889572030e+03 4.544731861492423697e-01
1.611423119202072030e+03 4.501113752885231856e-01
1.610593041077072030e+03 4.588928734840846402e-01
1.609763817444259530e+03 4.451124346351711392e-01
1.608935448303634530e+03 4.445010844889007440e-01
1.608108055725509530e+03 4.459225748601202133e-01
1.607281395569259530e+03 4.496633399695736943e-01
1.606455711975509530e+03 4.508957541028352223e-01
1.605631004944259530e+03 4.490015684676992302e-01
1.604807152405197030e+03 4.447254979138137720e-01
1.603984032288009530e+03 4.462531089655312755e-01
1.603161888733322030e+03 4.447829468211500492e-01
1.602340721741134530e+03 4.456132481801993728e-01
1.601520287170822030e+03 4.472112042038937640e-01
1.600700829163009530e+03 4.384428911151511676e-01
1.599882225647384530e+03 4.405109674263930075e-01
1.599064476623947030e+03 4.429295172852117379e-01
1.598247582092697030e+03 4.386925718367034599e-01
1.597431419983322030e+03 4.481279389370354527e-01
1.596616600647384530e+03 4.412879542868062277e-01
1.595802269592697030e+03 4.368971151731487756e-01
1.594988793030197030e+03 4.416894819016348728e-01
1.594176415100509530e+03 4.415475781375121089e-01
1.593364647522384530e+03 4.472472570623874377e-01
1.592553856506759530e+03 4.439022807077278032e-01
1.591744042053634530e+03 4.444491542911794824e-01
1.590934960022384530e+03 4.498651133010910241e-01
1.590126854553634530e+03 4.462957429617292471e-01
1.589319359436447030e+03 4.334153930737906224e-01
1.588512718811447030e+03 4.371154375428590311e-01
1.587707298889572030e+03 4.367064073932899748e-01
1.586902489319259530e+03 4.356532048346584141e-01
1.586098534241134530e+03 4.358892457544289445e-01
1.585295555725509530e+03 4.414537232585103443e-01
1.584493309631759530e+03 4.451146550521510314e-01
1.583691918030197030e+03 4.354997054251941724e-01
1.582891502991134530e+03 4.454884618580262634e-01
1.582091820373947030e+03 4.356014232175671186e-01
1.581293114319259530e+03 4.426829722204800310e-01
1.580495018616134530e+03 4.389355126522810346e-01
1.579697777405197030e+03 4.420214774413064318e-01
1.578901634827072030e+03 4.419184719769744252e-01
1.578106102600509530e+03 4.481302265930679485e-01
1.577311546936447030e+03 4.424018190623841829e-01
1.576517845764572030e+03 4.335616355606016215e-01
1.575724877014572030e+03 4.514589025621857377e-01
1.574932640686447030e+03 4.361330182145290446e-01
1.574141380920822030e+03 4.409253923711633494e-01
1.573350975647384530e+03 4.361657899369082436e-01
1.572561424866134530e+03 4.390786052962730723e-01
1.571772606506759530e+03 4.400608688754864550e-01
1.570984520569259530e+03 4.400962884766031480e-01
1.570197533264572030e+03 4.434428548889210453e-01
1.569411156311447030e+03 4.381320933796857275e-01
1.568625877991134530e+03 4.313242087616930842e-01
1.567841087952072030e+03 4.341611565850199139e-01
1.567057274475509530e+03 4.334511564290648433e-01
1.566274315491134530e+03 4.374355694141978668e-01
1.565492088928634530e+03 4.367287813075075853e-01
1.564710716858322030e+03 4.376639082935936953e-01
1.563930199280197030e+03 4.392693471336060473e-01
1.563150536194259530e+03 4.354892040428574584e-01
1.562371483459884530e+03 4.352179485151795313e-01
1.561593407288009530e+03 4.379812312231296523e-01
1.560816185608322030e+03 4.330986805256652472e-01
1.560039696350509530e+03 4.365971744872811922e-01
1.559263939514572030e+03 4.315815951247234938e-01
1.558489037170822030e+03 4.324440305749293056e-01
1.557715111389572030e+03 4.320334974900939540e-01
1.556941795959884530e+03 4.333446645237206130e-01
1.556169335022384530e+03 4.351049687062276128e-01
1.555397606506759530e+03 4.317498054703563515e-01
1.554626854553634530e+03 4.348732463774780399e-01
1.553856712952072030e+03 4.352922547969669820e-01
1.553087547913009530e+03 4.309345252567508000e-01
1.553087425842697030e+03 4.318193597745749179e-01
1.552831322327072030e+03 4.362793543791343431e-01
1.552575096741134530e+03 4.319132739847829083e-01
1.552319115295822030e+03 4.321724169063824728e-01
1.552318993225509530e+03 4.348216149247075557e-01
1.552063133850509530e+03 4.302039696297970117e-01
1.551551415100509530e+03 4.332995590165991673e-01
1.550784569397384530e+03 4.292054603947212388e-01
1.550018456116134530e+03 4.340406707522394547e-01
1.549253197327072030e+03 4.315886853376623145e-01
1.548488793030197030e+03 4.330760211104069390e-01
1.547724999084884530e+03 4.338901374514005371e-01
1.546962059631759530e+03 4.363783172152753131e-01
1.546199974670822030e+03 4.296595720211927039e-01
1.545438744202072030e+03 4.323802496357830871e-01
1.544678124084884530e+03 4.304524010456048377e-01
1.543918236389572030e+03 4.328628017719094445e-01
1.543159325256759530e+03 4.323048725983332785e-01
1.542401268616134530e+03 4.303821729485944325e-01
1.541643822327072030e+03 4.364584641794379549e-01
1.540887108459884530e+03 4.320695300963610097e-01
1.540131249084884530e+03 4.302097414328368008e-01
1.539376122131759530e+03 4.273199379310935186e-01
1.538621971741134530e+03 4.360739351015997523e-01
1.537868431702072030e+03 4.280237559624606170e-01
1.537115624084884530e+03 4.311466117415965749e-01
1.536363670959884530e+03 4.323169655576333814e-01
1.535612206116134530e+03 4.332060023858265163e-01
1.534862084045822030e+03 4.308111164618771971e-01
1.534112206116134530e+03 4.327083580392188655e-01
1.533363426819259530e+03 4.305455424088671101e-01
1.532615257873947030e+03 4.338699712128577524e-01
1.531867821350509530e+03 4.321900112483395007e-01
1.531121361389572030e+03 4.305507905717748107e-01
1.530375511780197030e+03 4.363857559638263939e-01
1.529630394592697030e+03 4.238928892957496974e-01
1.528886009827072030e+03 4.291697332230839379e-01
1.528142479553634530e+03 4.273677392384779283e-01
1.527399437561447030e+03 4.339569159375455398e-01
1.526657616272384530e+03 4.293466503563898584e-01
1.525916161194259530e+03 4.299121197268098715e-01
1.525175804748947030e+03 4.343758787736636262e-01
1.524435936584884530e+03 4.316025935981369632e-01
1.523696922913009530e+03 4.336343706938818321e-01
1.522958641663009530e+03 4.309603100636861250e-01
1.522221214905197030e+03 4.260171728305208183e-01
1.521484398498947030e+03 4.310061303117345699e-01
1.520748314514572030e+03 4.275062933289498490e-01
1.520012962952072030e+03 4.273720274737121128e-01
1.519278465881759530e+03 4.286702493771243905e-01
1.518544579163009530e+03 4.299206113467764490e-01
1.517811424866134530e+03 4.282192745808328094e-01
1.517079369202072030e+03 4.293270261941003474e-01
1.516347801819259530e+03 4.221700026950868656e-01
1.515616844788009530e+03 4.268958480434544844e-01
1.515373558655197030e+03 4.272891550161182495e-01
1.515130272522384530e+03 4.261407673066035517e-01
1.514886864319259530e+03 4.256866978042301852e-01
1.514886742248947030e+03 4.286083071635867214e-01
1.514643700256759530e+03 4.249497775633151453e-01
1.514400658264572030e+03 4.248344644420523619e-01
1.514157372131759530e+03 4.270326355427142007e-01
1.513428734436447030e+03 4.268395747451407263e-01
1.512700829163009530e+03 4.327245704489987577e-01
1.511973656311447030e+03 4.270817295028914162e-01
1.511247337952072030e+03 4.312832609695284036e-01
1.510521629944259530e+03 4.318927897048497333e-01
1.509796654358322030e+03 4.265724692856951439e-01
1.509072411194259530e+03 4.369270398972042724e-01
1.508348900452072030e+03 4.355567807180512063e-01
1.507626122131759530e+03 4.267725182653286375e-01
1.506904076233322030e+03 4.305089249530897333e-01
1.506182762756759530e+03 4.398187781424725551e-01
1.505462181702072030e+03 4.394462093770306610e-01
1.504742455139572030e+03 4.332921475261269917e-01
1.504023216858322030e+03 4.278192682074746789e-01
1.503304833069259530e+03 4.413555194537567838e-01
1.502586452617309078e+03 4.182612930860659106e-01
1.501868696513183977e+03 4.293294232333567106e-01
1.501151795753411761e+03 4.276411104415311915e-01
1.500435505953891834e+03 4.279363347797177641e-01
1.499719949306674152e+03 4.292537393363206055e-01
1.499005125811759171e+03 4.286697977616498734e-01
1.498290913277096024e+03 4.298202134044951661e-01
1.497577556086785989e+03 4.273923083683683899e-01
1.496864809856727788e+03 4.303890362423223315e-01
1.496152918971022700e+03 4.294514519419387333e-01
1.495441639045569445e+03 4.271665396733155262e-01
1.494731092272418891e+03 4.282998357335928152e-01
1.494021156459520398e+03 4.260252920267473820e-01
1.493312075990974563e+03 4.270686542176231892e-01
1.492603606482681016e+03 4.300849355378278394e-01
1.491895870126689715e+03 4.323673228621435771e-01
1.491188866923001115e+03 4.303056286814818665e-01
1.490482474679564575e+03 4.292327163244210597e-01
1.489776815588430281e+03 4.332618606679261575e-01
1.489071889649598688e+03 4.326743710714439084e-01
1.488367696863069568e+03 4.296543024576696679e-01
1.487664115036792509e+03 4.187921885717116877e-01
1.486961266362817696e+03 4.318567751930627585e-01
1.486259028649095171e+03 4.288432770545297368e-01
1.485557646279725532e+03 4.259589780185424335e-01
1.484856874870607953e+03 4.274122968449263205e-01
1.484156836613792620e+03 4.280696438704191253e-01
1.483457409317229576e+03 4.278810594735150685e-01
1.482758837365019417e+03 4.236067998545916535e-01
1.482060754181010907e+03 4.285917852507131198e-01
1.481363526341355282e+03 4.244071432280934197e-01
1.480666909461951718e+03 4.255322469812984898e-01
1.479970903542800215e+03 4.269194202619456258e-01
1.479275752968001598e+03 4.278911729808947406e-01
1.478581091161404402e+03 4.273211334815433804e-01
1.477887284699160318e+03 4.326382640766616716e-01
1.477194089197168296e+03 4.277590914909413233e-01
1.476501626847478747e+03 4.314412110632745434e-01
1.475809775458041258e+03 4.288127101089364013e-01
1.475118657220906243e+03 4.221858687280565792e-01
1.474428149944023289e+03 4.378824812834107294e-01
1.473738375819442808e+03 4.336317207286059516e-01
1.473049212655114616e+03 4.287937575165955417e-01
1.472360782643088669e+03 4.270211320706904234e-01
1.471673085783365195e+03 4.230516512417686337e-01
1.470985999883893783e+03 4.255597663882053072e-01
1.470299647136724843e+03 4.195749404244394909e-01
1.469613905349807965e+03 4.197836714911855616e-01
1.468928774523143147e+03 4.225676087580147455e-01
1.468244376848780803e+03 4.287980589151715871e-01
1.467560712326721159e+03 4.227994383850354754e-01
1.466877658764913349e+03 4.263317247381534503e-01
1.466195216163357600e+03 4.254390845499270712e-01
1.465513506714104324e+03 4.145710797978692796e-01
1.464832408225103109e+03 4.225838193163621859e-01
1.464152042888404594e+03 4.257108597383096327e-01
1.463472288511957913e+03 4.320868426771708459e-01
1.462793267287813705e+03 4.284734049236094133e-01
1.462114857023921786e+03 4.254775666644968757e-01
1.461437057720281700e+03 4.231447934073617190e-01
1.460759869376893676e+03 4.228060410364817279e-01
1.460083536377858763e+03 4.232598213329190617e-01
1.459407692147025273e+03 4.206005977436476639e-01
1.458732581068494255e+03 4.271094758451567941e-01
1.458058080950215526e+03 4.209930407471700331e-01
1.457384313984239043e+03 4.216946912973443817e-01
1.456711157978514848e+03 4.225006349585300747e-01
1.456038612933042486e+03 4.241504468888483426e-01
1.455366801039872826e+03 4.172535966676891861e-01
1.454695600106954998e+03 4.168760360574780832e-01
1.454025010134289460e+03 4.271249476413395141e-01
1.453355031121875754e+03 4.291110978117726460e-01
1.452685907453815162e+03 4.228177698057896117e-01
1.452017272553955991e+03 4.267797351037310172e-01
1.451349248614349108e+03 4.226114442583104869e-01
1.450681957827044471e+03 4.271021751621392748e-01
1.450015277999992122e+03 4.231586601122143687e-01
1.449349209133191607e+03 4.296137879024906625e-01
1.448683873418693793e+03 4.264107036736283218e-01
1.448019148664448039e+03 4.297290085992739317e-01
1.447354912678403707e+03 4.322990283784375887e-01
1.446691532036712488e+03 4.288101362524609494e-01
1.446028640163222917e+03 4.270761541265332695e-01
1.445366603634086005e+03 4.275768150922180655e-01
1.444704933681100556e+03 4.296406517923750390e-01
1.444043996880417581e+03 4.284743517646912858e-01
1.443383793232036851e+03 4.294510045224449457e-01
1.442724078351857997e+03 4.333466503875287312e-01
1.442065096623981617e+03 4.283233431287625792e-01
1.441406725856357298e+03 4.244495039284817417e-01
1.440748966048984812e+03 4.299258309245330700e-01
1.440091695009814202e+03 4.220851875592513958e-01
1.439435401507046890e+03 4.253110077441810133e-01
1.439435279314996478e+03 4.218483529713915048e-01
1.439216677736807924e+03 4.268773037666947490e-01
1.438997953966568957e+03 4.220881784085757094e-01
1.438779474580430815e+03 4.194890840918338304e-01
1.438779352388380403e+03 4.186279420028456988e-01
1.438560873002242261e+03 4.194914810976089758e-01
1.438342515808154531e+03 4.225582281867373280e-01
1.438124280806117213e+03 4.255607259180900770e-01
1.438124158614066801e+03 4.252807672172456144e-01
1.437905923612029483e+03 4.226567489691012702e-01
1.437687810802042577e+03 4.212936390268761655e-01
1.437469697992055671e+03 4.199346502858052332e-01
1.437469575800005259e+03 4.202097983783427138e-01
1.437251340797967941e+03 4.219337923106003529e-01
1.437033472372081860e+03 4.227529150019406767e-01
1.436815726138246191e+03 4.230054741529716833e-01
1.436815603946195779e+03 4.257747188043779496e-01
1.436597735520309470e+03 4.237372852490614572e-01
1.436379867094423389e+03 4.233778549515004319e-01
1.436162243052638132e+03 4.222029700555590681e-01
1.435944619010852875e+03 4.235231426941513111e-01
1.435726994969067619e+03 4.228905105705101364e-01
1.435509493119332774e+03 4.198064001396430989e-01
1.435292113461648341e+03 4.231567160849061815e-01
1.435074733803963909e+03 4.247052630511754523e-01
1.434857354146279476e+03 4.257943054323406473e-01
1.434640218872695868e+03 4.260332438701810998e-01
1.434422961407061848e+03 4.288757999757901174e-01
1.434205826133478240e+03 4.290213225008552289e-01
1.433988813051945044e+03 4.293960689533639630e-01
1.433771922162462261e+03 4.332292818413078783e-01
1.433555031272979477e+03 4.279533272145120137e-01
1.433338140383496693e+03 4.242352111341404219e-01
1.433121493878114734e+03 4.230136079968074281e-01
1.432904725180682362e+03 4.295299973216485934e-01
1.432688078675300403e+03 4.214681848372206496e-01
1.432471554361968856e+03 4.219903954782625588e-01
1.432255152240687721e+03 4.190901873683415269e-01
1.432038750119406586e+03 4.226718362244287763e-01
1.431822347998125451e+03 4.257923254503101496e-01
1.431606068068894729e+03 4.220703348681866252e-01
1.431389910331714418e+03 4.150865890706997297e-01
1.431173752594534108e+03 4.019290940538358670e-01
1.430957717049404209e+03 3.971033336701194072e-01
1.430741803696324723e+03 4.011073396540968394e-01
1.430525768151194825e+03 4.167434224022752431e-01
1.430309854798115339e+03 4.237543055196766884e-01
1.430093941445035853e+03 4.218889006932337593e-01
1.429878394668107603e+03 4.183831413856018422e-01
1.429662725699128941e+03 4.196704195034202112e-01
1.429447178922200692e+03 4.249736040108359481e-01
1.429231754337322855e+03 4.258973040038876445e-01
1.429016207560394605e+03 4.221435162672058650e-01
1.428800782975516768e+03 4.218199207028376363e-01
1.428585480582689343e+03 4.198325687665369066e-01
1.428370300381912330e+03 4.185729240508807014e-01
1.428155120181135317e+03 4.250411320628177947e-01
1.427939939980358304e+03 4.295313373011492852e-01
1.427724881971631703e+03 4.309232707246103966e-01
1.427510068347005927e+03 4.302345680169491482e-01
1.427295010338279326e+03 4.273407262737826118e-01
1.427080196713653550e+03 4.267756891806551711e-01
1.426865505281078185e+03 4.334674182469784864e-01
1.426650813848502821e+03 4.343293134326593474e-01
1.426436122415927457e+03 4.354048938640540101e-01
1.426221553175402732e+03 4.314616144988879243e-01
1.426007106126928193e+03 4.254267240599848843e-01
1.425792659078453653e+03 4.292303013686167845e-01
1.425578334222029525e+03 4.288063389549334192e-01
1.425364009365605398e+03 4.226915367114255639e-01
1.425149806701231682e+03 4.253556618480571760e-01
1.424935604036857967e+03 4.241587468509392389e-01
1.424721523564534664e+03 4.272417617523588396e-01
1.424507320900160948e+03 4.281286298319964545e-01
1.424293607003988882e+03 4.230067375328218082e-01
1.424079648723715991e+03 4.211829458289179096e-01
1.423865812635493512e+03 4.167040478786087632e-01
1.423652098739321445e+03 4.215266558082463311e-01
1.423438384843149379e+03 4.251909604659067643e-01
1.423224793139027724e+03 4.287753574546142588e-01
1.423011079242855658e+03 4.278512222900633377e-01
1.422797854114885240e+03 4.190222670406842931e-01
1.422584384602813998e+03 4.161854435481863179e-01
1.422371037282793168e+03 4.231372250062175322e-01
1.422157689962772565e+03 4.277529944822485164e-01
1.421944587026852560e+03 4.312524069023918605e-01
1.421731361898882142e+03 4.313012584172327135e-01
1.421518258962962136e+03 4.234128298493141651e-01
1.421305156027042131e+03 4.230689125979236742e-01
1.421092297475222949e+03 4.196293552272271077e-01
1.420879438923403768e+03 4.204955776461349326e-01
1.420666580371584587e+03 4.177268936406496325e-01
1.420453966203866230e+03 4.223170367313967555e-01
1.420241107652047049e+03 4.252447854891406309e-01
1.420028615676379104e+03 4.254165127719366502e-01
1.419816001508660747e+03 4.277399964854937675e-01
1.419603631725043215e+03 4.215943591973046467e-01
1.419391139749375498e+03 4.223430689482441935e-01
1.419178769965757965e+03 4.239412815616466768e-01
1.418966522374190845e+03 4.237384012454311066e-01
1.418754396974674137e+03 4.207789837144585432e-01
1.418542271575157429e+03 4.207679924907108404e-01
1.418330146175640721e+03 4.247357701487983750e-01
1.418118020776124013e+03 4.223113924910517625e-01
1.417906261952758541e+03 4.239377511531417508e-01
1.417694258745292245e+03 4.228629259674350216e-01
1.417482377729876362e+03 4.231172558515865489e-01
1.417270741098561530e+03 4.198309043594090073e-01
1.417059104467246470e+03 4.227639298107148114e-01
1.416847467835931411e+03 4.229770258671146088e-01
1.416635831204616352e+03 4.251290872688305300e-01
1.416424438957402117e+03 4.274895159317663174e-01
1.416213046710187882e+03 4.215100573530310424e-01
1.416001654462973647e+03 4.229324783388594966e-01
1.415790384407809825e+03 4.227005826039835767e-01
1.415579114352646002e+03 4.232311420481991160e-01
1.415368088681583004e+03 4.239756055847144212e-01
1.415156940818469820e+03 4.239507514996238569e-01
1.414945915147406822e+03 4.238923959157880339e-01
1.414734889476343824e+03 4.255066861957947366e-01
1.414524108189381650e+03 4.237999218463059936e-01
1.414313326902419476e+03 4.228353337637173470e-01
1.414102545615457302e+03 4.224840295992730588e-01
1.413891886520545540e+03 4.232738744974433587e-01
1.413681349617684191e+03 4.256395783449880565e-01
1.413470690522772657e+03 4.232722784656173243e-01
1.413260031427860895e+03 4.244937257386349194e-01
1.413049861101150782e+03 4.254020239454945895e-01
1.412839446390339845e+03 4.235854646801234802e-01
1.412629153871579319e+03 4.256131583036419364e-01
1.412418861352818794e+03 4.224871793359806227e-01
1.412208813218159094e+03 4.319033101523430118e-01
1.411998765083499620e+03 4.296912220062050203e-01
1.411788716948839919e+03 4.303098795739616622e-01
1.411578668814180219e+03 4.258550114870547909e-01
1.411368865063621342e+03 4.235312469536119950e-01
1.411159061313062466e+03 4.240007475491500699e-01
1.410949257562503590e+03 4.208831988453941575e-01
1.410739453811944713e+03 4.248438973270875496e-01
1.410529894445486889e+03 4.219924614316166722e-01
1.410320335079028837e+03 4.221247108680096782e-01
1.410110897904621197e+03 4.245249507580505788e-01
1.409901338538163145e+03 4.258931514029196674e-01
1.409692145747856330e+03 4.245066176807246183e-01
1.409482708573448690e+03 4.221136459305322997e-01
1.409273515783142102e+03 4.223592797163571166e-01
1.409064322992835287e+03 4.218708398421440742e-01
1.408855252394578883e+03 4.200350055766685076e-01
1.408646181796322480e+03 4.194764864407906080e-01
1.408437233390116489e+03 4.206676573461020086e-01
1.408228284983910498e+03 4.201619228520013238e-01
1.408019458769755147e+03 4.202833441004705239e-01
1.407810632555599568e+03 4.215532934509155227e-01
1.407601928533494402e+03 4.227868963564731519e-01
1.407393224511389235e+03 4.251402289758845487e-01
1.407184642681334481e+03 4.246235377067598682e-01
1.406976183043330138e+03 4.195740455237055855e-01
1.406767723405326024e+03 4.220168106894310323e-01
1.406559263767321681e+03 4.237674363086728069e-01
1.406350926321367751e+03 4.243942465457312685e-01
1.406142833259514646e+03 4.257622963379115721e-01
1.405934495813560716e+03 4.215403571310559205e-01
1.405726402751707838e+03 4.294254226447198897e-01
1.405518309689854732e+03 4.309671734799067622e-01
1.405310338820052038e+03 4.303178414684478703e-01
1.405102367950249345e+03 4.262089550832516283e-01
1.404894519272497064e+03 4.236589499047777041e-01
1.404686670594744783e+03 4.223960129109273209e-01
1.404479066301093553e+03 4.222263040077965379e-01
1.404271339815391684e+03 4.231905258958446603e-01
1.404063613329689815e+03 4.227031866616443034e-01
1.403856131228088771e+03 4.290663625468149611e-01
1.403648649126487726e+03 4.297041025396426961e-01
1.403441289216937321e+03 4.286435206475419091e-01
1.403233807115336276e+03 4.290509669378267943e-01
1.403026569397836056e+03 4.248052552169119811e-01
1.402819453872386248e+03 4.254723283424148850e-01
1.402612216154886028e+03 4.306314785572775139e-01
1.402405100629436447e+03 4.266328018270069689e-01
1.402197985103986639e+03 4.297171927234719746e-01
1.401991113962637655e+03 4.298858008989909218e-01
1.401784242821288672e+03 4.296133944419146533e-01
1.401577371679939915e+03 4.321905989322716857e-01
1.401370500538590932e+03 4.276516865102131248e-01
1.401163751589292360e+03 4.227227290904215229e-01
1.400957124832044201e+03 4.237824761638160354e-01
1.400750620266846454e+03 4.213551826586127147e-01
1.400544115701648934e+03 4.275186697957908399e-01
1.400337611136451187e+03 4.272336425977546481e-01
1.400131228763303852e+03 4.257295915795702990e-01
1.399924968582206930e+03 4.242227432847693880e-01
1.399718586209059822e+03 4.224697700417255342e-01
1.399512448220013312e+03 4.233641503006204121e-01
1.399306310230966801e+03 4.218415817873198970e-01
1.399100294433970703e+03 4.251561943601255833e-01
1.398894156444924192e+03 4.253383641179868113e-01
1.398688262839978734e+03 4.247832939088957982e-01
1.398482491427083460e+03 4.260156797655739735e-01
1.398276475630087361e+03 4.221613753876032882e-01
1.398070826409242500e+03 4.248864922107559727e-01
1.397865054996347453e+03 4.269932761929756126e-01
1.397659405775502591e+03 4.253076174444858637e-01
1.397454000938758554e+03 4.218843818221399977e-01
1.397248473909964105e+03 4.279665119955377017e-01
1.397042946881169883e+03 4.266039856808929165e-01
1.396837419852375433e+03 4.237691147917607704e-01
1.396632381591782632e+03 4.269662054223990477e-01
1.396427098947089007e+03 4.247693716241293660e-01
1.396221816302395609e+03 4.260474707807428985e-01
1.396016778041802809e+03 4.292522943817040360e-01
1.395811739781210008e+03 4.282816463314594313e-01
1.395606701520617207e+03 4.272761927839752172e-01
1.395401785452075046e+03 4.269577993605485067e-01
1.395196869383532658e+03 4.223038855111610479e-01
1.394992075507040681e+03 4.223491536407402158e-01
1.394787403822599344e+03 4.219105699869026282e-01
1.394582732138157780e+03 4.269922908634284364e-01
1.394378060453716216e+03 4.281954993499394457e-01
1.394173388769274652e+03 4.247555805926858108e-01
1.393969083660984552e+03 4.271644982488014275e-01
1.393764656360643812e+03 4.245523060519913461e-01
1.393560229060303072e+03 4.239239778318747986e-01
1.393355923952012745e+03 4.256410325624204738e-01
1.393151741035773057e+03 4.260588709528300710e-01
1.392947558119533142e+03 4.317179288817202809e-01
1.392743497395343638e+03 4.301382558127735956e-01
1.392539436671154363e+03 4.232337231824865320e-01
1.392335375946964859e+03 4.226987849798147789e-01
1.392131559606876181e+03 4.234577883770826445e-01
1.391927621074737090e+03 4.209642002296976604e-01
1.391723804734648638e+03 4.241641049512375194e-01
1.391519988394559959e+03 4.265923520051935758e-01
1.391316538630622517e+03 4.235343679727274213e-01
1.391112844482584478e+03 4.207531710636665534e-01
1.390909272526596624e+03 4.204212925421529912e-01
1.390705822762659182e+03 4.205366709051305829e-01
1.390502372998721739e+03 4.278647696327704253e-01
1.390299045426834937e+03 4.272343184987910658e-01
1.390095717854947907e+03 4.253256170028692495e-01
1.389892512475111289e+03 4.236051093651342914e-01
1.389689307095274899e+03 4.228897340107782843e-01
1.389486346099539105e+03 4.264194405924829900e-01
1.389283262911752900e+03 4.278648072778524214e-01
1.389080179723966921e+03 4.269796718184020179e-01
1.388877218728231128e+03 4.271252624357723682e-01
1.388674379924545747e+03 4.289609154151293735e-01
1.388471663312910778e+03 4.281506826880582262e-01
1.388268946701276036e+03 4.251952985999565837e-01
1.388066230089641067e+03 4.242653460270480181e-01
1.387863635670056510e+03 4.254559795872377426e-01
1.387661163442522593e+03 4.211041827381309388e-01
1.387458569022938036e+03 4.271105961550991093e-01
1.387256218987454304e+03 4.291883054831828193e-01
1.387053868951970799e+03 4.254094077534315566e-01
1.386851518916487066e+03 4.244774625799645484e-01
1.386649291073053746e+03 4.248788994188457679e-01
1.386447185421671065e+03 4.244299672915348709e-01
1.386244957578237745e+03 4.292563335582287865e-01
1.386042974118905249e+03 4.296964204105594431e-01
1.385840990659572981e+03 4.339244233784068094e-01
1.385639129392290897e+03 4.295846376543218659e-01
1.385437268125008814e+03 4.315992824491883262e-01
1.385235406857726957e+03 4.282746680885760049e-01
1.385033667782495286e+03 4.227452902717545591e-01
1.384831928707263614e+03 4.232822186501103978e-01
1.384630434016132995e+03 4.257059320170504813e-01
1.384428817132951735e+03 4.268020635359202064e-01
1.384227322441820888e+03 4.288519357366692430e-01
1.384025827750690269e+03 4.291866459997709660e-01
1.383824577443660246e+03 4.268226011785643537e-01
1.383623204944579811e+03 4.268305679744508474e-01
1.383421954637550016e+03 4.312900588397161061e-01
1.383220704330519993e+03 4.333444130984384079e-01
1.383019698407590795e+03 4.287473082756048659e-01
1.382818692484661824e+03 4.281512105120540701e-01
1.382617564369682214e+03 4.221084569508678497e-01
1.382416680638803427e+03 4.240827243562599880e-01
1.382215796907924869e+03 4.278588045789709082e-01
1.382015035369096495e+03 4.263262363811045064e-01
1.381814273830268121e+03 4.259521658479433204e-01
1.381613512291439974e+03 4.303266690311519094e-01
1.381412872944662013e+03 4.314286182084393073e-01
1.381212233597884278e+03 4.317650901360964300e-01
1.381011838635207141e+03 4.302309892400357216e-01
1.380811443672530004e+03 4.292495559539096783e-01
1.380611048709853094e+03 4.265884510921017503e-01
1.380410653747175957e+03 4.260976677341969387e-01
1.380210380976549231e+03 4.294847445388587093e-01
1.380010230397973146e+03 4.240869950067633898e-01
1.379810079819396833e+03 4.259287580409514273e-01
1.379609929240820748e+03 4.275682840550054098e-01
1.379409900854294847e+03 4.278240288984052619e-01
1.379210116851869770e+03 4.317402842657599438e-01
1.379010210657394509e+03 4.304870619749703864e-01
1.378810304462919021e+03 4.250907937936106995e-01
1.378610520460493944e+03 4.269236282948623562e-01
1.378410736458069096e+03 4.261031761894693570e-01
1.378211074647694431e+03 4.272441065894689305e-01
1.378011535029370407e+03 4.308963753604327374e-01
1.377811995411046155e+03 4.311716838213975334e-01
1.377612577984772315e+03 4.316366060078371536e-01
1.377413160558498703e+03 4.342435970401559153e-01
1.377213865324275275e+03 4.350598047512854172e-01
1.377014570090051848e+03 4.317434068071548947e-01
1.376815274855828648e+03 4.300900125797053053e-01
1.376616101813655632e+03 4.340751881818665225e-01
1.376416928771482844e+03 4.351095545430208045e-01
1.376218000113410653e+03 4.367258636924531978e-01
1.376018949263288050e+03 4.336612836972412732e-01
1.375820020605216087e+03 4.265476579557599401e-01
1.375621091947143896e+03 4.246089047350543599e-01
1.375422285481122344e+03 4.350005913612822184e-01
1.375223723399201390e+03 4.347906847003681907e-01
1.375025039125230023e+03 4.309570934337234038e-01
1.374826354851258884e+03 4.316292834674406165e-01
1.374627792769337930e+03 4.260682709740928331e-01
1.374429230687417203e+03 4.284802696015329038e-01
1.374230912989597073e+03 4.280985682394625735e-01
1.374032473099726758e+03 4.289667898731151507e-01
1.373834155401906628e+03 4.305853889821822378e-01
1.373635837704086498e+03 4.311089899166595796e-01
1.373437642198317008e+03 4.294807061850497987e-01
1.373239568884597702e+03 4.284301174897683917e-01
1.373041373378828212e+03 4.249923462362200643e-01
1.372843422257159318e+03 4.303609701644098284e-01
1.372645471135490425e+03 4.296382214452503234e-01
1.372447520013821759e+03 4.317913107599166134e-01
1.372249813276253690e+03 4.288767603336463008e-01
1.372051984346635436e+03 4.277133800620950277e-01
1.371854277609067367e+03 4.296209011732078920e-01
1.371656448679449113e+03 4.277596201999617764e-01
1.371458986325981869e+03 4.305574827520430858e-01
1.371261523972514624e+03 4.275984861042886886e-01
1.371064061619047607e+03 4.261889254437142838e-01
1.370866599265580362e+03 4.261228020899246460e-01
1.370669136912113345e+03 4.314162314007733978e-01
1.370471796750696512e+03 4.354996036740148013e-01
1.370274700973380732e+03 4.334062515128483395e-01
1.370077483004014312e+03 4.246320323107763417e-01
1.369880387226698303e+03 4.207160112429051968e-01
1.369683291449382523e+03 4.201121198760092157e-01
1.369486317864116927e+03 4.280190954114174162e-01
1.369289466470901971e+03 4.354026184123052090e-01
1.369092370693585963e+03 4.357710078882818250e-01
1.368895641492421419e+03 4.345144112761516464e-01
1.368698912291256647e+03 4.289363155549392737e-01
1.368502183090092103e+03 4.307659409634747583e-01
1.368305576080977744e+03 4.326225774712698646e-01
1.368108969071863612e+03 4.307862580462281099e-01
1.367912362062749253e+03 4.291127611054156854e-01
1.367715999437735718e+03 4.309523568775669444e-01
1.367519514620671998e+03 4.288333070058986118e-01
1.367323151995658463e+03 4.285099242681094101e-01
1.367127033754745980e+03 4.262178361344580724e-01
1.366930671129732445e+03 4.249610896314332531e-01
1.366734552888819962e+03 4.249664669068450862e-01
1.366538312455856840e+03 4.296041844631240392e-01
1.366342316406994769e+03 4.312923786863496201e-01
1.366146442550182883e+03 4.315422856262920437e-01
1.365950446501320812e+03 4.342089707357544293e-01
1.365754572644508926e+03 4.303149326312387113e-01
1.365558698787697267e+03 4.309824860810007041e-01
1.365362947122935793e+03 4.287746568512856293e-01
1.365167439842275144e+03 4.321822265619201797e-01
1.364971688177513897e+03 4.294274685753353138e-01
1.364776180896853248e+03 4.283446683661981114e-01
1.364580551424142413e+03 4.240293987787298602e-01
1.364385166335532176e+03 4.260859393015458130e-01
1.364189781246922166e+03 4.313957491765057495e-01
1.363994396158311929e+03 4.281200867021683343e-01
1.363799133261752331e+03 4.292074761607664879e-01
1.363603870365192506e+03 4.242663517493486802e-01
1.363408729660683321e+03 4.263898003473458043e-01
1.363213588956173908e+03 4.319299708251395642e-01
1.363018570443715134e+03 4.293087878471027463e-01
1.362823674123306546e+03 4.341479512037811905e-01
1.362628533418797360e+03 4.309702881965412069e-01
1.362433759290439184e+03 4.303263910993379571e-01
1.362238985162081235e+03 4.277731820618959624e-01
1.362044333225773471e+03 4.262711158877174888e-01
1.361849559097415522e+03 4.292632433898417865e-01
1.361654907161107758e+03 4.302021825704957503e-01
1.361460255224800221e+03 4.326820495551886303e-01
1.361265725480542869e+03 4.354581239626267863e-01
1.361071317928336157e+03 4.320073327971551969e-01
1.360877032568179629e+03 4.282214252408294564e-01
1.360682625015972917e+03 4.320649044947260098e-01
1.360488339655816389e+03 4.306535555091066669e-01
1.360294054295660089e+03 4.345663785923651323e-01
1.360099768935503562e+03 4.330221533045559568e-01
1.359905850151498498e+03 4.357607388991631137e-01
1.359711809175442795e+03 4.348129283446892090e-01
1.359517768199387319e+03 4.302758574222295684e-01
1.359323849415382028e+03 4.293122351622050692e-01
1.359129930631376965e+03 4.292341710297067903e-01
1.358936134039422086e+03 4.309609938885569091e-01
1.358742459639517847e+03 4.289737963333155601e-01
1.358548663047562968e+03 4.302927906407382208e-01
1.358354988647658729e+03 4.299132534066549827e-01
1.358161436439804675e+03 4.335340456149380239e-01
1.357967884231950848e+03 4.349751183485495165e-01
1.357774454216147433e+03 4.343382258282261765e-01
1.357581024200343791e+03 4.342303915991466146e-01
1.357387716376590788e+03 4.315860480882837691e-01
1.357194408552837558e+03 4.328249311784653219e-01
1.357001100729084555e+03 4.322919644161958286e-01
1.356807915097381738e+03 4.283481680677264092e-01
1.356614851657729560e+03 4.305950681349230980e-01
1.356421788218077154e+03 4.307814719553523797e-01
1.356228846970475388e+03 4.306897242545655868e-01
1.356035783530822982e+03 4.324065372945703478e-01
1.355842964475271629e+03 4.344195140746048289e-01
1.355650023227669635e+03 4.383504836430742180e-01
1.355457448556219106e+03 4.327227759912158356e-01
1.355264629500667525e+03 4.342702289663678550e-01
1.355071932637166583e+03 4.306798066811727277e-01
1.354879357965716054e+03 4.277487837965034401e-01
1.354686783294265297e+03 4.308530199971257191e-01
1.354494453006915592e+03 4.290120324915221994e-01
1.354302000527515247e+03 4.304778097653519930e-01
1.354109548048115130e+03 4.319140308543368834e-01
1.353917217760765197e+03 4.310303556663490077e-01
1.353724887473415492e+03 4.327857875105867724e-01
1.353532679378115972e+03 4.292832245043600725e-01
1.353340715666917504e+03 4.342708133229655210e-01
1.353148629763668623e+03 4.318733434007367422e-01
1.352956543860419515e+03 4.332656146567173128e-01
1.352764580149221047e+03 4.308025287672943016e-01
1.352572616438022351e+03 4.294661777364691679e-01
1.352380774918874295e+03 4.281538010403252992e-01
1.352189055591776423e+03 4.303301739656145708e-01
1.351997336264678779e+03 4.327790225226598175e-01
1.351805616937580908e+03 4.304372449677343893e-01
1.351613897610483264e+03 4.344930039142259615e-01
1.351422300475436032e+03 4.313282780414955386e-01
1.351230703340388573e+03 4.303969554727722358e-01
1.351039472781492577e+03 4.332961617187315873e-01
1.350847997838495530e+03 4.311309452189739377e-01
1.350656645087549123e+03 4.274268401896736402e-01
1.350465414528652900e+03 4.273826264512606832e-01
1.350274183969756905e+03 4.273494025979482913e-01
1.350082953410860910e+03 4.295603323509621374e-01
1.349891967236065511e+03 4.279444093530945792e-01
1.349700858869219928e+03 4.276386781051412234e-01
1.349509872694424530e+03 4.248661143103734106e-01
1.349318886519629359e+03 4.288802542804318607e-01
1.349128022536884600e+03 4.279260775535145278e-01
1.348937158554139614e+03 4.274482377257510235e-01
1.348746416763445268e+03 4.311838408605540018e-01
1.348555797164801106e+03 4.277989274226222105e-01
1.348365055374106760e+03 4.331348984143676417e-01
1.348174435775462598e+03 4.347997195561849604e-01
1.347983938368869076e+03 4.285554126748357118e-01
1.347793440962275554e+03 4.296189567355533367e-01
1.347603065747732217e+03 4.264013112505147252e-01
1.347412568341138694e+03 4.268300377777921040e-01
1.347222315318645769e+03 4.290382475078096669e-01
1.347032062296153072e+03 4.320730032434253465e-01
1.346841809273660374e+03 4.302410920923236959e-01
1.346651678443217861e+03 4.327658141070144793e-01
1.346461669804825988e+03 4.301320396805354829e-01
1.346271661166433887e+03 4.322599225316580696e-01
1.346081652528042014e+03 4.307729745954841927e-01
1.345891766081700553e+03 4.287175391291612736e-01
1.345701879635358864e+03 4.292413028826327359e-01
1.345511993189017403e+03 4.293168626035935853e-01
1.345322351126776766e+03 4.305924263195891055e-01
1.345132586872485490e+03 4.297998503147509863e-01
1.344942944810244853e+03 4.313303984637252841e-01
1.344753424940054401e+03 4.306047672123817782e-01
1.344563782877813765e+03 4.283343439278116671e-01
1.344374385199673952e+03 4.284237975562699696e-01
1.344184865329483500e+03 4.263992125635943653e-01
1.343995712035444512e+03 4.279357074277635453e-01
1.343806314357304473e+03 4.253112657778390648e-01
1.343617038871215073e+03 4.257148742908894445e-01
1.343427885577176085e+03 4.229128248675791402e-01
1.343238732283136869e+03 4.259292502501396127e-01
1.343049701181148293e+03 4.269788834694053237e-01
1.342860670079159718e+03 4.268788274282021566e-01
1.342671761169221327e+03 4.265451160056759061e-01
1.342482730067232751e+03 4.305560346500949542e-01
1.342293943349344772e+03 4.290337387604004071e-01
1.342105156631457021e+03 4.316562259478052277e-01
1.341916369913569270e+03 4.301081956002803519e-01
1.341727705387731703e+03 4.327331286328604532e-01
1.341539163053944776e+03 4.297699884546743454e-01
1.341350620720157849e+03 4.288003381766238853e-01
1.341162078386370695e+03 4.294742559357293543e-01
1.340973536052583768e+03 4.296506447264205608e-01
1.340785115910847253e+03 4.291071037854586878e-01
1.340596817961160923e+03 4.326600031289529746e-01
1.340408520011474820e+03 4.284316989902874906e-01
1.340220344253839130e+03 4.303654202924891425e-01
1.340032168496203212e+03 4.301657588202001947e-01
1.339843992738567522e+03 4.304156566198619749e-01
1.339655939172982016e+03 4.286161806662392992e-01
1.339467885607396738e+03 4.267083359400130060e-01
1.339279832041811460e+03 4.258540058131870532e-01
1.339092022860326779e+03 4.286888135509298037e-01
1.338904213678842325e+03 4.292369676060627803e-01
1.338716282305307459e+03 4.297058427729770758e-01
1.338528595315873190e+03 4.277335366031911335e-01
1.338340908326439148e+03 4.237235090691007233e-01
1.322405354263899426e+03 4.353416232102502170e-01
1.322222432764431232e+03 4.336378121548776221e-01
1.322039511264963267e+03 4.334106940177214207e-01
1.321856589765495301e+03 4.357943955102716593e-01
1.321673912650128159e+03 4.329118556384108918e-01
1.304904764419671892e+03 4.325916219542029206e-01
1.304726852794270826e+03 4.343983563620330557e-01
1.304549063360920172e+03 4.357516740898826901e-01
1.304371273927569291e+03 4.353827285146245063e-01
1.304193484494218637e+03 4.355937506773390755e-01
1.287021102497400079e+03 4.382657970598916042e-01
1.286848445130166738e+03 4.382095877334197254e-01
1.286675665570882984e+03 4.370678541207991818e-01
1.286503008203649642e+03 4.354944351296690663e-01
1.286330350836416301e+03 4.376217843943848718e-01
1.286157815661233371e+03 4.366393971674902286e-01
1.285985280486050442e+03 4.388360753920930724e-01
1.285812745310867513e+03 4.372485599819168622e-01
1.285640332327734995e+03 4.397129922838288185e-01
1.285467919344602478e+03 4.421883051700631340e-01
1.285295750745570786e+03 4.421922006602990174e-01
1.285123459954488681e+03 4.408236775016144970e-01
1.284951169163406576e+03 4.395532555768870142e-01
1.284779000564374883e+03 4.445648567772852444e-01
1.284606831965343190e+03 4.430414643987461987e-01
1.284434785558361909e+03 4.410928281390091299e-01
1.284262739151380629e+03 4.431710544161655552e-01
1.284090692744399348e+03 4.451417246307229347e-01
1.283918768529468480e+03 4.452895220358488726e-01
1.283746844314537611e+03 4.474062450269080116e-01
1.283575042291657155e+03 4.492673663142244256e-01
1.283403240268776699e+03 4.517306511404345359e-01
1.283231438245896470e+03 4.523996109568708679e-01
1.283059758415066426e+03 4.575728052898330733e-01
1.282888078584236382e+03 4.574249162764649212e-01
1.282716643137507162e+03 4.668426663046413294e-01
1.282545085498727531e+03 4.673017228864451145e-01
1.282373527859947899e+03 4.620208291225648689e-01
1.282202092413218679e+03 4.502191294031481217e-01
1.282030779158539872e+03 4.379202151153596678e-01
1.281859343711810652e+03 4.317881991278144094e-01
1.281688030457131845e+03 4.339219850597879624e-01
1.281516717202453037e+03 4.395199063929122740e-01
1.281345526139824642e+03 4.410514150991177162e-01
1.281174335077196247e+03 4.393925841452099301e-01
1.281003144014567852e+03 4.339150284495350007e-01
1.280832197336040281e+03 4.364465521933111325e-01
1.280661128465462298e+03 4.370579615841039822e-01
1.280490059594884315e+03 4.380386018558818928e-01
1.280319235108407156e+03 4.386687481562974167e-01
1.280148288429879585e+03 4.401355419852885364e-01
1.279977586135452839e+03 4.403934524544242946e-01
1.279806761648975680e+03 4.388008590894760252e-01
1.279636059354548934e+03 4.373078107457336050e-01
1.279465357060122187e+03 4.358085512009986506e-01
1.279294776957745853e+03 4.378286757549843533e-01
1.279124074663319334e+03 4.369318823331286294e-01
1.278953616752993412e+03 4.391815026955389611e-01
1.278783036650617078e+03 4.382254977868286216e-01
1.278612700932341568e+03 4.451346506581668194e-01
1.278442243022015646e+03 4.407606990109104173e-01
1.278271907303740136e+03 4.377575399221232400e-01
1.278101571585464626e+03 4.401456146090394483e-01
1.277931358059239528e+03 4.400565006827460990e-01
1.277761144533014431e+03 4.365375473847635801e-01
1.277590931006789333e+03 4.382318868935673462e-01
1.277420839672614647e+03 4.399260927743275928e-01
1.277250748338439962e+03 4.397253009747635888e-01
1.277080901388366101e+03 4.415265699944788680e-01
1.276910932246241828e+03 4.385231711050651127e-01
1.276740963104117554e+03 4.380131647219222546e-01
1.276571116154043693e+03 4.413344296926257071e-01
1.276401391396020472e+03 4.407526283504510922e-01
1.276231544445946611e+03 4.422192701194243569e-01
1.276061819687923162e+03 4.388926852086516561e-01
1.275892094929899713e+03 4.387468088052843274e-01
1.275722492363926676e+03 4.363443030616891427e-01
1.275552889797953640e+03 4.418128362465387204e-01
1.275383287231980603e+03 4.380195915753656299e-01
1.275213929050108391e+03 4.378095751919418022e-01
1.275044326484135354e+03 4.393388166256281813e-01
1.274874968302263142e+03 4.377143927762047748e-01
1.274705610120390929e+03 4.348830915021502652e-01
1.274536374130569129e+03 4.383061063912724875e-01
1.274367015948697144e+03 4.375293682027195930e-01
1.274197902150925756e+03 4.357133744223354865e-01
1.274028788353154368e+03 4.360429209116615246e-01
1.273859674555382981e+03 4.381019115855533386e-01
1.273690682949662005e+03 4.364734023541462782e-01
1.273521691343941029e+03 4.352418108820166887e-01
1.273352821930270466e+03 4.386627801170500662e-01
1.273352699738220053e+03 4.398552305937987739e-01
1.273183830324549490e+03 4.331047459623021956e-01
1.273183708132499078e+03 4.369201617828701867e-01
1.273015083102929339e+03 4.370953766916233496e-01
1.273014960910878926e+03 4.368567840735350094e-01
1.272846213689258775e+03 4.371813933659680629e-01
1.272846091497208363e+03 4.383730096100363904e-01
1.272677344275588212e+03 4.354177222732243391e-01
1.272677222083537799e+03 4.378006317133787406e-01
1.272508474861917875e+03 4.372835249657696099e-01
1.272339849832348136e+03 4.390656301314485033e-01
1.272171224802778397e+03 4.389153137363073776e-01
1.272002599773208658e+03 4.364837868567402746e-01
1.271834096935689331e+03 4.359486404330206732e-01
1.271665594098170004e+03 4.378604879948390649e-01
1.271497091260650677e+03 4.377338884068577296e-01
1.271328710615181762e+03 4.344900534577934570e-01
1.271160329969712848e+03 4.392490969755975527e-01
1.270992071516294345e+03 4.377398461459242052e-01
1.270823813062876070e+03 4.354116389691772282e-01
1.270655554609457567e+03 4.381650061478596925e-01
1.270487540540139889e+03 4.354176782625661102e-01
1.270319404278771799e+03 4.379903069882752353e-01
1.270151268017403709e+03 4.427783376268400461e-01
1.269983253948086031e+03 4.361802911345891154e-01
1.269815362070818765e+03 4.405083833853501996e-01
1.269647348001501086e+03 4.389968184660007489e-01
1.269479456124233820e+03 4.441039023378831052e-01
1.269311686439017194e+03 4.418512121401110826e-01
1.269143916753800340e+03 4.417923994690031719e-01
1.268976147068583487e+03 4.421703260793494739e-01
1.268808377383366633e+03 4.460743591956363718e-01
1.268640852082250603e+03 4.433492395488487503e-01
1.268473204589084162e+03 4.417005479306552740e-01
1.268305557095917720e+03 4.374656936446840727e-01
1.268138153986852103e+03 4.359545438455039723e-01
1.267970628685736301e+03 4.373935788049901352e-01
1.267803225576670684e+03 4.372496945804837942e-01
1.267635822467605067e+03 4.418761282593829387e-01
1.267468663742640274e+03 4.393041162524244370e-01
1.267301260633574657e+03 4.416833257799718804e-01
1.267133979716559452e+03 4.378559402678932622e-01
1.266966820991594659e+03 4.381382976052527467e-01
1.266799662266629866e+03 4.399684611860240624e-01
1.266632625733715713e+03 4.402191190990551450e-01
1.266465711392851745e+03 4.393847468647296139e-01
1.266298674859937364e+03 4.374383690985870765e-01
1.266131760519073396e+03 4.376911579332614100e-01
1.265964846178209427e+03 4.406937718737323761e-01
1.265797931837345459e+03 4.412175453145159021e-01
1.265631139688531903e+03 4.413637453482389672e-01
1.265464347539718574e+03 4.433004262030085796e-01
1.265297799775005842e+03 4.370436198139551198e-01
1.265131007626192286e+03 4.370551077057072131e-01
1.264964337669429142e+03 4.370101397460242620e-01
1.264797789904716410e+03 4.395971205800377479e-01
1.264631242140003678e+03 4.406606710946964767e-01
1.264464816567341359e+03 4.451708109502265365e-01
1.264298390994679266e+03 4.413920132489883574e-01
1.264131965422016947e+03 4.411008656520776228e-01
1.263965662041405039e+03 4.359988102962223389e-01
1.263799358660793132e+03 4.412043864056631737e-01
1.263633055280181225e+03 4.427686052644626002e-01
1.263466874091619729e+03 4.403181764901660800e-01
1.263300692903058462e+03 4.413456750540379891e-01
1.263134633906547379e+03 4.372840253452223713e-01
1.262968452717985883e+03 4.368856014943051091e-01
1.262802515913525212e+03 4.430632866656569746e-01
1.262636456917014129e+03 4.387981379357715483e-01
1.262470520112553459e+03 4.442059631418062704e-01
1.262304705500143427e+03 4.412449960763278334e-01
1.262138890887733169e+03 4.439813523626681135e-01
1.261973076275322910e+03 4.431910844707203090e-01
1.261807261662912651e+03 4.404018578039484155e-01
1.261641691434603217e+03 4.345099313076103420e-01
1.261476121206293783e+03 4.377235076271706604e-01
1.261310428785934164e+03 4.376678866985682648e-01
1.261144858557624730e+03 4.399299666856946733e-01
1.260979410521365708e+03 4.400197266340827862e-01
1.260813962485106686e+03 4.377415007219188636e-01
1.260648514448847664e+03 4.410612781126579951e-01
1.260483066412588641e+03 4.385025858398186593e-01
1.260317740568380259e+03 4.389496507891967325e-01
1.260152536916222061e+03 4.368564072008192523e-01
1.259987211072013451e+03 4.372448616657217957e-01
1.259822129611905666e+03 4.384068028006340989e-01
1.259656925959747468e+03 4.393463685500579863e-01
1.259491844499639683e+03 4.404140875583448800e-01
