# Wavelength, Reflectance
1.644646246967598699e+03 3.492955169988943842e-01
1.643780158100411199e+03 3.520193999426892151e-01
1.642914923725411199e+03 3.553122165200873761e-01
1.642050665912911199e+03 3.504329914651947986e-01
1.641187262592598699e+03 3.474952781185046691e-01
1.640324957905098699e+03 3.550578517451126737e-01
1.639463507709786199e+03 3.486593793312458001e-01
1.638603034076973699e+03 3.471409675478003831e-01
1.637743414936348699e+03 3.452598687871871741e-01
1.636884894428536199e+03 3.373914216013799150e-01
1.636027228412911199e+03 3.444691940466321212e-01
1.635170538959786199e+03 3.370994922725387699e-01
1.634314826069161199e+03 3.368318822125517253e-01
1.633459967670723699e+03 3.441232267693218327e-01
1.632606085834786199e+03 3.281022242671634559e-01
1.631753058491036199e+03 3.256914165403704264e-01
1.630901007709786199e+03 3.282520060446855736e-01
1.630049933491036199e+03 3.177738848673365424e-01
1.629199713764473699e+03 3.167528569507999658e-01
1.628350470600411199e+03 3.193771052554120748e-01
1.627502081928536199e+03 3.236196499699526830e-01
1.626654669819161199e+03 3.209140210478150790e-01
1.625808234272286199e+03 3.205114349490867376e-01
1.624962775287911199e+03 3.221106401359993265e-01
1.624118048725411199e+03 3.163847629969875896e-01
1.623274420795723699e+03 3.153326731021646734e-01
1.622431525287911199e+03 3.183437754418756427e-01
1.621589728412911199e+03 3.201504005948786480e-01
1.620748663959786199e+03 3.173564972088727676e-01
1.619908698139473699e+03 3.179467639446225680e-01
1.619069464741036199e+03 3.132646615088457986e-01
1.618231207905098699e+03 3.157535939446316497e-01
1.617393805561348699e+03 3.168472813669325205e-01
1.616557379780098699e+03 3.150946369371432354e-01
1.615721808491036199e+03 3.094746363261924871e-01
1.614887213764473699e+03 3.100988055084262229e-01
1.614053595600411199e+03 3.116088797839485780e-01
1.613220709858223699e+03 3.137498368069554511e-01
1.612388800678536199e+03 3.105285775138340587e-01
1.611557745991036199e+03 3.121742529696944768e-01
1.610727667866036199e+03 3.165274603856730873e-01
1.609898444233223699e+03 3.106988512181130813e-01
1.609070075092598699e+03 3.101180101423916535e-01
1.608242682514473699e+03 3.047300469935590450e-01
1.607416022358223699e+03 3.110673082617305685e-01
1.606590338764473699e+03 3.079169693461274449e-01
1.605765631733223699e+03 3.103928805225462662e-01
1.604941779194161199e+03 3.103445853750866346e-01
1.604118659076973699e+03 3.089865795092798795e-01
1.603296515522286199e+03 3.070602514970209307e-01
1.602475348530098699e+03 3.029772563107792638e-01
1.601654913959786199e+03 3.102881246837730922e-01
1.600835455951973699e+03 3.079220952646446463e-01
1.600016852436348699e+03 3.073373188363685005e-01
1.599199103412911199e+03 3.104599337691736904e-01
1.598382208881661199e+03 3.013080349874115438e-01
1.597566046772286199e+03 3.088386766830738539e-01
1.596751227436348699e+03 3.014033721153168144e-01
1.595936896381661199e+03 2.994195063552108071e-01
1.595123419819161199e+03 3.042214719789579913e-01
1.594311041889473699e+03 3.102759626936033577e-01
1.593499274311348699e+03 3.066217229384810561e-01
1.592688483295723699e+03 3.056738574110236528e-01
1.591878668842598699e+03 3.002595305216304022e-01
1.591069586811348699e+03 3.050874189274669357e-01
1.590261481342598699e+03 3.059982908555474168e-01
1.589453986225411199e+03 2.914914271405333324e-01
1.588647345600411199e+03 3.006304698427309519e-01
1.587841925678536199e+03 3.012873714448746632e-01
1.587037116108223699e+03 3.010061654129508324e-01
1.586233161030098699e+03 3.018080056113352505e-01
1.585430182514473699e+03 3.039034304124985097e-01
1.584627936420723699e+03 3.122873501864212864e-01
1.583826544819161199e+03 2.994443083686333384e-01
1.583026129780098699e+03 3.059175552966045819e-01
1.582226447162911199e+03 3.016916223627071347e-01
1.581427741108223699e+03 3.048133467611676140e-01
1.580629645405098699e+03 3.118238781837174289e-01
1.579832404194161199e+03 3.129557620729285228e-01
1.579036261616036199e+03 3.052750152329457012e-01
1.578240729389473699e+03 3.133229871530014976e-01
1.577446173725411199e+03 3.072170507996602740e-01
1.576652472553536199e+03 3.040423535983518555e-01
1.575859503803536199e+03 3.101098219128227695e-01
1.575067267475411199e+03 3.072099653439186451e-01
1.574276007709786199e+03 3.082657241593271258e-01
1.573485602436348699e+03 3.077536492092934339e-01
1.572696051655098699e+03 3.059297097154775602e-01
1.571907233295723699e+03 3.066096047902497901e-01
1.571119147358223699e+03 3.123552424468807320e-01
1.570332160053536199e+03 3.073556202953932059e-01
1.569545783100411199e+03 3.009106621725908814e-01
1.568760504780098699e+03 3.023164741226799235e-01
1.567975714741036199e+03 3.053965794829541225e-01
1.567191901264473699e+03 3.043982077682654275e-01
1.566408942280098699e+03 3.048504587266197552e-01
1.565626715717598699e+03 3.022988968730678239e-01
1.564845343647286199e+03 3.041406489080677455e-01
1.564064826069161199e+03 3.071908501998700802e-01
1.563285162983223699e+03 3.015740990634090402e-01
1.562506110248848699e+03 3.043015415576640348e-01
1.561728034076973699e+03 3.070188096279344303e-01
1.560950812397286199e+03 3.014221302534783042e-01
1.560174323139473699e+03 3.029088187231019358e-01
1.559398566303536199e+03 2.988076548312691427e-01
1.558623663959786199e+03 3.028294812897081578e-01
1.557849738178536199e+03 3.009159888108198788e-01
1.557076422748848699e+03 2.986084725490071312e-01
1.556303961811348699e+03 2.992883238766604337e-01
1.555532233295723699e+03 3.001101455710635246e-01
1.554761481342598699e+03 3.022586526630781645e-01
1.553991339741036199e+03 2.963259344311925392e-01
1.553222174701973699e+03 3.098130022896011249e-01
1.553222052631661199e+03 3.037080096556789011e-01
1.552965949116036199e+03 3.068622346927051825e-01
1.552709723530098699e+03 3.080851281086654514e-01
1.552453742084786199e+03 3.070248644847761166e-01
1.552453620014473699e+03 2.984399038881499489e-01
1.552197760639473699e+03 3.064675722949520287e-01
1.551686041889473699e+03 2.992165634470123070e-01
1.550919196186348699e+03 2.951737638543644460e-01
1.550153082905098699e+03 3.004902839526393254e-01
1.549387824116036199e+03 2.995223758930665725e-01
1.548623419819161199e+03 2.992221983961829701e-01
1.547859625873848699e+03 3.016042368483902170e-01
1.547096686420723699e+03 3.005050860862492068e-01
1.546334601459786199e+03 2.997875818385836166e-01
1.545573370991036199e+03 2.998490226481840826e-01
1.544812750873848699e+03 2.995382106753583518e-01
1.544052863178536199e+03 2.983769389955802098e-01
1.543293952045723699e+03 3.035628525652895315e-01
1.542535895405098699e+03 2.965073119412768299e-01
1.541778449116036199e+03 3.000966695045310106e-01
1.541021735248848699e+03 2.980442338323025520e-01
1.540265875873848699e+03 2.983795747244686880e-01
1.539510748920723699e+03 2.963234499024139934e-01
1.538756598530098699e+03 3.012903540470853181e-01
1.538003058491036199e+03 2.934798097281341445e-01
1.537250250873848699e+03 3.006739939355489999e-01
1.536498297748848699e+03 3.022970754012117012e-01
1.535746832905098699e+03 3.045166791543355012e-01
1.534996710834786199e+03 2.987538006076494446e-01
1.534246832905098699e+03 3.011198964364261710e-01
1.533498053608223699e+03 3.000708443323807928e-01
1.532749884662911199e+03 3.003502833763050939e-01
1.532002448139473699e+03 2.982942516251752552e-01
1.531255988178536199e+03 3.032561367815361786e-01
1.530510138569161199e+03 3.069499151725781361e-01
1.529765021381661199e+03 2.901828110303113495e-01
1.529020636616036199e+03 2.973551489698159078e-01
1.528277106342598699e+03 3.015052172707854972e-01
1.527534064350411199e+03 3.024696681183909885e-01
1.526792243061348699e+03 2.961192209881558512e-01
1.526050787983223699e+03 3.010639104084015805e-01
1.525310431537911199e+03 2.984264728737195393e-01
1.524570563373848699e+03 2.971458715057218036e-01
1.523831549701973699e+03 3.023158847575779795e-01
1.523093268451973699e+03 3.023934726530228545e-01
1.522355841694161199e+03 2.969458967883386591e-01
1.521619025287911199e+03 3.013529678047663363e-01
1.520882941303536199e+03 2.966811308013916904e-01
1.520147589741036199e+03 2.972505297895620124e-01
1.519413092670723699e+03 2.945956060040223479e-01
1.518679205951973699e+03 2.965059163013369914e-01
1.517946051655098699e+03 2.978441535694864584e-01
1.517213995991036199e+03 2.980268057465250697e-01
1.516482428608223699e+03 2.951389097420296093e-01
1.515751471576973699e+03 2.974963446356292951e-01
1.515508185444161199e+03 3.048847215672726430e-01
1.515264899311348699e+03 3.048231884046095908e-01
1.515021491108223699e+03 3.036409641321894948e-01
1.515021369037911199e+03 2.941495589048641057e-01
1.514778327045723699e+03 3.045050641113470347e-01
1.514535285053536199e+03 3.009852591801213673e-01
1.514291998920723699e+03 2.953322511281860074e-01
1.513563361225411199e+03 2.981617383701381518e-01
1.512835455951973699e+03 3.004778290641652028e-01
1.512108283100411199e+03 2.988377102197133373e-01
1.511381964741036199e+03 2.984594989344954152e-01
1.510656256733223699e+03 2.998118560653469378e-01
1.509931281147286199e+03 2.985800671142357920e-01
1.509207037983223699e+03 3.034994283704338658e-01
1.508483527241036199e+03 3.003852442134811174e-01
1.507760748920723699e+03 2.949699438343671987e-01
1.507038703022286199e+03 3.012458453950291326e-01
1.506317389545723699e+03 3.044932054078287598e-01
1.505596808491036199e+03 3.043973696198472578e-01
1.504877081928536199e+03 3.041647649910466655e-01
1.504157843647286199e+03 2.986472681144272112e-01
1.503439459858223699e+03 3.073005236416347929e-01
1.502720577732732409e+03 2.894734866289605524e-01
1.502002284865355023e+03 3.017499344812973328e-01
1.501284847981987241e+03 2.982522814827965885e-01
1.500568022515768916e+03 2.992578889031078937e-01
1.499851930750130123e+03 2.973057025700391320e-01
1.499136572685071087e+03 2.982415242130878053e-01
1.498421826037161509e+03 3.003346420458532506e-01
1.497707935373261535e+03 3.007530258683451252e-01
1.496994656126511018e+03 3.015742919896361451e-01
1.496282232863770105e+03 2.977574964983634720e-01
1.495570421018178649e+03 2.957482654567689662e-01
1.494859342873166952e+03 2.959913103786453448e-01
1.494148876145304712e+03 2.941892284237609956e-01
1.493439265401451848e+03 2.952778819051473658e-01
1.492730266074748897e+03 3.004022228276200801e-01
1.492022000448625249e+03 3.010875696568944271e-01
1.491314468523081359e+03 3.009028205520138943e-01
1.490607548014686927e+03 2.978347815408063370e-01
1.489901361206872252e+03 2.977016653381086009e-01
1.489195908099636881e+03 3.065321676620375579e-01
1.488491188692981268e+03 2.986844697906042012e-01
1.487787080703475112e+03 2.928661476110975270e-01
1.487083706414548487e+03 2.990980088065943732e-01
1.486380943542771547e+03 2.987096093266134456e-01
1.485679036655004211e+03 2.972157970798532389e-01
1.484977741184386332e+03 2.971885334162549519e-01
1.484277179414347984e+03 2.999978943354510430e-01
1.483577229061459320e+03 2.934411692812942674e-01
1.482878134692580261e+03 2.934259295603187101e-01
1.482179529457420585e+03 2.959195893649361753e-01
1.481481780206270741e+03 2.967743784665243800e-01
1.480784642372270355e+03 2.954201930422006850e-01
1.480088115955419426e+03 2.960661797903014758e-01
1.479392445522578100e+03 2.977566865947971486e-01
1.478697264223456614e+03 3.012096743827246681e-01
1.478002938908344504e+03 3.006175597622071649e-01
1.477309225010381851e+03 3.002629327549729554e-01
1.476616244812998957e+03 3.007916818713358142e-01
1.475923876032765747e+03 3.005653456885255537e-01
1.475232240953111841e+03 2.959878076161466254e-01
1.474541217290607619e+03 3.043826332489276143e-01
1.473850927328683156e+03 2.995865077774960694e-01
1.473161248783908150e+03 3.021833247420065427e-01
1.472472303939712674e+03 2.949966131620653242e-01
1.471784092796096729e+03 2.940745042902176420e-01
1.471096493069630469e+03 2.898376411738043390e-01
1.470409627043743740e+03 2.900135064964586840e-01
1.469723372435006695e+03 2.932606047458917731e-01
1.469037729243419108e+03 2.982571488966720974e-01
1.468352819752411278e+03 2.977851477656830448e-01
1.467668643961982752e+03 2.970920432454013382e-01
1.466985079588704139e+03 2.958887913629002497e-01
1.466302126632574982e+03 2.947600028686804263e-01
1.465619907377025356e+03 2.878223349107449924e-01
1.464938299538625415e+03 2.929729866330681443e-01
1.464257425400805005e+03 2.997150455637301314e-01
1.463577162680134279e+03 3.001425463346211187e-01
1.462897633660042857e+03 3.003704770311255157e-01
1.462218716057101346e+03 2.941463021157388891e-01
1.461540409871309294e+03 2.973585297331748922e-01
1.460862715102666925e+03 2.952743691861330344e-01
1.460185876318033934e+03 2.933397623092246498e-01
1.459509526667120781e+03 2.924336121037760527e-01
1.458833910716787159e+03 2.949466361023178052e-01
1.458158906183603222e+03 2.958090205922904170e-01
1.457484635350998587e+03 2.930777575667018464e-01
1.456810975935543865e+03 2.917772223460899927e-01
1.456137927937238601e+03 2.945391463501803586e-01
1.455465613639512867e+03 2.963238770525239429e-01
1.454793910758936818e+03 2.941382545391581504e-01
1.454122819295510226e+03 2.974271439539464268e-01
1.453452339249233546e+03 2.970228726264674268e-01
1.452782715186966243e+03 2.969239645410453599e-01
1.452113580258418551e+03 2.997566895998357572e-01
1.451445056747020544e+03 2.953238916865715824e-01
1.450777266936202068e+03 2.983962297353117132e-01
1.450110088542533049e+03 2.959969721158747791e-01
1.449443521566013942e+03 2.983949820016748022e-01
1.448777688290074138e+03 2.972619125078424518e-01
1.448112466431284247e+03 2.988435556847616748e-01
1.447447733706213739e+03 3.018490715420567017e-01
1.446783856965152836e+03 2.991625114789451811e-01
1.446120469357811771e+03 3.020994865994600653e-01
1.445457937734480083e+03 2.986619372891505253e-01
1.444795772961437933e+03 3.004697879743876143e-01
1.444134341888975541e+03 2.992873298185050879e-01
1.443473644517092680e+03 3.062939686951128282e-01
1.442813436278929657e+03 3.061562021908188491e-01
1.442153961741345938e+03 2.979268635314260005e-01
1.441495098620912131e+03 2.983486305262270100e-01
1.440836846917627781e+03 3.005214196663588133e-01
1.440179084348063043e+03 2.965551342436167914e-01
1.439522300045937754e+03 2.984117797283211693e-01
1.439522177762507908e+03 2.967643785426293257e-01
1.439303412706372683e+03 2.996054495103565030e-01
1.439084525366807611e+03 2.969923032396831752e-01
1.438865882594102231e+03 2.920686662095147712e-01
1.438865760310672385e+03 2.953398891580575891e-01
1.438647117537967006e+03 2.947647946258772911e-01
1.438428597048691699e+03 2.973503183557202334e-01
1.438210198842846239e+03 3.011406042104079472e-01
1.438210076559416393e+03 2.987515232190700032e-01
1.437991678353570933e+03 2.941160946836872681e-01
1.437773402431155546e+03 2.955520945462309923e-01
1.437555126508739932e+03 2.950702037860145066e-01
1.437555004225310086e+03 2.940208773672535747e-01
1.437336606019464625e+03 2.964145740757671010e-01
1.437118574663908930e+03 2.999178906377572007e-01
1.436900665591783309e+03 2.991905966026757735e-01
1.436900543308353463e+03 2.991905561014287507e-01
1.436682511952797768e+03 2.971411361826337139e-01
1.436464480597242073e+03 2.984679855676543592e-01
1.436246693808546297e+03 2.995944073142635666e-01
1.436028907019850521e+03 2.970309380888636053e-01
1.435811120231154746e+03 2.976669871294192471e-01
1.435593455725888816e+03 2.965635867577315898e-01
1.435375913504052960e+03 3.006193620159660629e-01
1.435158371282216876e+03 2.996753159777017506e-01
1.434940829060381020e+03 2.989318896011665116e-01
1.434723531405404856e+03 2.991715556329826442e-01
1.434506111466998846e+03 3.007196302024607304e-01
1.434288813812022909e+03 3.012470810941592636e-01
1.434071638440476590e+03 3.027728514071489907e-01
1.433854585352360345e+03 3.036952934954421091e-01
1.433637532264244101e+03 3.000041377511279417e-01
1.433420479176127856e+03 2.991207162339619696e-01
1.433203670654871530e+03 2.996247839636660415e-01
1.432986739850185131e+03 2.996172661649513791e-01
1.432769931328928806e+03 3.016020476067257650e-01
1.432553245091102326e+03 2.955799211990926545e-01
1.432336681136705920e+03 2.967646000333331591e-01
1.432120117182309286e+03 2.983779838831963072e-01
1.431903553227912653e+03 3.018365487880828590e-01
1.431687111556946093e+03 3.002787755044060702e-01
1.431470792169409378e+03 2.925586167746758726e-01
1.431254472781872664e+03 2.864706981998491053e-01
1.431038275677766023e+03 2.803584783731583041e-01
1.430822200857089001e+03 2.845687707103083386e-01
1.430606003752982360e+03 2.908474931371477501e-01
1.430389928932305565e+03 2.988395471631749012e-01
1.430173854111628543e+03 2.977013120853427286e-01
1.429958146141241514e+03 2.937849429866875028e-01
1.429742315887424638e+03 2.916450613029952232e-01
1.429526607917037381e+03 2.951885561117133516e-01
1.429311022230080425e+03 2.958415668149801392e-01
1.429095314259693168e+03 2.920642227435321647e-01
1.428879728572736212e+03 2.950881727306570168e-01
1.428664265169208875e+03 2.958045698709474980e-01
1.428448924049111611e+03 2.920912256904400484e-01
1.428233582929014347e+03 2.953148007830990185e-01
1.428018241808917082e+03 2.988274347115216223e-01
1.427803022972249664e+03 3.033207222628478972e-01
1.427588048702442165e+03 2.992834937407912732e-01
1.427372829865774747e+03 3.003642522341947729e-01
1.427157855595967249e+03 3.047078696352775173e-01
1.426943003609589596e+03 3.020733060434165340e-01
1.426728151623211943e+03 2.991380267259693415e-01
1.426513299636834518e+03 3.035823540799087450e-01
1.426298569933886711e+03 2.991690767494350478e-01
1.426083962514368977e+03 3.000837906790157494e-01
1.425869355094851244e+03 3.001634935689996286e-01
1.425654869958763356e+03 2.990942969642436666e-01
1.425440384822675696e+03 2.966555834159442240e-01
1.425226021970017655e+03 2.944807700534692874e-01
1.425011659117359841e+03 2.961093756788024112e-01
1.424797418548131873e+03 2.973690294665456979e-01
1.424583055695473831e+03 2.980216270336379925e-01
1.424369181976535629e+03 2.997767475827606276e-01
1.424155063690737734e+03 2.948475951839273357e-01
1.423941067688369458e+03 2.944380684166186257e-01
1.423727193969431255e+03 2.958816149557008113e-01
1.423513320250493052e+03 2.936993770309680452e-01
1.423299568814984923e+03 2.989132468156599498e-01
1.423085695096046720e+03 2.967121020029252487e-01
1.422872310510828129e+03 2.963725970025958834e-01
1.422658681358749845e+03 2.949420739594065810e-01
1.422445174490101408e+03 2.961181886862067625e-01
1.422231667621452971e+03 2.991329942763409355e-01
1.422018405319664453e+03 3.049952342172944086e-01
1.421805020734445861e+03 3.012956376282888149e-01
1.421591758432657343e+03 2.975936568929382076e-01
1.421378496130868598e+03 2.929492368353901477e-01
1.421165478395939999e+03 2.916325058697559203e-01
1.420952460661011173e+03 2.924773125463281942e-01
1.420739442926082575e+03 2.940429094007271926e-01
1.420526669758013668e+03 2.922826662427802646e-01
1.420313652023084842e+03 2.979090627593137808e-01
1.420101001138446009e+03 3.012574475406201713e-01
1.419888227970377102e+03 2.961738047281009534e-01
1.419675699369168115e+03 2.950775630342981626e-01
1.419463048484529054e+03 2.965500005197564959e-01
1.419250519883320067e+03 2.969056475223622038e-01
1.419038113565540925e+03 2.932618714765152790e-01
1.418825829531191630e+03 2.947874636131333492e-01
1.418613545496842562e+03 2.947855851171751751e-01
1.418401261462493267e+03 2.963853009142903283e-01
1.418188977428144199e+03 2.966370647237597802e-01
1.417977060244084896e+03 2.974133673563998936e-01
1.417764898493165447e+03 2.945719013008788467e-01
1.417552859025676298e+03 2.936298788403340354e-01
1.417341064125046614e+03 2.961737455250646467e-01
1.417129269224417158e+03 2.949787312517003768e-01
1.416917474323787701e+03 2.989180251649701803e-01
1.416705679423158244e+03 2.974454530829330756e-01
1.416494129089388707e+03 2.981990830476521359e-01
1.416282578755618943e+03 2.962594854078917650e-01
1.416071028421849405e+03 2.955707645652041471e-01
1.415859600371509714e+03 2.944352124027935780e-01
1.415648172321170023e+03 2.987950106649346904e-01
1.415436988837690024e+03 2.983034342499815139e-01
1.415225683070780406e+03 2.967001502089057219e-01
1.415014499587300406e+03 2.973798491727799309e-01
1.414803316103820634e+03 2.981800937416271835e-01
1.414592377187200555e+03 2.925545148162175813e-01
1.414381438270580475e+03 2.942136441026443339e-01
1.414170499353960622e+03 2.939175685552837813e-01
1.413959682720770388e+03 2.954329607972636107e-01
1.413748988371010228e+03 2.928028377258099502e-01
1.413538171737820221e+03 2.963636559753439759e-01
1.413327355104630215e+03 2.961990472008864672e-01
1.413117027605159819e+03 2.968101170200788674e-01
1.412906455538829505e+03 2.957296757157309997e-01
1.412696005755929264e+03 2.946279151009482677e-01
1.412485555973028795e+03 2.984517106961044886e-01
1.412275350756988473e+03 2.974924210861665808e-01
1.412065145540947924e+03 3.040767928666324726e-01
1.411854940324907375e+03 3.024903255767978361e-01
1.411644735108867053e+03 3.013548209851953930e-01
1.411434774459686423e+03 2.946673727323602110e-01
1.411224813810505793e+03 2.985938020439045104e-01
1.411014853161325163e+03 2.982606018263935233e-01
1.410804892512144534e+03 2.975278074915461146e-01
1.410595176429823823e+03 2.961457691661402158e-01
1.410385460347503113e+03 2.987129829326948816e-01
1.410175866548612248e+03 2.983102280941208329e-01
1.409966150466291538e+03 2.968432514688185697e-01
1.409756801234260365e+03 2.988948407491175407e-01
1.409547207435369501e+03 2.968057298190923121e-01
1.409337858203338556e+03 2.949329960903269710e-01
1.409128508971307610e+03 2.931233162243629953e-01
1.408919282022706511e+03 2.948251362213402116e-01
1.408710055074105412e+03 2.940277695133073355e-01
1.408500950408934386e+03 2.968456688600634163e-01
1.408291845743763133e+03 2.941026166730675295e-01
1.408082863362021953e+03 2.954952597367523914e-01
1.407873880980280774e+03 2.931129709200724354e-01
1.407665020881969440e+03 2.978361166311964126e-01
1.407456160783658106e+03 2.942518427246791357e-01
1.407247422968776846e+03 2.956923835700113745e-01
1.407038807437325431e+03 2.946503587758974585e-01
1.406830191905874017e+03 2.952972667420413755e-01
1.406621576374422375e+03 2.975196710808230560e-01
1.406413083126401034e+03 2.956937059359437958e-01
1.406204834445239385e+03 2.979435482150353809e-01
1.405996341197217816e+03 2.991891406653620633e-01
1.405788092516056167e+03 2.981076303961887053e-01
1.405579843834894518e+03 3.018201460589277074e-01
1.405371717437162715e+03 3.006516340384378649e-01
1.405163591039430912e+03 2.995825954435712424e-01
1.404955586925129182e+03 2.985141017682549358e-01
1.404747582810827225e+03 2.975666978398144868e-01
1.404539823263385415e+03 2.962721219301438502e-01
1.404331941432513531e+03 2.997869195404935239e-01
1.404124059601641648e+03 2.944798070247666710e-01
1.403916422337629456e+03 2.998951402559329460e-01
1.403708785073617491e+03 3.011389262366120367e-01
1.403501270093035373e+03 3.016271912705561498e-01
1.403293632829023409e+03 2.997100302285302109e-01
1.403086240131871136e+03 2.992391445197884470e-01
1.402878969718148937e+03 2.997296195723020973e-01
1.402671577020996665e+03 2.997220023210857565e-01
1.402464306607274466e+03 2.999133614260865999e-01
1.402257036193552040e+03 2.991265403335580664e-01
1.402050010346689760e+03 3.014617661660270453e-01
1.401842984499827253e+03 2.985240855929948700e-01
1.401635958652964746e+03 2.995499849481600974e-01
1.401428932806102466e+03 2.970446152295554421e-01
1.401222029242669805e+03 2.996245324579300262e-01
1.401015247962667218e+03 2.960086633238666609e-01
1.400808588966094703e+03 2.985764486422801123e-01
1.400601929969521962e+03 2.986562863025506442e-01
1.400395270972949447e+03 2.994425657931916174e-01
1.400188734259806552e+03 2.981397137575146905e-01
1.399982319830093957e+03 2.969832158057211791e-01
1.399775783116951061e+03 2.936947472452725028e-01
1.399569490970668312e+03 2.936384819715404104e-01
1.399363198824385336e+03 2.957214904737939798e-01
1.399157028961532433e+03 2.951940609460538822e-01
1.398950736815249456e+03 2.993261098815983567e-01
1.398744689235826627e+03 2.988465445943444543e-01
1.398538763939833416e+03 2.977136149606060544e-01
1.398332594076980513e+03 3.006905138615197370e-01
1.398126791064417375e+03 2.950214806251511002e-01
1.397920865768424164e+03 2.979990262987313177e-01
1.397715062755861027e+03 2.998858792765588532e-01
1.397509504310157809e+03 2.960972456486268278e-01
1.397303823581024517e+03 2.970782401103602144e-01
1.397098142851891225e+03 2.989239447797771843e-01
1.396892462122757934e+03 2.968589196633391603e-01
1.396687270527344481e+03 2.980085569254334876e-01
1.396481834365071109e+03 2.970222566655491558e-01
1.396276398202797509e+03 2.988714812194963599e-01
1.396071206607384056e+03 2.999414579408876125e-01
1.395866015011970603e+03 2.986984601989191024e-01
1.395660823416556923e+03 2.988143445796724307e-01
1.395455754104573316e+03 2.991513074186991084e-01
1.395250684792589709e+03 2.972953333816655275e-01
1.395045737764035948e+03 2.982748528704305402e-01
1.394840913018912261e+03 2.968921643060683513e-01
1.394636088273788346e+03 3.004574717268023720e-01
1.394431263528664658e+03 2.969194482851004180e-01
1.394226438783540971e+03 2.990147416074605546e-01
1.394021980888706821e+03 2.978643032927575929e-01
1.393817400710442826e+03 2.970757496840126799e-01
1.393612820532179057e+03 2.980514265813651864e-01
1.393408362637344908e+03 2.993396425701079777e-01
1.393204027025940832e+03 3.000270994155509463e-01
1.392999691414536755e+03 3.020470392523653125e-01
1.392795478086562753e+03 2.993252695767128491e-01
1.392591264758588522e+03 2.973248284020141297e-01
1.392387051430614292e+03 2.963908914927758098e-01
1.392183082669499981e+03 2.983669274933916649e-01
1.391978991624955825e+03 2.963918561557526976e-01
1.391775022863841514e+03 3.001806478660518640e-01
1.391571054102727203e+03 2.998017909997857111e-01
1.391367452191902657e+03 2.977463531951847764e-01
1.391163605714218420e+03 2.916331196939783710e-01
1.390959881519963801e+03 2.949927307429827117e-01
1.390756279609139256e+03 2.936949473452472037e-01
1.390552677698314710e+03 2.986626776175509979e-01
1.390349198070920238e+03 2.977324365147209773e-01
1.390145718443525539e+03 3.018204804201471969e-01
1.389942361099560912e+03 2.970004624648688862e-01
1.389739003755596286e+03 2.983523207949200229e-01
1.389535890978491352e+03 3.015869168958274504e-01
1.389332655917956572e+03 2.999837282867868771e-01
1.389129420857421792e+03 3.013897777025552616e-01
1.388926308080317085e+03 3.014884140248450528e-01
1.388723317586641997e+03 3.003655408306474817e-01
1.388520449376397210e+03 2.991119563969384387e-01
1.388317581166152195e+03 2.988401561145558882e-01
1.388114712955907180e+03 2.948587502961903528e-01
1.387911967029092011e+03 2.959310029420782473e-01
1.387709343385706916e+03 2.965674691362558124e-01
1.387506597458891974e+03 2.983199096275151452e-01
1.387304096098936725e+03 3.005812878949060130e-01
1.387101594738981476e+03 3.009798608370632955e-01
1.386899093379026226e+03 2.995151895432846545e-01
1.386696714302501050e+03 2.988125407824440138e-01
1.386494457509405720e+03 3.009767242977093860e-01
1.386292078432880317e+03 2.988056044958804502e-01
1.386089943923214832e+03 3.016455425048364392e-01
1.385887809413549576e+03 3.044635708004088115e-01
1.385685797187313938e+03 3.036487086959488435e-01
1.385483784961078527e+03 3.014938555512459706e-01
1.385281772734842889e+03 3.020192650803006917e-01
1.385079882792037324e+03 2.978952129611701638e-01
1.384877992849231759e+03 2.952530194297645627e-01
1.384676347473286114e+03 2.974337867413990866e-01
1.384474579813910395e+03 3.009383441594140063e-01
1.384272934437964523e+03 3.004699986058110839e-01
1.384071289062018877e+03 3.016503917024904169e-01
1.383869888252932924e+03 3.011382470863971372e-01
1.383668365160417125e+03 2.982573744218982581e-01
1.383466964351331171e+03 3.018755727678225087e-01
1.383265563542245445e+03 3.000064568224267703e-01
1.383064407300019411e+03 3.014567409394554032e-01
1.382863251057793377e+03 3.008285947955853246e-01
1.382661972532137270e+03 2.990305935227861034e-01
1.382460938573341309e+03 3.001450409975283118e-01
1.382259904614545121e+03 2.980335076222572210e-01
1.382058992939179006e+03 3.004115174274726296e-01
1.381858081263812664e+03 3.004980729401088291e-01
1.381657169588446550e+03 3.012771006416648523e-01
1.381456380196510281e+03 3.033086622642472974e-01
1.381255590804574013e+03 3.037748483385334652e-01
1.381055045979497663e+03 3.020828313132327692e-01
1.380854501154421087e+03 2.990435911433932947e-01
1.380653956329344737e+03 3.007500195947474531e-01
1.380453411504268388e+03 2.968310719901606221e-01
1.380252988962621885e+03 2.992942700719199434e-01
1.380052688704405227e+03 3.021653756627638021e-01
1.379852388446188797e+03 2.977407934632913533e-01
1.379652088187972140e+03 3.007882338270423950e-01
1.379451910213185556e+03 3.035013084499033620e-01
1.379251976805258664e+03 3.014058828222698772e-01
1.379051921113901926e+03 2.987951778307717521e-01
1.378851865422545188e+03 3.006069027771607338e-01
1.378651932014618524e+03 2.978616775810727924e-01
1.378451998606691632e+03 3.037426248419580199e-01
1.378252187482194813e+03 3.045722567652139334e-01
1.378052498641127841e+03 3.031902481122212278e-01
1.377852809800060868e+03 3.002844593486244107e-01
1.377653243242423969e+03 3.035493847896830188e-01
1.377453676684786842e+03 3.041823409487139362e-01
1.377254232410579789e+03 3.043479324851300349e-01
1.377054788136372736e+03 3.052627389180358475e-01
1.376855343862165682e+03 3.029347700126448495e-01
1.376656021871388475e+03 3.049175285959074277e-01
1.376456699880611268e+03 3.061534214385864261e-01
1.376257622456693980e+03 3.017352115521454992e-01
1.376058422749346619e+03 3.010798847400897871e-01
1.375859345325429331e+03 2.995574695867372905e-01
1.375660267901512043e+03 2.998798002909510707e-01
1.375461312761024601e+03 3.022305832502535927e-01
1.375262602187397079e+03 3.089888878482314194e-01
1.375063769330339710e+03 3.026320813640333562e-01
1.374864936473282114e+03 3.003888112362231300e-01
1.374666225899654592e+03 3.000379127682747948e-01
1.374467515326027069e+03 2.988146123772001950e-01
1.374269049319259466e+03 3.014644238536745569e-01
1.374070461029061789e+03 3.026720776364149046e-01
1.373871995022294186e+03 3.032229906250536455e-01
1.373673529015526356e+03 2.999319837909495967e-01
1.373475185292188598e+03 3.020790790347647747e-01
1.373276963852280687e+03 3.003490575251987482e-01
1.373078620128942930e+03 3.010419151353768696e-01
1.372880520972465092e+03 2.988447213074281184e-01
1.372682421815987254e+03 3.001671114714148936e-01
1.372484322659509189e+03 3.028685083528920297e-01
1.372286468069891043e+03 3.002589213775454513e-01
1.372088491196843052e+03 3.009188238360019363e-01
1.371890636607225133e+03 2.995746369157513689e-01
1.371692659734177141e+03 3.000289029435063703e-01
1.371495049711418915e+03 3.006601777597847636e-01
1.371297439688660688e+03 3.037041646440421516e-01
1.371099829665902462e+03 3.006636660867942901e-01
1.370902219643144235e+03 2.997856714711272241e-01
1.370704609620386009e+03 3.015722500701480402e-01
1.370507121881057628e+03 3.049529951445240084e-01
1.370309878708589167e+03 3.063648631643344777e-01
1.370112513252690860e+03 3.012033928066621402e-01
1.369915270080222399e+03 2.974220026950358253e-01
1.369718026907753938e+03 2.986772767884970370e-01
1.369520906018715323e+03 3.005802531136085309e-01
1.369323907413106781e+03 3.065175794166700163e-01
1.369126664240638320e+03 3.033593074434680070e-01
1.368929787918459624e+03 3.011350436455701440e-01
1.368732911596280928e+03 2.991951289059407437e-01
1.368536035274102233e+03 3.041263719575533209e-01
1.368339281235353610e+03 3.037908663910851015e-01
1.368142527196604760e+03 3.025468050999314817e-01
1.367945773157856138e+03 3.029248777491336808e-01
1.367749263685967207e+03 3.035183757741550248e-01
1.367552631930648431e+03 3.018243024349779868e-01
1.367356122458759501e+03 2.997570794275620787e-01
1.367159857553730262e+03 2.985116100926603622e-01
1.366963348081841559e+03 2.998994208005787421e-01
1.366767083176812321e+03 3.018084890111449869e-01
1.366570695988353464e+03 3.026621412560250302e-01
1.366374553366754299e+03 3.001558479647729039e-01
1.366178533028585207e+03 3.023002600703151854e-01
1.365982390406986042e+03 3.039379042230500594e-01
1.365786370068816723e+03 3.037858167308073454e-01
1.365590349730647631e+03 3.043641383902032649e-01
1.365394451675908385e+03 3.062818901720962828e-01
1.365198798188028832e+03 3.053353675913826337e-01
1.365002900133289586e+03 3.048486886368574900e-01
1.364807246645410260e+03 3.010245687754954935e-01
1.364611470874100860e+03 2.991771823658149199e-01
1.364415939669651380e+03 3.035773575295238613e-01
1.364220408465201672e+03 3.001294273199298646e-01
1.364024877260752191e+03 3.006025037517878751e-01
1.363829468339732784e+03 3.011606373062941655e-01
1.363634059418713150e+03 2.994672765641053780e-01
1.363438772781123362e+03 3.016738459375209458e-01
1.363243486143533801e+03 3.052876874328716017e-01
1.363048321789374086e+03 3.030095630408725649e-01
1.362853279718644217e+03 3.063300648046373698e-01
1.362657993081054656e+03 3.006634792544081725e-01
1.362463073293754633e+03 3.030955445496561484e-01
1.362268153506454837e+03 2.993213465295757603e-01
1.362073356002584887e+03 3.006924988195651682e-01
1.361878436215285092e+03 3.027923989229703294e-01
1.361683638711415142e+03 3.010760057876956663e-01
1.361488841207545192e+03 3.049908852844425700e-01
1.361294165987105089e+03 3.051084496032604454e-01
1.361099613050094831e+03 3.041034360374854639e-01
1.360905182396514647e+03 2.998828474770037222e-01
1.360710629459504617e+03 3.046500709359508674e-01
1.360516198805924432e+03 3.015289308008859415e-01
1.360321768152344248e+03 3.052466350934080475e-01
1.360127337498764064e+03 3.084864829511249629e-01
1.359933273695473645e+03 3.078640286488281141e-01
1.359739087608753380e+03 3.072921048204421690e-01
1.359544901522033115e+03 3.042142850357442141e-01
1.359350837718742696e+03 3.019367982123918326e-01
1.359156773915452277e+03 3.021969325822065344e-01
1.358962832395591704e+03 3.027648434115084441e-01
1.358769013159161204e+03 3.022529348650749847e-01
1.358575071639300631e+03 3.012898857041830247e-01
1.358381252402870132e+03 3.066408299257284975e-01
1.358187555449869478e+03 3.048874159222068614e-01
1.357993858496868825e+03 3.058843444163285019e-01
1.357800283827298017e+03 3.085991719437321534e-01
1.357606709157727437e+03 3.066720205842512481e-01
1.357413256771586703e+03 3.047654122060365900e-01
1.357219804385445741e+03 3.045099062010564461e-01
1.357026351999305007e+03 3.030455694037290648e-01
1.356833021896594119e+03 3.010236532087700589e-01
1.356639814077313304e+03 3.025201550084678503e-01
1.356446606258032261e+03 3.038577936402387936e-01
1.356253520722181293e+03 3.056654946222042701e-01
1.356060312902900250e+03 3.087816667275720128e-01
1.355867349650479355e+03 3.066599057345318902e-01
1.355674264114628158e+03 3.058557133724817967e-01
1.355481545429066955e+03 3.063121728010515521e-01
1.355288582176645832e+03 3.076679745343484651e-01
1.355095741207654783e+03 3.061233811389880710e-01
1.354903022522093579e+03 3.022946746547096608e-01
1.354710303836532375e+03 3.024495490249476948e-01
1.354517829717830864e+03 3.027913460743589802e-01
1.354325233315699506e+03 3.037170342255915423e-01
1.354132636913568376e+03 3.072944877777057382e-01
1.353940162794866865e+03 3.077488999565178851e-01
1.353747688676165581e+03 3.038906972365629788e-01
1.353555336840893915e+03 3.022962413266918058e-01
1.353363229572482396e+03 3.041845549633842571e-01
1.353171000020640804e+03 3.041465745203895676e-01
1.352978770468799439e+03 3.041134489359627602e-01
1.352786663200387693e+03 3.020947463299320512e-01
1.352594555931976174e+03 3.009043639369626266e-01
1.352402570946994501e+03 3.010176153778328367e-01
1.352210708245442675e+03 3.024178828363519034e-01
1.352018845543890848e+03 3.048395276815556443e-01
1.351826982842339021e+03 3.033893173604831350e-01
1.351635120140787421e+03 3.057448446120044627e-01
1.351443379722665441e+03 3.042371371986772877e-01
1.351251639304543687e+03 3.070950651985370761e-01
1.351060265736711699e+03 3.054956492381069588e-01
1.350868647602019564e+03 3.046077321283934269e-01
1.350677151750757730e+03 2.994915976564268556e-01
1.350485778182925515e+03 3.037849497826037304e-01
1.350294404615093526e+03 3.039146940266411190e-01
1.350103031047261538e+03 3.026897732438972310e-01
1.349911902046289242e+03 2.999710362696871302e-01
1.349720650761887100e+03 3.056731823641257728e-01
1.349529521760914804e+03 3.065293321213010680e-01
1.349338392759942735e+03 3.029502856837252289e-01
1.349147386042400285e+03 3.032741714999435123e-01
1.348956379324858062e+03 3.036455846788093660e-01
1.348765494890745686e+03 3.035069640470725583e-01
1.348574732740063382e+03 3.031713601794385204e-01
1.348383848305951005e+03 3.035830670971239043e-01
1.348193086155268475e+03 3.045544393112035175e-01
1.348002446288016017e+03 3.039172411101046523e-01
1.347811806420763332e+03 3.023718228526818264e-01
1.347621288836940721e+03 2.985550124377508441e-01
1.347430648969688264e+03 3.022110450529744696e-01
1.347240253669295726e+03 3.038491308610110631e-01
1.347049858368902960e+03 3.022915465201312935e-01
1.346859463068510195e+03 3.036406879255833524e-01
1.346669190051547503e+03 3.058502816698792093e-01
1.346479039318014657e+03 3.047754727845697342e-01
1.346288888584481811e+03 3.032535834272773734e-01
1.346098737850949192e+03 3.050417455282181667e-01
1.345908709400846192e+03 3.057599445389040937e-01
1.345718680950743192e+03 3.038746913037127517e-01
1.345528652500640419e+03 3.026225390594395881e-01
1.345338868617397338e+03 3.015766898396156082e-01
1.345148962450724412e+03 3.023564785631954743e-01
1.344959178567481331e+03 3.023449125638427160e-01
1.344769516967668096e+03 3.044285648042410752e-01
1.344579733084425243e+03 3.017311502420559899e-01
1.344390193768041854e+03 3.024683177392010758e-01
1.344200532168228847e+03 3.033102984312779360e-01
1.344011237418705377e+03 3.027149600997553480e-01
1.343821698102322216e+03 3.011490111118616531e-01
1.343632281069368901e+03 2.995860349010081025e-01
1.343442986319845659e+03 2.998333238026528180e-01
1.343253691570322417e+03 3.015094913394179010e-01
1.343064519104228793e+03 3.008976020706663479e-01
1.342875346638135397e+03 3.025782853004829187e-01
1.342686296455472075e+03 3.034388179412215725e-01
1.342497123989378451e+03 3.026534551893154679e-01
1.342308196090144975e+03 3.035240756637651027e-01
1.342119268190911498e+03 3.019235065150800978e-01
1.341930340291677794e+03 3.039937782612131545e-01
1.341741534675874163e+03 3.038931247374266342e-01
1.341552851343500379e+03 3.032653922862452167e-01
1.341364168011126822e+03 3.019373177713834955e-01
1.341175484678753037e+03 3.010014743420893479e-01
1.340986801346379252e+03 3.039570108319339381e-01
1.340798240297435541e+03 3.048568515340924767e-01
1.340609801531921676e+03 3.021558907422225992e-01
1.340421362766407810e+03 3.042675491224585693e-01
1.340233046284323791e+03 3.063888965265873510e-01
1.340044729802239772e+03 3.080540866143524625e-01
1.339856413320155752e+03 3.039223640832390827e-01
1.339668219121501807e+03 3.043449882419720920e-01
1.339480024922847861e+03 3.016307825830969458e-01
1.339291830724193687e+03 2.999106236778660839e-01
1.339103881092399661e+03 3.022435528308408115e-01
1.338915931460605407e+03 3.023602249194055069e-01
1.338727859545381307e+03 3.032735914819134071e-01
1.338540032197017126e+03 3.003605106317168705e-01
1.338352204848652718e+03 3.013658597169079356e-01
1.322404733618460341e+03 3.053525559848589976e-01
1.322221675323863110e+03 3.071975188552948377e-01
1.322038617029265879e+03 3.063699234624309153e-01
1.321855558734668648e+03 3.080907644234628373e-01
1.321672745006931336e+03 3.072827078672271117e-01
1.304891056217792993e+03 3.070585089541801871e-01
1.304713011543822631e+03 3.079302842221235958e-01
1.304535089153282343e+03 3.061973444543369394e-01
1.304357166762741826e+03 3.070107314578514601e-01
1.304179244372201538e+03 3.100025029273125177e-01
1.286994020264311757e+03 3.084257079300995463e-01
1.286821233777828184e+03 3.067341684161278836e-01
1.286648325007914764e+03 3.079050309799676310e-01
1.286475538521431190e+03 3.082054568375788284e-01
1.286302752034947844e+03 3.128223545551225837e-01
1.286130087831894116e+03 3.101943209984645011e-01
1.285957423628840615e+03 3.092369684411962472e-01
1.285784759425786888e+03 3.085651127006334704e-01
1.285612217506163233e+03 3.065918387083512719e-01
1.285439675586539579e+03 3.111806155854561218e-01
1.285267378233775844e+03 3.107751847242912757e-01
1.285094958597582036e+03 3.102029227307045445e-01
1.284922538961388227e+03 3.128632543001392818e-01
1.284750241608624492e+03 3.124354690855182803e-01
1.284577944255860757e+03 3.140216271581110496e-01
1.284405769186526641e+03 3.115553201330089617e-01
1.284233594117192752e+03 3.137816759203292949e-01
1.284061419047858863e+03 3.145997817737827273e-01
1.283889366261955047e+03 3.127273515238667700e-01
1.283717313476051004e+03 3.137509700144360814e-01
1.283545382973577034e+03 3.144652469271784212e-01
1.283373452471102837e+03 3.163627701204274612e-01
1.283201521968628867e+03 3.203789039087273083e-01
1.283029713749584744e+03 3.190998403372303227e-01
1.282857905530540620e+03 3.249092927010658882e-01
1.282686341878356416e+03 3.266188590778437151e-01
1.282514655942742138e+03 3.315399590974305588e-01
1.282342970007127860e+03 3.222204835524087319e-01
1.282171406354943656e+03 3.131378785573100121e-01
1.281999964986189298e+03 3.079256379974928959e-01
1.281828401334005093e+03 3.074842506345054627e-01
1.281656959965250735e+03 3.112565767329220634e-01
1.281485518596496377e+03 3.116408714795502743e-01
1.281314199511171864e+03 3.116231304163499249e-01
1.281142880425847579e+03 3.106813004382918963e-01
1.280971561340523067e+03 3.088636044791778223e-01
1.280800486822058474e+03 3.098097981554387426e-01
1.280629290020164035e+03 3.103467546588800086e-01
1.280458093218269369e+03 3.139809752068257742e-01
1.280287140983234849e+03 3.100783146864279360e-01
1.280116066464770256e+03 3.104185571360724705e-01
1.279945236513165582e+03 3.088196135500770323e-01
1.279774284278130835e+03 3.104464805309570252e-01
1.279603454326526162e+03 3.123658120966827378e-01
1.279432624374921488e+03 3.113561747263277057e-01
1.279261916706746661e+03 3.114026515552584251e-01
1.279091086755141760e+03 3.103073079961279901e-01
1.278920501370397005e+03 3.106962870526548959e-01
1.278749793702222178e+03 3.112122841190851918e-01
1.278579330600907269e+03 3.109735117430258433e-01
1.278408745216162288e+03 3.112926529642660589e-01
1.278238282114847379e+03 3.081528210114399258e-01
1.278067819013532471e+03 3.096104400961587899e-01
1.277897478195647409e+03 3.116383676836425032e-01
1.277727137377762347e+03 3.094932268362645122e-01
1.277556796559877284e+03 3.113086963738153079e-01
1.277386578025422295e+03 3.097334173667997126e-01
1.277216359490967079e+03 3.116241991502541331e-01
1.277046385523372010e+03 3.095622026811692407e-01
1.276876289272346639e+03 3.081768103245601242e-01
1.276706193021321496e+03 3.131166019729335059e-01
1.276536219053726199e+03 3.085789751492414856e-01
1.276366367369560976e+03 3.123401397021173254e-01
1.276196393401965679e+03 3.117955871008240565e-01
1.276026541717800455e+03 3.112485077674431166e-01
1.275856690033635005e+03 3.080517743381780971e-01
1.275686960632899627e+03 3.096163361461153896e-01
1.275517231232164249e+03 3.088625045796078439e-01
1.275347501831428872e+03 3.119802370919706469e-01
1.275178016997553186e+03 3.079482498252965050e-01
1.275008287596817809e+03 3.089702515592262499e-01
1.274838802762942350e+03 3.087799408593016048e-01
1.274669317929066665e+03 3.084718526213379719e-01
1.274499955378621053e+03 3.094780644701817240e-01
1.274330470544745594e+03 3.089297645377395707e-01
1.274161230277729828e+03 3.095658485580157770e-01
1.273991990010714062e+03 3.105799289149928089e-01
1.273822749743698523e+03 3.109582093408569947e-01
1.273653631760112603e+03 3.095266206203640125e-01
1.273484513776526910e+03 3.072553406054098213e-01
1.273315518076371063e+03 3.102289349913851524e-01
1.273315395792940990e+03 3.097802273520249838e-01
1.273146400092785143e+03 3.110738453664131375e-01
1.273146277809355297e+03 3.090550745493884643e-01
1.272977526676059369e+03 3.112525534136406091e-01
1.272977404392629296e+03 3.078884468385900686e-01
1.272808530975903523e+03 3.100226289656575207e-01
1.272808408692473449e+03 3.084531812408458085e-01
1.272639535275747676e+03 3.101785278447055094e-01
1.272639412992317602e+03 3.099542970288702848e-01
1.272470539575591829e+03 3.094770857380822471e-01
1.272301788442295674e+03 3.082122695369898802e-01
1.272133037308999747e+03 3.102920199338752849e-01
1.271964286175703592e+03 3.098094137892760114e-01
1.271795657325837510e+03 3.118389066842558455e-01
1.271627028475971429e+03 3.107777207515088347e-01
1.271458399626105347e+03 3.093445550947497291e-01
1.271289893059669339e+03 3.123181590538877117e-01
1.271121386493233103e+03 3.115897766568008764e-01
1.270953002210226941e+03 3.092369935707117712e-01
1.270784617927220552e+03 3.088271967727298506e-01
1.270616233644214390e+03 3.089199939262048389e-01
1.270448093928067919e+03 3.109682262349484083e-01
1.270279831928491603e+03 3.114443159123780336e-01
1.270111569928915515e+03 3.092551583271750948e-01
1.269943430212769044e+03 3.126526743407687103e-01
1.269775412780052648e+03 3.127793543116365593e-01
1.269607273063906177e+03 3.134119403105531387e-01
1.269439255631189781e+03 3.111900323820351866e-01
1.269271360481903230e+03 3.157772128752722174e-01
1.269103465332616679e+03 3.134128467456041567e-01
1.268935570183330128e+03 3.132864692751407554e-01
1.268767675034043577e+03 3.154203213353327095e-01
1.268600024451616946e+03 3.138484963552610196e-01
1.268432251585760241e+03 3.132050412203958301e-01
1.268264478719903764e+03 3.110148708229384384e-01
1.268096950420906978e+03 3.091366945533054467e-01
1.267929299838480119e+03 3.082760349316731596e-01
1.267761771539483334e+03 3.105523929475282330e-01
1.267594243240486776e+03 3.120654685216221469e-01
1.267426959508349682e+03 3.095189607519469588e-01
1.267259431209352897e+03 3.112005173874025088e-01
1.267092025193786185e+03 3.112116658709040973e-01
1.266924741461649319e+03 3.114742496300320629e-01
1.266757457729512453e+03 3.106851787855010594e-01
1.266590296280805433e+03 3.113192870197655227e-01
1.266423257115528259e+03 3.099504042794163916e-01
1.266256095666821238e+03 3.116506205748177383e-01
1.266089056501544292e+03 3.110553248065812126e-01
1.265922017336267118e+03 3.121617472656380565e-01
1.265754978170990171e+03 3.092969946808421522e-01
1.265588061289143070e+03 3.144325354089138047e-01
1.265421144407295742e+03 3.102615053005061130e-01
1.265254472092308561e+03 3.101166142766726974e-01
1.265087555210461460e+03 3.107444654833231845e-01
1.264920760612044205e+03 3.092363440571056499e-01
1.264754088297056796e+03 3.130480165536160819e-01
1.264587415982069615e+03 3.131905786604675668e-01
1.264420865950512280e+03 3.132920775104402478e-01
1.264254315918954944e+03 3.114879080179924209e-01
1.264087765887397609e+03 3.125400402963357527e-01
1.263921338139270119e+03 3.092762447032442741e-01
1.263754910391142630e+03 3.148273050666465789e-01
1.263588482643015141e+03 3.148548244175624067e-01
1.263422177178317725e+03 3.128403960793946781e-01
1.263255871713620081e+03 3.132160529965779538e-01
1.263089688532352511e+03 3.106841390145212989e-01
1.262923383067655095e+03 3.098234955084689379e-01
1.262757322169817371e+03 3.115036791539318450e-01
1.262591138988549801e+03 3.149027467305413608e-01
1.262425078090712077e+03 3.114537298873423787e-01
1.262259139476304426e+03 3.128390991343341088e-01
1.262093200861896548e+03 3.146671644940396972e-01
1.261927262247488898e+03 3.147511822797248171e-01
1.261761323633081247e+03 3.093824254454603517e-01
1.261595629585533288e+03 3.073533602426670730e-01
1.261429935537985330e+03 3.101853230801234762e-01
1.261264119207007525e+03 3.102009846197197329e-01
1.261098425159459566e+03 3.104969358086022146e-01
1.260932853395341681e+03 3.153838574222498914e-01
1.260767281631223796e+03 3.108861436524260058e-01
1.260601709867105683e+03 3.128880694898033554e-01
1.260436138102987798e+03 3.108534770200937492e-01
1.260270688622299758e+03 3.088468790111198459e-01
1.260105361425041565e+03 3.118273170550463491e-01
1.259939911944353526e+03 3.108031430526529415e-01
1.259774707030525406e+03 3.121902731121907193e-01
1.259609379833267212e+03 3.159086701958283561e-01
1.259444174919439092e+03 3.110025167368820065e-01
