# Wavelength, Reflectance
1.644565066052369730e+03 3.347400394873908391e-01
1.643698977185182230e+03 3.451638400814885377e-01
1.642833742810182230e+03 3.400288808618318059e-01
1.641969484997682230e+03 3.431908272149025718e-01
1.641106081677369730e+03 3.478044801830483812e-01
1.640243776989869730e+03 3.420275846044684709e-01
1.639382326794557230e+03 3.391215589424080856e-01
1.638521853161744730e+03 3.401037434163132755e-01
1.637662234021119730e+03 3.468834136941976176e-01
1.636803713513307230e+03 3.270387080058733686e-01
1.635946047497682230e+03 3.408871176029864003e-01
1.635089358044557230e+03 3.275915509868984610e-01
1.634233645153932230e+03 3.381682053717889325e-01
1.633378786755494730e+03 3.270839293235006107e-01
1.632524904919557230e+03 3.310847415608146327e-01
1.631671877575807230e+03 3.242178506156609963e-01
1.630819826794557230e+03 3.205323798988884976e-01
1.629968752575807230e+03 3.204652116657453753e-01
1.629118532849244730e+03 3.154482196440729913e-01
1.628269289685182230e+03 3.156524982561752513e-01
1.627420901013307230e+03 3.175735798497173468e-01
1.626573488903932230e+03 3.178032604557174956e-01
1.625727053357057230e+03 3.150813093094023132e-01
1.624881594372682230e+03 3.110592916233526628e-01
1.624036867810182230e+03 3.138325010916516722e-01
1.623193239880494730e+03 3.114638080174664814e-01
1.622350344372682230e+03 3.112344964363368272e-01
1.621508547497682230e+03 3.112871777632021941e-01
1.620667483044557230e+03 3.062283865641592384e-01
1.619827517224244730e+03 3.044538068183720303e-01
1.618988283825807230e+03 3.103969561996194337e-01
1.618150026989869730e+03 3.081189961676723543e-01
1.617312624646119730e+03 3.087148636176296757e-01
1.616476198864869730e+03 3.001735385961887270e-01
1.615640627575807230e+03 2.987093819161223407e-01
1.614806032849244730e+03 3.011722780822547740e-01
1.613972414685182230e+03 3.001370480340048164e-01
1.613139528942994730e+03 3.038611035225619594e-01
1.612307619763307230e+03 3.019042032035943457e-01
1.611476565075807230e+03 3.077469647879778059e-01
1.610646486950807230e+03 3.094167361479542855e-01
1.609817263317994730e+03 3.020108223780902379e-01
1.608988894177369730e+03 3.061937198645872105e-01
1.608161501599244730e+03 3.053317536853931702e-01
1.607334841442994730e+03 3.088174512224017287e-01
1.606509157849244730e+03 3.017279856505290514e-01
1.605684450817994730e+03 3.008204833719538840e-01
1.604860598278932230e+03 2.988529439539903132e-01
1.604037478161744730e+03 3.000468209054024116e-01
1.603215334607057230e+03 3.036039055580405654e-01
1.602394167614869730e+03 2.999384429394639784e-01
1.601573733044557230e+03 2.965058734497186266e-01
1.600754275036744730e+03 2.958569217516219818e-01
1.599935671521119730e+03 3.015126425177473979e-01
1.599117922497682230e+03 2.994139863110794608e-01
1.598301027966432230e+03 2.955679843661733752e-01
1.597484865857057230e+03 3.023284395949291659e-01
1.596670046521119730e+03 2.967003929417934005e-01
1.595855715466432230e+03 2.942349393912426780e-01
1.595042238903932230e+03 2.963069486442773126e-01
1.594229860974244730e+03 2.997071264507039090e-01
1.593418093396119730e+03 2.978086185513672546e-01
1.592607302380494730e+03 3.013074699489098340e-01
1.591797487927369730e+03 2.972524871967621718e-01
1.590988405896119730e+03 3.031002652635234607e-01
1.590180300427369730e+03 2.992441972332026690e-01
1.589372805310182230e+03 2.894533209616900749e-01
1.588566164685182230e+03 2.966393485439863253e-01
1.587760744763307230e+03 2.997282414669341088e-01
1.586955935192994730e+03 2.927620583543243393e-01
1.586151980114869730e+03 2.946263141504346650e-01
1.585349001599244730e+03 2.941290532856252748e-01
1.584546755505494730e+03 3.001849924335488473e-01
1.583745363903932230e+03 2.992591227716499547e-01
1.582944948864869730e+03 2.978413177315728522e-01
1.582145266247682230e+03 2.937416952572062256e-01
1.581346560192994730e+03 2.959608332891298654e-01
1.580548464489869730e+03 2.978537457098845431e-01
1.579751223278932230e+03 2.965628888923944051e-01
1.578955080700807230e+03 3.043682899280792942e-01
1.578159548474244730e+03 3.032867428897308426e-01
1.577364992810182230e+03 3.028788642317157276e-01
1.576571291638307230e+03 2.976291682884972811e-01
1.575778322888307230e+03 3.011094843006765220e-01
1.574986086560182230e+03 2.982110485072800854e-01
1.574194826794557230e+03 3.025986762910769512e-01
1.573404421521119730e+03 3.024104906190562270e-01
1.572614870739869730e+03 2.993281548007875048e-01
1.571826052380494730e+03 2.994230743405348893e-01
1.571037966442994730e+03 3.015899849301882374e-01
1.570250979138307230e+03 2.978167777141209061e-01
1.569464602185182230e+03 2.994365495598350080e-01
1.568679323864869730e+03 2.944136945808368822e-01
1.567894533825807230e+03 2.961962757349549946e-01
1.567110720349244730e+03 2.971730719707634250e-01
1.566327761364869730e+03 2.920589526772601752e-01
1.565545534802369730e+03 2.961134115792107835e-01
1.564764162732057230e+03 2.959783907898874689e-01
1.563983645153932230e+03 2.944544496750549634e-01
1.563203982067994730e+03 2.966086773763856321e-01
1.562424929333619730e+03 2.940660934159513018e-01
1.561646853161744730e+03 2.948035430792588785e-01
1.560869631482057230e+03 2.910370853874015284e-01
1.560093142224244730e+03 2.959472289721080673e-01
1.559317385388307230e+03 2.928241212044858099e-01
1.558542483044557230e+03 2.955075034296423264e-01
1.557768557263307230e+03 2.921947622335580586e-01
1.556995241833619730e+03 2.949628250642318261e-01
1.556222780896119730e+03 2.930247963988565352e-01
1.555451052380494730e+03 2.905706409561229497e-01
1.554680300427369730e+03 2.932624799084415090e-01
1.553910158825807230e+03 2.910305718931620045e-01
1.553140993786744730e+03 2.923870881207987771e-01
1.553140871716432230e+03 2.901683703797277580e-01
1.552884768200807230e+03 2.916664782299079883e-01
1.552628542614869730e+03 2.898509669067426131e-01
1.552372561169557230e+03 2.943415178252419273e-01
1.552372439099244730e+03 2.948948437415083723e-01
1.552116579724244730e+03 2.946370046208400262e-01
1.551604860974244730e+03 2.934857436979544931e-01
1.550838015271119730e+03 2.921738916344217007e-01
1.550071901989869730e+03 2.898318375447426209e-01
1.549306643200807230e+03 2.941237437971656044e-01
1.548542238903932230e+03 2.913251041364861016e-01
1.547778444958619730e+03 2.929432534833427137e-01
1.547015505505494730e+03 2.913265526251961335e-01
1.546253420544557230e+03 2.922498161161405927e-01
1.545492190075807230e+03 2.891006569181676089e-01
1.544731569958619730e+03 2.944667202461847544e-01
1.543971682263307230e+03 2.919580871551292756e-01
1.543212771130494730e+03 2.905692352263548606e-01
1.542454714489869730e+03 2.914180724634445330e-01
1.541697268200807230e+03 2.939189657457858540e-01
1.540940554333619730e+03 2.926201570618403580e-01
1.540184694958619730e+03 2.882344975464481984e-01
1.539429568005494730e+03 2.895990924879205952e-01
1.538675417614869730e+03 2.915635166978247095e-01
1.537921877575807230e+03 2.900549018616699892e-01
1.537169069958619730e+03 2.916136070011989267e-01
1.536417116833619730e+03 2.932218030859826685e-01
1.535665651989869730e+03 2.918724334850656410e-01
1.534915529919557230e+03 2.925897820904930779e-01
1.534165651989869730e+03 2.919299097782060981e-01
1.533416872692994730e+03 2.918208862404401138e-01
1.532668703747682230e+03 2.948111017437552994e-01
1.531921267224244730e+03 2.935866005784890653e-01
1.531174807263307230e+03 2.934608449527755236e-01
1.530428957653932230e+03 2.967965313160568219e-01
1.529683840466432230e+03 2.832479199464515429e-01
1.528939455700807230e+03 2.945444533131783005e-01
1.528195925427369730e+03 2.955782599761955787e-01
1.527452883435182230e+03 2.931240512436856793e-01
1.526711062146119730e+03 2.935841637451525599e-01
1.525969607067994730e+03 2.962057773123078497e-01
1.525229250622682230e+03 2.893295677486458217e-01
1.524489382458619730e+03 2.910293842270078590e-01
1.523750368786744730e+03 2.926066771795004517e-01
1.523012087536744730e+03 2.936299445680250475e-01
1.522274660778932230e+03 2.866784313417964358e-01
1.521537844372682230e+03 2.921130271044231064e-01
1.520801760388307230e+03 2.880770012964148363e-01
1.520066408825807230e+03 2.922512806198458990e-01
1.519331911755494730e+03 2.903688471094836854e-01
1.518598025036744730e+03 2.912482428053511652e-01
1.517864870739869730e+03 2.910975975250690295e-01
1.517132815075807230e+03 2.889674295601896703e-01
1.516401247692994730e+03 2.863808314414494904e-01
1.515670290661744730e+03 2.878166148565087235e-01
1.515427004528932230e+03 2.904370375542763560e-01
1.515183718396119730e+03 2.866346092014415148e-01
1.514940310192994730e+03 2.854544888230058364e-01
1.514940188122682230e+03 2.896987083661039519e-01
1.514697146130494730e+03 2.900340160599558237e-01
1.514454104138307230e+03 2.887481226696947401e-01
1.514210818005494730e+03 2.878621138148180214e-01
1.513482180310182230e+03 2.882569650937618078e-01
1.512754275036744730e+03 2.900035880773870756e-01
1.512027102185182230e+03 2.901914126546197847e-01
1.511300783825807230e+03 2.925496958410780945e-01
1.510575075817994730e+03 2.933197746835891628e-01
1.509850100232057230e+03 2.908510254715559462e-01
1.509125857067994730e+03 2.932320273751927719e-01
1.508402346325807230e+03 2.921996045929124430e-01
1.507679568005494730e+03 2.910447923843904050e-01
1.506957522107057230e+03 2.955445729788009901e-01
1.506236208630494730e+03 2.986458083310551959e-01
1.505515627575807230e+03 2.968898396535092354e-01
1.504795901013307230e+03 2.976121338879138545e-01
1.504076662732057230e+03 2.906401059777096174e-01
1.503358278942994730e+03 2.957219851138019329e-01
1.502639548715218780e+03 2.853796724663226203e-01
1.501921449331971644e+03 2.902236002124397030e-01
1.501204205702160834e+03 2.913545199379583561e-01
1.500487573324804089e+03 2.921412814874947972e-01
1.499771674450392311e+03 2.909120246425874190e-01
1.499056509078925728e+03 2.910454531055033933e-01
1.498341954959913437e+03 2.908460836605260558e-01
1.497628256594337017e+03 2.903493412364143711e-01
1.496915169481214889e+03 2.918069223089000963e-01
1.496202938121528632e+03 2.929932539785229939e-01
1.495491318014296667e+03 2.873631267413656043e-01
1.494780431410009896e+03 2.918151217139590692e-01
1.494070156058177190e+03 2.865837437536178367e-01
1.493360736459780583e+03 2.886980849929349779e-01
1.492651928113838039e+03 2.930651411768206982e-01
1.491943853270840691e+03 2.924531260865321225e-01
1.491236511930788538e+03 2.925974869756698959e-01
1.490529781843190449e+03 2.902271663330003859e-01
1.489823785258537555e+03 2.920598466951029315e-01
1.489118522176829856e+03 2.964806524755499439e-01
1.488413992598067125e+03 2.889637320877811999e-01
1.487710074271758685e+03 2.858278272658050789e-01
1.487006889448395214e+03 2.916375791983405463e-01
1.486304315877486033e+03 2.930920747899964374e-01
1.485602598060012951e+03 2.892026205958879159e-01
1.484901491494993934e+03 2.887069304736348263e-01
1.484201118432920111e+03 2.905155494112661718e-01
1.483501356623300580e+03 2.873169854808285129e-01
1.482802450567116921e+03 2.888302001837348421e-01
1.482104033512896649e+03 2.895944622079602015e-01
1.481406472212112249e+03 2.887187770593104830e-01
1.480709522163782140e+03 2.895804971866783317e-01
1.480013183367906322e+03 2.887892007300409403e-01
1.479317700325466376e+03 2.887315448009100116e-01
1.478622706284989818e+03 2.918721037300329724e-01
1.477928567997949358e+03 2.914902477166759764e-01
1.477235040963362962e+03 2.870179328889510550e-01
1.476542247431721762e+03 2.939470079728311314e-01
1.475850065152534853e+03 2.891882307582861467e-01
1.475158616376292912e+03 2.901831780896142465e-01
1.474467778852505262e+03 2.951493395883504900e-01
1.473777674831662807e+03 2.933978581259214513e-01
1.473088182063274417e+03 2.919851296283635378e-01
1.472399422797831221e+03 2.852968849687094743e-01
1.471711397035333221e+03 2.849436596504152930e-01
1.471023982525289284e+03 2.866886107071789369e-01
1.470337301518190543e+03 2.847539393566004828e-01
1.469651231763546093e+03 2.877789731128452821e-01
1.468965773261355707e+03 2.879945761499260182e-01
1.468281048262110517e+03 2.920183756048496115e-01
1.467597056765810521e+03 2.880067694716493820e-01
1.466913676521964589e+03 2.904238107074645914e-01
1.466230907530573177e+03 2.921368161945077646e-01
1.465548872042126504e+03 2.808486468789406776e-01
1.464867447806134351e+03 2.836707969111598726e-01
1.464186757073087165e+03 2.874139988537070534e-01
1.463506677592494270e+03 2.870767545378852259e-01
1.462827331614846344e+03 2.907776892064219409e-01
1.462148596889652708e+03 2.860015907721357720e-01
1.461470473416913592e+03 2.876009056919344165e-01
1.460792961196628312e+03 2.878848383249680287e-01
1.460116304729779131e+03 2.845392123333159162e-01
1.459440137264893565e+03 2.829759294382074297e-01
1.458764703302952739e+03 2.842953514379538138e-01
1.458089880593466432e+03 2.860796228861138824e-01
1.457415791386925093e+03 2.878362151562044446e-01
1.456742313432838046e+03 2.858478621863062008e-01
1.456069446731205289e+03 2.862948862590392052e-01
1.455397313532517501e+03 2.854763488900545765e-01
1.454725791586284004e+03 2.795150913386789115e-01
1.454054880892504798e+03 2.919427293266873558e-01
1.453384581451179656e+03 2.871258872955742558e-01
1.452715137763290613e+03 2.882451333164792184e-01
1.452046183077364958e+03 2.896577943288326518e-01
1.451377839643893594e+03 2.857281195774723503e-01
1.450710229713367198e+03 2.924830060322760605e-01
1.450043231035295094e+03 2.896892792811185946e-01
1.449376843609677280e+03 2.895394646932321070e-01
1.448711189687004662e+03 2.881415820883122536e-01
1.448046147016786108e+03 2.911723648834575462e-01
1.447381593348530942e+03 2.925257029154743615e-01
1.446717895433711874e+03 2.923981894822688110e-01
1.446054686520856194e+03 2.916032062775495981e-01
1.445392333361436158e+03 2.887736553685997243e-01
1.444730346953489061e+03 2.937797380951605031e-01
1.444069094048486932e+03 2.910242088676976979e-01
1.443408574646429770e+03 2.951521554321523966e-01
1.442748544246335996e+03 2.953345737981928898e-01
1.442089247349187417e+03 2.923594219636482805e-01
1.441430561704493130e+03 2.885849865110730605e-01
1.440772487312252906e+03 2.925665020596068810e-01
1.440114901921976298e+03 2.860428704609636608e-01
1.439458294535626464e+03 2.887193212548676557e-01
1.439458172285135561e+03 2.898193570600307578e-01
1.439239466157006746e+03 2.884918788158302161e-01
1.439020637778387027e+03 2.897964460263255382e-01
1.438802053900749115e+03 2.903563794230864525e-01
1.438801931650258211e+03 2.868094847934756775e-01
1.438583347772620073e+03 2.895113507862778768e-01
1.438364886145473065e+03 2.865075213136395460e-01
1.438146546768816734e+03 2.886909783205946489e-01
1.438146424518325830e+03 2.924035846133546390e-01
1.437928085141669499e+03 2.912173057575723201e-01
1.437709868015504071e+03 2.876377979854641831e-01
1.437491650889338644e+03 2.879814765881685279e-01
1.437491528638847967e+03 2.900766279503979583e-01
1.437273189262191636e+03 2.864302499456816142e-01
1.437055216637007788e+03 2.886047017968869088e-01
1.436837366262314845e+03 2.894296754917077275e-01
1.436837244011824168e+03 2.899553357526870045e-01
1.436619271386640321e+03 2.860890326241897763e-01
1.436401298761456701e+03 2.908281766897749532e-01
1.436183570637254434e+03 2.885722846073950909e-01
1.435965842513052394e+03 2.855057518548729245e-01
1.435748114388850354e+03 2.861766787188275152e-01
1.435530508515139218e+03 2.871641653637402314e-01
1.435313024891918985e+03 2.914751959381535196e-01
1.435095541268698526e+03 2.913261792555894014e-01
1.434878057645478293e+03 2.875380855468310237e-01
1.434660818523239641e+03 2.878375420206094604e-01
1.434443457150510085e+03 2.929812037561531635e-01
1.434226218028271433e+03 2.939540838125786482e-01
1.434009101156523684e+03 2.914468280826243984e-01
1.433792106535266612e+03 2.933110105568686454e-01
1.433575111914009767e+03 2.932732950872979361e-01
1.433358117292752695e+03 2.934164256988647801e-01
1.433141367172477430e+03 2.941323329195628666e-01
1.432924494801711262e+03 2.943325204607107892e-01
1.432707744681435997e+03 2.937618158953913539e-01
1.432491116811651636e+03 2.899255422430659923e-01
1.432274611192358179e+03 2.910922003293962002e-01
1.432058105573064495e+03 2.912525064064402924e-01
1.431841599953771038e+03 2.919769873913966585e-01
1.431625216584968257e+03 2.920302284535061244e-01
1.431408955466656380e+03 2.864497653790383791e-01
1.431192694348344503e+03 2.754933944281125480e-01
1.430976555480523530e+03 2.742713644479337631e-01
1.430760538863193460e+03 2.766986027173991003e-01
1.430544399995372487e+03 2.840989964031995219e-01
1.430328383378042190e+03 2.885218488300773654e-01
1.430112366760712121e+03 2.919260166793950506e-01
1.429896716894854535e+03 2.865363935055542099e-01
1.429680944778506046e+03 2.859548483989475809e-01
1.429465294912648460e+03 2.872767064150761329e-01
1.429249767297281551e+03 2.869397156607414456e-01
1.429034117431423965e+03 2.861552981943830121e-01
1.428818589816057283e+03 2.850053149986773171e-01
1.428603184451181278e+03 2.843321518768809897e-01
1.428387901336796176e+03 2.843148666893212662e-01
1.428172618222411302e+03 2.884743833839871763e-01
1.427957335108026200e+03 2.916756708344666604e-01
1.427742174244132002e+03 2.934297481244556027e-01
1.427527257881219384e+03 2.909343582850152932e-01
1.427312097017325186e+03 2.910821973751608893e-01
1.427097180654412568e+03 2.905120000892770227e-01
1.426882386541991082e+03 2.912607359073324242e-01
1.426667592429569368e+03 2.944875174880245416e-01
1.426452798317147654e+03 2.949662786766087397e-01
1.426238126455216843e+03 2.920434823171535466e-01
1.426023576843776937e+03 2.904693956233025953e-01
1.425809027232336803e+03 2.893070134032530438e-01
1.425594599871387800e+03 2.947064313474309083e-01
1.425380172510438570e+03 2.881377918073707023e-01
1.425165867399980243e+03 2.882109854963501028e-01
1.424951562289522144e+03 2.869268682912148316e-01
1.424737379429554721e+03 2.891079309635234407e-01
1.424523074319096395e+03 2.916680756656114815e-01
1.424309258210601456e+03 2.881923978620579696e-01
1.424095197601124937e+03 2.835433728845593304e-01
1.423881259242139095e+03 2.851942778342603790e-01
1.423667443133644383e+03 2.857170171588302443e-01
1.423453627025149444e+03 2.893661473137333351e-01
1.423239933167145409e+03 2.898560241909753366e-01
1.423026117058650470e+03 2.883702683828589519e-01
1.422812789952118919e+03 2.851254408523517525e-01
1.422599218344605788e+03 2.828057886330151982e-01
1.422385768987583560e+03 2.849569868883475854e-01
1.422172319630561105e+03 2.883957657207660286e-01
1.421959114774520458e+03 2.922429857749518356e-01
1.421745787667989134e+03 2.910257024793138081e-01
1.421532582811948487e+03 2.895990516797239400e-01
1.421319377955907839e+03 2.823526275787849871e-01
1.421106417600848772e+03 2.842029254435964880e-01
1.420893457245789932e+03 2.860024978370726001e-01
1.420680496890730865e+03 2.855927651634105890e-01
1.420467781036653832e+03 2.847913405582359614e-01
1.420254820681594765e+03 2.901654179304567482e-01
1.420042227078008409e+03 2.878892043588363037e-01
1.419829511223931149e+03 2.894102737493642885e-01
1.419617039870835697e+03 2.897885062340452844e-01
1.419404446267249114e+03 2.849076421436589346e-01
1.419191974914153661e+03 2.879630195660404235e-01
1.418979625811548885e+03 2.870174752675672125e-01
1.418767398959435241e+03 2.839336480411429608e-01
1.418555172107321368e+03 2.854109979516142870e-01
1.418342945255207496e+03 2.867955333430198261e-01
1.418130718403093624e+03 2.875419113909408741e-01
1.417918858302452236e+03 2.880745395994619429e-01
1.417706753700829267e+03 2.871535980631858553e-01
1.417494771349697203e+03 2.869368316551352271e-01
1.417283033499546718e+03 2.858685497580037427e-01
1.417071295649396234e+03 2.865939372988726142e-01
1.416859557799245749e+03 2.892895399959522496e-01
1.416647819949095492e+03 2.892424079860960728e-01
1.416436326599926588e+03 2.899947875614456994e-01
1.416224833250757911e+03 2.856547684954612865e-01
1.416013339901589234e+03 2.847613248027577870e-01
1.415801968802911233e+03 2.850768116311239164e-01
1.415590597704233232e+03 2.896505803739488072e-01
1.415379471106537039e+03 2.859435952254477109e-01
1.415168222258350170e+03 2.872337340646177184e-01
1.414957095660653977e+03 2.901040992663974083e-01
1.414745969062957784e+03 2.899065046081318875e-01
1.414535086966243171e+03 2.884800368819778749e-01
1.414324204869528785e+03 2.854982298532478535e-01
1.414113322772814172e+03 2.866890858673817877e-01
1.413902562926590463e+03 2.838188042319903515e-01
1.413691925330857657e+03 2.879874150867542393e-01
1.413481165484633948e+03 2.851580112831010316e-01
1.413270405638410466e+03 2.891521894707160811e-01
1.413060134794150144e+03 2.883120664972303460e-01
1.412849619448908243e+03 2.867754081251639997e-01
1.412639226354157017e+03 2.871326681550013804e-01
1.412428833259406019e+03 2.857553812016833672e-01
1.412218684665636601e+03 2.888955304378846289e-01
1.412008536071867184e+03 2.914843565550690463e-01
1.411798387478097766e+03 2.899340802289536168e-01
1.411588238884328348e+03 2.884057153624821068e-01
1.411378334791540510e+03 2.845073363890329166e-01
1.411168430698752900e+03 2.867622164612304569e-01
1.410958526605965289e+03 2.856933366737740010e-01
1.410748622513177452e+03 2.895705398379847528e-01
1.410538962921371422e+03 2.864947647980968792e-01
1.410329303329565391e+03 2.878449877020589631e-01
1.410119765988250265e+03 2.886338094908416640e-01
1.409910106396444235e+03 2.905677594749725978e-01
1.409700813556110688e+03 2.896725325825009190e-01
1.409491276214795562e+03 2.856424900860419225e-01
1.409281983374462243e+03 2.879547581052857574e-01
1.409072690534128697e+03 2.842050080642861687e-01
1.408863519944286054e+03 2.851769186678109191e-01
1.408654349354443411e+03 2.841331094287511405e-01
1.408445301015091673e+03 2.854923622664627403e-01
1.408236252675739934e+03 2.839589131569466018e-01
1.408027326586879099e+03 2.884986981031739672e-01
1.407818400498018036e+03 2.868229232259987271e-01
1.407609596659648105e+03 2.875801810203997277e-01
1.407400792821277946e+03 2.896532629478905663e-01
1.407192111233398691e+03 2.876554686184154552e-01
1.406983551896010340e+03 2.890899342874833078e-01
1.406774992558621989e+03 2.880296037011582100e-01
1.406566433221233638e+03 2.905033859286571540e-01
1.406357996134335963e+03 2.874797423521053830e-01
1.406149803548420323e+03 2.890388760784450839e-01
1.405941366461522648e+03 2.917461942720195878e-01
1.405733173875606781e+03 2.906108299862889544e-01
1.405524981289691141e+03 2.920078141723768672e-01
1.405316910954266177e+03 2.900376822207546557e-01
1.405108840618841214e+03 2.892259766498244122e-01
1.404900892533906926e+03 2.852564516196159916e-01
1.404692944448972867e+03 2.883104537310944848e-01
1.404485240865020387e+03 2.872712512175760735e-01
1.404277415030577231e+03 2.905561546497783532e-01
1.404069589196133848e+03 2.889409647125937286e-01
1.403862007862672272e+03 2.890046425581619949e-01
1.403654426529210696e+03 2.916763269141821602e-01
1.403446967446240023e+03 2.914076903721850020e-01
1.403239386112778448e+03 2.904842515713064732e-01
1.403032049280298452e+03 2.868808642300278433e-01
1.402824834698309360e+03 2.893575379209011311e-01
1.402617497865829591e+03 2.878928869086395670e-01
1.402410283283840499e+03 2.897622404740450297e-01
1.402203068701851407e+03 2.913845373615722711e-01
1.401996098620844123e+03 2.902668547424320789e-01
1.401789128539836838e+03 2.897407130454313084e-01
1.401582158458829554e+03 2.907135267596954731e-01
1.401375188377822269e+03 2.904107711694591809e-01
1.401168340547305661e+03 2.917254904192856935e-01
1.400961614967279957e+03 2.868706713890342153e-01
1.400755011637745156e+03 2.856725943550236235e-01
1.400548408308210355e+03 2.887035890426646878e-01
1.400341804978675555e+03 2.909811899483985553e-01
1.400135323899631658e+03 2.859282968319050711e-01
1.399928965071078665e+03 2.895915441806302115e-01
1.399722483992034768e+03 2.885968740292020329e-01
1.399516247413972451e+03 2.866285786565527793e-01
1.399310010835910134e+03 2.873000918866946418e-01
1.399103896508338721e+03 2.913846999381423664e-01
1.398897659930276632e+03 2.882749001863424976e-01
1.398691667853196122e+03 2.911781367763885964e-01
1.398485798026606290e+03 2.869196492933270282e-01
1.398279683699034877e+03 2.862935516673846825e-01
1.398073936122936175e+03 2.892949763165792443e-01
1.397868066296346342e+03 2.896001241560726136e-01
1.397662318720247640e+03 2.902589382571440502e-01
1.397456815645130291e+03 2.884020197297873511e-01
1.397251190319522493e+03 2.883794028045426616e-01
1.397045564993914468e+03 2.867521539612381543e-01
1.396839939668306442e+03 2.898035057662457503e-01
1.396634803344661805e+03 2.872774043734514504e-01
1.396429422520035587e+03 2.855924029488240978e-01
1.396224041695409142e+03 2.876999627670122628e-01
1.396018905371764504e+03 2.923995578877183754e-01
1.395813769048120093e+03 2.901263466312029582e-01
1.395608632724475456e+03 2.907234045823852697e-01
1.395403618651321722e+03 2.866589351366860550e-01
1.395198604578167988e+03 2.841431753377141600e-01
1.394993712755504930e+03 2.897922559823299382e-01
1.394788943183333004e+03 2.915867294043977820e-01
1.394584173611160850e+03 2.902722357573872536e-01
1.394379404038988923e+03 2.899210681587769955e-01
1.394174634466816769e+03 2.903282245685971374e-01
1.393970231646117327e+03 2.860445428549803770e-01
1.393765706574926980e+03 2.898801297383445941e-01
1.393561181503736634e+03 2.884510640527050418e-01
1.393356778683036964e+03 2.877967868943022145e-01
1.393152498112828425e+03 2.913425011299571321e-01
1.392948217542619659e+03 2.910959091361652318e-01
1.392744059222901797e+03 2.922556622441224161e-01
1.392539900903184162e+03 2.863229172216474328e-01
1.392335742583466299e+03 2.859481900748016558e-01
1.392131828764730244e+03 2.860763878222991052e-01
1.391927792695503285e+03 2.856328355468090163e-01
1.391723878876767003e+03 2.858228570610216179e-01
1.391519965058030948e+03 2.904650379395774529e-01
1.391316417990767377e+03 2.888771850762482662e-01
1.391112626422522226e+03 2.854308050922005346e-01
1.390908957104767751e+03 2.851766495056163864e-01
1.390705410037504180e+03 2.881964360858842999e-01
1.390501862970240609e+03 2.889831812692310598e-01
1.390298438153467941e+03 2.912002895224712895e-01
1.390095013336695274e+03 2.889613423050518826e-01
1.389891710770413283e+03 2.868958542977050885e-01
1.389688408204131520e+03 2.880668906923635753e-01
1.389485350138831336e+03 2.889140467689674252e-01
1.389282169823040249e+03 2.897073112774808390e-01
1.389078989507249162e+03 2.908502055514897711e-01
1.388875931441948978e+03 2.897021249875994520e-01
1.388672995627139699e+03 2.912008108507005422e-01
1.388470182062821323e+03 2.911247625040621623e-01
1.388267368498502719e+03 2.898585872563512189e-01
1.388064554934184343e+03 2.881062328301019493e-01
1.387861863620356644e+03 2.855645958209343527e-01
1.387659294557019848e+03 2.903518163011488684e-01
1.387456603243192376e+03 2.894450566588597229e-01
1.387254156430346484e+03 2.904804002794099671e-01
1.387051709617500364e+03 2.908597991059615473e-01
1.386849262804654472e+03 2.881670496969445106e-01
1.386646938242299484e+03 2.877195996076774565e-01
1.386444735930435172e+03 2.894126653520388559e-01
1.386242411368080184e+03 2.921024962889038346e-01
1.386040331306706776e+03 2.893323612502043396e-01
1.385838251245333367e+03 2.896160998419254340e-01
1.385636293434450863e+03 2.904256790487419471e-01
1.385434335623568359e+03 2.904478294271509720e-01
1.385232377812685854e+03 2.902500577960617778e-01
1.385030542252294254e+03 2.888994560058534278e-01
1.384828706691902426e+03 2.899787013637776245e-01
1.384627115632492405e+03 2.904784706331410837e-01
1.384425402322591708e+03 2.893536314469611903e-01
1.384223811263181688e+03 2.956620628767659409e-01
1.384022220203771667e+03 2.902130193036382422e-01
1.383820873645343454e+03 2.916618236782724805e-01
1.383619404836424337e+03 2.909731229599214486e-01
1.383418058277995897e+03 2.905570797243958170e-01
1.383216711719567684e+03 2.923094729058315355e-01
1.383015609662121051e+03 2.921714602821558482e-01
1.382814507604674645e+03 2.908052209887220241e-01
1.382613283296737109e+03 2.881037844059369801e-01
1.382412303489781380e+03 2.895594130850158709e-01
1.382211323682825650e+03 2.917029301810853403e-01
1.382010466126360825e+03 2.911529556557726495e-01
1.381809608569895772e+03 2.944612962264018807e-01
1.381608751013430947e+03 2.884421628868515386e-01
1.381408015707457025e+03 2.906831251073292433e-01
1.381207280401482876e+03 2.947508772422703371e-01
1.381006789596490535e+03 2.908120232667497085e-01
1.380806298791498193e+03 2.892656699500763540e-01
1.380605807986505852e+03 2.885465540288494890e-01
1.380405317181513510e+03 2.910463926800201939e-01
1.380204948627012072e+03 2.891400271830620317e-01
1.380004702323001311e+03 2.881793586845325938e-01
1.379804456018990777e+03 2.891204894126099267e-01
1.379604209714980016e+03 2.887938946054792733e-01
1.379404085661460385e+03 2.885314917133445789e-01
1.379204206108922335e+03 2.926789650863905190e-01
1.379004204305893381e+03 2.917496989147068676e-01
1.378804202502864428e+03 2.893845549403768480e-01
1.378604322950326150e+03 2.886320324112872648e-01
1.378404443397788100e+03 2.911344667721425528e-01
1.378204686095740954e+03 2.893336705401656772e-01
1.378005051044184484e+03 2.933229768453923803e-01
1.377805415992628014e+03 2.899528878975970447e-01
1.377605903191562447e+03 2.897765359106459493e-01
1.377406390390497108e+03 2.947192050257647633e-01
1.377206999839922219e+03 2.921505707136400343e-01
1.377007609289347556e+03 2.965135288413083825e-01
1.376808218738772894e+03 2.915216905519911195e-01
1.376608950438689135e+03 2.949389797305285166e-01
1.376409682138605149e+03 2.923926802033007255e-01
1.376210658339502970e+03 2.951252673370762802e-01
1.376011512289910115e+03 2.949940827670710086e-01
1.375812488490807937e+03 2.930440866456130999e-01
1.375613464691705758e+03 2.931520931538522112e-01
1.375414563143094483e+03 2.910878481934451312e-01
1.375215906095464788e+03 2.965427634933184842e-01
1.375017126797344417e+03 2.921201245005561331e-01
1.374818347499223819e+03 2.928576482000819214e-01
1.374619690451594352e+03 2.918330638432271584e-01
1.374421033403964657e+03 2.911471336222117290e-01
1.374222620857316770e+03 2.923783618436545662e-01
1.374024086060177979e+03 2.902008954410465469e-01
1.373825673513530091e+03 2.941041023558537693e-01
1.373627260966882204e+03 2.912846702493420703e-01
1.373428970670725221e+03 2.898020055623837798e-01
1.373230802625058914e+03 2.890698732142074623e-01
1.373032512328901930e+03 2.888052264625791121e-01
1.372834466533726527e+03 2.887552689758127178e-01
1.372636420738551124e+03 2.890585490078033670e-01
1.372438374943375720e+03 2.939153528789230085e-01
1.372240573649182124e+03 2.912965695952758338e-01
1.372042650104497625e+03 2.900137037708000465e-01
1.371844848810304029e+03 2.910930423435548198e-01
1.371646925265619529e+03 2.907655529669239125e-01
1.371449368472407514e+03 2.923295783616933763e-01
1.371251811679195498e+03 2.901968645808440939e-01
1.371054254885983482e+03 2.894433530690093126e-01
1.370856698092771694e+03 2.900877199973712073e-01
1.370659141299559678e+03 2.913897519429609617e-01
1.370461706756838566e+03 2.932507197601005866e-01
1.370264516715099035e+03 2.936420107110567224e-01
1.370067204422868826e+03 2.897295645035460887e-01
1.369870014381129522e+03 2.882217073777565419e-01
1.369672824339389990e+03 2.865996423808872540e-01
1.369475756548141362e+03 2.911537387470186089e-01
1.369278811007383638e+03 2.918606341266122839e-01
1.369081620965644333e+03 2.980000963378700574e-01
1.368884797675377513e+03 2.930759042732454245e-01
1.368687974385110465e+03 2.894441638065317624e-01
1.368491151094843644e+03 2.907223937198663566e-01
1.368294450055067728e+03 2.928505378501772283e-01
1.368097749015291583e+03 2.923414450838717760e-01
1.367901047975515667e+03 2.929658003456468984e-01
1.367704591436721330e+03 2.923214862726084551e-01
1.367508012647436090e+03 2.915908666349741329e-01
1.367311556108641753e+03 2.887844659859319929e-01
1.367115344070829224e+03 2.860886336469434799e-01
1.366918887532034887e+03 2.899629066241199982e-01
1.366722675494222131e+03 2.911908173455657889e-01
1.366526341205918698e+03 2.901525851273724088e-01
1.366330251418597072e+03 2.949043575047617383e-01
1.366134283881766123e+03 2.921806141750288299e-01
1.365938194094444270e+03 2.901187732007146081e-01
1.365742226557613321e+03 2.921399563168108338e-01
1.365546259020782372e+03 2.924641058411893701e-01
1.365350413734442327e+03 2.921535893914926074e-01
1.365154812949083862e+03 2.935964002739869239e-01
1.364958967662743817e+03 2.908396457400205803e-01
1.364763366877385579e+03 2.927023434789109424e-01
1.364567643841536210e+03 2.909013973103728445e-01
1.364372165306668649e+03 2.902486715476484402e-01
1.364176686771801315e+03 2.948633472785355814e-01
1.363981208236933753e+03 2.914636404922272273e-01
1.363785851952557096e+03 2.900841984382732108e-01
1.363590495668180210e+03 2.893422563995579622e-01
1.363395261634294457e+03 2.895385746831399820e-01
1.363200027600408703e+03 2.893797519102886961e-01
1.363004915817013625e+03 2.949272879736673514e-01
1.362809926284109451e+03 2.923011344850107163e-01
1.362614692250223698e+03 2.893950252353089114e-01
1.362419824967810428e+03 2.901404775874449893e-01
1.362224957685397158e+03 2.888645480973154878e-01
1.362030212653474791e+03 2.919810659271936948e-01
1.361835345371061294e+03 2.882564596120399947e-01
1.361640600339138928e+03 2.923979066872608445e-01
1.361445855307216561e+03 2.897615639875227855e-01
1.361251232525784872e+03 2.974099401176190094e-01
1.361056731994844085e+03 2.922516969767647854e-01
1.360862353714394203e+03 2.941105038803074612e-01
1.360667853183453644e+03 2.930454819327996119e-01
1.360473474903003762e+03 2.938297371292706295e-01
1.360279096622553880e+03 2.919254362414019366e-01
1.360084718342103997e+03 2.965416910086179914e-01
1.359890706813126599e+03 2.961076233674274638e-01
1.359696573033658296e+03 2.960416986473043965e-01
1.359502439254190222e+03 2.930484557819544311e-01
1.359308427725212823e+03 2.911060561761550924e-01
1.359114416196235425e+03 2.894673647240529890e-01
1.358920526917748930e+03 2.917148214205523837e-01
1.358726759889753339e+03 2.928873575665780216e-01
1.358532870611266844e+03 2.926489323117481001e-01
1.358339103583271253e+03 2.909585283354806373e-01
1.358145458805766339e+03 2.928327084857003659e-01
1.357951814028261651e+03 2.962454394556373605e-01
1.357758291501247641e+03 2.935969635600641503e-01
1.357564768974233630e+03 2.957709817006053954e-01
1.357371368697710523e+03 2.940450803074770025e-01
1.357177968421187416e+03 2.925125841714580899e-01
1.356984568144664308e+03 2.915731719624324869e-01
1.356791290118632105e+03 2.935317117809252974e-01
1.356598134343090805e+03 2.943416889819892579e-01
1.356404978567549279e+03 2.932176750918320529e-01
1.356211945042498883e+03 2.912851728367236714e-01
1.356018789266957356e+03 2.948617025605810293e-01
1.355825877992397636e+03 2.905618675324450062e-01
1.355632844467347240e+03 2.949247927150113191e-01
1.355440177693769101e+03 2.943832184061254131e-01
1.355247266419209382e+03 2.947336695777163507e-01
1.355054477395140566e+03 2.946733486269331181e-01
1.354861810621562654e+03 2.882369352222767800e-01
1.354669143847984515e+03 2.916391863007498086e-01
1.354476721575388183e+03 2.910640502086354608e-01
1.354284177052301175e+03 2.915145775332214639e-01
1.354091632529213939e+03 2.919723377201904335e-01
1.353899210256617607e+03 2.914780392288557898e-01
1.353706787984021275e+03 2.917065694345120086e-01
1.353514487961915847e+03 2.937176937976189728e-01
1.353322432440791999e+03 2.953720713136550602e-01
1.353130254669177475e+03 2.898258269248034091e-01
1.352938076897562951e+03 2.893246315335021301e-01
1.352746021376439103e+03 2.899521353031199733e-01
1.352553965855315255e+03 2.916446018477604762e-01
1.352362032584682538e+03 2.927269453704478552e-01
1.352170221564540498e+03 2.926991436960074688e-01
1.351978410544398230e+03 2.893698232989481145e-01
1.351786599524256189e+03 2.941182185338054866e-01
1.351594788504114149e+03 2.940741650524471007e-01
1.351403099734463012e+03 2.923332840851536329e-01
1.351211410964811876e+03 2.949411351154018202e-01
1.351020088946633223e+03 2.930713497171585358e-01
1.350828522427472763e+03 2.911814777493618722e-01
1.350637078158803206e+03 2.901529691774835107e-01
1.350445756140624553e+03 2.913005885409942763e-01
1.350254434122445900e+03 2.895255145376256500e-01
1.350063112104267248e+03 2.933879937805614624e-01
1.349872034587070175e+03 2.916481663705818850e-01
1.349680834819382426e+03 2.909237542584224290e-01
1.349489757302185581e+03 2.913228873965051924e-01
1.349298679784988508e+03 2.887041833541121871e-01
1.349107724518282339e+03 2.904590804937844384e-01
1.348916769251576170e+03 2.884567881867549088e-01
1.348725936235360905e+03 2.916706838463744011e-01
1.348535225469636543e+03 2.920479174188513327e-01
1.348344392453421278e+03 2.931662296703523851e-01
1.348153681687696917e+03 2.926934467526925432e-01
1.347963093172463232e+03 2.930090865832916669e-01
1.347772504657229774e+03 2.883722962025357939e-01
1.347582038392486993e+03 2.905276385210553425e-01
1.347391449877253535e+03 2.927694419698734229e-01
1.347201105863001658e+03 2.922748673627461047e-01
1.347010761848749780e+03 2.926029126960684734e-01
1.346820417834497903e+03 2.917829763512008179e-01
1.346630196070736702e+03 2.901532214269953447e-01
1.346440096557466632e+03 2.916989319531234637e-01
1.346249997044196334e+03 2.935221337667177077e-01
1.346059897530926264e+03 2.898306281494276160e-01
1.345869920268146871e+03 2.912658419240821694e-01
1.345679943005367704e+03 2.905733179749651618e-01
1.345489965742588311e+03 2.921933381801211094e-01
1.345300232980790724e+03 2.890219419736708706e-01
1.345110377968502235e+03 2.921890629424814811e-01
1.344920645206704648e+03 2.924112773094791340e-01
1.344731034695397739e+03 2.885324184284681071e-01
1.344541301933600153e+03 2.891536305359643233e-01
1.344351813672784147e+03 2.886889039906477272e-01
1.344162203161477464e+03 2.914250034753010365e-01
1.343972959401643266e+03 2.889061360626274944e-01
1.343783471140827260e+03 2.913990155769177748e-01
1.343594105130502157e+03 2.888784435386166916e-01
1.343404861370667959e+03 2.879327530490681242e-01
1.343215617610833760e+03 2.905668316921172778e-01
1.343026496101490238e+03 2.892470103047725671e-01
1.342837374592146944e+03 2.895079332138803530e-01
1.342648375333294325e+03 2.896495134632839918e-01
1.342459253823951030e+03 2.914582667315913644e-01
1.342270376815589316e+03 2.922923484934539795e-01
1.342081499807227601e+03 2.937932663354103080e-01
1.341892622798865887e+03 2.905603073818396331e-01
1.341703868040995076e+03 2.916707503866339257e-01
1.341515235533615169e+03 2.901110080757837717e-01
1.341326603026235261e+03 2.914540625937834806e-01
1.341137970518855127e+03 2.922225451204759072e-01
1.340949338011475220e+03 2.920977245463155514e-01
1.340760827754585989e+03 2.910910915407469712e-01
1.340572439748187662e+03 2.912393007879927609e-01
1.340384051741789563e+03 2.921445065228048255e-01
1.340195785985881912e+03 2.922961087754221143e-01
1.340007520229974489e+03 2.894972956091507732e-01
1.339819254474067066e+03 2.935032974886246926e-01
1.339631110968650546e+03 2.885188877345287728e-01
1.339442967463234027e+03 2.919393445673991727e-01
1.339254823957817280e+03 2.914820795283007415e-01
1.339066924953382568e+03 2.870903444301820540e-01
1.338879025948947628e+03 2.881834999786265228e-01
1.338691004694021785e+03 2.927113114174147990e-01
1.338503227940077750e+03 2.917409307468545876e-01
1.338315451186133714e+03 2.903593187718527258e-01
1.322372275672553769e+03 2.912557391791864014e-01
1.322189266687752934e+03 2.930858968117522334e-01
1.322006257702951871e+03 2.929477462197387361e-01
1.321823248718151035e+03 2.939496830123841109e-01
1.321640484234331780e+03 2.945627439310101181e-01
1.304863315872180010e+03 2.968582739034797413e-01
1.304685319157503955e+03 2.979427402313565842e-01
1.304507444693318575e+03 2.952949233628901493e-01
1.304329570229133424e+03 2.949704256051692841e-01
1.304151695764948045e+03 2.949726484857321807e-01
1.286971100782994654e+03 2.957611588968881433e-01
1.286798360839424959e+03 2.979174877782345687e-01
1.286625498645364587e+03 2.979528027979292393e-01
1.286452758701794892e+03 2.987035229027394378e-01
1.286280018758225424e+03 2.967269254311029059e-01
1.286107401065146632e+03 2.956732649338730257e-01
1.285934783372067841e+03 2.972078667925599493e-01
1.285762165678989049e+03 2.965265450008403025e-01
1.285589670236401162e+03 2.979515477841456206e-01
1.285417174793813274e+03 2.986345677556441203e-01
1.285244923852206966e+03 2.982084438310874108e-01
1.285072550660109982e+03 2.983005410483297593e-01
1.284900177468012771e+03 3.011576492965225560e-01
1.284727926526406691e+03 2.967776555443578657e-01
1.284555675584800383e+03 2.987933482108517391e-01
1.284383546893684979e+03 3.016254385378284719e-01
1.284211418202569575e+03 3.001234857564761271e-01
1.284039289511454172e+03 3.034555295400529484e-01
1.283867283070829671e+03 3.029452056895967083e-01
1.283695276630205171e+03 3.034542555959539034e-01
1.283523392440071575e+03 2.998394638512909549e-01
1.283351508249937751e+03 3.051658178416001288e-01
1.283179624059804155e+03 3.054362810875015377e-01
1.283007862120161235e+03 3.081351103477930620e-01
1.282836100180518542e+03 3.095171655817605116e-01
1.282664582741857430e+03 3.143686843942311016e-01
1.282492943052705414e+03 3.133804073620554687e-01
1.282321303363553398e+03 3.110456557822401935e-01
1.282149785924892285e+03 3.039379438158933966e-01
1.281978390736722076e+03 2.966887636995839683e-01
1.281806873298060964e+03 2.950831425300000643e-01
1.281635478109890528e+03 2.985835966195555802e-01
1.281464082921720319e+03 2.993297640830631656e-01
1.281292809984040787e+03 2.979856355215983466e-01
1.281121537046361482e+03 2.997965319184474620e-01
1.280950264108681949e+03 2.973776480989218651e-01
1.280779235671984225e+03 3.011997734637973934e-01
1.280608084984795596e+03 2.980540824008515721e-01
1.280436934297607195e+03 2.971045044889785158e-01
1.280266028111400146e+03 2.937250609418265990e-01
1.280094999674702422e+03 2.959579062638271751e-01
1.279924215738986504e+03 2.985195441035785047e-01
1.279753309552779456e+03 2.978689507819951010e-01
1.279582525617063538e+03 2.968272932035714295e-01
1.279411741681347394e+03 2.963017309150929868e-01
1.279241079996122380e+03 2.956944756170216682e-01
1.279070296060406235e+03 2.969058846494928017e-01
1.278899756625671898e+03 2.984430012873984239e-01
1.278729094940446657e+03 2.978290724950902746e-01
1.278558677756203224e+03 3.021397979156536517e-01
1.278388138321468887e+03 2.990679631741514077e-01
1.278217721137225453e+03 2.973044425466435658e-01
1.278047303952982020e+03 2.974163702262612730e-01
1.277877009019229263e+03 2.971921294999783081e-01
1.277706714085476733e+03 2.975379933295895785e-01
1.277536419151723976e+03 2.943818020595062035e-01
1.277366246468462123e+03 2.952919333269986013e-01
1.277196073785200497e+03 2.992203494093519933e-01
1.277026145602920224e+03 2.985232154409559469e-01
1.276856095170149501e+03 2.946673826733084978e-01
1.276686044737378552e+03 2.975761830895262694e-01
1.276516116555098279e+03 2.948456458590409390e-01
1.276346310623309137e+03 2.983823717354521787e-01
1.276176382441029091e+03 2.992029582159489998e-01
1.276006576509239721e+03 2.961948239520232340e-01
1.275836770577450579e+03 2.986308191436812809e-01
1.275667086896152114e+03 2.970486266765852701e-01
1.275497403214853648e+03 2.949402605366013841e-01
1.275327719533555410e+03 2.944481358268155047e-01
1.275158280353238752e+03 2.960417125389966375e-01
1.274988596671940286e+03 2.984164381194571170e-01
1.274819157491623628e+03 2.948507944701657113e-01
1.274649718311306742e+03 2.952019649173922566e-01
1.274480401381480988e+03 2.966352657251177805e-01
1.274310962201164330e+03 2.978875237725153169e-01
1.274141767521829252e+03 2.946987279091298206e-01
1.273972572842494401e+03 2.970992034905047263e-01
1.273803378163159323e+03 2.957138155160843329e-01
1.273634305734315149e+03 2.967639483618821350e-01
1.273465233305470974e+03 2.980816808451363653e-01
1.273296283127117704e+03 2.952223712659583499e-01
1.273296160876626800e+03 2.949981361411257441e-01
1.273127210698273529e+03 2.965175495321502597e-01
1.273127088447782626e+03 2.931548712552777824e-01
1.272958382770411163e+03 2.960257875671593597e-01
1.272958260519920259e+03 2.951291165441009001e-01
1.272789432592057892e+03 2.956979405835901131e-01
1.272789310341566988e+03 2.952497311499065469e-01
1.272620482413704394e+03 2.974249182292474369e-01
1.272620360163213718e+03 2.960807418279213232e-01
1.272451532235351124e+03 2.958289695772896022e-01
1.272282826557979661e+03 2.972499447540454254e-01
1.272114120880607970e+03 2.975335264525770795e-01
1.271945415203236280e+03 2.963802649116733523e-01
1.271776831776355721e+03 2.993132990038446239e-01
1.271608248349474934e+03 2.989306295039437233e-01
1.271439664922594147e+03 3.004102264467741756e-01
1.271271203746204264e+03 2.962190845950039009e-01
1.271102742569814382e+03 2.966020085690040387e-01
1.270934403643915175e+03 2.971570133416437387e-01
1.270766064718016196e+03 2.971939174845688592e-01
1.270597725792117217e+03 2.959386311536672531e-01
1.270429631367199818e+03 2.955112899702767582e-01
1.270261414691791515e+03 2.975360359023043189e-01
1.270093198016383440e+03 2.978003648532087655e-01
1.269925103591466041e+03 2.984850372689270004e-01
1.269757131417039545e+03 2.963416215140957655e-01
1.269589036992122146e+03 2.989738220121519463e-01
1.269421064817695651e+03 2.976257372546114444e-01
1.269253214893760060e+03 3.019717181842770382e-01
1.269085364969824241e+03 2.998296099643369961e-01
1.268917515045888649e+03 2.998970214542965307e-01
1.268749665121953058e+03 3.026351850931601750e-01
1.268582059698999046e+03 2.991489222685186911e-01
1.268414332025554131e+03 2.991937066628076458e-01
1.268246604352109443e+03 2.949989258971410511e-01
1.268079121179646336e+03 2.952771238622005634e-01
1.267911515756692324e+03 2.962965177820408580e-01
1.267744032584229217e+03 2.942924830763755661e-01
1.267576549411766109e+03 2.974011994704502948e-01
1.267409310740284582e+03 2.973519184036927943e-01
1.267241827567821474e+03 2.972426472627607286e-01
1.267074466645849270e+03 2.963514799611123296e-01
1.266907227974367970e+03 2.995429965971829200e-01
1.266739989302886443e+03 2.982987766974982136e-01
1.266572872881895819e+03 2.975712493870539821e-01
1.266405878711396099e+03 2.993475444723248668e-01
1.266238762290405703e+03 2.969622476070489792e-01
1.266071768119905983e+03 2.975036328938344132e-01
1.265904773949406263e+03 2.992974723227471712e-01
1.265737779778906543e+03 2.984496848738567576e-01
1.265570907858897499e+03 2.989938072506183597e-01
1.265404035938888683e+03 2.977470141522261526e-01
1.265237408519861674e+03 2.971525708343519256e-01
1.265070536599852630e+03 2.951060739427160406e-01
1.264903786930334718e+03 2.970430859256835143e-01
1.264737159511307482e+03 2.987883787923923395e-01
1.264570532092280246e+03 3.004383773764823795e-01
1.264404026923743913e+03 3.002512462592681342e-01
1.264237521755207581e+03 2.982080116775968626e-01
1.264071016586671476e+03 2.981696240228463024e-01
1.263904633668625820e+03 2.981476581233969414e-01
1.263738250750580391e+03 2.980040098949888194e-01
1.263571867832534963e+03 2.982102296729811641e-01
1.263405607164980438e+03 2.995997370539856264e-01
1.263239346497425686e+03 2.995317309925704108e-01
1.263073208080361837e+03 2.983902305152385526e-01
1.262906947412807313e+03 2.996030365937110695e-01
1.262740931246234368e+03 2.985764512499309298e-01
1.262574792829170519e+03 2.976837646396112702e-01
1.262408776662597575e+03 3.007994011973661452e-01
1.262242882746515534e+03 3.028070965548688709e-01
1.262076988830433493e+03 3.031811883724882528e-01
1.261911094914351452e+03 2.983814089174148809e-01
1.261745200998269411e+03 2.955874343221319700e-01
1.261579551583168950e+03 2.932016336298299275e-01
1.261413902168068716e+03 2.956764942131943630e-01
1.261248130502477352e+03 2.977701638458221112e-01
1.261082481087377118e+03 2.982896026466388406e-01
1.260916953922767561e+03 2.999766063964930951e-01
1.260751426758158004e+03 2.991001182581368156e-01
1.260585899593548447e+03 3.001948835910827063e-01
1.260420372428938890e+03 2.988594371053812648e-01
1.260254967514820237e+03 2.980174401598856826e-01
1.260089684851192260e+03 2.967333459174974486e-01
1.259924279937073607e+03 2.970585792819840365e-01
1.259759119523936761e+03 2.961647642362905675e-01
1.259593836860308784e+03 2.985078719757831567e-01
1.259428676447171938e+03 2.967678407429905629e-01
