# Wavelength, Reflectance
1.644528691020608221e+03 3.328631487902364294e-01
1.643662602153420721e+03 3.397711702881325291e-01
1.642797367778420721e+03 3.313674232311007994e-01
1.641933109965920721e+03 3.448836575062846355e-01
1.641069706645608221e+03 3.413085615442251752e-01
1.640207401958108221e+03 3.412657836102952480e-01
1.639345951762795721e+03 3.459437375068458165e-01
1.638485478129983221e+03 3.372089989137128652e-01
1.637625858989358221e+03 3.310517261088599672e-01
1.636767338481545721e+03 3.277312457153022662e-01
1.635909672465920721e+03 3.365110048400311582e-01
1.635052983012795721e+03 3.324551485823584174e-01
1.634197270122170721e+03 3.311367140778199714e-01
1.633342411723733221e+03 3.242370010719741180e-01
1.632488529887795721e+03 3.237627040242666010e-01
1.631635502544045721e+03 3.199215153161035774e-01
1.630783451762795721e+03 3.168931480225433694e-01
1.629932377544045721e+03 3.204963963440875530e-01
1.629082157817483221e+03 3.099672347010023477e-01
1.628232914653420721e+03 3.142206987846833943e-01
1.627384525981545721e+03 3.089667779838965456e-01
1.626537113872170721e+03 3.145288729682551576e-01
1.625690678325295721e+03 3.155979476956789487e-01
1.624845219340920721e+03 3.092287442414656251e-01
1.624000492778420721e+03 3.148166875940610065e-01
1.623156864848733221e+03 3.115239915635816259e-01
1.622313969340920721e+03 3.080855063866944077e-01
1.621472172465920721e+03 3.077161327027859716e-01
1.620631108012795721e+03 3.113060214345227950e-01
1.619791142192483221e+03 3.155996407411246762e-01
1.618951908794045721e+03 3.047002230534119893e-01
1.618113651958108221e+03 3.055781507101930639e-01
1.617276249614358221e+03 3.096817378231630502e-01
1.616439823833108221e+03 3.032944407049446012e-01
1.615604252544045721e+03 3.034517252694888256e-01
1.614769657817483221e+03 3.029319307938457828e-01
1.613936039653420721e+03 3.039890222746372550e-01
1.613103153911233221e+03 3.014222606934170989e-01
1.612271244731545721e+03 3.040970164253549157e-01
1.611440190044045721e+03 3.074211576020624004e-01
1.610610111919045721e+03 3.030702926644187611e-01
1.609780888286233221e+03 3.029642273636625194e-01
1.608952519145608221e+03 3.017869244821682062e-01
1.608125126567483221e+03 3.042135194015306854e-01
1.607298466411233221e+03 3.028910274206052522e-01
1.606472782817483221e+03 3.049706196782790424e-01
1.605648075786233221e+03 2.993272916475414602e-01
1.604824223247170721e+03 2.949177431670525484e-01
1.604001103129983221e+03 3.012854198377459825e-01
1.603178959575295721e+03 3.005448177671158905e-01
1.602357792583108221e+03 2.972867567461466853e-01
1.601537358012795721e+03 3.021288083634797172e-01
1.600717900004983221e+03 2.970673231146915283e-01
1.599899296489358221e+03 2.993470495462953740e-01
1.599081547465920721e+03 2.972384042032686358e-01
1.598264652934670721e+03 2.948966474442183960e-01
1.597448490825295721e+03 3.009121408060730918e-01
1.596633671489358221e+03 2.941344984539679408e-01
1.595819340434670721e+03 2.935639209922548676e-01
1.595005863872170721e+03 2.970359729367975654e-01
1.594193485942483221e+03 2.966358766813144143e-01
1.593381718364358221e+03 3.002377473795670437e-01
1.592570927348733221e+03 3.013338804337945542e-01
1.591761112895608221e+03 2.997141202098326240e-01
1.590952030864358221e+03 2.988944642431649035e-01
1.590143925395608221e+03 2.985497929385440563e-01
1.589336430278420721e+03 2.916831401414035629e-01
1.588529789653420721e+03 2.904815504645663071e-01
1.587724369731545721e+03 2.963876722482859383e-01
1.586919560161233221e+03 2.961458888704470716e-01
1.586115605083108221e+03 2.976532606964127914e-01
1.585312626567483221e+03 2.948302308288952012e-01
1.584510380473733221e+03 2.998968162867691190e-01
1.583708988872170721e+03 2.959439273759368882e-01
1.582908573833108221e+03 2.996322071192178971e-01
1.582108891215920721e+03 2.955156994013762306e-01
1.581310185161233221e+03 2.980545614271979393e-01
1.580512089458108221e+03 2.986205645418847365e-01
1.579714848247170721e+03 2.986789715284478008e-01
1.578918705669045721e+03 2.970259113281861763e-01
1.578123173442483221e+03 3.065241959822969098e-01
1.577328617778420721e+03 2.933060704737721069e-01
1.576534916606545721e+03 3.025060418472685919e-01
1.575741947856545721e+03 3.067955543916884853e-01
1.574949711528420721e+03 2.975916930637532709e-01
1.574158451762795721e+03 2.972872968485925638e-01
1.573368046489358221e+03 2.977780793978626606e-01
1.572578495708108221e+03 3.011048703162879092e-01
1.571789677348733221e+03 2.982089278766192897e-01
1.571001591411233221e+03 3.000562671533780756e-01
1.570214604106545721e+03 2.986012635998387954e-01
1.569428227153420721e+03 2.972302556298999643e-01
1.568642948833108221e+03 2.948538937052505027e-01
1.567858158794045721e+03 2.966280018143914177e-01
1.567074345317483221e+03 2.978762614632327055e-01
1.566291386333108221e+03 2.972129307404071663e-01
1.565509159770608221e+03 2.994314927676230420e-01
1.564727787700295721e+03 2.936492329380752109e-01
1.563947270122170721e+03 2.959617904407689237e-01
1.563167607036233221e+03 2.992895830659268452e-01
1.562388554301858221e+03 2.943767714051792050e-01
1.561610478129983221e+03 2.980353115604063574e-01
1.560833256450295721e+03 2.898925392720618777e-01
1.560056767192483221e+03 2.971342196926436974e-01
1.559281010356545721e+03 2.914003181075504045e-01
1.558506108012795721e+03 2.966571105221317839e-01
1.557732182231545721e+03 2.939068860829678886e-01
1.556958866801858221e+03 2.944052200822082632e-01
1.556186405864358221e+03 2.910238573433737153e-01
1.555414677348733221e+03 2.942511154126795647e-01
1.554643925395608221e+03 2.935573208302704185e-01
1.553873783794045721e+03 2.932967237724233844e-01
1.553104618754983221e+03 2.962832062124496346e-01
1.553104496684670721e+03 2.929547691973763968e-01
1.552848393169045721e+03 2.977777052923181733e-01
1.552592167583108221e+03 2.962355805524503061e-01
1.552336186137795721e+03 2.960160721007683016e-01
1.552336064067483221e+03 2.935246825595612674e-01
1.552080204692483221e+03 2.921645464376424473e-01
1.551568485942483221e+03 2.929491983401066868e-01
1.550801640239358221e+03 2.916325252887292940e-01
1.550035526958108221e+03 2.909468783307128659e-01
1.549270268169045721e+03 2.919603919658569913e-01
1.548505863872170721e+03 2.927190570437984141e-01
1.547742069926858221e+03 2.943311174397097441e-01
1.546979130473733221e+03 2.897217388276750460e-01
1.546217045512795721e+03 2.933603070630763088e-01
1.545455815044045721e+03 2.920965946754243703e-01
1.544695194926858221e+03 2.915233924491593132e-01
1.543935307231545721e+03 2.933316379531533125e-01
1.543176396098733221e+03 2.924978978403190433e-01
1.542418339458108221e+03 2.903606874845768293e-01
1.541660893169045721e+03 2.958422388298357353e-01
1.540904179301858221e+03 2.956608626084410996e-01
1.540148319926858221e+03 2.904682113417892397e-01
1.539393192973733221e+03 2.920714025144795500e-01
1.538639042583108221e+03 2.943115595551282215e-01
1.537885502544045721e+03 2.930382785490971975e-01
1.537132694926858221e+03 2.959443281307179707e-01
1.536380741801858221e+03 2.943400602823783019e-01
1.535629276958108221e+03 2.919213933570212749e-01
1.534879154887795721e+03 2.929153002753162593e-01
1.534129276958108221e+03 2.911683266798200109e-01
1.533380497661233221e+03 2.956432166620820423e-01
1.532632328715920721e+03 2.932630798902855496e-01
1.531884892192483221e+03 2.947140089303145194e-01
1.531138432231545721e+03 2.943246134794557656e-01
1.530392582622170721e+03 2.963078178598877455e-01
1.529647465434670721e+03 2.886943825501089855e-01
1.528903080669045721e+03 2.935454943931140037e-01
1.528159550395608221e+03 2.927602717504281804e-01
1.527416508403420721e+03 2.968467410126419681e-01
1.526674687114358221e+03 2.907563029684191447e-01
1.525933232036233221e+03 2.905374007954087956e-01
1.525192875590920721e+03 2.920028520731923760e-01
1.524453007426858221e+03 2.928763468448694063e-01
1.523713993754983221e+03 2.908364387645185900e-01
1.522975712504983221e+03 2.965072526033951106e-01
1.522238285747170721e+03 2.913430864259596298e-01
1.521501469340920721e+03 2.949702556752301086e-01
1.520765385356545721e+03 2.886030424860274723e-01
1.520030033794045721e+03 2.947890343853297734e-01
1.519295536723733221e+03 2.903840905404527217e-01
1.518561650004983221e+03 2.892437223068813901e-01
1.517828495708108221e+03 2.901061102095697786e-01
1.517096440044045721e+03 2.930245443717413578e-01
1.516364872661233221e+03 2.911691200301167459e-01
1.515633915629983221e+03 2.915656422047539498e-01
1.515390629497170721e+03 2.949433701391324103e-01
1.515147343364358221e+03 2.896418438440960808e-01
1.514903935161233221e+03 2.892112387289462183e-01
1.514903813090920721e+03 2.882128727732521933e-01
1.514660771098733221e+03 2.922977641902077539e-01
1.514417729106545721e+03 2.932705411121543926e-01
1.514174442973733221e+03 2.906291048311294700e-01
1.513445805278420721e+03 2.912525541487167025e-01
1.512717900004983221e+03 2.912673679507740143e-01
1.511990727153420721e+03 2.909479841155956370e-01
1.511264408794045721e+03 2.972709722148055289e-01
1.510538700786233221e+03 2.915730568820588675e-01
1.509813725200295721e+03 2.918655475028688606e-01
1.509089482036233221e+03 2.960102150220254580e-01
1.508365971294045721e+03 2.932089390096610515e-01
1.507643192973733221e+03 2.908093404041806052e-01
1.506921147075295721e+03 2.965552790085876356e-01
1.506199833598733221e+03 2.976346207090590501e-01
1.505479252544045721e+03 2.958219925803906580e-01
1.504759525981545721e+03 2.934930847914014040e-01
1.504040287700295721e+03 2.903942316357480125e-01
1.503321903911233221e+03 2.998913579227481252e-01
1.502603307220175566e+03 2.846164248380547712e-01
1.501885355550531585e+03 2.914969191478805066e-01
1.501168259458294415e+03 2.906291194440403514e-01
1.500451774492776394e+03 2.896945446463289886e-01
1.499736022879321354e+03 2.921753415188097502e-01
1.499021004617929293e+03 2.938189484723893741e-01
1.498306597483256382e+03 2.916311988377260356e-01
1.497593045925990282e+03 2.908915223102666037e-01
1.496880105495443331e+03 2.968578705892745973e-01
1.496168020642303190e+03 2.917515745962967477e-01
1.495456546915881972e+03 2.881291432159349131e-01
1.494745806541523962e+03 2.910952254537005346e-01
1.494035677293885101e+03 2.883359833833274433e-01
1.493326403623652823e+03 2.909347322663240476e-01
1.492617741080139922e+03 2.943248031154924726e-01
1.491909811888689774e+03 2.939683525156255306e-01
1.491202616049302833e+03 2.923740896318105520e-01
1.490496031336634815e+03 2.922244040925044417e-01
1.489790179976029776e+03 2.938152623916231443e-01
1.489085061967487718e+03 2.957462493783974411e-01
1.488380677311008640e+03 2.927981955112223256e-01
1.487676903781248711e+03 2.861086194441613828e-01
1.486973863603551990e+03 2.921720906139393392e-01
1.486271434552573965e+03 2.921359174937447900e-01
1.485569861079002976e+03 2.880110541714549499e-01
1.484868898732151138e+03 2.919116519140392274e-01
1.484168669737362279e+03 2.898127311896586678e-01
1.483469051869292571e+03 2.913014484215477040e-01
1.482770289578629445e+03 2.878795445062924951e-01
1.482072016189341866e+03 2.918412738110505167e-01
1.481374598377461098e+03 2.892470096883364983e-01
1.480677791692299252e+03 2.891335906165276581e-01
1.479981596133856783e+03 2.910361758384989450e-01
1.479286256152820897e+03 2.914726374062200920e-01
1.478591405073160331e+03 2.894321973155931094e-01
1.477897409570906802e+03 2.922651365738593854e-01
1.477204025195372196e+03 2.900015750323933217e-01
1.476511374171900570e+03 2.917597890294576501e-01
1.475819334275148094e+03 2.941813094132775808e-01
1.475128027730458598e+03 2.899627415638519889e-01
1.474437332312488252e+03 2.976836429182760368e-01
1.473747370246580886e+03 2.951773263954268200e-01
1.473058019307392669e+03 2.930238833831269596e-01
1.472369401720267433e+03 2.863414519057810304e-01
1.471681517485205177e+03 2.874985155207843146e-01
1.470994244376861843e+03 2.862300061531067308e-01
1.470307704620581717e+03 2.845374941509359323e-01
1.469621775991020741e+03 2.887636592030880522e-01
1.468936458488178687e+03 2.892119300533976811e-01
1.468251874337399840e+03 2.881640919501035625e-01
1.467568023538683747e+03 2.897127453353727233e-01
1.466884783866686803e+03 2.909295027162281388e-01
1.466202155321409236e+03 2.894856383278640033e-01
1.465520260128194423e+03 2.823273032140268812e-01
1.464838976061698759e+03 2.853672385359763974e-01
1.464158425347266075e+03 2.915488263659529178e-01
1.463478485759552541e+03 2.929289265716785717e-01
1.462799279523902214e+03 2.879059489741584432e-01
1.462120684414970810e+03 2.881912937114284867e-01
1.461442700432758329e+03 2.919298336348860601e-01
1.460765327577265225e+03 2.886299439879027040e-01
1.460088810299178931e+03 2.888713422044508761e-01
1.459412781922467957e+03 2.877585769975877228e-01
1.458737486897819963e+03 2.874174434437208880e-01
1.458062802999890891e+03 2.885035253810191436e-01
1.457388852454025027e+03 2.878725051098831034e-01
1.456715513034878313e+03 2.863703912089187176e-01
1.456042784742450522e+03 2.873249917637311635e-01
1.455370789802085937e+03 2.838290723475014321e-01
1.454699405988440276e+03 2.827747916818462715e-01
1.454028633301513764e+03 2.910404719660419359e-01
1.453358471741306630e+03 2.908893110886860978e-01
1.452689165758506078e+03 2.893254710537205288e-01
1.452020348677080847e+03 2.915148242479191354e-01
1.451352142722374765e+03 2.906037290551894414e-01
1.450684670119731663e+03 2.910740733492495069e-01
1.450017808643807712e+03 2.855616490470392344e-01
1.449351558294602910e+03 2.901417677457099886e-01
1.448686041297461088e+03 2.867421743631586861e-01
1.448021135427038416e+03 2.935627703945926092e-01
1.447356718457991064e+03 2.924070758246559709e-01
1.446693157066350523e+03 2.953821400399753716e-01
1.446030084576085073e+03 2.904452599439864557e-01
1.445367867663226662e+03 2.899368464188945005e-01
1.444706017426399740e+03 2.923186822925600836e-01
1.444044900541635570e+03 2.940110489942644456e-01
1.443384517008934608e+03 2.936636456021648467e-01
1.442724622377608739e+03 2.962956736416956227e-01
1.442065461098346077e+03 2.914378909405376250e-01
1.441406910945802338e+03 2.913907621589841290e-01
1.440748971919977748e+03 2.921452988474012580e-01
1.440091521795528706e+03 2.905856276180864284e-01
1.439435049473830077e+03 2.946961476276213077e-01
1.439434927248486247e+03 2.977216743127994447e-01
1.439216266108378477e+03 2.923275602389412420e-01
1.438997482742926877e+03 2.922390891855224937e-01
1.438778943828162937e+03 2.930246595219060946e-01
1.438778821602819107e+03 2.889290765834561237e-01
1.438560282688055167e+03 2.910232533781051401e-01
1.438341865998635058e+03 2.898244759506769519e-01
1.438123571534558778e+03 2.896038201308365201e-01
1.438123449309214948e+03 2.911953940310207378e-01
1.437905154845138668e+03 2.913325894654719694e-01
1.437686982606406218e+03 2.898593930340393476e-01
1.437468810367673768e+03 2.836263204378918212e-01
1.437468688142329938e+03 2.851981967013850205e-01
1.437250393678253658e+03 2.912433144796195972e-01
1.437032465890208869e+03 2.926353829113221283e-01
1.436814660327507909e+03 2.942567638701632515e-01
1.436814538102164079e+03 2.889974622041208696e-01
1.436596610314119289e+03 2.922098879678085015e-01
1.436378682526074499e+03 2.903882600809727932e-01
1.436160999188717369e+03 2.868227925196312755e-01
1.435943315851360239e+03 2.915825579448379501e-01
1.435725632514003109e+03 2.885912613924713765e-01
1.435508071401989810e+03 2.890543206507246721e-01
1.435290632515320340e+03 2.957060594737372927e-01
1.435073193628650870e+03 2.947762865099552987e-01
1.434855754741981400e+03 2.896773924810022161e-01
1.434638560305999590e+03 2.912552194327954758e-01
1.434421243644673723e+03 2.925381748815877869e-01
1.434204049208691913e+03 2.966233997957798407e-01
1.433986976998053933e+03 2.975553123644100184e-01
1.433770027012759783e+03 2.947144765307208591e-01
1.433553077027465633e+03 2.957574657179193323e-01
1.433336127042171483e+03 2.905775761035342408e-01
1.433119421507564994e+03 2.915488919014695424e-01
1.432902593747614674e+03 2.917315048041982384e-01
1.432685888213008184e+03 2.919754928194367993e-01
1.432469304903745524e+03 2.931722004575723073e-01
1.432252843819826467e+03 2.910009988054258478e-01
1.432036382735907637e+03 2.920323359833116306e-01
1.431819921651988807e+03 2.922186559547188534e-01
1.431603582793413807e+03 2.914059159767057872e-01
1.431387366160182637e+03 2.849238091040091070e-01
1.431171149526951467e+03 2.805186172965140612e-01
1.430955055119064127e+03 2.711736685089734533e-01
1.430739082936520390e+03 2.757506422331860718e-01
1.430522988528633050e+03 2.826434770872580104e-01
1.430307016346089540e+03 2.923664346581141271e-01
1.430091044163546030e+03 2.894388384004031867e-01
1.429875438657034010e+03 2.880871062659089987e-01
1.429659710925177933e+03 2.877390916952896061e-01
1.429444105418665913e+03 2.890562945078978263e-01
1.429228622137497723e+03 2.892186575058881548e-01
1.429013016630985703e+03 2.889331995052466517e-01
1.428797533349817513e+03 2.875206572635572444e-01
1.428582172293992926e+03 2.883002090892011759e-01
1.428366933463512396e+03 2.865604558238643573e-01
1.428151694633031866e+03 2.909782802053387241e-01
1.427936455802551336e+03 2.944462224195344424e-01
1.427721339197414409e+03 2.937125158719147144e-01
1.427506467042965369e+03 2.909667704848574732e-01
1.427291350437828669e+03 2.898850049929262429e-01
1.427076478283379629e+03 2.927509454939072331e-01
1.426861728354274192e+03 2.940035513914554532e-01
1.426646978425168982e+03 2.964960078766271656e-01
1.426432228496063772e+03 2.949975746892882777e-01
1.426217600792302164e+03 2.938122339009473505e-01
1.426003095313884614e+03 2.934838905997488867e-01
1.425788589835467064e+03 2.928198017623503957e-01
1.425574206582393344e+03 2.930120826972682502e-01
1.425359823329319397e+03 2.876810340700107771e-01
1.425145562301589507e+03 2.894578808883162546e-01
1.424931301273859617e+03 2.906021822740174620e-01
1.424717162471473330e+03 2.913426704488912833e-01
1.424502901443743440e+03 2.939316766762109512e-01
1.424289129317388870e+03 2.897259984447786985e-01
1.424075112740346412e+03 2.877992352033439394e-01
1.423861218388648012e+03 2.852384332911797049e-01
1.423647446262293442e+03 2.862440750970868253e-01
1.423433674135938645e+03 2.906278021397394884e-01
1.423220024234927905e+03 2.901379093255173069e-01
1.423006252108573335e+03 2.913701537740361336e-01
1.422792968883593858e+03 2.881031964763274833e-01
1.422579441207926948e+03 2.862443844562693740e-01
1.422366035757603640e+03 2.888826996059640773e-01
1.422152630307280560e+03 2.916112065283579802e-01
1.421939469307645140e+03 2.935018479132002200e-01
1.421726186082665663e+03 2.949894613281488498e-01
1.421513025083030243e+03 2.901169689233551452e-01
1.421299864083394596e+03 2.869879056476138945e-01
1.421086947534446836e+03 2.818165772472457919e-01
1.420874030985498848e+03 2.850664343865049744e-01
1.420661114436551088e+03 2.875755384072503640e-01
1.420448442338290988e+03 2.887322370976955210e-01
1.420235525789343001e+03 2.902033168121994078e-01
1.420022975916426731e+03 2.893966859755829346e-01
1.419810303818166403e+03 2.894558077937259277e-01
1.419597876170593963e+03 2.908198040205157153e-01
1.419385326297677466e+03 2.883893730169183600e-01
1.419172898650105026e+03 2.885065500221889456e-01
1.418960593227876188e+03 2.875511409478035407e-01
1.418748410030991408e+03 2.895545289191603366e-01
1.418536226834106401e+03 2.890720814768968361e-01
1.418324043637221621e+03 2.882756434337826468e-01
1.418111860440336613e+03 2.885425505047870542e-01
1.417900043919483323e+03 2.900402972092215315e-01
1.417687982947942146e+03 2.888775062158705498e-01
1.417476044201745026e+03 2.855189166174568749e-01
1.417264349906235338e+03 2.895125980246500141e-01
1.417052655610725878e+03 2.902407999692680485e-01
1.416840961315216191e+03 2.902847101657584084e-01
1.416629267019706731e+03 2.904823565473856894e-01
1.416417817174884703e+03 2.912351384365565177e-01
1.416206367330062903e+03 2.878637514067193814e-01
1.415994917485240876e+03 2.886589789035776121e-01
1.415783589865762906e+03 2.897046606676045855e-01
1.415572262246284708e+03 2.853247458244057011e-01
1.415361179077494171e+03 2.918431773557416120e-01
1.415149973683360031e+03 2.912064378460210157e-01
1.414938890514569493e+03 2.906540977246594437e-01
1.414727807345779183e+03 2.889834956312605230e-01
1.414516968627676306e+03 2.882939294823722021e-01
1.414306129909573428e+03 2.926537835405411125e-01
1.414095291191470778e+03 2.862501206603889070e-01
1.413884574698711731e+03 2.904393033009977088e-01
1.413673980431296741e+03 2.877794552089937286e-01
1.413463263938537693e+03 2.883731786225145477e-01
1.413252547445778646e+03 2.872179568567743146e-01
1.413042319854395146e+03 2.890748989588629581e-01
1.412831847812323758e+03 2.877862820318374260e-01
1.412621497995596428e+03 2.876596759923004121e-01
1.412411148178868871e+03 2.916876660404940091e-01
1.412201042812828973e+03 2.938831508668647841e-01
1.411990937446789303e+03 2.944947189878453497e-01
1.411780832080749406e+03 2.926900352034161323e-01
1.411570726714709508e+03 2.906511067765780165e-01
1.411360865799357498e+03 2.879517941528285663e-01
1.411151004884005260e+03 2.918956025186463799e-01
1.410941143968653023e+03 2.903427962651216609e-01
1.410731283053301013e+03 2.837690134355708160e-01
1.410521666588636435e+03 2.870168857798581219e-01
1.410312050123971858e+03 2.898302301590030550e-01
1.410102555884651110e+03 2.925867279545531496e-01
1.409892939419986760e+03 2.896430440666836748e-01
1.409683689631353673e+03 2.929215876305221178e-01
1.409474195392032925e+03 2.871683125566029671e-01
1.409264945603400065e+03 2.860541384762782524e-01
1.409055695814766977e+03 2.888693260289821318e-01
1.408846568251477720e+03 2.876453868531869129e-01
1.408637440688188462e+03 2.870830827905547222e-01
1.408428435350243262e+03 2.884395759547342397e-01
1.408219430012297835e+03 2.847194979869371867e-01
1.408010546899696237e+03 2.858536015884828307e-01
1.407801663787094640e+03 2.888237500164127503e-01
1.407592902899837100e+03 2.893527617531587715e-01
1.407384142012579332e+03 2.892126377026242312e-01
1.407175503350665394e+03 2.906576006838918480e-01
1.406966986914095287e+03 2.906011961721091663e-01
1.406758470477525179e+03 2.927113264117120472e-01
1.406549954040955299e+03 2.905357531287986461e-01
1.406341559829729022e+03 2.899459944395704758e-01
1.406133410069190404e+03 2.927057668874067931e-01
1.405925015857964127e+03 2.893590191666534084e-01
1.405716866097425509e+03 2.913869376134882172e-01
1.405508716336887119e+03 2.970143495575160997e-01
1.405300688801692331e+03 2.928355825311096394e-01
1.405092661266497544e+03 2.907740978573393198e-01
1.404884755956646586e+03 2.875295280968311884e-01
1.404676850646795629e+03 2.839319960412055588e-01
1.404469189787632331e+03 2.880530391928463607e-01
1.404261406703125203e+03 2.913343679420145049e-01
1.404053623618618303e+03 2.904433185874400469e-01
1.403846084984798836e+03 2.924472368258877464e-01
1.403638546350979368e+03 2.921989559224816846e-01
1.403431129942503730e+03 2.941369533558644833e-01
1.403223591308684263e+03 2.929649931682707931e-01
1.403016297125552455e+03 2.917847578489284333e-01
1.402809125167764478e+03 2.925411287096633117e-01
1.402601830984632670e+03 2.915606939670194464e-01
1.402394659026844693e+03 2.897938760212648845e-01
1.402187487069056942e+03 2.945969343977187793e-01
1.401980559561956625e+03 2.915366586902803370e-01
1.401773632054856307e+03 2.952066999719237805e-01
1.401566704547755990e+03 2.929897077680327366e-01
1.401359777040655672e+03 2.941878843367584651e-01
1.401152971758899184e+03 2.940181951376822922e-01
1.400946288702486527e+03 2.884171475494790582e-01
1.400739727871417699e+03 2.909724843874940681e-01
1.400533167040348872e+03 2.952812518552017651e-01
1.400326606209280044e+03 2.895186992331164610e-01
1.400120167603555046e+03 2.904841954318624353e-01
1.399913851223173879e+03 2.873914184866962485e-01
1.399707412617448881e+03 2.893718077001666833e-01
1.399501218462411543e+03 2.881260333759246839e-01
1.399295024307374206e+03 2.914479135151845646e-01
1.399088952377680698e+03 2.892378194513323675e-01
1.398882758222643361e+03 2.912021665684180749e-01
1.398676808518293683e+03 2.892778214077164622e-01
1.398470981039287835e+03 2.898445113477694512e-01
1.398264909109594328e+03 2.913805303519562684e-01
1.398059203855932310e+03 2.902873985336620333e-01
1.397853376376926462e+03 2.913231619399542227e-01
1.397647671123264445e+03 2.915048164361511707e-01
1.397442210320290087e+03 2.898929246195624532e-01
1.397236627291971899e+03 2.879307150834956031e-01
1.397031044263653712e+03 2.899747165268337090e-01
1.396825461235335524e+03 2.895987736511571042e-01
1.396620367108392657e+03 2.924738156061417182e-01
1.396415028530762129e+03 2.900377674940100570e-01
1.396209689953131601e+03 2.931202231486362275e-01
1.396004595826188734e+03 2.939202693051094495e-01
1.395799501699245866e+03 2.953635617096952992e-01
1.395594407572302998e+03 2.944801978570711909e-01
1.395389435670703961e+03 2.940882185137844163e-01
1.395184463769104923e+03 2.890753707749696422e-01
1.394979614092849488e+03 2.932469879953212843e-01
1.394774886641938110e+03 2.921096270395762695e-01
1.394570159191026733e+03 2.881095735515132872e-01
1.394365431740115355e+03 2.909282637402242910e-01
1.394160704289203977e+03 2.925499345547228902e-01
1.393956343514324089e+03 2.911709256655964917e-01
1.393751860514100372e+03 2.903958231980618421e-01
1.393547377513876654e+03 2.908964761298898360e-01
1.393343016738996539e+03 2.950822552505453222e-01
1.393138778189460481e+03 2.928401083880780575e-01
1.392934539639924424e+03 2.950602204080793878e-01
1.392730423315732196e+03 2.935353222002479723e-01
1.392526306991539968e+03 2.915373711221173059e-01
1.392322190667347741e+03 2.894145962376530878e-01
1.392118318793843173e+03 2.904794020961266598e-01
1.391914324694994548e+03 2.916833031000103937e-01
1.391710452821489980e+03 2.911441892937142728e-01
1.391506580947985412e+03 2.936323547715243287e-01
1.391303075750512335e+03 2.910870772489375091e-01
1.391099326102351597e+03 2.864323430787072411e-01
1.390895698679534462e+03 2.909976177525068208e-01
1.390692193482061384e+03 2.913758588182666087e-01
1.390488688284588306e+03 2.902356586926914117e-01
1.390285305312459059e+03 2.912358264955946519e-01
1.390081922340329811e+03 2.877764331341343129e-01
1.389878661593544166e+03 2.864444192369642317e-01
1.389675400846758748e+03 2.900256895207540264e-01
1.389472384550660990e+03 2.930382370834844208e-01
1.389269246029219403e+03 2.928755313964695461e-01
1.389066107507777588e+03 2.901680667130599467e-01
1.388863091211679830e+03 2.931359115046890396e-01
1.388660197140925902e+03 2.939272709962925667e-01
1.388457425295515804e+03 2.921574441293462443e-01
1.388254653450105479e+03 2.933430380638416546e-01
1.388051881604695382e+03 2.881512683485847881e-01
1.387849231984629114e+03 2.919141381547788461e-01
1.387646704589906676e+03 2.908706001207247427e-01
1.387444054969840181e+03 2.945579129030249654e-01
1.387241649800461573e+03 2.936671384309804678e-01
1.387039244631082965e+03 2.940558929683506628e-01
1.386836839461704130e+03 2.899117460119284284e-01
1.386634556517669353e+03 2.923825106531537932e-01
1.386432395798978405e+03 2.916485918731464011e-01
1.386230112854943400e+03 2.887573176581914036e-01
1.386028074361596282e+03 2.947306523622488239e-01
1.385826035868249164e+03 2.926036672089581958e-01
1.385624119600245649e+03 2.929434817062851470e-01
1.385422203332242361e+03 2.914951155268197813e-01
1.385220287064239074e+03 2.940177050714171125e-01
1.385018493021579388e+03 2.901832098498828838e-01
1.384816698978919931e+03 2.878342052922778227e-01
1.384615149386948133e+03 2.905186693648358909e-01
1.384413477569632278e+03 2.952204657238485241e-01
1.384211927977660480e+03 2.939975906249962523e-01
1.384010378385688682e+03 2.936874568562491961e-01
1.383809073244404317e+03 2.946464569117033250e-01
1.383607645877776349e+03 2.912682586650474637e-01
1.383406340736492211e+03 2.943421543148733166e-01
1.383205035595207846e+03 2.918827875574035446e-01
1.383003974904611368e+03 2.940374835566129108e-01
1.382802914214014663e+03 2.934218344110189891e-01
1.382601731298074355e+03 2.901792866183275921e-01
1.382400792832821708e+03 2.925998534119910732e-01
1.382199854367568832e+03 2.912623116187647021e-01
1.381999038127660015e+03 2.951348080478529146e-01
1.381798221887750969e+03 2.967060751873958346e-01
1.381597405647842152e+03 2.935964673339403475e-01
1.381396711633276936e+03 2.939002914076536688e-01
1.381196017618711949e+03 2.972601626153638654e-01
1.380995568054834393e+03 2.965416506116893558e-01
1.380795118490957066e+03 2.930166423652406094e-01
1.380594668927079738e+03 2.932655349597445560e-01
1.380394219363202183e+03 2.935353478587654497e-01
1.380193892024668685e+03 2.913731531362675486e-01
1.379993686911478790e+03 2.930628184431792738e-01
1.379793481798289122e+03 2.922920305840287503e-01
1.379593276685099227e+03 2.953425663468397522e-01
1.379393193797253389e+03 2.922130099047223761e-01
1.379193355360094984e+03 2.939535374627278430e-01
1.378993394697592976e+03 2.954945543765812310e-01
1.378793434035090741e+03 2.914044435452783355e-01
1.378593595597932563e+03 2.918630039013400679e-01
1.378393757160774157e+03 2.916607317469095961e-01
1.378194040948959810e+03 2.954392411564412679e-01
1.377994446962489064e+03 2.952935917059670290e-01
1.377794852976018547e+03 2.940983222983475920e-01
1.377595381214891631e+03 2.934599772770509207e-01
1.377395909453764943e+03 2.979443308706352100e-01
1.377196559917981858e+03 2.931792919842724499e-01
1.376997210382198773e+03 2.955779015758928652e-01
1.376797860846415915e+03 2.930279371600132965e-01
1.376598633535976660e+03 2.971879574028253312e-01
1.376399406225537632e+03 3.001005187332931867e-01
1.376200423365786037e+03 2.971555819241300522e-01
1.376001318280690839e+03 2.935597236406984334e-01
1.375802335420939244e+03 2.933265995900951051e-01
1.375603352561187648e+03 2.934327858166326242e-01
1.375404491926780111e+03 2.986856455241828634e-01
1.375205875743060005e+03 2.958525342795964019e-01
1.375007137333996297e+03 2.966007021823612311e-01
1.374808398924932362e+03 2.953592674660477924e-01
1.374609782741212257e+03 2.930963580104327115e-01
1.374411166557492379e+03 2.916758008388282697e-01
1.374212794824459934e+03 2.945897633236393975e-01
1.374014300866083886e+03 2.977190708245838202e-01
1.373815929133051441e+03 2.965645190917979845e-01
1.373617557400018995e+03 2.961747429710788193e-01
1.373419307892330608e+03 2.961475216574538383e-01
1.373221180609985822e+03 2.912902933091143787e-01
1.373022931102297207e+03 2.922292850526851393e-01
1.372824926045296479e+03 2.948479439876092734e-01
1.372626920988295524e+03 2.939627081051311430e-01
1.372428915931294569e+03 2.963982942977289592e-01
1.372231155324981501e+03 2.932928880361348467e-01
1.372033272493324375e+03 2.949319749404263891e-01
1.371835511887011080e+03 2.904014455946299922e-01
1.371637629055354182e+03 2.927768237478159952e-01
1.371440112899728547e+03 2.906482668820237758e-01
1.371242596744102912e+03 2.909864693542342229e-01
1.371045080588477504e+03 2.931701125548689113e-01
1.370847564432851868e+03 2.935460071180596153e-01
1.370650048277226233e+03 2.931355256838733547e-01
1.370452654346944655e+03 2.974570412429078381e-01
1.370255504867350510e+03 2.941722588700560470e-01
1.370058233162412535e+03 2.932034044749386448e-01
1.369861083682818389e+03 2.877693591151024299e-01
1.369663934203224471e+03 2.902767308604990437e-01
1.369466906948974156e+03 2.924079552367526702e-01
1.369270001920067671e+03 3.007368950268212715e-01
1.369072852440473525e+03 2.953290998741916473e-01
1.368876069636911097e+03 2.945991151254218621e-01
1.368679286833348442e+03 2.907173992268248797e-01
1.368482504029785787e+03 2.922394101123926835e-01
1.368285843451566961e+03 2.933876880115779961e-01
1.368089182873348364e+03 2.936124908918379406e-01
1.367892522295129538e+03 2.954581719023854358e-01
1.367696106167598373e+03 2.950594435386466596e-01
1.367499567814723378e+03 2.926147461336646716e-01
1.367303151687192212e+03 2.902995338897895738e-01
1.367106980010348934e+03 2.949539715641477100e-01
1.366910563882817769e+03 2.924489340198771492e-01
1.366714392205974264e+03 2.958504929951265017e-01
1.366518098303786928e+03 2.947887749669703683e-01
1.366322048852287253e+03 2.961528831953121887e-01
1.366126121626131635e+03 2.956172859048767365e-01
1.365930072174631960e+03 2.943054265568797456e-01
1.365734144948476114e+03 2.956044833177827180e-01
1.365538217722320269e+03 2.937351055844251158e-01
1.365342412721508254e+03 2.973509139803826029e-01
1.365146852171383898e+03 2.961184318685970429e-01
1.364951047170572110e+03 2.965907225792021595e-01
1.364755486620447755e+03 2.912761084730515204e-01
1.364559803844979569e+03 2.931682639999309004e-01
1.364364365520199044e+03 2.915141529351801819e-01
1.364168927195418519e+03 2.961247699774177122e-01
1.363973488870637993e+03 2.919943176987596645e-01
1.363778172771201298e+03 2.932794038778641088e-01
1.363582856671764603e+03 2.927836449000691399e-01
1.363387662797671965e+03 2.920248732884129228e-01
1.363192468923579099e+03 2.928717523960029379e-01
1.362997397274830064e+03 2.959708808908442790e-01
1.362802447851424859e+03 2.945850020399207736e-01
1.362607253977331993e+03 2.975964798652723786e-01
1.362412426779270618e+03 2.970841672066956152e-01
1.362217599581209242e+03 2.925953657281233911e-01
1.362022894608491697e+03 2.949654597577603954e-01
1.361828067410430322e+03 2.926945535523799435e-01
1.361633362437712776e+03 2.956158529803898372e-01
1.361438657464995231e+03 2.973483558646665137e-01
1.361244074717621515e+03 2.989192770691867507e-01
1.361049614195591857e+03 2.957078245636795000e-01
1.360855275898905802e+03 2.956186697311198319e-01
1.360660815376875917e+03 2.955221947489274914e-01
1.360466477080189861e+03 2.960594477338844288e-01
1.360272138783503806e+03 2.990349507754470060e-01
1.360077800486817750e+03 2.990438258583134057e-01
1.359883828866163185e+03 3.008441106716558400e-01
1.359689735020164790e+03 2.958440405288206843e-01
1.359495641174166394e+03 2.935827975884408025e-01
1.359301669553511829e+03 2.945447506639247703e-01
1.359107697932857263e+03 2.970040212283631686e-01
1.358913848537546528e+03 2.973241396094949418e-01
1.358720121367579623e+03 2.963196850719616027e-01
1.358526271972268887e+03 2.934164388018652425e-01
1.358332544802301982e+03 2.946402621931727972e-01
1.358138939857678906e+03 2.962817719040206077e-01
1.357945334913055831e+03 2.972718477808303228e-01
1.357751852193776585e+03 2.980313573741462663e-01
1.357558369474497340e+03 2.967988872071859463e-01
1.357365008980561925e+03 2.999866767437794346e-01
1.357171648486626509e+03 2.989681220128757588e-01
1.356978287992691094e+03 2.975115353927682560e-01
1.356785049724099281e+03 2.921049617083276151e-01
1.356591933680851525e+03 2.965621225837334896e-01
1.356398817637603770e+03 2.935068090349209902e-01
1.356205823819699845e+03 2.972229358213860917e-01
1.356012707776452089e+03 2.976176281641746968e-01
1.355819836183891994e+03 2.982123353989652448e-01
1.355626842365988068e+03 2.944832880117712604e-01
1.355434215224115633e+03 2.995883361708522874e-01
1.355241343631555537e+03 2.977491171298227157e-01
1.355048594264339272e+03 2.949873340593929805e-01
1.354855967122466836e+03 2.946499540213105561e-01
1.354663339980594401e+03 2.926660914228277344e-01
1.354470957289409398e+03 2.978619836407541133e-01
1.354278452372880793e+03 2.939674686452092289e-01
1.354085947456352187e+03 2.994717696012584862e-01
1.353893564765167412e+03 2.960854571063500362e-01
1.353701182073982636e+03 2.958327440917797868e-01
1.353508921608141691e+03 2.942372317567198414e-01
1.353316905592988405e+03 2.966098543475270688e-01
1.353124767352491290e+03 2.975421385468415281e-01
1.352932629111993947e+03 2.965662511315927397e-01
1.352740613096840661e+03 2.955148519825465669e-01
1.352548597081687376e+03 2.950461744300727496e-01
1.352356703291877920e+03 2.942051260622453035e-01
1.352164931727412295e+03 2.936959152363237124e-01
1.351973160162946670e+03 2.965880074660005583e-01
1.351781388598480817e+03 2.958422222133060830e-01
1.351589617034015191e+03 2.984300773934682738e-01
1.351397967694893396e+03 2.964391498122668223e-01
1.351206318355771600e+03 2.954559246785892213e-01
1.351015035692681295e+03 2.940742406760152861e-01
1.350823508578903102e+03 2.960580136305212551e-01
1.350632103690468966e+03 2.940757299712403738e-01
1.350440821027378661e+03 2.940101964253840072e-01
1.350249538364288355e+03 2.917361732727543622e-01
1.350058255701198050e+03 2.936614550826978642e-01
1.349867217488795177e+03 2.955073110494874644e-01
1.349676057051048701e+03 2.964432559840009529e-01
1.349485018838646056e+03 2.930221420121395526e-01
1.349293980626243410e+03 2.927888867344532464e-01
1.349103064639184367e+03 2.964548601162589336e-01
1.348912148652125552e+03 2.965974727007227307e-01
1.348721354890410566e+03 2.964694869578760605e-01
1.348530683354039411e+03 2.928027258203302896e-01
1.348339889592324198e+03 2.986936425049747657e-01
1.348149218055953042e+03 2.958442502275209773e-01
1.347958668744925717e+03 2.961600249294404907e-01
1.347768119433898391e+03 2.946132386391148716e-01
1.347577692348214669e+03 2.953184807507859277e-01
1.347387143037187343e+03 2.927992366429129634e-01
1.347196838176847677e+03 2.961009456727293765e-01
1.347006533316507785e+03 2.935866385389007127e-01
1.346816228456168119e+03 2.942004074792850532e-01
1.346626045821172283e+03 2.959150636594678474e-01
1.346435985411520278e+03 2.945960904046587281e-01
1.346245925001868045e+03 2.978493373714779513e-01
1.346055864592216039e+03 2.939170527449569414e-01
1.345865926407907864e+03 2.951135539401371077e-01
1.345675988223599461e+03 2.958502874092093782e-01
1.345486050039291285e+03 2.969867849063790310e-01
1.345296356305670770e+03 2.954734432141393752e-01
1.345106540346706197e+03 2.926963677846127765e-01
1.344916846613085681e+03 2.938711643977933163e-01
1.344727275104808996e+03 2.916601647318863844e-01
1.344537581371188253e+03 2.956211846816034772e-01
1.344348132088255397e+03 2.961134617456045448e-01
1.344158560579978484e+03 2.947984000820033090e-01
1.343969355747733289e+03 2.918028561408423927e-01
1.343779906464800433e+03 2.926219796597807066e-01
1.343590579407211180e+03 2.874713971465150397e-01
1.343401374574965985e+03 2.920207583303193744e-01
1.343212169742720789e+03 2.960872786437361848e-01
1.343023087135819196e+03 2.940469624179035124e-01
1.342834004528917831e+03 2.952562621997288361e-01
1.342645044147360068e+03 2.920599188557483905e-01
1.342455961540458702e+03 2.941141031950721407e-01
1.342267123384244996e+03 2.951972659644831465e-01
1.342078285228031064e+03 2.952631338758376356e-01
1.341889447071817358e+03 2.975681580232188983e-01
1.341700731140947255e+03 2.938635359411129744e-01
1.341512137435421209e+03 2.973376914905040969e-01
1.341323543729894936e+03 2.931550440123110723e-01
1.341134950024368891e+03 2.934408659827066335e-01
1.340946356318842845e+03 2.918864095604382092e-01
1.340757884838660402e+03 2.925471215112522283e-01
1.340569535583822017e+03 2.934122341484303176e-01
1.340381186328983404e+03 2.933651988001759747e-01
1.340192959299488848e+03 2.951983291547660704e-01
1.340004732269994065e+03 2.943549761442805779e-01
1.339816505240499509e+03 2.940172522896887797e-01
1.339628400436348556e+03 2.939191994480691017e-01
1.339440295632197831e+03 2.958640980243993912e-01
1.339252190828046878e+03 2.939333684248846557e-01
1.339064330474583812e+03 2.953230485859139054e-01
1.338876470121120519e+03 2.930345067631461853e-01
1.338688487542313624e+03 2.968408500796292926e-01
1.338500749414194161e+03 2.927347982225269041e-01
1.338313011286074925e+03 2.951983983991923743e-01
1.322373115296128844e+03 2.946068823396419956e-01
1.322190143956418751e+03 2.940762145248345671e-01
1.322007172616708885e+03 2.982013524902292212e-01
1.321824201276998792e+03 3.018119460680114829e-01
1.321641474387976359e+03 2.979246799285256708e-01
1.304867757102437736e+03 2.975664751210541081e-01
1.304689797001824672e+03 3.016145436525276557e-01
1.304511959126555212e+03 2.991959164336469579e-01
1.304334121251285978e+03 2.990982986150048095e-01
1.304156283376016745e+03 3.011617508958930878e-01
1.286979222455846639e+03 2.989514842730182642e-01
1.286806518045018265e+03 3.006557574833446100e-01
1.286633691408845834e+03 2.975175822545595983e-01
1.286460986998017233e+03 3.012155102834057074e-01
1.286288282587188633e+03 2.992407818050790702e-01
1.286115700401704089e+03 3.004613819843112155e-01
1.285943118216219318e+03 3.006346048841336827e-01
1.285770536030734547e+03 3.038234117695046144e-01
1.285598076070593606e+03 3.022980016040258122e-01
1.285425616110452665e+03 3.032191860810097839e-01
1.285253400600999612e+03 3.025714233091956751e-01
1.285081062866202501e+03 3.022128230430164986e-01
1.284908725131405390e+03 3.039309477243220536e-01
1.284736509621952109e+03 3.046309062081742347e-01
1.284564294112499056e+03 3.052768434195224367e-01
1.284392200828389605e+03 3.039546563381628208e-01
1.284220107544280154e+03 3.022250832493462713e-01
1.284048014260170703e+03 3.083557411660808878e-01
1.283876043201405082e+03 3.066958941838522912e-01
1.283704072142639689e+03 3.079263681180480772e-01
1.283532223309217898e+03 3.057625233611789284e-01
1.283360374475796107e+03 3.085248170611393226e-01
1.283188525642374316e+03 3.114884393815015029e-01
1.283016799034296355e+03 3.091284504520100951e-01
1.282845072426218394e+03 3.137624801233345195e-01
1.282673590268828320e+03 3.177124495407684934e-01
1.282501985886094189e+03 3.226280894762605933e-01
1.282330381503360059e+03 3.145342765687214048e-01
1.282158899345969758e+03 3.068593998376468734e-01
1.281987539413923287e+03 2.992671064719945595e-01
1.281816057256532986e+03 3.008206622367889382e-01
1.281644697324486515e+03 3.003089233305434314e-01
1.281473337392440271e+03 3.032172721853327868e-01
1.281302099685737630e+03 3.027964473767794651e-01
1.281130861979034989e+03 2.998116531953430863e-01
1.280959624272332348e+03 2.978626357666964708e-01
1.280788631016317368e+03 3.016820379487077930e-01
1.280617515534958557e+03 2.994636776976921100e-01
1.280446400053599746e+03 2.994345470949706933e-01
1.280275529022928595e+03 3.008904571054254462e-01
1.280104535766913841e+03 3.003410219691670657e-01
1.279933786961586520e+03 2.989936428431775317e-01
1.279762915930915369e+03 3.042984800449927141e-01
1.279592167125588048e+03 3.005034219647658711e-01
1.279421418320260727e+03 3.022555985398430178e-01
1.279250791740277236e+03 3.014082706971466519e-01
1.279080042934949915e+03 3.005608334375661772e-01
1.278909538580310254e+03 3.016401877094865291e-01
1.278738912000326764e+03 3.014789351881410617e-01
1.278568529871030933e+03 3.010204174939703492e-01
1.278398025516391272e+03 3.018040814291259588e-01
1.278227643387095441e+03 3.023010109571698245e-01
1.278057261257799837e+03 3.015026587366422817e-01
1.277887001353847836e+03 3.010493770686555326e-01
1.277716741449895835e+03 3.034273601675065990e-01
1.277546481545943834e+03 3.025304673047093384e-01
1.277376343867335663e+03 2.995998432547364310e-01
1.277206206188727492e+03 3.017199821098109358e-01
1.277036312960806981e+03 3.012464316368954065e-01
1.276866297507542640e+03 2.998683175029102643e-01
1.276696282054278299e+03 3.018751904016315213e-01
1.276526388826357788e+03 3.020749479730754361e-01
1.276356617823781107e+03 3.013277918363023722e-01
1.276186724595860596e+03 2.989930173918913803e-01
1.276016953593283915e+03 2.980092921353872382e-01
1.275847182590707234e+03 3.040399915304496381e-01
1.275677533813474383e+03 2.999853259662381699e-01
1.275507885036241532e+03 3.008012073270401321e-01
1.275338236259008681e+03 2.991876874661443808e-01
1.275168831932463490e+03 3.007818314849581842e-01
1.274999183155230639e+03 2.995562321881468093e-01
1.274829778828685448e+03 3.007146001861100149e-01
1.274660374502140257e+03 2.997214061643430627e-01
1.274491092400938896e+03 3.007116853965235426e-01
1.274321688074393705e+03 3.010628333280558344e-01
1.274152528198536174e+03 3.035096038761939674e-01
1.273983368322678643e+03 3.013885835459052531e-01
1.273814208446821112e+03 3.002173184795034477e-01
1.273645170796307411e+03 2.970030988251606829e-01
1.273476133145793710e+03 2.994419394811428936e-01
1.273307217720623839e+03 2.977037714970150462e-01
1.273307095495280009e+03 2.986006721792093255e-01
1.273138180070110138e+03 2.981018602665935768e-01
1.273138057844766308e+03 3.010163709241271413e-01
1.272969386870283870e+03 2.989548127486691964e-01
1.272969264644940040e+03 3.002997182929796338e-01
1.272800471445113999e+03 2.984018630147506901e-01
1.272800349219770169e+03 3.004185631154344116e-01
1.272631556019944128e+03 3.008005561039368558e-01
1.272631433794600298e+03 3.005764318636224286e-01
1.272462640594774257e+03 2.992041713121167401e-01
1.272293969620292046e+03 2.995057756963927509e-01
1.272125298645809835e+03 3.006863444115752126e-01
1.271956627671327624e+03 3.028941373290103267e-01
1.271788078922189243e+03 3.008961700622948543e-01
1.271619530173050862e+03 2.998411644000159582e-01
1.271450981423912481e+03 2.988591678736770563e-01
1.271282554900117930e+03 3.002626902998729030e-01
1.271114128376323379e+03 3.010956821494372715e-01
1.270945824077872430e+03 3.023244495170596680e-01
1.270777519779421709e+03 3.007936843360444201e-01
1.270609215480970988e+03 3.015563287012415494e-01
1.270441155633207927e+03 3.009093481084873511e-01
1.270272973560101036e+03 3.002468413327739061e-01
1.270104791486994145e+03 3.005156641212866075e-01
1.269936731639231084e+03 3.045804331774084051e-01
1.269768794016811853e+03 3.019926826447941748e-01
1.269600734169048565e+03 3.037329190162521009e-01
1.269432796546629334e+03 3.021691225802450864e-01
1.269264981149553932e+03 3.028936288435011837e-01
1.269097165752478531e+03 3.057395307744166790e-01
1.268929350355403130e+03 3.060489559254468972e-01
1.268761534958327729e+03 3.040225741486712319e-01
1.268593964011939988e+03 3.062949054671523785e-01
1.268426270840208190e+03 3.024296527260573186e-01
1.268258577668476619e+03 2.979923314931254841e-01
1.268091128947432708e+03 3.002987724093623134e-01
1.267923558001044967e+03 3.019728520306023678e-01
1.267756109280001056e+03 2.995083686138245160e-01
1.267588660558956917e+03 3.003534863921946685e-01
1.267421456288600666e+03 3.018815050910524378e-01
1.267254007567556755e+03 2.995127702720553065e-01
1.267086681071856674e+03 3.029054621331926933e-01
1.266919476801500423e+03 3.029415075485619169e-01
1.266752272531144172e+03 3.026008080514709930e-01
1.266585190486131523e+03 3.000702564193698518e-01
1.266418230666462932e+03 3.013985092941833255e-01
1.266251148621450511e+03 3.017307443567170400e-01
1.266084188801781920e+03 3.031750249592691238e-01
1.265917228982113102e+03 3.004449114647433361e-01
1.265750269162444511e+03 3.041259059115766772e-01
1.265583431568119749e+03 3.012833085566125058e-01
1.265416593973794988e+03 3.059675305915192656e-01
1.265250000830157660e+03 3.010409201553327363e-01
1.265083163235832899e+03 3.030640441942142882e-01
1.264916447866851968e+03 3.009035208393296967e-01
1.264749854723214867e+03 3.037900092043261391e-01
1.264583261579577766e+03 3.059274837575804984e-01
1.264416790661284267e+03 3.050787464894837431e-01
1.264250319742990996e+03 3.007462449702738572e-01
1.264083848824697725e+03 3.009263131414107173e-01
1.263917500131748056e+03 3.004387276973127241e-01
1.263751151438798615e+03 2.991578232855675590e-01
1.263584802745849174e+03 3.023347014081843587e-01
1.263418576278243563e+03 3.030449752417572751e-01
1.263252349810637725e+03 3.034302953321836860e-01
1.263086245568375944e+03 3.015985679066259251e-01
1.262920019100770332e+03 3.018945858959679041e-01
1.262754037083852154e+03 3.006363203002235251e-01
1.262587932841590373e+03 3.024620670966248759e-01
1.262421950824672422e+03 3.012692408978582259e-01
1.262256091033098301e+03 3.037365686140325871e-01
1.262090231241523952e+03 3.052677498830749792e-01
1.261924371449949831e+03 3.064759424677249156e-01
1.261758511658375710e+03 3.008986795863429764e-01
1.261592896317489021e+03 2.989312899223959819e-01
1.261427280976602560e+03 3.002313194119951567e-01
1.261261543410372269e+03 2.998225023507151143e-01
1.261095928069485581e+03 3.003424931036330903e-01
1.260930434953942950e+03 3.029407698648404756e-01
1.260764941838400318e+03 3.038827600891780278e-01
1.260599448722857460e+03 3.002106403759984832e-01
1.260433955607314829e+03 3.015948720885618384e-01
1.260268584717116028e+03 2.996152352641841543e-01
1.260103336052260829e+03 3.023876341015946378e-01
1.259937965162062028e+03 3.024891212285909514e-01
1.259772838722550659e+03 3.047671488390444328e-01
1.259607590057695688e+03 3.010118700173127215e-01
1.259442463618184547e+03 3.031184883696423360e-01
