# Wavelength, Reflectance
1.644508731091735172e+03 3.883161642394908353e-01
1.643642642224547672e+03 3.989582513326059843e-01
1.642777407849547672e+03 3.883992546656020450e-01
1.641913150037047672e+03 4.005301299222847611e-01
1.641049746716735172e+03 3.911888180151544270e-01
1.640187442029235172e+03 3.838672762240837866e-01
1.639325991833922672e+03 3.911608364169871233e-01
1.638465518201110172e+03 3.898735577566640464e-01
1.637605899060485172e+03 3.851531395366433186e-01
1.636747378552672672e+03 3.899696605656529647e-01
1.635889712537047672e+03 3.732239302622029631e-01
1.635033023083922672e+03 3.761152541574282471e-01
1.634177310193297672e+03 3.767775792872611884e-01
1.633322451794860172e+03 3.781041594755596424e-01
1.632468569958922672e+03 3.660556672004742773e-01
1.631615542615172672e+03 3.643192408736072863e-01
1.630763491833922672e+03 3.577926404595761500e-01
1.629912417615172672e+03 3.511140638607894160e-01
1.629062197888610172e+03 3.576418665587043355e-01
1.628212954724547672e+03 3.470683723217268257e-01
1.627364566052672672e+03 3.554366337720048508e-01
1.626517153943297672e+03 3.466559830348938109e-01
1.625670718396422672e+03 3.552861771897516951e-01
1.624825259412047672e+03 3.520738637572899954e-01
1.623980532849547672e+03 3.557781280893504428e-01
1.623136904919860172e+03 3.521478731355101588e-01
1.622294009412047672e+03 3.436263750696545993e-01
1.621452212537047672e+03 3.451929113996202725e-01
1.620611148083922672e+03 3.510776794216419194e-01
1.619771182263610172e+03 3.423431473290013960e-01
1.618931948865172672e+03 3.465681086032959546e-01
1.618093692029235172e+03 3.440775456935737941e-01
1.617256289685485172e+03 3.466359446945527223e-01
1.616419863904235172e+03 3.381402839169161956e-01
1.615584292615172672e+03 3.405129143153017846e-01
1.614749697888610172e+03 3.364061118530439765e-01
1.613916079724547672e+03 3.464243184972105039e-01
1.613083193982360172e+03 3.461457259010464749e-01
1.612251284802672672e+03 3.396079093924341819e-01
1.611420230115172672e+03 3.444456581395285433e-01
1.610590151990172672e+03 3.438889913288975531e-01
1.609760928357360172e+03 3.343853282754098988e-01
1.608932559216735172e+03 3.425798678731251656e-01
1.608105166638610172e+03 3.384763201399779708e-01
1.607278506482360172e+03 3.344887688925373692e-01
1.606452822888610172e+03 3.389379648493750508e-01
1.605628115857360172e+03 3.391270365787436569e-01
1.604804263318297672e+03 3.339134737297020372e-01
1.603981143201110172e+03 3.352680155095764669e-01
1.603158999646422672e+03 3.371827566051390224e-01
1.602337832654235172e+03 3.305384697653039328e-01
1.601517398083922672e+03 3.409958879184987746e-01
1.600697940076110172e+03 3.287546758395574198e-01
1.599879336560485172e+03 3.349741797699272161e-01
1.599061587537047672e+03 3.344041735982183905e-01
1.598244693005797672e+03 3.350619871638214620e-01
1.597428530896422672e+03 3.406828908559921265e-01
1.596613711560485172e+03 3.340018910583638090e-01
1.595799380505797672e+03 3.300870930854967744e-01
1.594985903943297672e+03 3.348278812553669437e-01
1.594173526013610172e+03 3.344756462356810456e-01
1.593361758435485172e+03 3.342895906082812840e-01
1.592550967419860172e+03 3.345298707455608977e-01
1.591741152966735172e+03 3.352754800252285006e-01
1.590932070935485172e+03 3.377101596267569339e-01
1.590123965466735172e+03 3.356501863289755305e-01
1.589316470349547672e+03 3.314652830621060975e-01
1.588509829724547672e+03 3.306127362532582659e-01
1.587704409802672672e+03 3.311739760545810984e-01
1.586899600232360172e+03 3.278972732723272610e-01
1.586095645154235172e+03 3.322199568319108010e-01
1.585292666638610172e+03 3.287119384539184952e-01
1.584490420544860172e+03 3.404129770887887041e-01
1.583689028943297672e+03 3.317839306395782284e-01
1.582888613904235172e+03 3.339992747192067624e-01
1.582088931287047672e+03 3.293852285699288007e-01
1.581290225232360172e+03 3.332912762680738661e-01
1.580492129529235172e+03 3.307548847284373372e-01
1.579694888318297672e+03 3.317194932179962086e-01
1.578898745740172672e+03 3.362284434320430559e-01
1.578103213513610172e+03 3.412397882681044159e-01
1.577308657849547672e+03 3.332829410392215141e-01
1.576514956677672672e+03 3.328020671501730754e-01
1.575721987927672672e+03 3.373627477783423534e-01
1.574929751599547672e+03 3.352849122139741067e-01
1.574138491833922672e+03 3.342773420990324262e-01
1.573348086560485172e+03 3.381575028672362260e-01
1.572558535779235172e+03 3.328544786036565784e-01
1.571769717419860172e+03 3.342283875020026773e-01
1.570981631482360172e+03 3.361872861155896230e-01
1.570194644177672672e+03 3.378637882673642401e-01
1.569408267224547672e+03 3.294388535238743088e-01
1.568622988904235172e+03 3.321658798041489113e-01
1.567838198865172672e+03 3.267223325459609473e-01
1.567054385388610172e+03 3.323429375486502413e-01
1.566271426404235172e+03 3.297500639028162484e-01
1.565489199841735172e+03 3.325479833840513377e-01
1.564707827771422672e+03 3.311994690065207525e-01
1.563927310193297672e+03 3.322183920327991258e-01
1.563147647107360172e+03 3.324505969014320272e-01
1.562368594372985172e+03 3.338931926523187044e-01
1.561590518201110172e+03 3.272615714700062850e-01
1.560813296521422672e+03 3.261996180564538106e-01
1.560036807263610172e+03 3.314787117004078798e-01
1.559261050427672672e+03 3.281214513871285043e-01
1.558486148083922672e+03 3.281576951177481716e-01
1.557712222302672672e+03 3.241719349405510209e-01
1.556938906872985172e+03 3.298048823103961191e-01
1.556166445935485172e+03 3.260378540999086527e-01
1.555394717419860172e+03 3.265069526457631821e-01
1.554623965466735172e+03 3.267098245943749202e-01
1.553853823865172672e+03 3.248844553854005057e-01
1.553084658826110172e+03 3.272476668202693451e-01
1.553084536755797672e+03 3.278140997814761315e-01
1.552828433240172672e+03 3.313029302590259628e-01
1.552572207654235172e+03 3.263139319354840806e-01
1.552316226208922672e+03 3.277650632362147376e-01
1.552316104138610172e+03 3.286129211573420306e-01
1.552060244763610172e+03 3.274496552062395316e-01
1.551548526013610172e+03 3.267499240098377666e-01
1.550781680310485172e+03 3.279292729803993112e-01
1.550015567029235172e+03 3.274081507847192429e-01
1.549250308240172672e+03 3.295818777238161412e-01
1.548485903943297672e+03 3.276845603733576917e-01
1.547722109997985172e+03 3.257246347844282020e-01
1.546959170544860172e+03 3.283777066252019372e-01
1.546197085583922672e+03 3.301091006965803931e-01
1.545435855115172672e+03 3.273019955256448177e-01
1.544675234997985172e+03 3.288634693951724142e-01
1.543915347302672672e+03 3.262627237554332482e-01
1.543156436169860172e+03 3.280683243386176562e-01
1.542398379529235172e+03 3.271044077452640031e-01
1.541640933240172672e+03 3.251976491016551618e-01
1.540884219372985172e+03 3.297073145335230326e-01
1.540128359997985172e+03 3.304596263819273849e-01
1.539373233044860172e+03 3.273547442733463209e-01
1.538619082654235172e+03 3.275564400547532062e-01
1.537865542615172672e+03 3.226235105752254806e-01
1.537112734997985172e+03 3.283876517411933871e-01
1.536360781872985172e+03 3.296412195190147609e-01
1.535609317029235172e+03 3.283023538810120323e-01
1.534859194958922672e+03 3.273745318827767092e-01
1.534109317029235172e+03 3.254244755169836134e-01
1.533360537732360172e+03 3.287333443578046022e-01
1.532612368787047672e+03 3.265016919105496185e-01
1.531864932263610172e+03 3.277922250538377047e-01
1.531118472302672672e+03 3.279308401614622892e-01
1.530372622693297672e+03 3.288027903537203978e-01
1.529627505505797672e+03 3.228924365029611776e-01
1.528883120740172672e+03 3.267355213838386563e-01
1.528139590466735172e+03 3.273276844558989929e-01
1.527396548474547672e+03 3.251241681196329614e-01
1.526654727185485172e+03 3.277723665009981135e-01
1.525913272107360172e+03 3.247482962917892513e-01
1.525172915662047672e+03 3.245328711883785355e-01
1.524433047497985172e+03 3.228646311724542306e-01
1.523694033826110172e+03 3.272292301561242622e-01
1.522955752576110172e+03 3.299709910942026925e-01
1.522218325818297672e+03 3.222415255069595030e-01
1.521481509412047672e+03 3.265041793220144761e-01
1.520745425427672672e+03 3.233145435637114207e-01
1.520010073865172672e+03 3.263040708848901073e-01
1.519275576794860172e+03 3.224920246768038790e-01
1.518541690076110172e+03 3.250748745937976358e-01
1.517808535779235172e+03 3.263590956599234372e-01
1.517076480115172672e+03 3.241010249831303702e-01
1.516344912732360172e+03 3.187401153219793226e-01
1.515613955701110172e+03 3.255787627548903940e-01
1.515370669568297672e+03 3.204185584986938284e-01
1.515127383435485172e+03 3.239239869517387405e-01
1.514883975232360172e+03 3.209285517493235540e-01
1.514883853162047672e+03 3.211839182269363158e-01
1.514640811169860172e+03 3.228546265016808969e-01
1.514397769177672672e+03 3.192794731507530570e-01
1.514154483044860172e+03 3.245021946753128272e-01
1.513425845349547672e+03 3.259558893612277686e-01
1.512697940076110172e+03 3.251451022726297158e-01
1.511970767224547672e+03 3.205191143035432400e-01
1.511244448865172672e+03 3.284652829206783919e-01
1.510518740857360172e+03 3.263287388201134287e-01
1.509793765271422672e+03 3.237388523336444668e-01
1.509069522107360172e+03 3.318838753172339007e-01
1.508346011365172672e+03 3.280140980664407180e-01
1.507623233044860172e+03 3.289470274725861398e-01
1.506901187146422672e+03 3.273893014472311069e-01
1.506179873669860172e+03 3.319920906943232275e-01
1.505459292615172672e+03 3.313788813537079103e-01
1.504739566052672672e+03 3.304023280793843553e-01
1.504020327771422672e+03 3.249527089194033658e-01
1.503301943982360172e+03 3.317071135384599412e-01
1.502583544210705668e+03 3.186688049516910870e-01
1.501865780989840005e+03 3.268828213339544653e-01
1.501148873121808492e+03 3.267823703766625232e-01
1.500432576220086730e+03 3.271522427856344839e-01
1.499717012477936805e+03 3.215620784251159714e-01
1.499002181895358945e+03 3.250958478100517968e-01
1.498287962279090834e+03 3.270878183369505532e-01
1.497574598015656420e+03 3.250388884147097923e-01
1.496861844718532211e+03 3.287004777284031620e-01
1.496149946774241698e+03 3.270486714963215524e-01
1.495438659796260936e+03 3.247903612830004283e-01
1.494728105977852238e+03 3.245368449920989495e-01
1.494018163125753517e+03 3.233048443448807152e-01
1.493309075626488493e+03 3.272723232104819413e-01
1.492600599093533447e+03 3.263835495529988640e-01
1.491892855720150237e+03 3.286286340491242353e-01
1.491185845506338865e+03 3.242861297125236297e-01
1.490479446258837470e+03 3.240301717829004446e-01
1.489773780170907912e+03 3.289745711973497411e-01
1.489068847242550191e+03 3.289560054007380496e-01
1.488364647473764308e+03 3.226857434580557293e-01
1.487661058671288401e+03 3.178325149731359711e-01
1.486958203028384332e+03 3.274768262778005035e-01
1.486255958351790241e+03 3.254843383430593984e-01
1.485554569028030073e+03 3.244893504283908880e-01
1.484853790670579656e+03 3.241031535582806766e-01
1.484153745472701075e+03 3.228043287409901319e-01
1.483454311241132473e+03 3.249124009873259333e-01
1.482755732362397566e+03 3.184170967934459306e-01
1.482057642256710778e+03 3.228876888748504759e-01
1.481360407503857914e+03 3.252740570768786754e-01
1.480663783717314800e+03 3.252360398780189676e-01
1.479967770897081436e+03 3.263187653684188616e-01
1.479272613429682224e+03 3.254722968097673030e-01
1.478577944735330675e+03 3.221564543033507144e-01
1.477884131393813050e+03 3.271693828953304295e-01
1.477190929018605402e+03 3.226539728479356772e-01
1.476498459802969592e+03 3.252366379414187159e-01
1.475806601553643759e+03 3.236602950837168535e-01
1.475115476463889763e+03 3.192312759715000281e-01
1.474424962340445518e+03 3.312649022273653210e-01
1.473735181376573337e+03 3.273745211319019077e-01
1.473046011379010906e+03 3.291633152917073923e-01
1.472357574541020313e+03 3.194498157313768738e-01
1.471669870862601783e+03 3.196036227646300576e-01
1.470982778150493004e+03 3.185622908561642208e-01
1.470296418597956063e+03 3.174597700314514270e-01
1.469610670011729098e+03 3.195104695448773291e-01
1.468925532391812112e+03 3.217177583111260342e-01
1.468241127931466963e+03 3.228421135699139355e-01
1.467557456630693650e+03 3.212120903064297761e-01
1.466874396296230088e+03 3.245514704253007476e-01
1.466191946928076732e+03 3.220424328728383467e-01
1.465510230719494984e+03 3.125974327248051132e-01
1.464829125477223215e+03 3.236784021976885639e-01
1.464148753394523510e+03 3.236375989523319618e-01
1.463468992278133328e+03 3.250265336378245218e-01
1.462789964321315210e+03 3.222612608148086588e-01
1.462111547330807070e+03 3.250142059017858132e-01
1.461433741306608681e+03 3.202368727808747595e-01
1.460756546248720269e+03 3.208233681950946603e-01
1.460080206543665781e+03 3.178556512301209946e-01
1.459404355611659184e+03 3.211867292244295347e-01
1.458729237839224425e+03 3.181494130905154205e-01
1.458054731033099415e+03 3.224044000749895500e-01
1.457380957386546470e+03 3.223283488329858337e-01
1.456707794706303275e+03 3.215534862852013620e-01
1.456035242992370058e+03 3.214753410086817476e-01
1.455363424438008906e+03 3.172609948326879370e-01
1.454692216849957276e+03 3.168596591151413566e-01
1.454021620228215852e+03 3.247093746405099179e-01
1.453351634572784178e+03 3.218758606626604957e-01
1.452682504270186428e+03 3.238668435869511142e-01
1.452013862740636569e+03 3.237433630319299094e-01
1.451345832177396460e+03 3.217457724699697708e-01
1.450678534773728416e+03 3.245108021545750066e-01
1.450011848336370122e+03 3.182649808305324513e-01
1.449345772865321806e+03 3.242057279329699226e-01
1.448680430553845326e+03 3.242494137853668690e-01
1.448015699208678825e+03 3.236681883872288279e-01
1.447351456636560215e+03 3.302902144357449110e-01
1.446688069417275528e+03 3.259608509818459066e-01
1.446025170971038506e+03 3.276925109974270223e-01
1.445363127877635634e+03 3.235271770467410546e-01
1.444701451364018567e+03 3.269534969429281901e-01
1.444040508009973337e+03 3.236628690844548517e-01
1.443380297815499944e+03 3.260851291778387173e-01
1.442720576394074669e+03 3.263263683820960548e-01
1.442061588132221004e+03 3.245380436980991323e-01
1.441403210836677545e+03 3.242889588836077031e-01
1.440745444507443835e+03 3.240297264766106577e-01
1.440088166951258017e+03 3.186875681960774087e-01
1.439431866941167982e+03 3.216421854201143571e-01
1.439431744747905896e+03 3.219195852322176421e-01
1.439213141002225257e+03 3.216223643793089115e-01
1.438994415063282531e+03 3.218885235744645690e-01
1.438775933510863979e+03 3.218932744144806790e-01
1.438775811317601892e+03 3.262762843487929110e-01
1.438557329765183113e+03 3.220242598397082268e-01
1.438338970406026419e+03 3.207950230416652948e-01
1.438120733240131585e+03 3.235492055230450581e-01
1.438120611046869726e+03 3.262239785311620843e-01
1.437902373880974892e+03 3.265591397146616615e-01
1.437684258908342144e+03 3.217750321080301013e-01
1.437466143935709397e+03 3.194523580112287320e-01
1.437466021742447538e+03 3.228890292425354858e-01
1.437247784576552704e+03 3.218849072842640546e-01
1.437029913990443902e+03 3.233615998018020687e-01
1.436812165597596959e+03 3.223802936135238828e-01
1.436812043404335100e+03 3.229109147802080582e-01
1.436594172818226298e+03 3.240778938018822886e-01
1.436376302232117496e+03 3.217557754750439702e-01
1.436158676032532640e+03 3.224047657661756605e-01
1.435941049832947783e+03 3.230034291026685489e-01
1.435723423633362927e+03 3.187060310472347724e-01
1.435505919627039930e+03 3.208263958141280847e-01
1.435288537813979019e+03 3.253020534761507099e-01
1.435071156000918108e+03 3.247175788013034192e-01
1.434853774187857198e+03 3.232865994345155980e-01
1.434636636761320233e+03 3.212655937268340534e-01
1.434419377141521409e+03 3.252132332324681463e-01
1.434202239714984444e+03 3.288909367371895542e-01
1.433985224481709565e+03 3.276153494836953062e-01
1.433768331441696546e+03 3.268666674132227334e-01
1.433551438401683527e+03 3.259119321077673659e-01
1.433334545361670507e+03 3.281177429354342201e-01
1.433117896708181433e+03 3.234653405586624397e-01
1.432901125861430501e+03 3.250984348077309294e-01
1.432684477207941427e+03 3.240306322065524824e-01
1.432467950747714440e+03 3.238305546048659833e-01
1.432251546480749312e+03 3.222624240095202097e-01
1.432035142213784411e+03 3.257207994283629060e-01
1.431818737946819283e+03 3.257836992325239267e-01
1.431602455873116241e+03 3.289541097389169777e-01
1.431386295992675059e+03 3.196215184981645585e-01
1.431170136112233877e+03 3.080688357954476375e-01
1.430954098425054781e+03 3.041467132455218936e-01
1.430738182931137771e+03 3.095070341058613339e-01
1.430522145243958676e+03 3.164938780023776599e-01
1.430306229750041439e+03 3.254516351877370095e-01
1.430090314256124202e+03 3.239972124773203843e-01
1.429874765341992997e+03 3.211412550492782625e-01
1.429659094234599934e+03 3.186943625597268293e-01
1.429443545320468729e+03 3.197331774289979278e-01
1.429228118599599384e+03 3.229250559128741260e-01
1.429012569685468179e+03 3.203421784966556385e-01
1.428797142964599061e+03 3.200097533224509072e-01
1.428581838436991802e+03 3.185604719891153014e-01
1.428366656102646402e+03 3.207446958149376970e-01
1.428151473768301230e+03 3.237039743900358424e-01
1.427936291433955830e+03 3.250116868470119824e-01
1.427721231292872517e+03 3.265917242765453699e-01
1.427506415538313377e+03 3.264444046685681111e-01
1.427291355397230063e+03 3.279585147866172501e-01
1.427076539642670696e+03 3.259298928402114548e-01
1.426861846081373187e+03 3.263788791447542748e-01
1.426647152520075906e+03 3.299992046938032830e-01
1.426432458958778625e+03 3.291905874778114360e-01
1.426217887590743203e+03 3.284187856591709309e-01
1.426003438415969867e+03 3.252831722884085286e-01
1.425788989241196305e+03 3.230848503469686550e-01
1.425574662259685056e+03 3.250048072202108562e-01
1.425360335278173579e+03 3.214061804777526010e-01
1.425146130489924190e+03 3.203591761730515963e-01
1.424931925701674572e+03 3.217804431648201291e-01
1.424717843106687269e+03 3.249066609577930254e-01
1.424503638318437879e+03 3.256788186453251077e-01
1.424289922303236153e+03 3.216575869053976411e-01
1.424075961901510709e+03 3.206075191367753208e-01
1.423862123693047351e+03 3.172982174949029455e-01
1.423648407677845626e+03 3.175066173056856345e-01
1.423434691662644127e+03 3.179050025410048996e-01
1.423221097840704715e+03 3.249267248396103813e-01
1.423007381825503217e+03 3.238128791295479814e-01
1.422794154583349609e+03 3.203826931283359492e-01
1.422580682954672056e+03 3.175753597242855220e-01
1.422367333519256363e+03 3.195287864025613267e-01
1.422153984083840896e+03 3.221794054143263808e-01
1.421940879034949148e+03 3.264431872578600347e-01
1.421727651792795541e+03 3.238685986098018832e-01
1.421514546743904020e+03 3.241835098621175248e-01
1.421301441695012272e+03 3.197628092869146954e-01
1.421088581032644697e+03 3.163825020096087681e-01
1.420875720370276895e+03 3.172770446777526399e-01
1.420662859707909320e+03 3.174507463050491585e-01
1.420450243432065690e+03 3.234000523458790965e-01
1.420237382769697888e+03 3.226471094457507571e-01
1.420024888687116118e+03 3.235064458263376963e-01
1.419812272411272488e+03 3.234734295996813946e-01
1.419599900521952804e+03 3.242576776760256463e-01
1.419387406439371034e+03 3.234670712448232677e-01
1.419175034550051123e+03 3.186259572447813770e-01
1.418962784853993526e+03 3.219454854793740162e-01
1.418750657351197560e+03 3.213531788860604643e-01
1.418538529848401822e+03 3.218632240880640594e-01
1.418326402345606084e+03 3.192436514338516385e-01
1.418114274842810346e+03 3.218965192365407790e-01
1.417902513919800413e+03 3.229456165805665857e-01
1.417690508610266534e+03 3.186235565580618490e-01
1.417478625493994741e+03 3.194231445344724030e-01
1.417266986764246894e+03 3.193215133898466562e-01
1.417055348034499048e+03 3.183695011889535187e-01
1.416843709304751201e+03 3.227128242240059897e-01
1.416632070575003354e+03 3.279798568574395778e-01
1.416420676231779225e+03 3.213081587645981729e-01
1.416209281888555324e+03 3.236947110065022115e-01
1.415997887545331423e+03 3.201324012432150701e-01
1.415786615395369608e+03 3.196375519583402047e-01
1.415575343245407566e+03 3.215906941147362863e-01
1.415364315481969697e+03 3.210695486241224028e-01
1.415153165525269742e+03 3.216496694348452423e-01
1.414942137761831646e+03 3.250704899803041892e-01
1.414731109998393777e+03 3.231209014217316100e-01
1.414520326621479626e+03 3.236803632477923132e-01
1.414309543244565702e+03 3.218699557261895938e-01
1.414098759867651552e+03 3.213316660730906604e-01
1.413888098683999488e+03 3.199839450859934820e-01
1.413677559693609510e+03 3.217027107460745938e-01
1.413466898509957446e+03 3.194954851061879708e-01
1.413256237326305381e+03 3.218930115099017386e-01
1.413046064915701209e+03 3.216883229835051927e-01
1.412835648118573090e+03 3.211747891851951531e-01
1.412625353514707058e+03 3.227598347790631705e-01
1.412415058910841026e+03 3.195362020150534499e-01
1.412205008693498712e+03 3.250724571559414078e-01
1.411994958476156626e+03 3.275706759859705608e-01
1.411784908258814539e+03 3.261235873386817419e-01
1.411574858041472453e+03 3.235261579110434993e-01
1.411365052210654085e+03 3.207720256418756244e-01
1.411155246379835944e+03 3.205015698532379664e-01
1.410945440549017803e+03 3.263802776889545565e-01
1.410735634718199663e+03 3.216816783285847414e-01
1.410526073273905467e+03 3.189861837014533741e-01
1.410316511829611045e+03 3.230326157770579965e-01
1.410107072578578936e+03 3.222940156064265094e-01
1.409897511134284741e+03 3.219940322272738520e-01
1.409688316269776351e+03 3.233059312966869436e-01
1.409478877018744015e+03 3.206826757526926031e-01
1.409269682154235852e+03 3.165984906308323965e-01
1.409060487289727462e+03 3.202800779512312013e-01
1.408851414618481158e+03 3.203273559130914161e-01
1.408642341947234854e+03 3.195642622640645358e-01
1.408433391469250637e+03 3.187511326561874858e-01
1.408224440991266192e+03 3.211837760637041295e-01
1.408015612706543834e+03 3.186207708740997901e-01
1.407806784421821476e+03 3.186425878978858539e-01
1.407598078330361204e+03 3.163665195192847390e-01
1.407389372238900705e+03 3.191947621435188842e-01
1.407180788340702293e+03 3.206861931673667954e-01
1.406972326635765967e+03 3.212106357352886854e-01
1.406763864930829413e+03 3.237131570574128814e-01
1.406555403225893087e+03 3.240245617746518314e-01
1.406347063714218621e+03 3.251085656877716334e-01
1.406138968589068099e+03 3.206238853164476987e-01
1.405930629077393633e+03 3.213227906172153592e-01
1.405722533952243111e+03 3.229331969809057234e-01
1.405514438827092818e+03 3.264966665810608570e-01
1.405306465895204155e+03 3.281308698054300477e-01
1.405098492963315721e+03 3.257956751924580008e-01
1.404890642224689145e+03 3.261874532444943853e-01
1.404682791486062570e+03 3.231772334059683782e-01
1.404475185133960167e+03 3.223476013668167828e-01
1.404267456588595451e+03 3.232032033144659477e-01
1.404059728043230962e+03 3.225573984731189836e-01
1.403852243884390418e+03 3.209091287606524179e-01
1.403644759725549875e+03 3.259531848443842361e-01
1.403437397759971191e+03 3.254708316927536482e-01
1.403229913601130647e+03 3.262354647529874807e-01
1.403022673828814050e+03 3.247351076028167638e-01
1.402815556249759311e+03 3.214998785404314385e-01
1.402608316477442713e+03 3.242257506642088338e-01
1.402401198898387975e+03 3.273760339783694517e-01
1.402194081319333463e+03 3.237851559719526207e-01
1.401987208126802670e+03 3.286065545398434429e-01
1.401780334934272105e+03 3.286749840232114361e-01
1.401573461741741312e+03 3.220634645065202917e-01
1.401366588549210746e+03 3.229013683682391833e-01
1.401159837549942040e+03 3.250404091000972939e-01
1.400953208743935193e+03 3.227827338773363031e-01
1.400746702131190432e+03 3.241092190748349200e-01
1.400540195518445671e+03 3.240418401904909818e-01
1.400333688905700910e+03 3.254784842527226885e-01
1.400127304486218236e+03 3.211186642049858042e-01
1.399921042259997421e+03 3.259495440699516355e-01
1.399714657840514519e+03 3.201458879308809458e-01
1.399508517807555791e+03 3.209819538083827362e-01
1.399302377774597062e+03 3.171438594110533860e-01
1.399096359934900192e+03 3.232638758372778920e-01
1.398890219901941236e+03 3.239902374588681799e-01
1.398684324255506453e+03 3.244391282038545099e-01
1.398478550802333530e+03 3.235194355496961993e-01
1.398272532962636660e+03 3.189471301776258816e-01
1.398066881702725823e+03 3.234949334666574194e-01
1.397861108249552899e+03 3.213415926904408249e-01
1.397655456989642062e+03 3.254517031762764190e-01
1.397450050116255170e+03 3.198447969137825364e-01
1.397244521049606192e+03 3.216029777123020073e-01
1.397038991982957214e+03 3.223030590270394291e-01
1.396833462916308235e+03 3.225021134293635239e-01
1.396628422622707376e+03 3.226566371439829606e-01
1.396423137942582343e+03 3.253267967506881519e-01
1.396217853262457311e+03 3.239106332351638917e-01
1.396012812968856451e+03 3.240362816791381717e-01
1.395807772675255364e+03 3.236031964560900365e-01
1.395602732381654505e+03 3.268123612592728766e-01
1.395397814281315277e+03 3.243789723136855652e-01
1.395192896180976277e+03 3.246813989609537154e-01
1.394988100273899363e+03 3.221814578410260310e-01
1.394783426560084308e+03 3.235473617685197256e-01
1.394578752846269253e+03 3.212347266159867876e-01
1.394374079132454199e+03 3.218265363168684168e-01
1.394169405418638917e+03 3.251425386316871280e-01
1.393965098284609894e+03 3.259049311947385674e-01
1.393760668957318785e+03 3.228752595510815948e-01
1.393556239630027676e+03 3.248665686259011864e-01
1.393351932495998653e+03 3.242011789423073775e-01
1.393147747555231490e+03 3.266080722685307802e-01
1.392943562614464327e+03 3.256710158752353923e-01
1.392739499866959022e+03 3.246566280046370156e-01
1.392535437119453945e+03 3.218726258339270063e-01
1.392331374371948641e+03 3.223970224195645828e-01
1.392127556010967510e+03 3.221288199634328442e-01
1.391923615456724292e+03 3.193744884794776917e-01
1.391719797095743161e+03 3.244922428259524039e-01
1.391515978734761802e+03 3.253665792103690446e-01
1.391312526953566703e+03 3.232464934929426548e-01
1.391108830785847431e+03 3.218947136447951052e-01
1.390905256811390018e+03 3.169730367777510160e-01
1.390701805030194919e+03 3.202053817673866654e-01
1.390498353248999592e+03 3.256598004008985914e-01
1.390295023661066352e+03 3.250071652740071926e-01
1.390091694073132885e+03 3.243952736377483936e-01
1.389888486678461732e+03 3.196349514344572484e-01
1.389685279283790351e+03 3.229039114047673742e-01
1.389482316275642916e+03 3.234453893350515141e-01
1.389279231074233621e+03 3.242460324803349003e-01
1.389076145872824327e+03 3.254115686374705607e-01
1.388873182864676892e+03 3.240149000171503313e-01
1.388670342049791543e+03 3.283040268761607261e-01
1.388467623428168281e+03 3.245573736773184614e-01
1.388264904806544791e+03 3.230836411072070535e-01
1.388062186184921302e+03 3.218168553515615149e-01
1.387859589756559899e+03 3.179810863382964703e-01
1.387657115521460582e+03 3.228294285167802591e-01
1.387454519093099179e+03 3.201901291585807496e-01
1.387252167051261722e+03 3.234932964118055754e-01
1.387049815009424265e+03 3.236360690777369542e-01
1.386847462967586580e+03 3.230988087568627543e-01
1.386645233119011209e+03 3.220535545347377182e-01
1.386443125463697697e+03 3.229279621283761004e-01
1.386240895615122326e+03 3.219349657120412767e-01
1.386038910153070674e+03 3.238968652998218123e-01
1.385836924691019249e+03 3.278442575284056248e-01
1.385635061422229683e+03 3.303377744708632102e-01
1.385433198153440117e+03 3.273713056249504261e-01
1.385231334884650551e+03 3.235561986113110189e-01
1.385029593809122844e+03 3.220618880240855297e-01
1.384827852733595364e+03 3.193580691130227245e-01
1.384626356044591830e+03 3.258229993976384242e-01
1.384424737162326210e+03 3.232413480063625610e-01
1.384223240473322676e+03 3.282585119795868867e-01
1.384021743784318915e+03 3.255011785948896952e-01
1.383820491481839326e+03 3.277318793399330299e-01
1.383619116986097652e+03 3.245156269241419866e-01
1.383417864683618063e+03 3.266368023355390449e-01
1.383216612381138475e+03 3.293025125405046327e-01
1.383015604465182605e+03 3.243609153602902140e-01
1.382814596549226962e+03 3.232677426401964205e-01
1.382613466440009233e+03 3.232819411793780295e-01
1.382412580717315677e+03 3.241976237360352786e-01
1.382211694994621894e+03 3.258273654201510605e-01
1.382010931465190197e+03 3.267337371257906242e-01
1.381810167935758500e+03 3.200900634025612423e-01
1.381609404406326576e+03 3.223941050852211498e-01
1.381408763070156965e+03 3.296767640647788045e-01
1.381208121733987127e+03 3.311388650020326008e-01
1.381007724784341463e+03 3.266165443723706985e-01
1.380807327834695570e+03 3.245116056965927642e-01
1.380606930885049678e+03 3.257561536087975607e-01
1.380406533935404013e+03 3.220320711583247730e-01
1.380206259179020208e+03 3.255631664575536210e-01
1.380006106615898261e+03 3.240267894492325773e-01
1.379805954052776542e+03 3.259041168875833061e-01
1.379605801489654596e+03 3.238124306716522738e-01
1.379405771119794736e+03 3.247926421244892725e-01
1.379205985136458821e+03 3.293234079831424133e-01
1.379006076959861048e+03 3.256713715280536436e-01
1.378806168783263047e+03 3.260463204945537874e-01
1.378606382799927133e+03 3.263409637212828507e-01
1.378406596816591218e+03 3.252091264668978132e-01
1.378206933026517390e+03 3.223985667284481327e-01
1.378007391429705422e+03 3.276454230969693682e-01
1.377807849832893453e+03 3.245951012931206914e-01
1.377608430429343571e+03 3.246499854887571201e-01
1.377409011025793689e+03 3.300223485915191324e-01
1.377209713815505665e+03 3.262261870511670159e-01
1.377010416605217642e+03 3.267054255020551135e-01
1.376811119394929619e+03 3.278574038008734703e-01
1.376611944377903683e+03 3.314031016517964834e-01
1.376412769360877519e+03 3.327132123508818040e-01
1.376213838730375528e+03 3.289975154751968445e-01
1.376014785906611451e+03 3.262936132321808125e-01
1.375815855276109460e+03 3.234098138779337717e-01
1.375616924645607469e+03 3.259026024696574653e-01
1.375418116208367337e+03 3.260611034553631549e-01
1.375219552157651378e+03 3.307321501256123009e-01
1.375020865913673106e+03 3.270135867213672110e-01
1.374822179669695061e+03 3.259464137432392938e-01
1.374623615618978874e+03 3.210318085316250514e-01
1.374425051568262916e+03 3.246556220471614740e-01
1.374226731904070675e+03 3.256210794769537897e-01
1.374028290046616576e+03 3.239271426297352097e-01
1.373829970382424335e+03 3.262382402521395441e-01
1.373631650718232322e+03 3.285474868784779012e-01
1.373433453247302168e+03 3.260033969670789733e-01
1.373235377969633873e+03 3.257039079908607415e-01
1.373037180498703719e+03 3.256822160980986092e-01
1.372839227414297511e+03 3.232429866843516963e-01
1.372641274329891303e+03 3.256238353056661872e-01
1.372443321245485095e+03 3.264102800231358792e-01
1.372245612547602832e+03 3.247632752943180878e-01
1.372047781656458710e+03 3.242344011497493850e-01
1.371850072958576447e+03 3.253911291636027436e-01
1.371652242067432098e+03 3.241166628404831829e-01
1.371454777756073781e+03 3.204687927904962819e-01
1.371257313444715464e+03 3.245491379209374250e-01
1.371059849133357147e+03 3.247098717350316299e-01
1.370862384821998830e+03 3.258453703095272602e-01
1.370664920510640513e+03 3.245034537957112164e-01
1.370467578392544283e+03 3.280012773032037754e-01
1.370270480660971998e+03 3.269739927588012351e-01
1.370073260736137627e+03 3.259555958974865164e-01
1.369876163004565342e+03 3.202751634432329242e-01
1.369679065272992830e+03 3.195332871549066978e-01
1.369482089734682404e+03 3.244510409669806306e-01
1.369285236389634065e+03 3.268160267541855846e-01
1.369088138658061780e+03 3.309161865450175322e-01
1.368891407506275300e+03 3.288476698691390476e-01
1.368694676354488820e+03 3.225227916004104745e-01
1.368497945202702567e+03 3.277374493277522283e-01
1.368301336244177946e+03 3.246229950364847294e-01
1.368104727285653553e+03 3.283526482902307531e-01
1.367908118327129159e+03 3.270257982439501165e-01
1.367711753755128711e+03 3.271971275488797515e-01
1.367515266989866177e+03 3.282708594474182395e-01
1.367318902417865729e+03 3.271713660654744782e-01
1.367122782232389227e+03 3.231142646866440038e-01
1.366926417660388779e+03 3.266915477148963909e-01
1.366730297474912049e+03 3.243759891803447148e-01
1.366534055096173688e+03 3.240152896329374643e-01
1.366338057103959045e+03 3.268967426799652132e-01
1.366142181305006488e+03 3.318152858246234960e-01
1.365946183312792073e+03 3.248007062937549039e-01
1.365750307513839516e+03 3.271113920154290478e-01
1.365554431714886960e+03 3.249191415318100074e-01
1.365358678109196262e+03 3.280899101507084858e-01
1.365163168890029738e+03 3.266090654659373205e-01
1.364967415284339040e+03 3.261228189841267056e-01
1.364771906065172516e+03 3.250446610119161472e-01
1.364576274652743905e+03 3.229380480553127319e-01
1.364380887626839240e+03 3.251713418745889039e-01
1.364185500600934574e+03 3.260931669309419245e-01
1.363990113575029909e+03 3.248218479357726785e-01
1.363794848742387103e+03 3.226978591271320029e-01
1.363599583909744524e+03 3.202832168774519261e-01
1.363404441270363805e+03 3.243099323680480595e-01
1.363209298630983085e+03 3.262615731058451929e-01
1.363014278184864452e+03 3.274674093878838232e-01
1.362819379932007678e+03 3.265237119774391794e-01
1.362624237292626958e+03 3.257657490015198887e-01
1.362429461233032271e+03 3.234320849444106138e-01
1.362234685173437356e+03 3.255440427883202203e-01
1.362040031307104755e+03 3.244046893837401191e-01
1.361845255247509840e+03 3.270079575515700832e-01
1.361650601381177239e+03 3.277338017234253109e-01
1.361455947514844411e+03 3.260353751022355695e-01
1.361261415841773442e+03 3.286698065245076128e-01
1.361067006361964786e+03 3.294500087334260030e-01
1.360872719075417990e+03 3.296829005886374730e-01
1.360678309595609107e+03 3.332903659759057780e-01
1.360484022309062311e+03 3.276012660728981341e-01
1.360289735022515288e+03 3.279085950846900022e-01
1.360095447735968492e+03 3.297719585800038544e-01
1.359901527029207728e+03 3.317052493843301586e-01
1.359707484129184877e+03 3.311381768676145976e-01
1.359513441229161799e+03 3.304333272796669552e-01
1.359319520522401035e+03 3.279702734106232365e-01
1.359125599815640044e+03 3.264375994178209672e-01
1.358931801302141139e+03 3.270201443775702099e-01
1.358738124981904321e+03 3.257971567326082840e-01
1.358544326468405188e+03 3.236116776085628532e-01
1.358350650148168370e+03 3.268095369061824740e-01
1.358157096021193411e+03 3.284322176542205374e-01
1.357963541894218451e+03 3.311571003059223250e-01
1.357770109960505351e+03 3.289809271756058973e-01
1.357576678026792479e+03 3.298391932067418209e-01
1.357383368286341465e+03 3.288041603166443339e-01
1.357190058545890452e+03 3.311636802688691095e-01
1.356996748805439438e+03 3.289277071582616396e-01
1.356803561258250284e+03 3.265412352231007453e-01
1.356610495904323443e+03 3.234799591817216768e-01
1.356417430550396375e+03 3.294677493601878004e-01
1.356224487389731166e+03 3.288068389272247871e-01
1.356031422035804098e+03 3.292735739544284668e-01
1.355838601068400976e+03 3.291436100002768650e-01
1.355645657907735995e+03 3.283451697919697598e-01
1.355453081326856818e+03 3.297342317115702359e-01
1.355260260359453696e+03 3.312268919892228380e-01
1.355067561585312660e+03 3.278025900225680078e-01
1.354874985004433483e+03 3.255878133436009292e-01
1.354682408423554307e+03 3.247717999622893870e-01
1.354490076229199303e+03 3.244629156992164809e-01
1.354297621841581986e+03 3.291496081457187528e-01
1.354105167453964896e+03 3.293858757389528935e-01
1.353912835259609665e+03 3.269033338785156118e-01
1.353720503065254661e+03 3.268830613707802146e-01
1.353528293064161289e+03 3.267562290813976755e-01
1.353336327449592090e+03 3.252655259932809018e-01
1.353144239641761033e+03 3.268898958906438224e-01
1.352952151833929747e+03 3.233451681438870295e-01
1.352760186219360548e+03 3.300563470259521570e-01
1.352568220604791350e+03 3.256704678088278571e-01
1.352376377183484010e+03 3.265458312875675895e-01
1.352184655955438757e+03 3.284783291585829379e-01
1.351992934727393504e+03 3.292294188747317274e-01
1.351801213499348250e+03 3.297212185373050719e-01
1.351609492271302770e+03 3.267978524033571808e-01
1.351417893236519603e+03 3.250858196759418561e-01
1.351226294201736209e+03 3.309763664725260401e-01
1.351035061746738847e+03 3.300492458881677527e-01
1.350843584905217540e+03 3.290832628844880814e-01
1.350652230256958319e+03 3.246008620121821897e-01
1.350460997801960957e+03 3.226152533812429168e-01
1.350269765346963595e+03 3.282473635062282402e-01
1.350078532891966233e+03 3.282732171212591754e-01
1.349887544823492817e+03 3.303799134873087739e-01
1.349696434561757314e+03 3.254258135410177943e-01
1.349505446493283898e+03 3.287056494698710196e-01
1.349314458424810482e+03 3.255140080816777970e-01
1.349123592549599152e+03 3.258010289287197603e-01
1.348932726674387823e+03 3.251403618872925061e-01
1.348741982992438352e+03 3.235044556054653686e-01
1.348551361503750741e+03 3.226515430079958668e-01
1.348360617821801270e+03 3.293618320352252882e-01
1.348169996333113886e+03 3.276616307725310207e-01
1.347979497037688361e+03 3.284719222257952986e-01
1.347788997742262836e+03 3.259631104187357686e-01
1.347598620640099398e+03 3.255305680828013415e-01
1.347408121344673873e+03 3.244414238314204391e-01
1.347217866435772521e+03 3.273101920146629373e-01
1.347027611526870942e+03 3.242561930436398954e-01
1.346837356617969363e+03 3.251689973768655539e-01
1.346647223902329870e+03 3.262362159702141828e-01
1.346457213379952236e+03 3.288047124977248603e-01
1.346267202857574603e+03 3.267510617097441616e-01
1.346077192335197196e+03 3.248892560716310496e-01
1.345887304006081422e+03 3.246347087261730602e-01
1.345697415676965875e+03 3.302555517852047151e-01
1.345507527347850328e+03 3.270273158185742490e-01
1.345317883405258726e+03 3.269090120827663482e-01
1.345128117269405038e+03 3.259743422462129114e-01
1.344938473326813437e+03 3.274001564515352514e-01
1.344748951577483695e+03 3.278210117315609740e-01
1.344559307634892093e+03 3.257947274011341321e-01
1.344369908078824437e+03 3.253427060574094476e-01
1.344180386329494922e+03 3.276980141484458486e-01
1.343991231159951212e+03 3.254392800979473699e-01
1.343801831603883556e+03 3.224214013039498616e-01
1.343612554241077760e+03 3.223109298459573280e-01
1.343423399071534050e+03 3.237842087995135287e-01
1.343234243901990340e+03 3.240240633529991587e-01
1.343045210925708489e+03 3.246088646892938967e-01
1.342856177949426865e+03 3.275238481986026962e-01
1.342667267166407100e+03 3.230531675849253603e-01
1.342478234190125249e+03 3.237502042262778712e-01
1.342289445600367571e+03 3.254166226849706800e-01
1.342100657010609893e+03 3.262594509618619854e-01
1.341911868420851988e+03 3.256712551297223368e-01
1.341723202024356169e+03 3.272667157872372612e-01
1.341534657821122437e+03 3.256116234274426535e-01
1.341346113617888477e+03 3.249519947881053805e-01
1.341157569414654745e+03 3.266248887130008827e-01
1.340969025211421013e+03 3.269353288642053990e-01
1.340780603201449139e+03 3.266377061875291310e-01
1.340592303384739125e+03 3.243767153427090655e-01
1.340404003568029339e+03 3.248441795007094290e-01
1.340215825944581411e+03 3.280457739838825715e-01
1.340027648321133711e+03 3.281400912622333688e-01
1.339839470697685783e+03 3.277394939955156072e-01
1.339651415267499715e+03 3.254708882962059069e-01
1.339463359837313874e+03 3.209070088109915453e-01
1.339275304407128033e+03 3.247571377320047081e-01
1.339087493363466137e+03 3.231265185714310428e-01
1.338899682319804015e+03 3.244606769576809935e-01
1.338711749082880260e+03 3.266175816970375290e-01
1.338524060232480224e+03 3.226255063231258657e-01
1.338336371382080188e+03 3.287527735221019154e-01
1.322400659314331961e+03 3.283245508801138079e-01
1.322217736001149206e+03 3.314275858887746895e-01
1.322034812687966451e+03 3.277007460014148554e-01
1.321851889374783696e+03 3.292172995316853257e-01
1.321669210448124886e+03 3.271736958711843890e-01
1.304899895947155073e+03 3.275228706008711521e-01
1.304721982557713318e+03 3.340162200222264732e-01
1.304544191361533649e+03 3.294595905331654251e-01
1.304366400165353980e+03 3.321498707575923914e-01
1.304188608969174311e+03 3.310420441928384472e-01
1.287016056703673257e+03 3.307368878044830152e-01
1.286843397624496674e+03 3.343478379661338762e-01
1.286670616352058232e+03 3.313865433408115235e-01
1.286497957272881649e+03 3.317043236730450873e-01
1.286325298193705066e+03 3.301828774184411563e-01
1.286152761307790570e+03 3.312311192057786347e-01
1.285980224421876073e+03 3.344479827852476217e-01
1.285807687535961577e+03 3.365717460950179984e-01
1.285635272843308940e+03 3.306440896526900430e-01
1.285462858150656302e+03 3.356081949304888234e-01
1.285290687844527838e+03 3.345285678743610824e-01
1.285118395345137060e+03 3.342158766901388023e-01
1.284946102845746509e+03 3.325226502627377512e-01
1.284773932539618045e+03 3.373053582213443313e-01
1.284601762233489353e+03 3.363673869966546381e-01
1.284429714120622748e+03 3.338759620195955735e-01
1.284257666007756143e+03 3.368890860109462482e-01
1.284085617894889538e+03 3.373033848172188320e-01
1.283913691975284792e+03 3.390262630913768449e-01
1.283741766055680046e+03 3.368095031478424706e-01
1.283569962329337386e+03 3.395925294568244990e-01
1.283398158602994727e+03 3.409922927757825240e-01
1.283226354876652067e+03 3.447982214880297436e-01
1.283054673343571494e+03 3.429539148898603229e-01
1.282882991810490694e+03 3.474162657586724046e-01
1.282711554663933839e+03 3.532776794382379015e-01
1.282539995324115125e+03 3.556729384895611079e-01
1.282368435984296411e+03 3.521151952707118893e-01
1.282196998837739784e+03 3.369205376081816361e-01
1.282025683884445016e+03 3.305645182392303871e-01
1.281854246737888161e+03 3.296347029609708601e-01
1.281682931784593393e+03 3.312089642398561296e-01
1.281511616831298852e+03 3.346872339990775713e-01
1.281340424071265943e+03 3.340271636945866263e-01
1.281169231311233261e+03 3.316863835788851911e-01
1.280998038551200352e+03 3.347327989462310915e-01
1.280827090177691616e+03 3.329465916875855580e-01
1.280656019610920794e+03 3.331872427426486039e-01
1.280484949044149971e+03 3.335234880094045118e-01
1.280314122863903094e+03 3.339696105228575629e-01
1.280143174490394358e+03 3.319112826123593041e-01
1.279972470503409340e+03 3.328241938847286141e-01
1.279801644323162691e+03 3.321214472832452747e-01
1.279630940336177673e+03 3.319601355978610280e-01
1.279460236349192883e+03 3.337067525071070739e-01
1.279289654555469951e+03 3.304626768045395013e-01
1.279118950568485161e+03 3.335020453904807836e-01
1.278948490968024089e+03 3.317946484947863484e-01
1.278777909174301385e+03 3.316182458417221146e-01
1.278607571767102399e+03 3.350741485723863766e-01
1.278437112166641555e+03 3.339904085126619848e-01
1.278266774759442569e+03 3.321508696136510341e-01
1.278096437352243584e+03 3.313091809433900137e-01
1.277926222138306684e+03 3.326761398993753338e-01
1.277756006924369785e+03 3.334813366587907058e-01
1.277585791710432886e+03 3.341818769456100791e-01
1.277415698689757846e+03 3.309586613553602841e-01
1.277245605669082806e+03 3.321905705873485215e-01
1.277075757034931939e+03 3.314572740489367675e-01
1.276905786207518759e+03 3.337155828220275677e-01
1.276735815380105805e+03 3.334610095084863945e-01
1.276565966745954938e+03 3.325117815635612595e-01
1.276396240305065703e+03 3.354271938096159977e-01
1.276226391670914836e+03 3.314043416839690948e-01
1.276056665230025828e+03 3.356578475419401686e-01
1.275886938789136821e+03 3.316896350199765031e-01
1.275717334541509672e+03 3.286954019882935563e-01
1.275547730293882523e+03 3.350520064722624647e-01
1.275378126046255602e+03 3.308933473049334162e-01
1.275208766185152399e+03 3.316042726031618870e-01
1.275039161937525478e+03 3.301147670548595370e-01
1.274869802076422275e+03 3.322202244417840622e-01
1.274700442215319299e+03 3.337666887569264995e-01
1.274531204547478183e+03 3.329842607459366777e-01
1.274361844686374980e+03 3.308174624598148039e-01
1.274192729211795950e+03 3.344488858271174592e-01
1.274023613737216692e+03 3.308416812388008110e-01
1.273854498262637662e+03 3.316536267868050447e-01
1.273685504981320491e+03 3.329262259714980132e-01
1.273516511700003321e+03 3.331248369928154762e-01
1.273347640611948009e+03 3.311256123829376952e-01
1.273347518418686150e+03 3.313545850790291514e-01
1.273178647330631065e+03 3.296957915978512288e-01
1.273178525137368979e+03 3.287796428514274116e-01
1.273009898435837840e+03 3.321663440522012456e-01
1.273009776242575754e+03 3.333111545918122642e-01
1.272841027347782529e+03 3.315923369348360294e-01
1.272840905154520669e+03 3.329656069472967661e-01
1.272672156259727444e+03 3.319770638413437891e-01
1.272672034066465358e+03 3.335789510016049508e-01
1.272503285171672132e+03 3.312594001729839421e-01
1.272334658470140994e+03 3.322607546062154582e-01
1.272166031768609855e+03 3.339296128851741430e-01
1.271997405067078489e+03 3.327483270008663729e-01
1.271828900558809437e+03 3.348092128640602350e-01
1.271660396050540157e+03 3.309733362218756914e-01
1.271491891542270878e+03 3.292772901336403768e-01
1.271323509227263685e+03 3.325445698741442135e-01
1.271155126912256264e+03 3.350102783565543363e-01
1.270986866790510931e+03 3.330714195640395725e-01
1.270818606668765824e+03 3.354013606925901891e-01
1.270650346547020490e+03 3.336706677100870211e-01
1.270482330811799102e+03 3.323363043158986674e-01
1.270314192883315854e+03 3.349091764109498048e-01
1.270146054954832607e+03 3.359184708868541702e-01
1.269978039219611219e+03 3.327318328039158835e-01
1.269810145677651917e+03 3.324156817432277755e-01
1.269642129942430529e+03 3.356261391643107772e-01
1.269474236400471227e+03 3.368630596360269180e-01
1.269306465051773785e+03 3.376282448209829146e-01
1.269138693703076569e+03 3.349882402020518124e-01
1.268970922354379127e+03 3.362886164403879330e-01
1.268803151005681684e+03 3.397338743300740149e-01
1.268635624043508415e+03 3.389376876303876740e-01
1.268467974888073059e+03 3.354613759516641425e-01
1.268300325732637475e+03 3.303507533466880086e-01
1.268132920963726065e+03 3.327615895191461393e-01
1.267965394001552795e+03 3.299455536352123852e-01
1.267797989232641385e+03 3.336308060347785154e-01
1.267630584463729974e+03 3.326179114533890369e-01
1.267463424081342509e+03 3.295410914559233073e-01
1.267296019312430872e+03 3.360744608773449382e-01
1.267128736736781548e+03 3.346983486466540980e-01
1.266961576354394083e+03 3.351896846973394517e-01
1.266794415972006618e+03 3.341516543789406213e-01
1.266627377782881013e+03 3.345709357054627020e-01
1.266460461787017493e+03 3.364151188149264726e-01
1.266293423597892115e+03 3.360696057379064516e-01
1.266126507602028596e+03 3.338115045806729908e-01
1.265959591606165077e+03 3.328424920061480718e-01
1.265792675610301558e+03 3.352713689035753397e-01
1.265625881807700125e+03 3.378331184724496783e-01
1.265459088005098465e+03 3.341081478940008953e-01
1.265292538589020978e+03 3.330274528154840707e-01
1.265125744786419318e+03 3.347611932835117821e-01
1.264959073177079745e+03 3.338519632458286646e-01
1.264792523761002258e+03 3.310680455855481985e-01
1.264625974344924771e+03 3.361744806714166423e-01
1.264459547122109143e+03 3.398617011471585236e-01
1.264293119899293515e+03 3.342869869041583675e-01
1.264126692676477887e+03 3.317965487136339542e-01
1.263960387646924346e+03 3.288803615835831917e-01
1.263794082617370577e+03 3.340864703137481073e-01
1.263627777587817036e+03 3.343884054730889566e-01
1.263461594751525354e+03 3.351588046284860734e-01
1.263295411915233672e+03 3.364654493788581946e-01
1.263129351272204076e+03 3.336297732573255126e-01
1.262963168435912394e+03 3.341200739105747441e-01
1.262797229986144885e+03 3.351124227734894045e-01
1.262631169343115062e+03 3.323076306578744976e-01
1.262465230893347552e+03 3.359925917473077783e-01
1.262299414636841675e+03 3.344801390913662575e-01
1.262133598380336025e+03 3.376305529121453319e-01
1.261967782123830375e+03 3.349375662446654189e-01
1.261801965867324725e+03 3.338898002051307046e-01
1.261636393997343021e+03 3.309830464204945866e-01
1.261470822127361089e+03 3.295769908040315221e-01
1.261305128064117525e+03 3.318647323521071169e-01
1.261139556194135821e+03 3.323991460687778510e-01
1.260974106517415976e+03 3.353297570683540507e-01
1.260808656840696131e+03 3.339943117006525242e-01
1.260643207163976513e+03 3.355715482613176870e-01
1.260477757487256667e+03 3.341662209083700041e-01
1.260312430003798909e+03 3.316095521636418519e-01
1.260147224713603009e+03 3.316256459933449308e-01
1.259981897230145250e+03 3.312782998741723994e-01
1.259816814133211437e+03 3.336412444545295841e-01
1.259651608843015765e+03 3.353770947917820155e-01
1.259486525746081952e+03 3.347650927908550345e-01
