# Wavelength, Reflectance
1.644272999555131719e+03 6.112975447201173251e-01
1.643406910687944219e+03 6.472923705108378778e-01
1.642541676312944219e+03 6.541834620123183619e-01
1.641677418500444219e+03 6.213955929463966799e-01
1.640814015180131719e+03 6.527454607000038322e-01
1.639951710492631719e+03 6.446122269672237559e-01
1.639090260297319219e+03 6.374442779485337551e-01
1.638229786664506719e+03 6.404957426118285113e-01
1.637370167523881719e+03 6.333487165891502624e-01
1.636511647016069219e+03 6.468354603072116182e-01
1.635653981000444219e+03 6.384562752222340265e-01
1.634797291547319219e+03 6.242751631593191908e-01
1.633941578656694219e+03 6.301856169289895560e-01
1.633086720258256719e+03 6.472780784731675396e-01
1.632232838422319219e+03 6.472030243584276921e-01
1.631379811078569219e+03 6.484038322900096407e-01
1.630527760297319219e+03 6.487613586556845169e-01
1.629676686078569219e+03 6.402256874953530241e-01
1.628826466352006719e+03 6.600964822041586189e-01
1.627977223187944219e+03 6.559222099070285417e-01
1.627128834516069219e+03 6.436724603471652983e-01
1.626281422406694219e+03 6.607376893846572674e-01
1.625434986859819219e+03 6.525594573806832166e-01
1.624589527875444219e+03 6.497778634036430745e-01
1.623744801312944219e+03 6.556160697459560982e-01
1.622901173383256719e+03 6.389639528778621180e-01
1.622058277875444219e+03 6.473057771538437422e-01
1.621216481000444219e+03 6.428689475105341389e-01
1.620375416547319219e+03 6.346246371629629124e-01
1.619535450727006719e+03 6.570570434390055059e-01
1.618696217328569219e+03 6.414878297482241587e-01
1.617857960492631719e+03 6.206928017608859260e-01
1.617020558148881719e+03 6.237138146478461431e-01
1.616184132367631719e+03 6.205561576888937170e-01
1.615348561078569219e+03 6.112372792792989395e-01
1.614513966352006719e+03 6.111201508649404257e-01
1.613680348187944219e+03 6.042579471753897202e-01
1.612847462445756719e+03 5.763590449008388905e-01
1.612015553266069219e+03 5.623671367517585340e-01
1.611184498578569219e+03 5.000581444737945969e-01
1.610354420453569219e+03 4.071843928389068945e-01
1.609525196820756719e+03 3.397318991458947446e-01
1.608696827680131719e+03 3.835398644686367486e-01
1.607869435102006719e+03 4.761671867302100791e-01
1.607042774945756719e+03 5.183007576802766136e-01
1.606217091352006719e+03 5.637044887531214021e-01
1.605392384320756719e+03 5.897509452134652719e-01
1.604568531781694219e+03 5.811519303195665787e-01
1.603745411664506719e+03 5.346044058480682315e-01
1.602923268109819219e+03 5.636313545660026625e-01
1.602102101117631719e+03 5.813050648176945057e-01
1.601281666547319219e+03 6.002580292850511201e-01
1.600462208539506719e+03 6.087847004610811297e-01
1.599643605023881719e+03 6.054307629557386106e-01
1.598825856000444219e+03 6.084545771093907707e-01
1.598008961469194219e+03 6.159619934325554214e-01
1.597192799359819219e+03 6.098269380372027815e-01
1.596377980023881719e+03 6.066228125928126991e-01
1.595563648969194219e+03 5.960967305990426679e-01
1.594750172406694219e+03 5.706249493930420913e-01
1.593937794477006719e+03 5.653503216045041579e-01
1.593126026898881719e+03 5.580791434575419485e-01
1.592315235883256719e+03 5.645270935988535577e-01
1.591505421430131719e+03 5.628326540087084107e-01
1.590696339398881719e+03 5.600886738219835737e-01
1.589888233930131719e+03 5.715649826145667856e-01
1.589080738812944219e+03 6.006327234891772893e-01
1.588274098187944219e+03 5.959166874007671977e-01
1.587468678266069219e+03 5.882933442107628474e-01
1.586663868695756719e+03 5.871360573875035183e-01
1.585859913617631719e+03 5.817694562918723777e-01
1.585056935102006719e+03 5.895709808402597174e-01
1.584254689008256719e+03 5.911893193756381226e-01
1.583453297406694219e+03 5.800600312728726449e-01
1.582652882367631719e+03 5.764503166908404586e-01
1.581853199750444219e+03 5.639368903603517724e-01
1.581054493695756719e+03 5.431141573122384436e-01
1.580256397992631719e+03 5.076233077453521370e-01
1.579459156781694219e+03 4.627370848577611051e-01
1.578663014203569219e+03 3.882300376186894608e-01
1.577867481977006719e+03 3.164352341664821711e-01
1.577072926312944219e+03 3.540012683325308718e-01
1.576279225141069219e+03 4.235611975378357763e-01
1.575486256391069219e+03 4.821467179183779317e-01
1.574694020062944219e+03 5.099777665711359154e-01
1.573902760297319219e+03 5.344827850133258007e-01
1.573112355023881719e+03 5.471873116704524254e-01
1.572322804242631719e+03 5.769177499689593924e-01
1.571533985883256719e+03 5.768570149005624037e-01
1.570745899945756719e+03 5.898112659480936326e-01
1.569958912641069219e+03 5.903859720602862016e-01
1.569172535687944219e+03 6.031005860946724306e-01
1.568387257367631719e+03 5.998004346481784488e-01
1.567602467328569219e+03 6.103114269260998537e-01
1.566818653852006719e+03 6.116009833396899298e-01
1.566035694867631719e+03 6.005787454606492659e-01
1.565253468305131719e+03 5.963616809636419491e-01
1.564472096234819219e+03 6.050337795203285518e-01
1.563691578656694219e+03 6.067629810573335059e-01
1.562911915570756719e+03 6.059147569378050546e-01
1.562132862836381719e+03 5.972111923688863122e-01
1.561354786664506719e+03 6.019355365667391489e-01
1.560577564984819219e+03 6.102234534372993346e-01
1.559801075727006719e+03 5.950987374525821272e-01
1.559025318891069219e+03 6.028517854258229614e-01
1.558250416547319219e+03 5.917623890952997678e-01
1.557476490766069219e+03 6.029873386713066052e-01
1.556703175336381719e+03 5.966116397682351691e-01
1.555930714398881719e+03 5.922327366219516387e-01
1.555158985883256719e+03 5.885726916667536335e-01
1.554388233930131719e+03 5.881404113363798425e-01
1.553618092328569219e+03 5.923208308194274352e-01
1.552848927289506719e+03 5.870048740703946999e-01
1.552848805219194219e+03 5.926380659109604654e-01
1.552592701703569219e+03 5.854250049061220373e-01
1.552336476117631719e+03 5.776184333629149625e-01
1.552080494672319219e+03 5.859372027944163008e-01
1.552080372602006719e+03 5.840628702005667972e-01
1.551824513227006719e+03 5.867476501439249370e-01
1.551312794477006719e+03 5.825192145062528803e-01
1.550545948773881719e+03 5.907073876321941031e-01
1.549779835492631719e+03 6.035994001374515028e-01
1.549014576703569219e+03 6.216584270622365072e-01
1.548250172406694219e+03 6.126498204192072361e-01
1.547486378461381719e+03 6.203679813690744504e-01
1.546723439008256719e+03 6.206071605764433841e-01
1.545961354047319219e+03 6.123689786698172099e-01
1.545200123578569219e+03 5.988286863121224934e-01
1.544439503461381719e+03 5.696962869763818604e-01
1.543679615766069219e+03 5.050999256579296048e-01
1.542920704633256719e+03 4.168039296701038232e-01
1.542162647992631719e+03 4.620443361578378538e-01
1.541405201703569219e+03 5.260510354694709623e-01
1.540648487836381719e+03 5.719102992430818988e-01
1.539892628461381719e+03 5.964388777109602691e-01
1.539137501508256719e+03 6.016463182520159769e-01
1.538383351117631719e+03 6.210765475838746497e-01
1.537629811078569219e+03 6.271104531324909193e-01
1.536877003461381719e+03 6.208446750837662842e-01
1.536125050336381719e+03 6.266483782427131333e-01
1.535373585492631719e+03 6.230166132907082321e-01
1.534623463422319219e+03 6.073249100537047029e-01
1.533873585492631719e+03 6.140689543817025031e-01
1.533124806195756719e+03 6.252834181802072733e-01
1.532376637250444219e+03 6.313911715831298510e-01
1.531629200727006719e+03 6.293832514619720486e-01
1.530882740766069219e+03 6.352554451809055980e-01
1.530136891156694219e+03 6.236544722409808061e-01
1.529391773969194219e+03 6.315669075430615509e-01
1.528647389203569219e+03 6.276164556254120175e-01
1.527903858930131719e+03 6.272233907327103841e-01
1.527160816937944219e+03 6.286714787581815234e-01
1.526418995648881719e+03 6.307726090675285224e-01
1.525677540570756719e+03 6.302840806333968038e-01
1.524937184125444219e+03 6.366214150777861347e-01
1.524197315961381719e+03 6.252204694016281206e-01
1.523458302289506719e+03 6.315588415721099524e-01
1.522720021039506719e+03 6.358708350712145574e-01
1.521982594281694219e+03 6.371830693537793300e-01
1.521245777875444219e+03 6.371934770378920865e-01
1.520509693891069219e+03 6.294995157890868054e-01
1.519774342328569219e+03 6.321766212958918052e-01
1.519039845258256719e+03 6.353851692155105813e-01
1.518305958539506719e+03 6.360969757888184084e-01
1.517572804242631719e+03 6.404111354373758225e-01
1.516840748578569219e+03 6.377727587620839467e-01
1.516109181195756719e+03 6.410659367456854607e-01
1.515378224164506719e+03 6.431856702756351130e-01
1.515134938031694219e+03 6.259957911430011901e-01
1.514891651898881719e+03 6.253517508647811196e-01
1.514648243695756719e+03 6.210987447974871678e-01
1.514648121625444219e+03 6.391305523585432136e-01
1.514405079633256719e+03 6.105070099488671964e-01
1.514162037641069219e+03 6.250787583087475952e-01
1.513918751508256719e+03 6.377957588689864288e-01
1.513190113812944219e+03 6.331359969899176265e-01
1.512462208539506719e+03 6.403398106542426138e-01
1.511735035687944219e+03 6.464645071479068195e-01
1.511008717328569219e+03 6.417430052407459007e-01
1.510283009320756719e+03 6.409599760187550954e-01
1.509558033734819219e+03 6.422499545766370277e-01
1.508833790570756719e+03 6.552115144425226800e-01
1.508110279828569219e+03 6.493489428705603306e-01
1.507387501508256719e+03 6.456018428970350387e-01
1.506665455609819219e+03 6.488669334386516496e-01
1.505944142133256719e+03 6.531563620521486646e-01
1.505223561078569219e+03 6.500176987678959462e-01
1.504503834516069219e+03 6.570997784506430461e-01
1.503784596234819219e+03 6.487390667408096112e-01
1.503066129418973560e+03 6.482733036275741823e-01
1.502347739757242834e+03 6.506973506848290345e-01
1.501630083146187189e+03 6.370525981118844161e-01
1.500913281760919517e+03 6.259394366376827001e-01
1.500197091251214260e+03 6.346585855552452360e-01
1.499481633792184539e+03 6.248775841205910231e-01
1.498766909383829898e+03 6.358587585839098333e-01
1.498052795851037899e+03 6.360218195658132734e-01
1.497339537544033647e+03 6.384930739522786114e-01
1.496626890112592264e+03 6.439367200244613398e-01
1.495915097906938627e+03 6.424338923724073336e-01
1.495203916576847405e+03 6.351072123493941568e-01
1.494493468297431718e+03 6.393722463379654108e-01
1.493783630893578675e+03 6.353580042023678764e-01
1.493074648715513376e+03 6.358778324497914580e-01
1.492366277413010721e+03 6.421337150376528191e-01
1.491658639161183373e+03 6.536250427409551200e-01
1.490951733960031333e+03 6.402014811773433234e-01
1.490245439634441937e+03 6.492237946132971560e-01
1.489539878359527620e+03 6.453437499036920322e-01
1.488835050135288611e+03 6.325674239165536283e-01
1.488130954961724910e+03 6.349378001479216715e-01
1.487427470663723852e+03 6.416545007884981722e-01
1.486724719416398102e+03 6.442238620463157650e-01
1.486022579044634995e+03 6.414643618931282765e-01
1.485321293898659633e+03 6.394731099088757365e-01
1.484620619628247141e+03 6.368814280483684476e-01
1.483920678408509730e+03 6.392615715435305823e-01
1.483221348064334961e+03 6.407329113355917372e-01
1.482522872945948166e+03 6.338750456611815798e-01
1.481824886528011348e+03 6.386577541056589480e-01
1.481127755335862275e+03 6.396432164516758778e-01
1.480431235019276073e+03 6.393421660452602850e-01
1.479735325578252514e+03 6.432221520878323995e-01
1.479040271363016700e+03 6.385546819612647473e-01
1.478345705848230864e+03 6.355558989324570085e-01
1.477651995559233001e+03 6.394168541537758044e-01
1.476958896145797780e+03 6.212836609558631817e-01
1.476266529783037868e+03 5.879467701046008354e-01
1.475574774295840598e+03 5.274835014701693137e-01
1.474883751859318636e+03 5.610489192282664961e-01
1.474193340298359317e+03 6.133464872104126275e-01
1.473503661788075306e+03 6.353958085093964758e-01
1.472814594153353710e+03 6.342269896838479415e-01
1.472126259569307649e+03 6.230562039291502874e-01
1.471438658035936669e+03 6.262671690703949245e-01
1.470751667378128559e+03 6.294921957241675914e-01
1.470065409770995529e+03 6.323991361001279898e-01
1.469379763039425143e+03 6.382771768388416644e-01
1.468694727183417626e+03 6.315795070346919005e-01
1.468010424378085190e+03 6.442508556259103347e-01
1.467326854623428062e+03 6.326186314592627813e-01
1.466643895744333577e+03 6.385948036036556141e-01
1.465961547740801961e+03 6.323855197227983282e-01
1.465279932787945427e+03 6.394032106893950962e-01
1.464598928710651535e+03 6.317237477920814026e-01
1.463918657684032951e+03 6.434240327249286517e-01
1.463238997532977237e+03 6.449435395079010647e-01
1.462560070432596603e+03 6.450138364083138898e-01
1.461881754207778613e+03 6.412277875168059804e-01
1.461204048858523265e+03 6.347377999964251005e-01
1.460526954384830788e+03 6.343593321538413266e-01
1.459850715136926055e+03 6.228603027769322731e-01
1.459174964589471301e+03 6.223804731250544009e-01
1.458499947092692082e+03 6.269502379135406533e-01
1.457825540471475279e+03 6.212278807313436069e-01
1.457151866900933783e+03 6.231885477060218337e-01
1.456478804205955157e+03 6.197245957148114215e-01
1.455806352386538947e+03 6.110579165073790620e-01
1.455134633617798272e+03 6.078991560701837438e-01
1.454463525724620013e+03 6.096276489036726032e-01
1.453793028707004623e+03 6.138799682386593126e-01
1.453123142564951877e+03 6.085969553469974258e-01
1.452454111648686876e+03 6.076084704174069540e-01
1.451785569432872080e+03 6.092317140615245430e-01
1.451117638092620155e+03 6.189447346060085176e-01
1.450450439803043082e+03 6.085167332743151025e-01
1.449783852389029107e+03 6.034591058715749190e-01
1.449117875850577548e+03 5.970912664260917824e-01
1.448452632362801296e+03 5.912859152857480316e-01
1.447787999750587687e+03 6.011042898983885996e-01
1.447123855838824284e+03 5.974600468226058947e-01
1.446460567152848853e+03 5.847948363163486540e-01
1.445797767167323400e+03 5.702712804774788813e-01
1.445135822407585692e+03 5.483976435536819238e-01
1.444474244173185525e+03 5.540062788090676094e-01
1.443813398989460666e+03 5.709773904740536032e-01
1.443153286856411114e+03 5.682526725719064808e-01
1.442493663423811768e+03 5.525218371803323203e-01
1.441834773041887502e+03 5.383839623222180792e-01
1.441176493535525879e+03 5.350745595242270003e-01
1.440518824904727126e+03 5.260317620256209636e-01
1.439861644974378578e+03 5.214613655161453032e-01
1.439205442444930213e+03 4.703972161718990019e-01
1.439205320269817548e+03 4.805082444754367188e-01
1.438986748993484980e+03 4.652466104615172737e-01
1.438768055542039747e+03 4.676746613655944351e-01
1.438549606440819389e+03 4.658983348887523745e-01
1.438549484265706951e+03 4.684035931883148707e-01
1.438331035164486821e+03 4.648657946928063112e-01
1.438112708238379128e+03 4.582133284783200255e-01
1.437894503487383872e+03 4.560828423409628574e-01
1.437894381312271435e+03 4.511719955737639176e-01
1.437676176561276407e+03 4.388830946013269618e-01
1.437458093985393816e+03 4.324223060943783170e-01
1.437240011409511226e+03 4.195319460023518854e-01
1.437239889234398561e+03 4.225583658533252907e-01
1.437021684483403533e+03 4.101397015775325450e-01
1.436803846257746045e+03 4.063505126132183065e-01
1.436586130207200995e+03 3.893195186918543271e-01
1.436586008032088557e+03 3.893196848230015550e-01
1.436368169806431069e+03 3.726713484990386571e-01
1.436150331580773582e+03 3.525223112234843192e-01
1.435932737705341196e+03 3.424084848176607854e-01
1.435715143829908811e+03 3.189239516117733930e-01
1.435497549954476426e+03 3.057952631138237121e-01
1.435280078254156479e+03 2.849351029837726146e-01
1.435062728728949196e+03 2.771730274277257600e-01
1.434845379203741686e+03 2.836465405140080609e-01
1.434628029678534404e+03 2.856614397451772702e-01
1.434410924503552224e+03 2.978032361818742646e-01
1.434193697153457379e+03 3.084973939254980202e-01
1.433976591978475199e+03 3.221613528506067636e-01
1.433759608978605456e+03 3.374771852400262895e-01
1.433542748153848152e+03 3.588892955197101609e-01
1.433325887329091074e+03 3.723528992990812747e-01
1.433109026504333997e+03 3.853696337598003230e-01
1.432892410029801795e+03 4.002134712542270156e-01
1.432675671380157155e+03 4.158702921990435897e-01
1.432459054905624953e+03 4.297093046693524765e-01
1.432242560606205416e+03 4.204137348086596782e-01
1.432026188481898544e+03 4.373049094981615870e-01
1.431809816357591444e+03 4.481986833387308633e-01
1.431593444233284345e+03 4.502724578941155187e-01
1.431377194284089910e+03 4.481394856193710585e-01
1.431161066510007913e+03 4.644081735653901033e-01
1.430944938735926144e+03 4.823881217495097906e-01
1.430728933136956584e+03 5.009517415405652097e-01
1.430513049713099690e+03 5.067791251572311140e-01
1.430297044114130358e+03 5.092879733628178363e-01
1.430081160690273464e+03 5.105254918521775487e-01
1.429865277266416570e+03 4.992096431062796325e-01
1.429649760367897443e+03 4.822816599325215892e-01
1.429434121294265651e+03 4.751773341290593811e-01
1.429218604395746297e+03 4.680697886316917966e-01
1.429003209672339608e+03 4.637336624541679719e-01
1.428787692773820481e+03 4.544332621969858765e-01
1.428572298050413792e+03 4.578774247270903097e-01
1.428357025502119541e+03 4.604615084006008496e-01
1.428141875128937954e+03 4.625935099169197207e-01
1.427926724755756368e+03 4.629803085766949211e-01
1.427711574382574781e+03 4.635785993642596026e-01
1.427496546184505632e+03 4.665912555024961383e-01
1.427281762336661586e+03 4.633940643274001570e-01
1.427066734138592437e+03 4.657574313551554046e-01
1.426851950290748391e+03 4.651445831422861832e-01
1.426637288618017010e+03 4.661037000406277886e-01
1.426422626945285629e+03 4.645888998425197758e-01
1.426207965272554020e+03 4.560452850345372844e-01
1.425993425774935076e+03 4.484710407288802214e-01
1.425779008452428798e+03 4.485312779847433484e-01
1.425564591129922292e+03 4.487809845272640596e-01
1.425350295982528451e+03 4.484722050474566069e-01
1.425136000835134610e+03 4.399261991414226691e-01
1.424921827862853434e+03 4.448453646110616111e-01
1.424707654890572030e+03 4.441074425600549103e-01
1.424493604093403292e+03 4.486413281475916670e-01
1.424279431121121888e+03 4.478719586426055388e-01
1.424065746849290690e+03 4.506352549386239970e-01
1.423851818227234617e+03 4.482574492891432394e-01
1.423638011780290753e+03 4.563606675922654010e-01
1.423424327508459783e+03 4.442129863521991906e-01
1.423210643236628584e+03 4.506818339534093831e-01
1.422997081139909824e+03 4.526766671219029092e-01
1.422783396868078853e+03 4.481911036151328687e-01
1.422570201296697860e+03 4.499091306124088363e-01
1.422356761375091764e+03 4.596129400280392630e-01
1.422143443628598106e+03 4.643776067864567314e-01
1.421930125882104676e+03 4.607857831342523358e-01
1.421717052485836120e+03 4.684500189205136889e-01
1.421503856914455127e+03 4.674161913096087084e-01
1.421290783518186572e+03 4.646704086472694950e-01
1.421077710121918244e+03 4.597844901431833442e-01
1.420864881075874791e+03 4.619045743458194964e-01
1.420652052029831566e+03 4.646358776296720117e-01
1.420439222983788113e+03 4.662992696251494484e-01
1.420226638287969763e+03 4.800699093181994281e-01
1.420013809241926310e+03 4.833714711931214048e-01
1.419801346721220625e+03 4.838090458985010445e-01
1.419588762025402275e+03 4.910753214584019366e-01
1.419376421679809027e+03 4.884563593365679468e-01
1.419163959159103342e+03 5.022846171918430302e-01
1.418951618813510095e+03 4.959001653534141907e-01
1.418739400643029512e+03 5.067701198155577513e-01
1.418527304647661367e+03 5.088365828728831364e-01
1.418315208652293222e+03 5.158042527757067397e-01
1.418103112656925077e+03 5.110939509498368949e-01
1.417891016661556932e+03 5.241778219425393681e-01
1.417679287191526328e+03 5.196512816259271084e-01
1.417467313371270620e+03 5.187332738513144026e-01
1.417255461726127578e+03 5.267403283210582154e-01
1.417043854431209638e+03 5.319832609353879471e-01
1.416832247136291699e+03 5.231481220215377093e-01
1.416620639841373759e+03 5.396104896564787312e-01
1.416409032546455592e+03 5.338963569705262868e-01
1.416197669601762755e+03 5.378236940307427050e-01
1.415986306657069917e+03 5.349002519138266187e-01
1.415774943712376853e+03 5.380153092196188203e-01
1.415563702942796453e+03 5.373239120140422820e-01
1.415352462173216281e+03 5.470351371724527789e-01
1.415141465753860984e+03 5.502746720481250797e-01
1.414930347159393023e+03 5.438212056840979747e-01
1.414719350740037726e+03 5.483813998637879772e-01
1.414508354320682429e+03 5.510528726241761266e-01
1.414297602251552235e+03 5.541710539102775446e-01
1.414086850182422040e+03 5.478410099820192336e-01
1.413876098113291846e+03 5.616187381582297133e-01
1.413665468219274089e+03 5.494572386812049958e-01
1.413454960500368998e+03 5.494131105192161524e-01
1.413244330606351241e+03 5.598689287638288770e-01
1.413033700712333712e+03 5.710008860666487829e-01
1.412823559518766160e+03 5.608604747251080269e-01
1.412613173974973506e+03 5.637380450793088027e-01
1.412402910606293517e+03 5.622499918511052464e-01
1.412192647237613528e+03 5.706930445146969344e-01
1.411982628219158414e+03 5.770941768204320699e-01
1.411772609200703528e+03 5.887141174507168895e-01
1.411562590182248414e+03 5.824252900421682533e-01
1.411352571163793527e+03 5.873961626122534696e-01
1.411142796495563516e+03 5.848917675231055657e-01
1.410933021827333732e+03 5.858192871634219090e-01
1.410723247159103721e+03 5.836709041970660206e-01
1.410513472490873937e+03 5.852163280199962347e-01
1.410303942172869029e+03 5.896177923854820646e-01
1.410094411854864347e+03 5.880234886112871706e-01
1.409885003711972104e+03 5.932626399676013129e-01
1.409675473393967195e+03 5.943729589932359447e-01
1.409466309601300054e+03 5.933335233929430963e-01
1.409256901458407583e+03 5.904247891134127846e-01
1.409047737665740442e+03 5.955921841351919932e-01
1.408838573873073301e+03 5.898160757152229872e-01
1.408629532255518598e+03 5.916162173560153281e-01
1.408420490637963894e+03 5.980990902020917321e-01
1.408211571195521856e+03 5.929649230328511988e-01
1.408002651753079590e+03 6.005771469696568055e-01
1.407793854485750217e+03 5.889035434891070064e-01
1.407585057218420616e+03 5.945784864789597224e-01
1.407376382126203453e+03 5.990993056018201202e-01
1.407167707033986517e+03 6.076037264775953073e-01
1.406959154116882019e+03 6.096472708486125880e-01
1.406750723374889958e+03 6.016183022891179455e-01
1.406542292632897897e+03 6.045263814211562226e-01
1.406333861890906064e+03 6.129175396630953676e-01
1.406125553324026669e+03 6.155261611836255753e-01
1.405917489107372148e+03 6.138197899529620472e-01
1.405709180540492753e+03 6.092923052827575736e-01
1.405501116323838460e+03 6.091404411163101607e-01
1.405293052107184167e+03 6.172438085280493869e-01
1.405085110065642311e+03 6.211463059281230326e-01
1.404877168024100456e+03 6.146650428735451754e-01
1.404669348157671266e+03 6.120239777923071056e-01
1.404461528291241848e+03 6.106534637869832638e-01
1.404253952775037760e+03 6.196593576809257264e-01
1.404046255083721007e+03 6.132434991717388151e-01
1.403838557392404255e+03 6.203720976810194188e-01
1.403631104051312604e+03 6.174514266318814615e-01
1.403423650710220954e+03 6.168657329968482150e-01
1.403216319544241742e+03 6.209146095461947068e-01
1.403008866203150092e+03 6.204813574900909234e-01
1.402801657212283544e+03 6.161267303513914273e-01
1.402594570396529662e+03 6.261548725653787173e-01
1.402387361405662887e+03 6.321294424352532637e-01
1.402180274589909004e+03 6.293864363997222489e-01
1.401973187774154894e+03 6.238660143796580515e-01
1.401766345308625887e+03 6.224236480833925667e-01
1.401559502843097107e+03 6.227042254528927234e-01
1.401352660377568100e+03 6.319369363513592797e-01
1.401145817912039092e+03 6.287585891414250172e-01
1.400939097621622750e+03 6.281971385217903769e-01
1.400732499506318845e+03 6.237449312012085523e-01
1.400526023566127378e+03 6.317505620980187198e-01
1.400319547625936139e+03 6.274533559150889950e-01
1.400113071685744671e+03 6.256659522543327467e-01
1.399906717920665869e+03 6.333188206670485876e-01
1.399700486330699732e+03 6.393889531437817464e-01
1.399494132565620930e+03 6.271503373594204955e-01
1.399288023150767231e+03 6.349737036574393256e-01
1.399081913735913531e+03 6.264019078198541646e-01
1.398875926496172269e+03 6.248792362372639353e-01
1.398669817081318570e+03 6.269352934007264011e-01
1.398463952016689973e+03 6.375569948496278005e-01
1.398258209127173814e+03 6.315908389165818537e-01
1.398052221887432552e+03 6.312690065045932775e-01
1.397846601173029057e+03 6.308506892404520672e-01
1.397640858283512898e+03 6.346009249422882581e-01
1.397435237569109404e+03 6.366265209412997894e-01
1.397229861204930785e+03 6.344963721188610073e-01
1.397024362665639956e+03 6.366107941412925131e-01
1.396818864126348899e+03 6.329236564894781258e-01
1.396613365587057842e+03 6.349457454506293175e-01
1.396408355748216991e+03 6.387871999654991528e-01
1.396203101559151037e+03 6.374557158739471152e-01
1.395997847370085083e+03 6.332514905635987512e-01
1.395792837531244231e+03 6.396854964535734211e-01
1.395587827692403380e+03 6.406057205186190817e-01
1.395382817853562528e+03 6.451923792017609793e-01
1.395177930189834115e+03 6.422798877400266448e-01
1.394973042526105701e+03 6.404825050328556424e-01
1.394768277037489952e+03 6.336148064650578560e-01
1.394563633723986641e+03 6.369285012735904639e-01
1.394358990410483557e+03 6.402164641532661626e-01
1.394154347096980246e+03 6.422571443472459007e-01
1.393949703783476934e+03 6.408527212569182785e-01
1.393745426995311391e+03 6.494020060996008592e-01
1.393541028032033182e+03 6.425505268794619029e-01
1.393336629068754974e+03 6.404549091777481662e-01
1.393132352280589430e+03 6.371953512924037888e-01
1.392928197667536324e+03 6.444350116116682736e-01
1.392724043054483218e+03 6.476962943150241792e-01
1.392520010616542550e+03 6.578520406163790302e-01
1.392315978178602109e+03 6.454731054374308608e-01
1.392111945740661440e+03 6.463246061245492280e-01
1.391908157652946102e+03 6.469885191907682742e-01
1.391704247390118098e+03 6.452607826988725481e-01
1.391500459302402533e+03 6.406773959157144871e-01
1.391296671214686967e+03 6.387990388426123545e-01
1.391093249652309169e+03 6.381862198778439632e-01
1.390889583739706268e+03 6.312547751773742721e-01
1.390686040002215805e+03 6.423640079387948898e-01
1.390482618439838006e+03 6.397398714013950993e-01
1.390279196877460208e+03 6.409102708923501979e-01
1.390075897490194848e+03 6.484839616206955482e-01
1.389872598102929487e+03 6.450881990712139524e-01
1.389669420890776792e+03 6.449935405443939507e-01
1.389466243678623869e+03 6.455557831198349694e-01
1.389263310816696276e+03 6.418472089995392871e-01
1.389060255779656018e+03 6.474317118614725253e-01
1.388857200742615760e+03 6.491519704579202799e-01
1.388654267880687939e+03 6.435681333780207680e-01
1.388451457193872784e+03 6.443186899301700521e-01
1.388248768682170294e+03 6.488733862371269812e-01
1.388046080170467576e+03 6.448418206904740213e-01
1.387843391658765086e+03 6.494380330540888702e-01
1.387640825322175033e+03 6.420384664568563604e-01
1.387438381160697418e+03 6.474059540464471851e-01
1.387235814824107365e+03 6.434071511389926057e-01
1.387033492837742187e+03 6.508722863988046781e-01
1.386831170851377237e+03 6.446148324522117390e-01
1.386628848865012287e+03 6.528807661514829386e-01
1.386426649053759775e+03 6.451729178883770510e-01
1.386224571417619927e+03 6.429187785288774659e-01
1.386022371606367415e+03 6.534611894571179525e-01
1.385820416145340005e+03 6.530749047969829357e-01
1.385618460684312595e+03 6.569511179863570804e-01
1.385416627398397850e+03 6.526474761978187100e-01
1.385214794112482878e+03 6.525435504380527885e-01
1.385012960826568133e+03 6.542743528010432907e-01
1.384811249715765825e+03 6.599111872083786023e-01
1.384609538604963518e+03 6.499618336756050052e-01
1.384408071844386313e+03 6.495852965124819800e-01
1.384206482908696444e+03 6.508716940784663452e-01
1.384005016148119239e+03 6.520785418891382745e-01
1.383803549387542034e+03 6.539604699688968958e-01
1.383602326977189932e+03 6.518304996119164141e-01
1.383400982391725165e+03 6.486263312327081865e-01
1.383199759981373063e+03 6.546064973594366565e-01
1.382998537571020961e+03 6.582849856349756168e-01
1.382797559510893734e+03 6.571856533007227608e-01
1.382596581450766735e+03 6.551756219232873768e-01
1.382395481215527070e+03 6.577288810792164542e-01
1.382194625330512508e+03 6.609116515685824478e-01
1.381993769445497946e+03 6.570089181509674026e-01
1.381793035735596050e+03 6.619770828481553737e-01
1.381592302025693925e+03 6.569475028718781973e-01
1.381391568315792028e+03 6.542631293420222427e-01
1.381190956781002569e+03 6.496403696894065272e-01
1.380990345246213110e+03 6.589509011647631809e-01
1.380789978061648753e+03 6.600547261084446227e-01
1.380589610877084397e+03 6.544640750707801935e-01
1.380389243692520040e+03 6.517876510549849289e-01
1.380188876507955683e+03 6.485314342951007394e-01
1.379988631498503764e+03 6.524024099468078708e-01
1.379788508664164510e+03 6.525137685874047300e-01
1.379588385829825256e+03 6.528380018987258726e-01
1.379388262995485775e+03 6.512437382867386493e-01
1.379188262336259186e+03 6.581942016420087027e-01
1.378988506027257472e+03 6.569424400644637840e-01
1.378788627543143321e+03 6.572460816227158054e-01
1.378588749059028942e+03 6.585604297542364538e-01
1.378388992750027228e+03 6.540594536581854079e-01
1.378189236441025514e+03 6.560514265996905126e-01
1.377989602307136465e+03 6.569136274672613407e-01
1.377790090348359854e+03 6.567104034876182217e-01
1.377590578389583243e+03 6.508057513472951250e-01
1.377391188605919297e+03 6.605588424757755650e-01
1.377191798822255123e+03 6.634297384797308572e-01
1.376992531213703614e+03 6.614297071389422245e-01
1.376793263605152106e+03 6.552625600585565424e-01
1.376593995996600597e+03 6.572115745160618250e-01
1.376394850563161526e+03 6.608196562816662789e-01
1.376195705129722683e+03 6.657750129530126681e-01
1.375996804046508714e+03 6.614307616095908005e-01
1.375797780788182308e+03 6.592970124606530868e-01
1.375598879704968340e+03 6.590000526624104626e-01
1.375399978621754371e+03 6.625554211739764776e-01
1.375201199713653068e+03 6.565165291148344906e-01
1.375002665155776867e+03 6.618072835527910591e-01
1.374804008422788002e+03 6.675408123919764902e-01
1.374605351689799136e+03 6.586162601997921362e-01
1.374406817131922935e+03 6.582760276314322256e-01
1.374208282574046507e+03 6.608075482373899634e-01
1.374009992366395409e+03 6.470325153699429954e-01
1.373811579983631646e+03 6.563712007751146826e-01
1.373613289775980320e+03 6.572201036262658169e-01
1.373414999568329222e+03 6.552189857882179114e-01
1.373216831535790561e+03 6.600055277219417649e-01
1.373018785678364338e+03 6.547037760982807875e-01
1.372820617645825678e+03 6.549534608284791615e-01
1.372622693963512120e+03 6.526773951524936779e-01
1.372424770281198562e+03 6.534217700728642830e-01
1.372226846598885004e+03 6.588991910489405690e-01
1.372029167266796321e+03 6.532049813143367967e-01
1.371831365759595428e+03 6.457882948425345271e-01
1.371633686427506746e+03 6.502396900729304763e-01
1.371435884920305853e+03 6.498766373854770739e-01
1.371238449938442272e+03 6.568606871298838801e-01
1.371041014956578920e+03 6.581619969911577384e-01
1.370843579974715567e+03 6.574637855320897284e-01
1.370646144992851987e+03 6.545500162357452689e-01
1.370448710010988634e+03 6.544764121815569435e-01
1.370251397204237719e+03 6.597854861460821230e-01
1.370054328747711907e+03 6.570142671176458782e-01
1.369857138116073429e+03 6.513181829276214474e-01
1.369660069659547617e+03 6.475315659531568624e-01
1.369463001203021804e+03 6.547220293111564171e-01
1.369266054921608657e+03 6.583751370606517606e-01
1.369069230815307947e+03 6.603608663672050350e-01
1.368872162358782134e+03 6.639121834920165277e-01
1.368675460427593862e+03 6.537215665905596884e-01
1.368478758496405590e+03 6.598167393683894710e-01
1.368282056565217545e+03 6.661841743868036625e-01
1.368085476809141710e+03 6.598020092960129590e-01
1.367888897053066103e+03 6.609149955887958505e-01
1.367692317296990495e+03 6.541307080228061510e-01
1.367495981891139991e+03 6.626968769997142461e-01
1.367299524310176821e+03 6.577241950260563907e-01
1.367103188904326089e+03 6.594157763613801571e-01
1.366907097848700687e+03 6.598161508508681994e-01
1.366710762442850182e+03 6.514554632269651258e-01
1.366514671387224553e+03 6.642157412207595479e-01
1.366318458156486486e+03 6.554069994109236186e-01
1.366122489275973521e+03 6.644774261563451967e-01
1.365926642570573222e+03 6.541165463808649161e-01
1.365730673690060257e+03 6.640009308479754013e-01
1.365534826984659730e+03 6.637257216076448696e-01
1.365338980279259431e+03 6.607804060587542105e-01
1.365143255748971342e+03 6.581079089783674618e-01
1.364947775568908582e+03 6.618208572567237935e-01
1.364752051038620721e+03 6.573428701908197169e-01
1.364556570858557961e+03 6.612063975631209400e-01
1.364360968503382537e+03 6.687722584605965137e-01
1.364165610498432216e+03 6.645725286794277320e-01
1.363970252493482121e+03 6.590772523687892237e-01
1.363774894488531800e+03 6.557062772111665883e-01
1.363579658658694143e+03 6.505740347227190190e-01
1.363384422828856259e+03 6.502463957933507510e-01
1.363189309174131040e+03 6.567287914194471776e-01
1.362994195519406048e+03 6.651600977221023836e-01
1.362799204039793267e+03 6.537246898210415935e-01
1.362604334735293151e+03 6.574249053237702922e-01
1.362409221080567931e+03 6.671294557725482299e-01
1.362214473951180480e+03 6.626617439443068802e-01
1.362019726821792801e+03 6.615888770813485031e-01
1.361825101867517787e+03 6.567723853060390971e-01
1.361630354738130336e+03 6.614544887143043450e-01
1.361435729783855322e+03 6.565166525862785596e-01
1.361241104829580081e+03 6.577079601815224441e-01
1.361046602050417732e+03 6.650110147573545794e-01
1.360852221446367821e+03 6.581490348798614276e-01
1.360657963017430347e+03 6.635623266484488303e-01
1.360463582413380436e+03 6.622806299339341063e-01
1.360269323984442963e+03 6.590361402640678712e-01
1.360075065555505489e+03 6.565000015052000482e-01
1.359880807126568016e+03 6.683855789196423425e-01
1.359686915222968310e+03 6.660692696843373284e-01
1.359492901144255939e+03 6.620944554086105605e-01
1.359298887065543568e+03 6.571199578553360565e-01
1.359104995161943862e+03 6.578161020453130448e-01
1.358911103258344156e+03 6.568215135419285255e-01
1.358717333529856887e+03 6.576864902255346035e-01
1.358523685976482057e+03 6.568840177674923897e-01
1.358329916247994788e+03 6.533938292526008107e-01
1.358136268694620185e+03 6.596439820604277360e-01
1.357942743316358019e+03 6.641895254109472235e-01
1.357749217938095626e+03 6.697098379275105984e-01
1.357555814734946125e+03 6.617540162658732683e-01
1.357362411531796397e+03 6.609137968377312156e-01
1.357169130503759334e+03 6.604985316313290999e-01
1.356975849475722271e+03 6.610590466966346224e-01
1.356782568447685208e+03 6.684098988857314350e-01
1.356589409594760582e+03 6.584098403428034763e-01
1.356396372916948621e+03 6.567651687011825112e-01
1.356203336239136434e+03 6.584608423845382807e-01
1.356010421736437138e+03 6.557721565640995953e-01
1.355817385058624950e+03 6.664893199014152447e-01
1.355624592731038092e+03 6.616266390898867256e-01
1.355431678228338569e+03 6.623196366818682179e-01
1.355239130250976814e+03 6.608894599955273952e-01
1.355046337923389729e+03 6.632566769396479600e-01
1.354853667770915308e+03 6.698339584934435154e-01
1.354661119793553553e+03 6.706833138304132413e-01
1.354468571816191570e+03 6.612133928780963288e-01
1.354276268189054917e+03 6.542086557048912843e-01
1.354083842386805600e+03 6.593068000372572790e-01
1.353891416584556282e+03 6.555031386391726445e-01
1.353699112957419402e+03 6.619168990816125531e-01
1.353506809330282749e+03 6.575902676905907018e-01
1.353314627878258307e+03 6.552226462745006641e-01
1.353122690776459194e+03 6.635864500792202358e-01
1.352930631499547417e+03 6.567730216040007507e-01
1.352738572222635867e+03 6.569954494913062826e-01
1.352546635120836754e+03 6.580795715879745877e-01
1.352354698019037414e+03 6.639153243121486137e-01
1.352162883092350739e+03 6.546743219754952436e-01
1.351971190340776729e+03 6.574639794280930927e-01
1.351779497589202720e+03 6.608115843028230518e-01
1.351587804837628482e+03 6.541100514105189223e-01
1.351396112086054472e+03 6.580402598692480787e-01
1.351204541509592900e+03 6.576765996578304296e-01
1.351012970933131328e+03 6.480233470152949593e-01
1.350821766882007523e+03 6.529209726473940156e-01
1.350630318480658389e+03 6.622113682439736415e-01
1.350438992254421919e+03 6.576403803344701426e-01
1.350247788203298114e+03 6.525081877411834652e-01
1.350056584152174082e+03 6.579644111530752459e-01
1.349865380101050050e+03 6.560202096348847212e-01
1.349674420400151348e+03 6.570033588658881207e-01
1.349483338524139981e+03 6.520170000081599859e-01
1.349292378823241052e+03 6.552417278215744156e-01
1.349101419122342122e+03 6.577462908972838695e-01
1.348910581596555858e+03 6.579269752129200954e-01
1.348719744070769593e+03 6.562337914651430459e-01
1.348529028720095766e+03 6.529162109013274540e-01
1.348338435544534605e+03 6.546962405906049387e-01
1.348147720193860778e+03 6.538780145825038304e-01
1.347957127018299616e+03 6.557073074702798321e-01
1.347766656017850892e+03 6.523813901728757747e-01
1.347576185017402167e+03 6.560483937046720504e-01
1.347385836192065881e+03 6.546497435938116727e-01
1.347195365191617384e+03 6.518299539075925741e-01
1.347005138541393762e+03 6.480537062074737120e-01
1.346814911891170141e+03 6.491577448079743906e-01
1.346624685240946519e+03 6.516688735876412508e-01
1.346434580765835335e+03 6.520418847907156756e-01
1.346244598465836816e+03 6.525510855526232001e-01
1.346054616165838297e+03 6.485679695853309168e-01
1.345864633865839778e+03 6.443238585338891822e-01
1.345674773740953697e+03 6.493167884138073553e-01
1.345484913616067615e+03 6.470430901966068848e-01
1.345295053491181761e+03 6.347040029258668170e-01
1.345105437716520782e+03 6.300865771801738013e-01
1.344915699766747366e+03 6.218939280576359918e-01
1.344726083992086387e+03 6.185177245414884561e-01
1.344536590392538074e+03 6.155525883836416856e-01
1.344346974617877095e+03 6.211325771742088886e-01
1.344157603193441219e+03 6.314397716267202698e-01
1.343968109593892905e+03 6.437917977448845974e-01
1.343778982519682131e+03 6.439738999380101303e-01
1.343589611095246255e+03 6.398083317820126847e-01
1.343400361845923044e+03 6.397905776463416183e-01
1.343211234771712270e+03 6.397622670824661961e-01
1.343022107697501497e+03 6.484720527142130431e-01
1.342833102798403161e+03 6.427413080765335129e-01
1.342644097899305052e+03 6.492380219039299849e-01
1.342455215175319154e+03 6.430825305079951315e-01
1.342266210276221045e+03 6.520664362782523371e-01
1.342077449727347812e+03 6.464041617358623482e-01
1.341888689178474806e+03 6.489209870983458917e-01
1.341699928629601573e+03 6.440912220106228547e-01
1.341511290255841004e+03 6.468684609873525115e-01
1.341322774057192873e+03 6.547203836058425042e-01
1.341134257858544743e+03 6.510688049168686931e-01
1.340945741659896839e+03 6.501154150766902395e-01
1.340757225461248709e+03 6.534512034405726144e-01
1.340568831437713243e+03 6.516381509139023143e-01
1.340380559589290215e+03 6.489552291094777825e-01
1.340192287740867187e+03 6.523685429761336696e-01
1.340004138067556823e+03 6.489771714944417846e-01
1.339815988394246233e+03 6.548573016552179382e-01
1.339627838720935870e+03 6.491993134806193222e-01
1.339439811222737944e+03 6.447764666000613820e-01
1.339251783724540019e+03 6.482646884923244368e-01
1.339063756226342093e+03 6.506250481935228480e-01
1.338875973078369270e+03 6.530821284485898159e-01
1.338688189930396447e+03 6.505720349899888344e-01
1.338500284607310959e+03 6.499400524109970601e-01
1.338312623634450802e+03 6.528622685207088328e-01
1.338124962661590416e+03 6.510356812413167216e-01
1.322191617534896068e+03 6.350534801411024111e-01
1.322008721391424842e+03 6.418235393599709404e-01
1.321825825247953617e+03 6.330018492021433074e-01
1.321642929104482164e+03 6.327191572501367212e-01
1.321460277311236041e+03 6.401125015552721065e-01
1.304693453566798780e+03 6.575146888092538999e-01
1.304515566602941817e+03 6.579460314212089989e-01
1.304337801814197064e+03 6.545612187031311091e-01
1.304160037025452539e+03 6.522631182662613769e-01
1.303982272236707786e+03 6.511419498272366102e-01
1.286812270620891240e+03 6.624146054548312179e-01
1.286639637186873188e+03 6.682972286171032783e-01
1.286466881577742697e+03 6.647888902102168096e-01
1.286294248143724644e+03 6.669891833232989287e-01
1.286121614709706819e+03 6.676387164102780547e-01
1.285949103450801431e+03 6.652533933107108721e-01
1.285776592191895816e+03 6.707660896407011686e-01
1.285604080932990428e+03 6.723057501212306164e-01
1.285431691849197477e+03 6.652368703243043413e-01
1.285259302765404755e+03 6.683081033943623073e-01
1.285087158031836907e+03 6.704341584969162327e-01
1.284914891123156622e+03 6.680495687459416798e-01
1.284742624214476109e+03 6.708697024971937983e-01
1.284570479480908261e+03 6.744982289821539467e-01
1.284398334747340641e+03 6.743706244374051417e-01
1.284226312188885231e+03 6.760684661717119015e-01
1.284054289630430048e+03 6.737222667923712383e-01
1.283882267071974638e+03 6.707379768154956290e-01
1.283710366688632121e+03 6.769191659351930790e-01
1.283538466305289376e+03 6.753958836447100378e-01
1.283366688097059068e+03 6.815726647108151237e-01
1.283194909888828988e+03 6.844905206837808009e-01
1.283023131680598681e+03 6.877853639877977709e-01
1.282851475647481038e+03 6.872478663704163493e-01
1.282679819614363396e+03 6.812427502574752713e-01
1.282508407931470856e+03 6.916817859665348456e-01
1.282336874073465651e+03 6.924701448498704615e-01
1.282165340215460674e+03 6.888072236332153375e-01
1.281993928532567907e+03 6.872167512723544869e-01
1.281822639024788032e+03 6.835439398778944131e-01
1.281651227341895492e+03 6.817455119096018645e-01
1.281479937834115390e+03 6.794291504078151522e-01
1.281308648326335287e+03 6.810529116648605941e-01
1.281137480993667850e+03 6.736319681314952845e-01
1.280966313661000413e+03 6.728815849709878227e-01
1.280795146328332748e+03 6.674511490349455123e-01
1.280624223345890414e+03 6.692482447767628129e-01
1.280453178188335414e+03 6.705813185600326687e-01
1.280282133030780415e+03 6.705323979272188595e-01
1.280111332223450745e+03 6.670657632566640016e-01
1.279940409241008183e+03 6.741631796581746272e-01
1.279769730608790951e+03 6.675025550470199409e-01
1.279598929801461054e+03 6.681070593156938076e-01
1.279428251169243595e+03 6.719538647085200322e-01
1.279257572537026363e+03 6.733378145563171380e-01
1.279087016079921568e+03 6.688675493635475311e-01
1.278916337447704109e+03 6.710816145883579109e-01
1.278745903165711979e+03 6.709559594057672438e-01
1.278575346708607185e+03 6.716186077412401589e-01
1.278405034601727493e+03 6.690519714704793452e-01
1.278234600319735137e+03 6.677604539993197141e-01
1.278064288212855445e+03 6.745193385137846498e-01
1.277893976105975753e+03 6.660889394666947849e-01
1.277723786174208499e+03 6.717056290128103901e-01
1.277553596242441245e+03 6.668755756782411837e-01
1.277383406310674218e+03 6.679085821198962325e-01
1.277213338554019401e+03 6.714908894565392306e-01
1.277043270797364812e+03 6.732178910538881844e-01
1.276873447390935326e+03 6.690980859729871444e-01
1.276703501809393174e+03 6.710836225985746806e-01
1.276533556227851022e+03 6.700141874687965959e-01
1.276363732821421536e+03 6.719916307365647601e-01
1.276194031590104487e+03 6.713244197390839663e-01
1.276024208183675000e+03 6.731780114701237938e-01
1.275854506952357951e+03 6.694360463713676657e-01
1.275684805721040902e+03 6.663101707132061957e-01
1.275515226664836518e+03 6.703467343351684482e-01
1.275345647608631907e+03 6.666023589770848634e-01
1.275176068552427523e+03 6.690459280662119923e-01
1.275006733846448014e+03 6.695956576287408479e-01
1.274837154790243630e+03 6.653092677354298656e-01
1.274667820084264122e+03 6.648754256052359368e-01
1.274498485378284840e+03 6.661750338932832527e-01
1.274329272847417769e+03 6.678820903038703571e-01
1.274159938141438488e+03 6.727454330302101715e-01
1.273990847785684082e+03 6.660567949805703547e-01
1.273821757429929903e+03 6.628411953173970472e-01
1.273652667074175497e+03 6.647977102910360703e-01
1.273483698893533756e+03 6.641345169648362745e-01
1.273314730712891787e+03 6.701448000756753398e-01
1.273145884707362711e+03 6.621726200504841620e-01
1.273145762532250046e+03 6.682451229629181588e-01
1.272976916526720743e+03 6.570011415656301645e-01
1.272976794351608305e+03 6.610486766541893155e-01
1.272808192696304104e+03 6.594341976085199564e-01
1.272808070521191667e+03 6.665165461842078587e-01
1.272639346690774801e+03 6.581916508607468241e-01
1.272639224515662363e+03 6.622372341279917363e-01
1.272470500685245725e+03 6.610802752709514785e-01
1.272470378510133060e+03 6.732148992306077329e-01
1.272301654679716421e+03 6.610187517224843656e-01
1.272133053024412220e+03 6.692821726441818830e-01
1.271964451369108019e+03 6.643594198031612663e-01
1.271795849713803818e+03 6.713668639158145712e-01
1.271627370233612282e+03 6.714153763459627111e-01
1.271458890753420519e+03 6.705543692613233908e-01
1.271290411273228983e+03 6.622809928034602001e-01
1.271122053968149885e+03 6.654469860010407967e-01
1.270953696663070787e+03 6.703539489181260524e-01
1.270785461533104126e+03 6.655415170323975005e-01
1.270617226403137693e+03 6.681529679738719141e-01
1.270448991273171032e+03 6.734249021772258370e-01
1.270281000493429701e+03 6.679862970450040072e-01
1.270112887538575706e+03 6.669832291387077783e-01
1.269944774583721710e+03 6.701142799669503880e-01
1.269776783803980152e+03 6.706440183536507282e-01
1.269608915199351259e+03 6.678389754837289471e-01
1.269440924419609701e+03 6.717411211544181970e-01
1.269273055814980808e+03 6.717581887786165940e-01
1.269105309385464352e+03 6.790126035914939573e-01
1.268937562955947897e+03 6.818548400951853772e-01
1.268769816526431669e+03 6.717621623917136020e-01
1.268602070096915213e+03 6.706888222751307138e-01
1.268434568017623860e+03 6.705376168696111083e-01
1.268266943763220070e+03 6.737607955059971010e-01
1.268099319508816279e+03 6.746490401278116833e-01
1.267931939604637364e+03 6.705988708707831814e-01
1.267764437525346011e+03 6.718618755021791289e-01
1.267597057621167323e+03 6.642791077329807115e-01
1.267429677716988408e+03 6.605989056833848627e-01
1.267262542163034823e+03 6.615249379070817781e-01
1.267095162258856135e+03 6.663871877957062706e-01
1.266927904529789885e+03 6.649019378133292912e-01
1.266760768975836072e+03 6.634798495616114344e-01
1.266593633421882487e+03 6.662922505752945090e-01
1.266426620043041339e+03 6.661946003838067343e-01
1.266259728839312629e+03 6.707477912759514105e-01
1.266092715460471481e+03 6.684948497810830892e-01
1.265925824256742771e+03 6.672516891245441339e-01
1.265758933053014289e+03 6.703230111097743249e-01
1.265592041849285579e+03 6.607004606362655297e-01
1.265425272820669534e+03 6.618042644743241665e-01
1.265258503792053489e+03 6.686651136790192629e-01
1.265091979113662319e+03 6.667939236009616799e-01
1.264925210085046274e+03 6.709106242737743475e-01
1.264758563231542894e+03 6.660908016135406173e-01
1.264592038553151724e+03 6.720748114183529021e-01
1.264425513874760782e+03 6.721880183407845655e-01
1.264259111371482277e+03 6.650241024404351942e-01
1.264092708868203772e+03 6.681777408680944497e-01
1.263926306364925267e+03 6.727581952661423337e-01
1.263760026036759427e+03 6.660315340105910087e-01
1.263593745708593588e+03 6.692982170872427972e-01
1.263427465380427520e+03 6.661359636721611022e-01
1.263261307227374118e+03 6.718282387029941294e-01
1.263095149074320716e+03 6.634082501078791827e-01
1.262929113096379979e+03 6.731834650340512427e-01
1.262762954943326577e+03 6.635660279994181066e-01
1.262597041140498277e+03 6.745834097043030830e-01
1.262431005162557540e+03 6.730670235094361464e-01
1.262265091359729240e+03 6.698478848154025833e-01
1.262099299732013378e+03 6.727862927645906765e-01
1.261933508104297516e+03 6.720038105204149126e-01
1.261767716476581882e+03 6.689570209671776846e-01
1.261601924848866020e+03 6.699522311175464262e-01
1.261436377571375260e+03 6.707533131215390743e-01
1.261270830293884728e+03 6.634780919207229344e-01
1.261105160841281531e+03 6.661818029800748997e-01
1.260939613563790772e+03 6.632703869661271678e-01
1.260774188461412677e+03 6.706492321381757327e-01
1.260608763359034356e+03 6.717408439792292851e-01
1.260443338256656261e+03 6.690870434303771708e-01
1.260277913154278167e+03 6.665914426235810541e-01
1.260112610227012510e+03 6.626662546726117542e-01
1.259947429474859518e+03 6.679279799646273830e-01
1.259782126547593862e+03 6.706892127070338550e-01
1.259617067970553308e+03 6.671309891567986927e-01
1.259451887218400316e+03 6.683217878175709004e-01
1.259286828641359762e+03 6.679562161718102242e-01
