# Wavelength, Reflectance
1.644590395165888594e+03 6.166858859013920613e-01
1.643724306298701094e+03 6.212946477586912541e-01
1.642859071923701094e+03 6.173243558554176724e-01
1.641994814111201094e+03 6.060283695906759638e-01
1.641131410790888594e+03 5.943528691851247547e-01
1.640269106103388594e+03 6.117664924432739681e-01
1.639407655908076094e+03 5.871541295177684638e-01
1.638547182275263594e+03 5.864045598634431977e-01
1.637687563134638594e+03 5.887922115442777438e-01
1.636829042626826094e+03 5.692865440347156802e-01
1.635971376611201094e+03 5.693471733609595242e-01
1.635114687158076094e+03 5.682594324353789084e-01
1.634258974267451094e+03 5.585463775589187829e-01
1.633404115869013594e+03 5.589392665368573265e-01
1.632550234033076094e+03 5.451952187820602314e-01
1.631697206689326094e+03 5.381790577035140410e-01
1.630845155908076094e+03 5.367992536334311726e-01
1.629994081689326094e+03 5.212038770028261103e-01
1.629143861962763594e+03 5.213120891513773891e-01
1.628294618798701094e+03 5.215629619946460238e-01
1.627446230126826094e+03 5.227887131794169973e-01
1.626598818017451094e+03 5.207389167974628696e-01
1.625752382470576094e+03 5.149760348492992135e-01
1.624906923486201094e+03 5.168371053896630984e-01
1.624062196923701094e+03 5.190040932985353628e-01
1.623218568994013594e+03 5.139209587364308440e-01
1.622375673486201094e+03 5.159304764712996372e-01
1.621533876611201094e+03 5.156099786118584216e-01
1.620692812158076094e+03 5.154944861137670253e-01
1.619852846337763594e+03 5.048735282291829662e-01
1.619013612939326094e+03 5.055251072767471543e-01
1.618175356103388594e+03 5.000587109087161197e-01
1.617337953759638594e+03 5.113542978281040430e-01
1.616501527978388594e+03 4.940783171345833336e-01
1.615665956689326094e+03 4.925682394864548952e-01
1.614831361962763594e+03 5.017617328279135869e-01
1.613997743798701094e+03 4.955641672253300878e-01
1.613164858056513594e+03 4.992542585901278418e-01
1.612332948876826094e+03 4.931782136239814540e-01
1.611501894189326094e+03 4.972390108845632928e-01
1.610671816064326094e+03 4.949427847408239267e-01
1.609842592431513594e+03 4.852095036462607536e-01
1.609014223290888594e+03 4.862166600534253980e-01
1.608186830712763594e+03 4.942120494408643872e-01
1.607360170556513594e+03 4.901439406547111743e-01
1.606534486962763594e+03 4.912966468083069249e-01
1.605709779931513594e+03 4.933977356840862916e-01
1.604885927392451094e+03 4.940980120319663493e-01
1.604062807275263594e+03 4.841445056518669521e-01
1.603240663720576094e+03 4.856742361191217494e-01
1.602419496728388594e+03 4.839425674988537263e-01
1.601599062158076094e+03 4.896956005287125269e-01
1.600779604150263594e+03 4.773502727666092404e-01
1.599961000634638594e+03 4.882259970451162112e-01
1.599143251611201094e+03 4.903719748769848064e-01
1.598326357079951094e+03 4.869266719929828957e-01
1.597510194970576094e+03 4.907759077058972963e-01
1.596695375634638594e+03 4.848178220350440881e-01
1.595881044579951094e+03 4.816835452617827529e-01
1.595067568017451094e+03 4.895341014076369235e-01
1.594255190087763594e+03 4.838856616093089591e-01
1.593443422509638594e+03 4.893837778202450584e-01
1.592632631494013594e+03 4.867007805466594950e-01
1.591822817040888594e+03 4.890452447554650695e-01
1.591013735009638594e+03 4.853696187793852257e-01
1.590205629540888594e+03 4.939000712979794150e-01
1.589398134423701094e+03 4.774805961514535513e-01
1.588591493798701094e+03 4.840793447373811786e-01
1.587786073876826094e+03 4.827416921529318894e-01
1.586981264306513594e+03 4.837689961310460696e-01
1.586177309228388594e+03 4.849653127558454790e-01
1.585374330712763594e+03 4.824946873366468547e-01
1.584572084619013594e+03 4.923382495933439906e-01
1.583770693017451094e+03 4.797551415352824256e-01
1.582970277978388594e+03 4.904340581733716564e-01
1.582170595361201094e+03 4.839195971261542328e-01
1.581371889306513594e+03 4.867344111379508509e-01
1.580573793603388594e+03 4.882070931049565798e-01
1.579776552392451094e+03 4.890464642792624050e-01
1.578980409814326094e+03 4.873621368714774471e-01
1.578184877587763594e+03 4.967838401476831200e-01
1.577390321923701094e+03 4.904510787264253491e-01
1.576596620751826094e+03 4.838225605534076101e-01
1.575803652001826094e+03 4.963946213006422137e-01
1.575011415673701094e+03 4.805656102076117930e-01
1.574220155908076094e+03 4.759354263597811996e-01
1.573429750634638594e+03 4.852151723555876983e-01
1.572640199853388594e+03 4.769922864574226984e-01
1.571851381494013594e+03 4.784821542347872936e-01
1.571063295556513594e+03 4.830574108620055984e-01
1.570276308251826094e+03 4.907805125857515605e-01
1.569489931298701094e+03 4.818202864688950759e-01
1.568704652978388594e+03 4.844475680011929297e-01
1.567919862939326094e+03 4.761168998569674238e-01
1.567136049462763594e+03 4.779978281199857570e-01
1.566353090478388594e+03 4.810175733611691817e-01
1.565570863915888594e+03 4.832452064174234674e-01
1.564789491845576094e+03 4.821445528060230301e-01
1.564008974267451094e+03 4.852364635652284819e-01
1.563229311181513594e+03 4.801015261264289236e-01
1.562450258447138594e+03 4.766285390507045694e-01
1.561672182275263594e+03 4.863463866218845078e-01
1.560894960595576094e+03 4.769787521527352192e-01
1.560118471337763594e+03 4.826515677870156784e-01
1.559342714501826094e+03 4.769160513478550856e-01
1.558567812158076094e+03 4.800184149028730030e-01
1.557793886376826094e+03 4.838943400023120733e-01
1.557020570947138594e+03 4.829680227791365299e-01
1.556248110009638594e+03 4.787538159109853697e-01
1.555476381494013594e+03 4.788338874472931050e-01
1.554705629540888594e+03 4.785410693820983385e-01
1.553935487939326094e+03 4.814520212505932206e-01
1.553166322900263594e+03 4.808394042290875525e-01
1.553166200829951094e+03 4.744035962901707593e-01
1.552910097314326094e+03 4.794881114022354618e-01
1.552653871728388594e+03 4.831573640047294171e-01
1.552397890283076094e+03 4.767252795639713714e-01
1.552397768212763594e+03 4.799363006867961023e-01
1.552141908837763594e+03 4.744297584972947401e-01
1.551630190087763594e+03 4.797504858916211146e-01
1.550863344384638594e+03 4.783079881939028555e-01
1.550097231103388594e+03 4.754934664552838419e-01
1.549331972314326094e+03 4.768146065094335251e-01
1.548567568017451094e+03 4.791588181919499423e-01
1.547803774072138594e+03 4.763787578746612739e-01
1.547040834619013594e+03 4.758143142913066614e-01
1.546278749658076094e+03 4.733386947243006238e-01
1.545517519189326094e+03 4.754905177162269125e-01
1.544756899072138594e+03 4.774707331051762926e-01
1.543997011376826094e+03 4.739035676258175345e-01
1.543238100244013594e+03 4.753867056307395367e-01
1.542480043603388594e+03 4.744567952082486273e-01
1.541722597314326094e+03 4.767226737215409238e-01
1.540965883447138594e+03 4.797522553571301751e-01
1.540210024072138594e+03 4.772944200186690633e-01
1.539454897119013594e+03 4.735176712704676771e-01
1.538700746728388594e+03 4.785631286271953555e-01
1.537947206689326094e+03 4.714586967787610661e-01
1.537194399072138594e+03 4.782043923289974741e-01
1.536442445947138594e+03 4.744236530937366858e-01
1.535690981103388594e+03 4.776595958482439674e-01
1.534940859033076094e+03 4.719659575386392913e-01
1.534190981103388594e+03 4.782673808678984395e-01
1.533442201806513594e+03 4.696801130242381772e-01
1.532694032861201094e+03 4.741729454513462505e-01
1.531946596337763594e+03 4.779720059063237714e-01
1.531200136376826094e+03 4.725994635130615906e-01
1.530454286767451094e+03 4.852223518121909218e-01
1.529709169579951094e+03 4.631055201803304100e-01
1.528964784814326094e+03 4.730610666025085731e-01
1.528221254540888594e+03 4.803193490602243321e-01
1.527478212548701094e+03 4.788430286355345733e-01
1.526736391259638594e+03 4.741419617065242842e-01
1.525994936181513594e+03 4.732910393161779417e-01
1.525254579736201094e+03 4.738068711842592373e-01
1.524514711572138594e+03 4.700969344191898713e-01
1.523775697900263594e+03 4.742576470550680656e-01
1.523037416650263594e+03 4.776750206387050945e-01
1.522299989892451094e+03 4.714827688117513849e-01
1.521563173486201094e+03 4.784705903521979664e-01
1.520827089501826094e+03 4.679033944617736474e-01
1.520091737939326094e+03 4.717326150233006610e-01
1.519357240869013594e+03 4.737837475150384337e-01
1.518623354150263594e+03 4.744051794292452606e-01
1.517890199853388594e+03 4.757575444000620712e-01
1.517158144189326094e+03 4.742286770454592348e-01
1.516426576806513594e+03 4.696836725738524621e-01
1.515695619775263594e+03 4.741650777071817480e-01
1.515452333642451094e+03 4.761575349820038050e-01
1.515209047509638594e+03 4.744532759364591401e-01
1.514965639306513594e+03 4.735488162437669346e-01
1.514965517236201094e+03 4.722625165171642214e-01
1.514722475244013594e+03 4.699943091900468106e-01
1.514479433251826094e+03 4.746284945575588443e-01
1.514236147119013594e+03 4.721490732761833287e-01
1.513507509423701094e+03 4.709608906261086858e-01
1.512779604150263594e+03 4.780969677714910770e-01
1.512052431298701094e+03 4.726339964972243179e-01
1.511326112939326094e+03 4.745968014754925468e-01
1.510600404931513594e+03 4.762827245300912948e-01
1.509875429345576094e+03 4.715764026459928204e-01
1.509151186181513594e+03 4.820841922141730906e-01
1.508427675439326094e+03 4.772784141760131882e-01
1.507704897119013594e+03 4.761803679287819335e-01
1.506982851220576094e+03 4.807507999775466612e-01
1.506261537744013594e+03 4.919936161709608236e-01
1.505540956689326094e+03 4.837816318621004918e-01
1.504821230126826094e+03 4.796809814461143184e-01
1.504101991845576094e+03 4.656156267357505762e-01
1.503383608056513594e+03 4.956992447343698260e-01
1.502665205438005842e+03 4.582867974666580690e-01
1.501947371200902353e+03 4.725814225309584726e-01
1.501230392401262407e+03 4.707139941836721575e-01
1.500514024628382003e+03 4.758688964296577950e-01
1.499798390087612916e+03 4.744673975490448781e-01
1.499083488778955370e+03 4.752900378648285407e-01
1.498369198497057369e+03 4.744885192507498073e-01
1.497655763652622682e+03 4.720055915271131886e-01
1.496942939834947538e+03 4.743375240705658968e-01
1.496230971454735709e+03 4.763625646483543030e-01
1.495519614101283423e+03 4.728576674775276656e-01
1.494808989979942680e+03 4.703795908716507657e-01
1.494098976885361481e+03 4.673031677322092015e-01
1.493389819228243596e+03 4.742584565391328444e-01
1.492681272597885027e+03 4.728026513142717935e-01
1.491973459199638228e+03 4.803133544701893021e-01
1.491266379033502744e+03 4.739611635394164746e-01
1.490559909894126804e+03 4.711047682020071403e-01
1.489854173986862179e+03 4.775134809372884037e-01
1.489149171311709097e+03 4.794106977606244491e-01
1.488444901868667557e+03 4.780265720536599483e-01
1.487741243452385334e+03 4.557324049538298838e-01
1.487038318268214653e+03 4.707440537060372798e-01
1.486336004110803515e+03 4.716935755965067645e-01
1.485634545390855919e+03 4.750126654781421376e-01
1.484933697697667640e+03 4.716783344498609587e-01
1.484233583236590903e+03 4.685095281115902455e-01
1.483534079802273482e+03 4.685895424677859467e-01
1.482835431805419603e+03 4.682773295103515032e-01
1.482137272629973495e+03 4.745286539230888501e-01
1.481439968891990475e+03 4.675140286098600217e-01
1.480743276180767225e+03 4.721505290039557656e-01
1.480047194496303291e+03 4.717046299979312241e-01
1.479351968249302672e+03 4.743763550566419962e-01
1.478657230823709824e+03 4.726196610671067333e-01
1.477963348835580291e+03 4.763705424015679535e-01
1.477270077874210529e+03 4.698264284441701633e-01
1.476577540144951854e+03 4.754796145832440590e-01
1.475885613442452950e+03 4.731072086997348825e-01
1.475194419972065361e+03 4.689230084414933164e-01
1.474503837528437316e+03 4.795475074673396509e-01
1.473813988316920813e+03 4.792735294301214699e-01
1.473124750132163626e+03 4.791101519155502864e-01
1.472436245179518210e+03 4.648784488101150303e-01
1.471748473458983881e+03 4.654741821527585421e-01
1.471061312765209323e+03 4.619721689630732486e-01
1.470374885303546080e+03 4.672293777636816192e-01
1.469689068868642607e+03 4.684603993916789944e-01
1.469003863460498451e+03 4.664360396997782598e-01
1.468319391284465837e+03 4.720998287166223162e-01
1.467635652340544539e+03 4.680864625981717708e-01
1.466952524423383011e+03 4.713471796422119553e-01
1.466270007532980799e+03 4.729100023374837036e-01
1.465588223874690129e+03 4.575564564148033586e-01
1.464907051243159003e+03 4.673545523967160831e-01
1.464226611843739192e+03 4.688192389402303095e-01
1.463546783471078925e+03 4.735054591569714533e-01
1.462867688330530200e+03 4.701919901441790617e-01
1.462189204216741018e+03 4.718327961317807517e-01
1.461511331129711380e+03 4.663806325135700370e-01
1.460834069069441284e+03 4.730150053898378726e-01
1.460157662446634504e+03 4.676976223020926637e-01
1.459481744645235494e+03 4.616724552232612799e-01
1.458806560075947800e+03 4.677383325164092831e-01
1.458131986533419649e+03 4.671432028617986676e-01
1.457458146223002814e+03 4.680451331454302810e-01
1.456784916939345521e+03 4.640864215638905721e-01
1.456112298682447999e+03 4.688410500056242047e-01
1.455440413657661793e+03 4.636668447000381055e-01
1.454769139659635130e+03 4.597345653619248074e-01
1.454098476688368009e+03 4.708140964996360700e-01
1.453428424743860432e+03 4.729820567474717907e-01
1.452759228236816170e+03 4.707156637096327478e-01
1.452090520551179452e+03 4.694385487942634438e-01
1.451422423892302504e+03 4.657277236536185305e-01
1.450755060465536872e+03 4.731674998104062335e-01
1.450088308065530782e+03 4.663478180528631833e-01
1.449422166692284236e+03 4.737116711900085653e-01
1.448756758551149005e+03 4.712854883998293665e-01
1.448091961436773545e+03 4.757153803804003434e-01
1.447427653143805401e+03 4.793141535682032828e-01
1.446764200288300799e+03 4.731646101679683469e-01
1.446101236254203968e+03 4.727869282955404762e-01
1.445439127657570225e+03 4.711436726843091782e-01
1.444777385676992481e+03 4.793436165799830340e-01
1.444116376928526051e+03 4.759659606792253084e-01
1.443456101412170938e+03 4.791673670174685928e-01
1.442796314717223595e+03 4.774677948582136677e-01
1.442137261254387568e+03 4.732131848564758991e-01
1.441478818818311311e+03 4.630190615269554888e-01
1.440820987408994370e+03 4.732098952657268209e-01
1.440163644821085200e+03 4.640464914276357655e-01
1.439507279875991117e+03 4.676561855445794946e-01
1.439507157670639117e+03 4.687320361021381498e-01
1.439288532296077165e+03 4.661885793641496467e-01
1.439069784716162985e+03 4.616551547232838892e-01
1.438851281546952805e+03 4.608639898703658089e-01
1.438851159341601033e+03 4.605058162208377492e-01
1.438632656172390853e+03 4.574680886685706938e-01
1.438414275208532445e+03 4.575418535718801527e-01
1.438196016450026036e+03 4.636101673354987018e-01
1.438195894244674037e+03 4.660314682697559441e-01
1.437977635486167856e+03 4.699141062521113299e-01
1.437759498933013219e+03 4.650710348317912968e-01
1.437541362379858811e+03 4.565835401458362419e-01
1.437541240174506811e+03 4.613682249262931467e-01
1.437322981416000403e+03 4.570469504346111322e-01
1.437105089273549765e+03 4.651065648615411718e-01
1.436887319336451128e+03 4.640205473015692195e-01
1.436887197131099128e+03 4.636774135170909084e-01
1.436669304988648491e+03 4.648251781399752591e-01
1.436451412846197854e+03 4.660257395828749094e-01
1.436233765114450989e+03 4.655156090005228564e-01
1.436016117382704124e+03 4.640343326433373772e-01
1.435798469650957259e+03 4.614122115515965628e-01
1.435580944124562166e+03 4.624755438264531726e-01
1.435363540803519300e+03 4.601989674358689109e-01
1.435146137482476206e+03 4.634732935811285981e-01
1.434928734161433113e+03 4.661486725375950657e-01
1.434711575251093791e+03 4.671724689968969613e-01
1.434494294135402697e+03 4.729200015185723305e-01
1.434277135225063603e+03 4.742306794800408287e-01
1.434060098520076281e+03 4.757181548378081604e-01
1.433843184020440731e+03 4.767160532371443882e-01
1.433626269520805408e+03 4.738955780585356048e-01
1.433409355021169858e+03 4.679859597147464911e-01
1.433192684932238308e+03 4.680484362962117340e-01
1.432975892637954757e+03 4.658284928987448947e-01
1.432759222549023207e+03 4.636184973184415137e-01
1.432542674665443656e+03 4.598646233029258235e-01
1.432326248987215649e+03 4.563471911080584364e-01
1.432109823308987870e+03 4.535176172102857728e-01
1.431893397630760091e+03 4.637293457479297332e-01
1.431677094157884312e+03 4.643585334206257187e-01
1.431460912890360305e+03 4.443633106423032775e-01
1.431244731622836298e+03 4.315184784717301936e-01
1.431028672560664290e+03 4.241823279796730906e-01
1.430812735703844055e+03 4.272843619563790885e-01
1.430596676641672047e+03 4.480061748729447513e-01
1.430380739784852040e+03 4.710814097096100994e-01
1.430164802928031804e+03 4.679217598109294274e-01
1.429949232687267340e+03 4.643099925085861779e-01
1.429733540241151104e+03 4.632343577125068168e-01
1.429517970000386640e+03 4.655511073774800668e-01
1.429302521964973948e+03 4.673319712451241004e-01
1.429086951724209484e+03 4.701580789434344210e-01
1.428871503688797020e+03 4.642701496899441782e-01
1.428656177858736555e+03 4.629342837424891277e-01
1.428440974234027635e+03 4.614778159286662129e-01
1.428225770609318943e+03 4.734175638161358668e-01
1.428010566984610250e+03 4.786549710620034426e-01
1.427795485565253557e+03 4.718911712626011612e-01
1.427580648556600408e+03 4.722161275891153531e-01
1.427365567137243715e+03 4.720707721872763329e-01
1.427150730128590794e+03 4.756802266438144855e-01
1.426936015325289645e+03 4.796736701136338765e-01
1.426721300521988496e+03 4.786780174883560890e-01
1.426506585718687347e+03 4.775243020656423920e-01
1.426291993120738198e+03 4.773720544929331844e-01
1.426077522728141048e+03 4.739526028090569332e-01
1.425863052335543671e+03 4.776158954789401778e-01
1.425648704148298293e+03 4.761797808046254743e-01
1.425434355961052916e+03 4.689766943848896474e-01
1.425220129979159537e+03 4.695355397586538082e-01
1.425005903997266159e+03 4.689951822400564851e-01
1.424791800220724554e+03 4.722042223301937125e-01
1.424577574238831176e+03 4.743512452200823182e-01
1.424363837078345341e+03 4.719719841693235107e-01
1.424149855507155735e+03 4.680019651600921815e-01
1.423935996141317901e+03 4.615850447571439030e-01
1.423722258980832066e+03 4.627898790105955951e-01
1.423508521820346232e+03 4.713053651596227911e-01
1.423294906865212397e+03 4.732678202311766391e-01
1.423081169704726562e+03 4.721733198191272463e-01
1.422867921365648272e+03 4.660520387087746519e-01
1.422654428615866209e+03 4.593912349723699995e-01
1.422441058071436146e+03 4.656035860643223945e-01
1.422227687527006083e+03 4.763646217342607514e-01
1.422014561393279791e+03 4.735191660223881382e-01
1.421801313054201501e+03 4.765914024078078404e-01
1.421588186920475209e+03 4.724550768821883517e-01
1.421375060786748918e+03 4.658388594335958754e-01
1.421162179063726626e+03 4.586947710673890954e-01
1.420949297340704106e+03 4.624695180625251756e-01
1.420736415617681587e+03 4.655287424310422528e-01
1.420523778305362839e+03 4.691429915360647018e-01
1.420310896582340547e+03 4.762042919693583176e-01
1.420098381475373799e+03 4.734217772976072047e-01
1.419885744163055051e+03 4.682635232703502015e-01
1.419673351261440303e+03 4.723826951346084546e-01
1.419460836154473554e+03 4.673933719816265042e-01
1.419248443252858578e+03 4.676781959021265034e-01
1.419036172556595602e+03 4.685149598343095190e-01
1.418824024065684625e+03 4.643981462219814449e-01
1.418611875574773649e+03 4.627777084037690836e-01
1.418399727083862672e+03 4.683551446888002401e-01
1.418187578592951468e+03 4.717833644962464712e-01
1.417975796718096262e+03 4.678145391085080651e-01
1.417763770432537058e+03 4.642010247561449976e-01
1.417551866352329853e+03 4.641172143994233279e-01
1.417340206682826420e+03 4.681967893051391383e-01
1.417128547013322986e+03 4.679756099643079814e-01
1.416916887343819781e+03 4.689752414913126444e-01
1.416705227674316347e+03 4.748428664486843420e-01
1.416493812415516686e+03 4.742657654930503286e-01
1.416282397156717025e+03 4.728617559019502870e-01
1.416070981897917591e+03 4.696148728910993775e-01
1.415859688844469929e+03 4.720176027906324290e-01
1.415648395791022267e+03 4.683479803923857876e-01
1.415437347148278377e+03 4.695961344770767099e-01
1.415226176300182487e+03 4.708948203778116626e-01
1.415015127657438597e+03 4.702424355771973596e-01
1.414804079014694707e+03 4.680656308325333859e-01
1.414593274782654817e+03 4.671753825952462691e-01
1.414382470550614698e+03 4.697466096158702253e-01
1.414171666318574580e+03 4.639263786266268341e-01
1.413960984291886462e+03 4.650046074489026515e-01
1.413750424470550342e+03 4.668500336010335539e-01
1.413539742443862224e+03 4.702302802810735538e-01
1.413329060417173878e+03 4.683919292660552736e-01
1.413118867211893530e+03 4.681066917466198962e-01
1.412908429595909183e+03 4.669182509725047781e-01
1.412698114185276609e+03 4.681941957998437820e-01
1.412487798774644261e+03 4.685186645150774543e-01
1.412277727774715686e+03 4.739779490636665815e-01
1.412067656774787110e+03 4.746120055044182884e-01
1.411857585774858535e+03 4.790869712868933150e-01
1.411647514774929959e+03 4.744577488726688386e-01
1.411437688185705156e+03 4.692245590264860211e-01
1.411227861596480352e+03 4.699380550104588217e-01
1.411018035007255548e+03 4.689080062524952353e-01
1.410808208418030745e+03 4.727388815800909194e-01
1.410598626239509713e+03 4.697004521336022309e-01
1.410389044060988681e+03 4.674808486680147035e-01
1.410179584087819649e+03 4.721360432424556719e-01
1.409970001909298617e+03 4.726446143561848223e-01
1.409760786346833356e+03 4.719707345711811053e-01
1.409551326373664324e+03 4.665326171524568077e-01
1.409342110811199063e+03 4.673478150103421713e-01
1.409132895248733803e+03 4.641029975482237613e-01
1.408923801891620542e+03 4.649023407996698554e-01
1.408714708534507054e+03 4.659861597153421853e-01
1.408505737382745792e+03 4.664143770438980985e-01
1.408296766230984304e+03 4.688661179022173831e-01
1.408087917284574814e+03 4.684159393416977291e-01
1.407879068338165098e+03 4.678696189057757748e-01
1.407670341597107608e+03 4.711484341819549004e-01
1.407461614856049891e+03 4.645835547184860581e-01
1.407253010320344174e+03 4.661310113316686210e-01
1.407044527989990456e+03 4.623113331538921678e-01
1.406836045659636511e+03 4.697590865101818891e-01
1.406627563329282793e+03 4.698811040571838071e-01
1.406419203204280848e+03 4.707118435864837136e-01
1.406211087489982674e+03 4.725635208611342342e-01
1.406002727364980956e+03 4.716931856408762003e-01
1.405794611650682782e+03 4.756620100907939519e-01
1.405586495936384608e+03 4.787432429367506348e-01
1.405378502427438434e+03 4.778783395083909258e-01
1.405170508918492260e+03 4.718504590587955239e-01
1.404962637614898085e+03 4.668808909388925676e-01
1.404754766311303683e+03 4.689039557505842448e-01
1.404547139418413281e+03 4.699884571720068238e-01
1.404339390320170878e+03 4.701476999023176395e-01
1.404131641221928476e+03 4.713601486990922629e-01
1.403924136534390072e+03 4.714381001532503834e-01
1.403716631846851442e+03 4.764909213582662062e-01
1.403509249364664811e+03 4.767391713904832740e-01
1.403301744677126180e+03 4.760287549092218629e-01
1.403094484400291549e+03 4.727958912107855238e-01
1.402887346328808690e+03 4.736343044127527824e-01
1.402680086051973831e+03 4.742366394192329970e-01
1.402472947980491199e+03 4.747642807634617212e-01
1.402265809909008340e+03 4.811863863574069589e-01
1.402058916248229252e+03 4.780703397449933556e-01
1.401852022587450165e+03 4.760664203886387780e-01
1.401645128926671305e+03 4.747083535956392319e-01
1.401438235265892217e+03 4.743892578010790451e-01
1.401231463810465129e+03 4.722356769237079921e-01
1.401024814560389814e+03 4.686151764661275476e-01
1.400818287515666498e+03 4.718417915809235419e-01
1.400611760470943182e+03 4.693927054558138523e-01
1.400405233426220093e+03 4.719839999038087375e-01
1.400198828586848549e+03 4.681204189584688979e-01
1.399992545952829005e+03 4.710424392189205833e-01
1.399786141113457688e+03 4.705114604138589951e-01
1.399579980684790144e+03 4.673630849874352844e-01
1.399373820256122599e+03 4.670913735381733711e-01
1.399167782032806826e+03 4.714352297224946864e-01
1.398961621604139282e+03 4.695623919683338809e-01
1.398755705586175509e+03 4.743035716033360272e-01
1.398549911773563736e+03 4.692810930168861971e-01
1.398343873550247963e+03 4.689203788750786472e-01
1.398138201942988189e+03 4.681744907741213768e-01
1.397932408130376189e+03 4.757741514047216236e-01
1.397726736523116415e+03 4.725780352601994805e-01
1.397521309326560186e+03 4.706486258011830515e-01
1.397315759924652184e+03 4.742480489538883348e-01
1.397110210522744183e+03 4.749645996299595163e-01
1.396904661120835954e+03 4.742651809985953260e-01
1.396699600540335723e+03 4.702641831292079799e-01
1.396494295549131493e+03 4.728170636913571756e-01
1.396288990557927264e+03 4.688199657750178329e-01
1.396083929977426806e+03 4.726180196639880315e-01
1.395878869396926348e+03 4.760246522754555953e-01
1.395673808816425890e+03 4.778671881198563454e-01
1.395468870441277431e+03 4.736474312948454335e-01
1.395263932066128973e+03 4.690349839926340469e-01
1.395059115896332287e+03 4.697030579210613177e-01
1.394854421931887600e+03 4.718805719540143384e-01
1.394649727967442914e+03 4.713575318258441116e-01
1.394445034002998227e+03 4.713205903619731019e-01
1.394240340038553541e+03 4.704333750708905582e-01
1.394036012690164625e+03 4.715803593899527413e-01
1.393831563136423711e+03 4.733864688988723701e-01
1.393627113582683023e+03 4.685317688686748139e-01
1.393422786234293881e+03 4.753157102483373531e-01
1.393218581091256965e+03 4.753331475660128036e-01
1.393014375948219822e+03 4.775754322042157773e-01
1.392810293010534679e+03 4.699345971020735258e-01
1.392606210072849535e+03 4.732717038582803792e-01
1.392402127135164392e+03 4.681636929756165522e-01
1.392198288608183020e+03 4.644480289230543124e-01
1.391994327875849876e+03 4.664122725739279773e-01
1.391790489348868505e+03 4.711559292425454570e-01
1.391586650821887133e+03 4.718550235825461070e-01
1.391383178910961533e+03 4.716338716437700196e-01
1.391179462589332161e+03 4.677291707022510625e-01
1.390975868473054561e+03 4.666531280907332824e-01
1.390772396562128961e+03 4.702443239266624331e-01
1.390568924651203361e+03 4.760419011788363797e-01
1.390365574945629533e+03 4.726748581615289879e-01
1.390162225240055932e+03 4.720485112678236561e-01
1.389958997739834103e+03 4.720768059825182772e-01
1.389755770239612275e+03 4.673446375051951152e-01
1.389552787150094218e+03 4.754769937558171455e-01
1.389349681855224389e+03 4.754151707918529146e-01
1.389146576560354561e+03 4.772056222509488688e-01
1.388943593470836504e+03 4.727618063691857997e-01
1.388740732586670447e+03 4.734644067767919684e-01
1.388537993907856389e+03 4.759493262071592956e-01
1.388335255229042104e+03 4.712948738182836661e-01
1.388132516550228047e+03 4.706569756431622231e-01
1.387929900076765762e+03 4.676144195913562451e-01
1.387727405808655249e+03 4.657567847673227401e-01
1.387524789335193191e+03 4.748649114902314117e-01
1.387322417272434677e+03 4.764103385972987548e-01
1.387120045209676164e+03 4.762425498689989989e-01
1.386917673146917650e+03 4.704928500226133181e-01
1.386715423289511136e+03 4.733613052359713635e-01
1.386513295637456622e+03 4.723996301827877442e-01
1.386311045780050108e+03 4.739213271306669806e-01
1.386109040333347366e+03 4.752479121223152081e-01
1.385907034886644624e+03 4.788963122863864053e-01
1.385705151645293654e+03 4.794857810254534725e-01
1.385503268403942911e+03 4.804017804540129943e-01
1.385301385162592169e+03 4.771531591271500061e-01
1.385099624126593199e+03 4.715293792702462961e-01
1.384897863090594228e+03 4.693730944023258855e-01
1.384696346465299257e+03 4.731780841758910783e-01
1.384494707634652059e+03 4.766761033535845127e-01
1.384293191009357088e+03 4.775512711309048419e-01
1.384091674384061889e+03 4.794916641887986830e-01
1.383890402169470690e+03 4.746840977469134470e-01
1.383689007749527491e+03 4.719063629344846245e-01
1.383487735534936292e+03 4.752465823733613703e-01
1.383286463320344865e+03 4.830846248213344074e-01
1.383085435516457437e+03 4.781693138973729384e-01
1.382884407712570010e+03 4.713836099347877839e-01
1.382683257703330582e+03 4.678318486611305893e-01
1.382482352104795154e+03 4.691703485701680387e-01
1.382281446506259499e+03 4.708800216434684827e-01
1.382080663113075843e+03 4.734676496941627732e-01
1.381879879719892187e+03 4.739307496495400729e-01
1.381679096326708532e+03 4.754705367329362664e-01
1.381478435138876875e+03 4.787632461194559208e-01
1.381277773951044992e+03 4.831332613597638104e-01
1.381077357173917108e+03 4.782356907750694441e-01
1.380876940396789223e+03 4.748284029468319289e-01
1.380676523619661339e+03 4.711874369925626582e-01
1.380476106842533227e+03 4.698442632192867396e-01
1.380275812270757342e+03 4.691559773130692945e-01
1.380075639904333229e+03 4.748359559956877862e-01
1.379875467537909117e+03 4.693137989117786013e-01
1.379675295171485004e+03 4.757290625465768197e-01
1.379475245010412664e+03 4.774340984396095999e-01
1.379275439260044323e+03 4.788809968107397008e-01
1.379075511304323982e+03 4.748558545856207402e-01
1.378875583348603641e+03 4.742322864983110620e-01
1.378675777598235300e+03 4.714404383481980432e-01
1.378475971847866958e+03 4.686066448809783069e-01
1.378276288302850389e+03 4.761361458870797536e-01
1.378076726963185820e+03 4.722067720578779215e-01
1.377877165623521250e+03 4.727675076301638413e-01
1.377677726489208681e+03 4.791036543097616507e-01
1.377478287354895883e+03 4.797412236749273862e-01
1.377278970425935086e+03 4.778043411301016175e-01
1.377079653496974288e+03 4.768334700564780260e-01
1.376880336568013718e+03 4.785213959438549547e-01
1.376681141844404692e+03 4.782378891815291522e-01
1.376481947120795894e+03 4.841648738101515526e-01
1.376282996807890868e+03 4.828801546784188825e-01
1.376083924289633842e+03 4.791851346842189718e-01
1.375884973976728816e+03 4.691826282841065621e-01
1.375686023663823789e+03 4.745234965781005565e-01
1.375487195556270763e+03 4.783992250340983743e-01
1.375288611859421280e+03 4.802455552995359978e-01
1.375089905957220026e+03 4.812838963175460338e-01
1.374891200055018771e+03 4.780420548955767179e-01
1.374692616358169516e+03 4.761841121883984562e-01
1.374494032661320261e+03 4.808505337434104132e-01
1.374295693375174778e+03 4.738529735627213246e-01
1.374097231883677296e+03 4.773349870321730304e-01
1.373898892597531812e+03 4.782940842056500608e-01
1.373700553311386329e+03 4.814700923997426996e-01
1.373502336230592618e+03 4.764570729444533859e-01
1.373304241355150907e+03 4.733436866143021504e-01
1.373106024274357424e+03 4.744389310875026244e-01
1.372908051604267712e+03 4.724390561656570120e-01
1.372710078934177773e+03 4.761701734082383064e-01
1.372512106264088061e+03 4.806525843670285680e-01
1.372314378004702121e+03 4.773839039094871506e-01
1.372116527539964181e+03 4.748942183302112263e-01
1.371918799280578241e+03 4.752139333917427821e-01
1.371720948815840302e+03 4.777208314574252213e-01
1.371523464967158134e+03 4.770884988897768908e-01
1.371325981118475966e+03 4.761556636373947549e-01
1.371128497269793797e+03 4.738135421611720521e-01
1.370931013421111629e+03 4.754724481777438672e-01
1.370733529572429461e+03 4.735032611532118407e-01
1.370536167929099292e+03 4.817979969794922157e-01
1.370339050696472896e+03 4.829663251724010120e-01
1.370141811258494499e+03 4.748842486542602659e-01
1.369944694025868102e+03 4.686891143087242306e-01
1.369747576793241706e+03 4.680145501194142854e-01
1.369550581765967081e+03 4.722618497828963147e-01
1.369353708944044456e+03 4.785335820575545296e-01
1.369156591711418059e+03 4.862068026480867999e-01
1.368959841094847434e+03 4.774888703662902856e-01
1.368763090478276581e+03 4.734552539315109443e-01
1.368566339861705956e+03 4.729783115313209163e-01
1.368369711450487102e+03 4.743597909901915988e-01
1.368173083039268249e+03 4.765472245085947134e-01
1.367976454628049396e+03 4.807538249349738724e-01
1.367780070627534542e+03 4.749175856146551911e-01
1.367583564421667688e+03 4.785260296300045124e-01
1.367387180421152607e+03 4.755655002744454407e-01
1.367191040831341525e+03 4.775994862010843889e-01
1.366994656830826443e+03 4.746667912116495081e-01
1.366798517241015134e+03 4.766153296518226279e-01
1.366602255445852052e+03 4.794123518946012408e-01
1.366406238061392969e+03 4.808209377470580859e-01
1.366210342882285431e+03 4.802136364321795137e-01
1.366014325497826349e+03 4.835121681185687859e-01
1.365818430318718811e+03 4.788322296557753210e-01
1.365622535139611500e+03 4.740639602130463093e-01
1.365426762165855962e+03 4.815503385572542094e-01
1.365231233602804423e+03 4.809808886857149801e-01
1.365035460629048885e+03 4.804688170952950421e-01
1.364839932065997345e+03 4.777652824964822575e-01
1.364644281297593807e+03 4.705055139842036493e-01
1.364448874939894040e+03 4.695466401730821193e-01
1.364253468582194273e+03 4.757578558643451028e-01
1.364058062224494506e+03 4.758983147810605940e-01
1.363862778072146739e+03 4.780944596724135409e-01
1.363667493919798972e+03 4.731958813425803934e-01
1.363472331972802976e+03 4.721829928220365735e-01
1.363277170025806981e+03 4.772338167571881784e-01
1.363082130284162986e+03 4.797743282659562292e-01
1.362887212747870990e+03 4.800218654600829082e-01
1.362692050800874995e+03 4.772087605658061338e-01
1.362497255469934771e+03 4.765421319061933780e-01
1.362302460138994547e+03 4.776909553509328665e-01
1.362107787013406323e+03 4.759427099489715873e-01
1.361912991682466100e+03 4.774404005251823291e-01
1.361718318556877875e+03 4.773218524515879801e-01
1.361523645431289651e+03 4.771302276046481272e-01
1.361329094511053199e+03 4.750637786014882402e-01
1.361134665796168747e+03 4.754078867888780202e-01
1.360940359286636067e+03 4.816755348560101679e-01
1.360745930571751614e+03 4.791072142236310061e-01
1.360551624062219162e+03 4.783887291938369035e-01
1.360357317552686482e+03 4.841143633797987955e-01
1.360163011043154029e+03 4.865111562005436929e-01
1.359969071149677120e+03 4.881177693710576637e-01
1.359775009050848439e+03 4.856558093602820758e-01
1.359580946952019531e+03 4.780731578894935052e-01
1.359387007058542849e+03 4.753248655977780346e-01
1.359193067165065941e+03 4.803874430664729078e-01
1.358999249476941031e+03 4.778112231600807336e-01
1.358805553994167894e+03 4.834367315363204409e-01
1.358611736306042985e+03 4.796643080249352598e-01
1.358418040823270076e+03 4.789610349844227732e-01
1.358224467545848938e+03 4.797175891084878296e-01
1.358030894268427801e+03 4.862322401817472661e-01
1.357837443196358436e+03 4.803906852462321853e-01
1.357643992124289298e+03 4.828450045788631462e-01
1.357450663257571932e+03 4.846174919831784389e-01
1.357257334390854567e+03 4.833420363739917569e-01
1.357064005524137428e+03 4.779123551345570986e-01
1.356870798862771835e+03 4.749012103104557903e-01
1.356677714406758469e+03 4.757645587438572021e-01
1.356484629950744875e+03 4.818328974160736022e-01
1.356291667700083281e+03 4.814542254990835657e-01
1.356098583244069914e+03 4.783555360670495027e-01
1.355905743198760092e+03 4.760064489216205286e-01
1.355712780948098498e+03 4.813894958530849921e-01
1.355520185313492675e+03 4.813608812390497982e-01
1.355327345268183080e+03 4.854762513762854170e-01
1.355134627428225258e+03 4.797610614864682432e-01
1.354942031793619435e+03 4.751109873022393293e-01
1.354749436159013612e+03 4.773139803536075032e-01
1.354557084935111561e+03 4.777245938536203163e-01
1.354364611505857511e+03 4.793723494186085676e-01
1.354172138076603460e+03 4.847919383495448709e-01
1.353979786852701409e+03 4.803320616949532385e-01
1.353787435628799358e+03 4.806325901967921088e-01
1.353595206610249306e+03 4.791085657380375618e-01
1.353403222002403027e+03 4.798848443566050559e-01
1.353211115189204747e+03 4.798772351983219275e-01
1.353019008376006468e+03 4.783751500326660633e-01
1.352827023768160188e+03 4.773146733431617994e-01
1.352635039160313909e+03 4.781600716600610812e-01
1.352443176757819401e+03 4.786536230826241023e-01
1.352251436560676893e+03 4.778650519417366183e-01
1.352059696363534385e+03 4.802601057663262174e-01
1.351867956166391878e+03 4.804792192796802919e-01
1.351676215969249370e+03 4.794246473784615770e-01
1.351484597977458861e+03 4.813030860399097333e-01
1.351292979985668126e+03 4.843857732933906091e-01
1.351101728609933161e+03 4.821056264028972249e-01
1.350910232823494653e+03 4.796218224833648791e-01
1.350718859242407689e+03 4.742086219474215270e-01
1.350527607866672952e+03 4.728035578768307601e-01
1.350336356490937987e+03 4.744561734219386873e-01
1.350145105115203023e+03 4.779533306364485146e-01
1.349954098150172058e+03 4.763058816975727083e-01
1.349762968979789093e+03 4.815588936361534511e-01
1.349571962014757901e+03 4.791816043198610098e-01
1.349380955049726936e+03 4.810382339676247954e-01
1.349190070290047743e+03 4.796754723673676279e-01
1.348999185530368550e+03 4.786415619711670844e-01
1.348808422976041356e+03 4.783608305980378561e-01
1.348617782627065935e+03 4.783002284313124797e-01
1.348427020072738742e+03 4.771489812775095429e-01
1.348236379723763321e+03 4.816577555026144153e-01
1.348045861580139899e+03 4.777678334908226909e-01
1.347855343436516478e+03 4.749577557828698060e-01
1.347664947498244828e+03 4.761202145359070825e-01
1.347474429354621407e+03 4.771683604906440945e-01
1.347284155621701757e+03 4.774211657276133947e-01
1.347093881888782334e+03 4.786629094059734468e-01
1.346903608155862685e+03 4.797336076277924355e-01
1.346713456628294807e+03 4.817831721067492579e-01
1.346523427306079157e+03 4.804009505517067846e-01
1.346333397983863279e+03 4.820928380449959749e-01
1.346143368661647401e+03 4.822170384926469100e-01
1.345953461544783522e+03 4.785214156091749937e-01
1.345763554427919644e+03 4.828320815449924086e-01
1.345573647311055765e+03 4.801537789601297290e-01
1.345383984604895659e+03 4.786696828018363603e-01
1.345194199693383553e+03 4.793046922844477753e-01
1.345004536987223446e+03 4.762926124732662081e-01
1.344814996486415339e+03 4.744996650900282775e-01
1.344625333780255232e+03 4.778984485204630372e-01
1.344435915484798898e+03 4.745932733810361848e-01
1.344246374983990790e+03 4.784993697018943837e-01
1.344057201099238227e+03 4.768362244862655031e-01
1.343867782803782120e+03 4.723048393426655389e-01
1.343678486713677785e+03 4.742764960022771703e-01
1.343489312828925222e+03 4.699410799173375786e-01
1.343300138944172659e+03 4.760784870457006046e-01
1.343111087264772095e+03 4.724453800074419618e-01
1.342922035585371532e+03 4.775885755388202258e-01
1.342733106111322968e+03 4.780911162985282403e-01
1.342544054431922405e+03 4.779204989679984306e-01
1.342355247163225613e+03 4.759275727755529206e-01
1.342166439894529049e+03 4.802796296395183684e-01
1.341977632625832257e+03 4.808790696080910143e-01
1.341788947562487465e+03 4.772880832806453699e-01
1.341600384704494445e+03 4.793587685248675290e-01
1.341411821846501425e+03 4.785850946697595143e-01
1.341223258988508633e+03 4.785959258712570441e-01
1.341034696130515613e+03 4.764204707946609330e-01
1.340846255477874593e+03 4.763717276034601378e-01
1.340657937030585572e+03 4.769650243962724190e-01
1.340469618583296324e+03 4.779280522262976949e-01
1.340281422341359303e+03 4.732961867062721595e-01
1.340093226099422054e+03 4.829408118255747451e-01
1.339905029857484806e+03 4.798473741431913409e-01
1.339716955820899557e+03 4.807101690838991859e-01
1.339528881784314308e+03 4.785345684334810223e-01
1.339340807747728832e+03 4.770978753466545985e-01
1.339152978121847354e+03 4.760092679951183348e-01
1.338965148495965877e+03 4.770194301977551676e-01
1.338777196664732628e+03 4.766571209310626611e-01
1.338589489244202923e+03 4.793228327945514011e-01
1.338401781823673446e+03 4.785938692715495657e-01
1.322464493060037967e+03 4.852747123524439599e-01
1.322281551648232607e+03 4.846948795416736733e-01
1.322098610236427476e+03 4.846909542022601602e-01
1.321915668824622344e+03 4.872731160035420062e-01
1.321732971823520984e+03 4.877775265526335113e-01
1.304961998149173951e+03 4.875220784355621673e-01
1.304784067156796937e+03 4.870292668342180997e-01
1.304606258369771922e+03 4.871920106022908925e-01
1.304428449582746907e+03 4.844071550772299228e-01
1.304250640795721665e+03 4.878226080884496829e-01
1.287076389460080691e+03 4.893623772814089112e-01
1.286903713297835793e+03 4.872192613441649889e-01
1.286730914930238896e+03 4.899062529739635630e-01
1.286558238767993998e+03 4.897314543877026582e-01
1.286385562605748873e+03 4.893352931704568753e-01
1.286213008648855975e+03 4.904323083518659088e-01
1.286040454691962850e+03 4.942332160966812493e-01
1.285867900735069725e+03 4.878722336030095752e-01
1.285695468983528599e+03 4.904813081993144586e-01
1.285523037231987473e+03 4.951415000406774181e-01
1.285350849891150119e+03 4.930070814811622903e-01
1.285178540344960766e+03 4.924440156122689705e-01
1.285006230798771639e+03 4.916765041646019019e-01
1.284834043457934285e+03 4.949377918100199558e-01
1.284661856117096931e+03 4.986473234311655789e-01
1.284489790981611350e+03 4.923364726099287436e-01
1.284317725846125995e+03 4.971554459147077276e-01
1.284145660710640414e+03 4.931087637233307341e-01
1.283973717780507059e+03 4.976246461155252043e-01
1.283801774850373477e+03 5.039122731542443612e-01
1.283629954125591894e+03 4.994791497586538731e-01
1.283458133400810084e+03 5.062914761170597133e-01
1.283286312676028501e+03 5.072616614236070687e-01
1.283114614156598691e+03 5.089400822932876878e-01
1.282942915637169108e+03 5.149830688917234056e-01
1.282771461528443069e+03 5.239383184981933894e-01
1.282599885214365258e+03 5.283253638324605372e-01
1.282428308900287448e+03 5.214350515960183285e-01
1.282256854791561636e+03 5.044910146103648296e-01
1.282085522888187597e+03 4.858508065780183793e-01
1.281914068779461786e+03 4.855186349140203639e-01
1.281742736876087747e+03 4.815331927299202341e-01
1.281571404972713708e+03 4.899857233571594528e-01
1.281400195274691669e+03 4.943965795719029166e-01
1.281228985576669629e+03 4.909758520876112420e-01
1.281057775878647362e+03 4.898839365274288982e-01
1.280886810591329095e+03 4.901837573856541730e-01
1.280715723098659055e+03 4.904891709945853329e-01
1.280544635605988788e+03 4.918304312248207855e-01
1.280373792524022520e+03 4.918413627940382837e-01
1.280202827236704024e+03 4.890105227400697308e-01
1.280032106360089756e+03 4.914877766715832763e-01
1.279861263278123261e+03 4.878461440078410427e-01
1.279690542401508765e+03 4.913954907221892987e-01
1.279519821524894269e+03 4.878807073112317871e-01
1.279349222853631773e+03 4.921713374934778007e-01
1.279178501977017277e+03 4.888179781343048314e-01
1.279008025511106780e+03 4.909949490411026352e-01
1.278837426839844056e+03 4.930777240851633714e-01
1.278667072579285332e+03 4.932864405332217927e-01
1.278496596113374835e+03 4.889174759075909371e-01
1.278326241852816111e+03 4.894245259495582090e-01
1.278155887592257159e+03 4.897408165607382569e-01
1.277985655537050434e+03 4.922859908419824349e-01
1.277815423481843482e+03 4.868730388146442767e-01
1.277645191426636757e+03 4.935818555851891332e-01
1.277475081576781804e+03 4.892283189701301382e-01
1.277304971726926851e+03 4.927877588583695623e-01
1.277135106287775670e+03 4.909313802054924292e-01
1.276965118643272717e+03 4.896534972392994067e-01
1.276795130998769764e+03 4.916528996325801315e-01
1.276625265559618583e+03 4.924838994031539019e-01
1.276455522325819402e+03 4.917887705643566032e-01
1.276285656886668221e+03 4.895464692466668932e-01
1.276115913652869040e+03 4.884625002924311565e-01
1.275946170419069858e+03 4.923776279910611620e-01
1.275776549390622677e+03 4.900474425162612557e-01
1.275606928362175267e+03 4.934665632063849894e-01
1.275437307333728086e+03 4.931939618744125009e-01
1.275267930715984448e+03 4.903277537200823044e-01
1.275098309687537267e+03 4.890053584184353985e-01
1.274928933069793629e+03 4.910905370225412958e-01
1.274759556452050219e+03 4.899357577308635636e-01
1.274590302039658582e+03 4.882012937916569983e-01
1.274420925421915172e+03 4.881150621223367403e-01
1.274251793214875534e+03 4.900197648432381703e-01
1.274082661007835895e+03 4.884858497500390584e-01
1.273913528800796257e+03 4.904968050635612475e-01
1.273744518799108391e+03 4.894308819111041764e-01
1.273575508797420753e+03 4.888092269836676329e-01
1.273406621001084886e+03 4.860120792080552810e-01
1.273406498795732887e+03 4.874565715621357875e-01
1.273237610999397020e+03 4.853533956176142583e-01
1.273237488794045021e+03 4.885307755931286855e-01
1.273068845408413154e+03 4.870162083659371755e-01
1.273068723203061154e+03 4.875936814903844563e-01
1.272899957612077287e+03 4.882902918929509228e-01
1.272899835406725288e+03 4.943533809348255037e-01
1.272731069815741421e+03 4.896271664214460473e-01
1.272730947610389421e+03 4.922250482281763651e-01
1.272562182019405554e+03 4.892937094198411274e-01
1.272393538633773460e+03 4.914428946144866472e-01
1.272224895248141365e+03 4.909652187245386878e-01
1.272056251862509498e+03 4.932220025236679350e-01
1.271887730682229176e+03 4.920214785039344618e-01
1.271719209501949081e+03 4.888775215159829046e-01
1.271550688321668986e+03 4.901788137999306127e-01
1.271382289346740663e+03 4.899912614179547932e-01
1.271213890371812568e+03 4.922756579909053909e-01
1.271045613602236244e+03 4.895685126110035368e-01
1.270877336832659921e+03 4.904966621966719842e-01
1.270709060063083598e+03 4.918000604418567012e-01
1.270541027704211047e+03 4.872866929080618692e-01
1.270372873139986723e+03 4.880140894741276658e-01
1.270204718575762172e+03 4.928777382166450449e-01
1.270036686216889848e+03 4.935578180173620932e-01
1.269868776063369069e+03 4.935343833477576769e-01
1.269700743704496745e+03 4.951160859289757132e-01
1.269532833550975965e+03 4.942169544371517453e-01
1.269365045602807413e+03 4.975818119268652362e-01
1.269197257654638634e+03 4.983740089509754445e-01
1.269029469706470081e+03 5.005004194598490219e-01
1.268861681758301302e+03 5.014841809029497721e-01
1.268694138220836294e+03 4.976601106696676990e-01
1.268526472478019514e+03 4.941817774894279869e-01
1.268358806735202734e+03 4.936531184466432798e-01
1.268191385403089953e+03 4.859151459231839665e-01
1.268023841865624945e+03 4.864147195723247941e-01
1.267856420533511937e+03 4.909724650610182706e-01
1.267688999201399156e+03 4.940052529506052115e-01
1.267521822279989919e+03 4.932630425793129714e-01
1.267354400947876911e+03 4.930041704872278885e-01
1.267187101821115903e+03 4.947750236566157978e-01
1.267019924899706666e+03 4.925236578315012048e-01
1.266852747978297657e+03 4.941697430337188002e-01
1.266685693262240420e+03 4.918543612728108472e-01
1.266518760751534955e+03 4.960655135447508690e-01
1.266351706035477719e+03 4.913997429477921508e-01
1.266184773524772481e+03 4.950034574559376011e-01
1.266017841014067017e+03 4.934552545499799048e-01
1.265850908503361779e+03 4.887369240743563714e-01
1.265684098198008314e+03 4.910022107708432726e-01
1.265517287892654849e+03 4.958156156734748743e-01
1.265350721998005156e+03 4.929346824079101630e-01
1.265183911692651918e+03 4.892962783844739261e-01
1.265017223592650225e+03 4.876398426708785649e-01
1.264850657698000759e+03 4.921522485284356985e-01
1.264684091803351066e+03 4.978946156263889256e-01
1.264517648114053372e+03 4.984772943844530402e-01
1.264351204424755679e+03 4.935784570496738466e-01
1.264184760735457985e+03 4.889785419176119197e-01
1.264018439251512063e+03 4.859046149127199121e-01
1.263852117767566369e+03 4.892663083676093150e-01
1.263685796283620448e+03 4.951377377341381614e-01
1.263519597005026526e+03 4.944473098106798581e-01
1.263353397726432831e+03 4.918891654973842065e-01
1.263187320653190682e+03 4.937721111375844574e-01
1.263021121374596760e+03 4.927547928947377254e-01
1.262855166506706837e+03 4.929738543284123975e-01
1.262689089433464687e+03 4.945807376119422116e-01
1.262523134565574765e+03 4.963988344806591346e-01
1.262357301903036614e+03 4.981601002248911558e-01
1.262191469240498236e+03 5.021041751748430704e-01
1.262025636577960086e+03 4.962804826084702969e-01
1.261859803915421935e+03 4.909315848262542636e-01
1.261694215663587556e+03 4.894167020914302335e-01
1.261528627411753178e+03 4.874380195481204381e-01
1.261362916954567027e+03 4.889604270810185560e-01
1.261197328702732648e+03 4.925745377064856823e-01
1.261031862656250269e+03 4.905678089520668084e-01
1.260866396609767662e+03 4.915773847887425774e-01
1.260700930563285283e+03 4.947294657766881376e-01
1.260535464516802904e+03 4.908086149989208113e-01
1.260370120675672297e+03 4.914625556828687847e-01
1.260204899039893689e+03 4.922018333566774428e-01
1.260039555198763082e+03 4.906184418618522169e-01
1.259874455768336475e+03 4.913773437537184985e-01
1.259709234132557640e+03 4.959624503429742592e-01
1.259544134702131032e+03 4.931576898567252565e-01
