# Wavelength, Reflectance
1.644631812140574766e+03 5.773757072054653827e-01
1.643765723273387266e+03 6.089231904007058604e-01
1.642900488898387266e+03 5.994590320225813285e-01
1.642036231085887266e+03 5.906462721952970840e-01
1.641172827765574766e+03 5.988164306212805377e-01
1.640310523078074766e+03 5.833912051627989648e-01
1.639449072882762266e+03 5.951590360762426535e-01
1.638588599249949766e+03 5.770799972223714658e-01
1.637728980109324766e+03 5.669103171978836508e-01
1.636870459601512266e+03 5.648905985808522212e-01
1.636012793585887266e+03 5.668356442859535660e-01
1.635156104132762266e+03 5.653135752892703980e-01
1.634300391242137266e+03 5.480915898181998314e-01
1.633445532843699766e+03 5.498259956593032349e-01
1.632591651007762266e+03 5.449017660288885123e-01
1.631738623664012266e+03 5.327057690904403175e-01
1.630886572882762266e+03 5.258391649655219657e-01
1.630035498664012266e+03 5.183085000356341121e-01
1.629185278937449766e+03 5.081148304327077758e-01
1.628336035773387266e+03 5.052789131522900101e-01
1.627487647101512266e+03 5.095764547855882176e-01
1.626640234992137266e+03 5.159481543389555780e-01
1.625793799445262266e+03 5.132356329119236449e-01
1.624948340460887266e+03 5.067639509451747903e-01
1.624103613898387266e+03 5.111860731408488512e-01
1.623259985968699766e+03 5.078600117286903304e-01
1.622417090460887266e+03 5.035271653276813808e-01
1.621575293585887266e+03 5.032121774825317750e-01
1.620734229132762266e+03 4.996607953319319173e-01
1.619894263312449766e+03 5.027686367836970982e-01
1.619055029914012266e+03 5.023222444410039289e-01
1.618216773078074766e+03 4.919001142265908011e-01
1.617379370734324766e+03 4.996092727515269449e-01
1.616542944953074766e+03 4.871222319188378558e-01
1.615707373664012266e+03 4.860522369770144402e-01
1.614872778937449766e+03 4.943981650442728637e-01
1.614039160773387266e+03 4.920524787917590070e-01
1.613206275031199766e+03 4.919877328580627984e-01
1.612374365851512266e+03 4.918934882433515510e-01
1.611543311164012266e+03 4.926564014631029109e-01
1.610713233039012266e+03 4.873440027468476932e-01
1.609884009406199766e+03 4.820644432791110212e-01
1.609055640265574766e+03 4.880194238679589347e-01
1.608228247687449766e+03 4.843522474393667232e-01
1.607401587531199766e+03 4.813184537353964454e-01
1.606575903937449766e+03 4.783755325472636155e-01
1.605751196906199766e+03 4.877555315444852546e-01
1.604927344367137266e+03 4.825560658825914229e-01
1.604104224249949766e+03 4.777801946276204470e-01
1.603282080695262266e+03 4.817388927209967364e-01
1.602460913703074766e+03 4.814978290000254124e-01
1.601640479132762266e+03 4.777647728168732399e-01
1.600821021124949766e+03 4.671797644368113067e-01
1.600002417609324766e+03 4.791706568730438875e-01
1.599184668585887266e+03 4.878755901486142021e-01
1.598367774054637266e+03 4.765042289265505882e-01
1.597551611945262266e+03 4.854127563834998993e-01
1.596736792609324766e+03 4.725614965472944018e-01
1.595922461554637266e+03 4.708332122265102559e-01
1.595108984992137266e+03 4.749491729012592089e-01
1.594296607062449766e+03 4.803055757976166795e-01
1.593484839484324766e+03 4.834777947550792931e-01
1.592674048468699766e+03 4.778582247658790805e-01
1.591864234015574766e+03 4.845531675320373100e-01
1.591055151984324766e+03 4.837522031943877754e-01
1.590247046515574766e+03 4.795957992483090293e-01
1.589439551398387266e+03 4.695638300435788781e-01
1.588632910773387266e+03 4.709915749201752377e-01
1.587827490851512266e+03 4.820212631038778839e-01
1.587022681281199766e+03 4.686022225649833506e-01
1.586218726203074766e+03 4.819053894731856191e-01
1.585415747687449766e+03 4.736296522203238824e-01
1.584613501593699766e+03 4.884759094765260823e-01
1.583812109992137266e+03 4.680855006630861292e-01
1.583011694953074766e+03 4.854365043388092493e-01
1.582212012335887266e+03 4.777047901465240609e-01
1.581413306281199766e+03 4.803721863681436610e-01
1.580615210578074766e+03 4.797201498713640766e-01
1.579817969367137266e+03 4.805358698673978246e-01
1.579021826789012266e+03 4.823025423974764414e-01
1.578226294562449766e+03 4.904084630885444107e-01
1.577431738898387266e+03 4.794388706983760406e-01
1.576638037726512266e+03 4.741748010339532637e-01
1.575845068976512266e+03 4.860552999541150054e-01
1.575052832648387266e+03 4.816862656430375145e-01
1.574261572882762266e+03 4.732876007359895776e-01
1.573471167609324766e+03 4.737693085790319336e-01
1.572681616828074766e+03 4.725324296617035014e-01
1.571892798468699766e+03 4.726717690237636216e-01
1.571104712531199766e+03 4.775529593086029756e-01
1.570317725226512266e+03 4.801196418378638198e-01
1.569531348273387266e+03 4.739048952478715493e-01
1.568746069953074766e+03 4.772066795924206350e-01
1.567961279914012266e+03 4.693323210809881574e-01
1.567177466437449766e+03 4.698733361869624203e-01
1.566394507453074766e+03 4.707781990609966050e-01
1.565612280890574766e+03 4.744123457038744163e-01
1.564830908820262266e+03 4.743815940541782350e-01
1.564050391242137266e+03 4.725791317844795225e-01
1.563270728156199766e+03 4.742704144917568310e-01
1.562491675421824766e+03 4.723267397206915019e-01
1.561713599249949766e+03 4.788084752940078292e-01
1.560936377570262266e+03 4.758443312130525293e-01
1.560159888312449766e+03 4.774204232030011541e-01
1.559384131476512266e+03 4.695428013436703796e-01
1.558609229132762266e+03 4.757074142797100280e-01
1.557835303351512266e+03 4.719967321777768787e-01
1.557061987921824766e+03 4.732434278146337436e-01
1.556289526984324766e+03 4.691571700759284980e-01
1.555517798468699766e+03 4.702534521105727339e-01
1.554747046515574766e+03 4.760178845648794788e-01
1.553976904914012266e+03 4.699676031566148993e-01
1.553207739874949766e+03 4.707542002124986968e-01
1.553207617804637266e+03 4.693600568340307588e-01
1.552951514289012266e+03 4.690875966049831147e-01
1.552695288703074766e+03 4.730114943622442114e-01
1.552439307257762266e+03 4.723051874539460071e-01
1.552439185187449766e+03 4.730005531516744410e-01
1.552183325812449766e+03 4.738722561968499170e-01
1.551671607062449766e+03 4.748710153921837374e-01
1.550904761359324766e+03 4.693428891873437370e-01
1.550138648078074766e+03 4.693261468813910708e-01
1.549373389289012266e+03 4.702333635449807980e-01
1.548608984992137266e+03 4.697962784051332163e-01
1.547845191046824766e+03 4.680983248193196777e-01
1.547082251593699766e+03 4.665128204251099420e-01
1.546320166632762266e+03 4.675040027743772031e-01
1.545558936164012266e+03 4.671955931701211040e-01
1.544798316046824766e+03 4.697987775531435872e-01
1.544038428351512266e+03 4.693711784990536873e-01
1.543279517218699766e+03 4.701919549870022808e-01
1.542521460578074766e+03 4.658520351950451999e-01
1.541764014289012266e+03 4.711264670377530162e-01
1.541007300421824766e+03 4.693263353223431911e-01
1.540251441046824766e+03 4.672896475651474035e-01
1.539496314093699766e+03 4.635787592022295733e-01
1.538742163703074766e+03 4.678191319279980664e-01
1.537988623664012266e+03 4.635819752501632585e-01
1.537235816046824766e+03 4.715106761129469470e-01
1.536483862921824766e+03 4.691917732089971871e-01
1.535732398078074766e+03 4.700109105881135618e-01
1.534982276007762266e+03 4.648233226686005470e-01
1.534232398078074766e+03 4.665280198639827347e-01
1.533483618781199766e+03 4.652670408313577255e-01
1.532735449835887266e+03 4.713079243716292721e-01
1.531988013312449766e+03 4.706046739938897217e-01
1.531241553351512266e+03 4.684046761920993007e-01
1.530495703742137266e+03 4.785434661626294939e-01
1.529750586554637266e+03 4.588772179567290332e-01
1.529006201789012266e+03 4.703637183318761794e-01
1.528262671515574766e+03 4.655620403832632093e-01
1.527519629523387266e+03 4.657660348249196280e-01
1.526777808234324766e+03 4.671277490553655265e-01
1.526036353156199766e+03 4.636392563858897087e-01
1.525295996710887266e+03 4.668004136833616147e-01
1.524556128546824766e+03 4.699083706944723882e-01
1.523817114874949766e+03 4.693832335337804196e-01
1.523078833624949766e+03 4.721147034874492721e-01
1.522341406867137266e+03 4.592307595559274036e-01
1.521604590460887266e+03 4.692819509364559161e-01
1.520868506476512266e+03 4.614974417955906572e-01
1.520133154914012266e+03 4.651778656392300815e-01
1.519398657843699766e+03 4.712563753994111204e-01
1.518664771124949766e+03 4.677842803196147203e-01
1.517931616828074766e+03 4.671858810352008673e-01
1.517199561164012266e+03 4.660318403345186655e-01
1.516467993781199766e+03 4.590541349010865968e-01
1.515737036749949766e+03 4.665399486429667175e-01
1.515493750617137266e+03 4.700594298254391346e-01
1.515250464484324766e+03 4.674562465960855895e-01
1.515007056281199766e+03 4.628122905533909037e-01
1.515006934210887266e+03 4.618720534653448784e-01
1.514763892218699766e+03 4.637490286862089861e-01
1.514520850226512266e+03 4.663868968076765875e-01
1.514277564093699766e+03 4.674286156215212151e-01
1.513548926398387266e+03 4.643440150263217769e-01
1.512821021124949766e+03 4.644186854669095643e-01
1.512093848273387266e+03 4.665876343304162233e-01
1.511367529914012266e+03 4.678705921298493831e-01
1.510641821906199766e+03 4.683242079849939676e-01
1.509916846320262266e+03 4.583753410979375387e-01
1.509192603156199766e+03 4.742981081328510040e-01
1.508469092414012266e+03 4.648797620412418730e-01
1.507746314093699766e+03 4.700365194277449921e-01
1.507024268195262266e+03 4.692038879492924641e-01
1.506302954718699766e+03 4.814649361950528728e-01
1.505582373664012266e+03 4.752611493529027564e-01
1.504862647101512266e+03 4.737614533022124763e-01
1.504143408820262266e+03 4.597011768579553626e-01
1.503425025031199766e+03 4.845380857715361755e-01
1.502706428927680008e+03 4.512383834580620534e-01
1.501988350760030471e+03 4.653537505838088451e-01
1.501271128320534217e+03 4.647093495335125057e-01
1.500554517115433555e+03 4.653721935259894638e-01
1.499838639391607103e+03 4.655714773994334421e-01
1.499123495149055088e+03 4.663980383605502156e-01
1.498408962140898439e+03 4.634219661532797963e-01
1.497695284860895299e+03 4.677374738689215050e-01
1.496982218815287524e+03 4.695961349426408526e-01
1.496270008497833260e+03 4.643001763920996394e-01
1.495558409414774133e+03 4.611976421525399994e-01
1.494847543812989670e+03 4.659544601378369788e-01
1.494137289445600345e+03 4.622987472720212487e-01
1.493427890806364758e+03 4.644173002249700755e-01
1.492719103401524308e+03 4.716740989317251276e-01
1.492011049477958295e+03 4.728442870625803041e-01
1.491303729035666720e+03 4.647474442760720081e-01
1.490597019827770509e+03 4.672531407397513270e-01
1.489891044101148736e+03 4.654341781319005222e-01
1.489185801855801174e+03 4.726768686107765682e-01
1.488481293091728276e+03 4.703817615723625001e-01
1.487777395562050515e+03 4.509026214009114186e-01
1.487074231513647419e+03 4.651517888392296962e-01
1.486371678699639460e+03 4.659722949831979211e-01
1.485669981613785012e+03 4.617734277901647810e-01
1.484968895762325928e+03 4.643539217660907492e-01
1.484268543392141282e+03 4.615783661514920033e-01
1.483568802256352001e+03 4.663714187336701622e-01
1.482869916848716002e+03 4.601253173505149285e-01
1.482171520428596523e+03 4.640776452906310023e-01
1.481473979736630554e+03 4.652851197974952058e-01
1.480777050279059722e+03 4.651829534855289050e-01
1.480080732055884255e+03 4.653324275926767339e-01
1.479385269560862298e+03 4.664061447431357421e-01
1.478690296053356860e+03 4.631511409844993876e-01
1.477996178274004478e+03 4.686867344848870132e-01
1.477302671729047688e+03 4.644410155864336365e-01
1.476609898665365336e+03 4.702530770249926384e-01
1.475917736836078348e+03 4.633193769256603867e-01
1.475226308488065570e+03 4.604211815200451863e-01
1.474535491374448384e+03 4.743455010114710491e-01
1.473845407742105408e+03 4.680867416682553683e-01
1.473155935344158024e+03 4.707660410197710421e-01
1.472467196427484851e+03 4.613170480943818985e-01
1.471779190992086114e+03 4.581211939842965708e-01
1.471091796791082743e+03 4.558979046693052983e-01
1.470405136071353809e+03 4.572315319698134206e-01
1.469719086586020012e+03 4.608383868506517600e-01
1.469033648335081807e+03 4.612564148797740349e-01
1.468348943565418040e+03 4.653296867751927079e-01
1.467664972277028482e+03 4.574534294786707367e-01
1.466981612223034290e+03 4.630428639245751099e-01
1.466298863403435689e+03 4.670550274362095799e-01
1.465616848065111299e+03 4.539038122545748788e-01
1.464935443961182273e+03 4.597445640701161018e-01
1.464254773338527684e+03 4.636479953314194269e-01
1.463574713950268460e+03 4.661066277597122887e-01
1.462895388043283447e+03 4.631401405644449132e-01
1.462216673370694025e+03 4.617153305859880152e-01
1.461538569932499740e+03 4.596958800255198097e-01
1.460861077728701048e+03 4.625647255215737386e-01
1.460184441253055638e+03 4.543715391256309966e-01
1.459508293764926748e+03 4.613597077816002368e-01
1.458832879758072067e+03 4.580154222288879695e-01
1.458158076985612752e+03 4.598549023631363641e-01
1.457484007694427874e+03 4.629207666110609631e-01
1.456810549637638360e+03 4.608518657347878134e-01
1.456137702815243983e+03 4.573398059393237181e-01
1.455465589474124272e+03 4.581239373113134006e-01
1.454794087367399925e+03 4.540528130022591924e-01
1.454123196495070715e+03 4.602250033067610269e-01
1.453452916857136870e+03 4.629753569281488956e-01
1.452783492947356763e+03 4.626379221360232274e-01
1.452114558025092720e+03 4.633618872519121301e-01
1.451446234337224041e+03 4.616495929750282778e-01
1.450778644130629800e+03 4.629185331336728160e-01
1.450111665158430924e+03 4.596816528766137222e-01
1.449445297420627185e+03 4.646754492371892309e-01
1.448779663164098110e+03 4.591647939766906883e-01
1.448114640141964401e+03 4.657198848348473308e-01
1.447450106107346755e+03 4.699535712709262958e-01
1.446786427800882848e+03 4.646190549827955429e-01
1.446123238481935005e+03 4.682227335305271243e-01
1.445460904891140672e+03 4.613132767656150657e-01
1.444798938040983558e+03 4.669927439366990396e-01
1.444137704672100881e+03 4.633279622019743083e-01
1.443477204784492642e+03 4.701576667222570616e-01
1.442817193884400695e+03 4.682292635441249740e-01
1.442157916465583185e+03 4.675362517884604219e-01
1.441499250281160812e+03 4.625324195431950169e-01
1.440841195331134031e+03 4.669497440704969415e-01
1.440183629368623315e+03 4.593469159364838572e-01
1.439527041381145182e+03 4.580736760864871360e-01
1.439526919134266109e+03 4.591227622113618345e-01
1.439308219467612389e+03 4.577609793511556169e-01
1.439089397554079369e+03 4.515772235318027961e-01
1.438870820134304495e+03 4.545579136851866653e-01
1.438870697887425422e+03 4.566356893718986343e-01
1.438652120467650548e+03 4.514329574972589798e-01
1.438433665294754746e+03 4.503614740743349665e-01
1.438215332368738018e+03 4.562424244075122259e-01
1.438215210121858945e+03 4.582651991032069549e-01
1.437996877195842217e+03 4.600142589429550566e-01
1.437778666516704561e+03 4.546059125125894163e-01
1.437560455837566906e+03 4.523060265983465666e-01
1.437560333590687833e+03 4.509723969310150959e-01
1.437342000664671104e+03 4.544149566530608086e-01
1.437124034479291595e+03 4.536033473404306737e-01
1.436906190540791158e+03 4.558865926271880031e-01
1.436906068293912085e+03 4.542146821141458957e-01
1.436688102108532576e+03 4.553223884331990545e-01
1.436470135923153066e+03 4.561482821282252798e-01
1.436252414231531702e+03 4.533188973985187720e-01
1.436034692539910338e+03 4.571794903928855791e-01
1.435816970848288975e+03 4.555988583375555345e-01
1.435599371403546456e+03 4.562973992249894639e-01
1.435381894205683238e+03 4.557334008765385192e-01
1.435164417007820020e+03 4.605749705605255429e-01
1.434946939809956802e+03 4.575712029761550004e-01
1.434729707105851730e+03 4.637827641288342906e-01
1.434512352154867585e+03 4.664545699651310162e-01
1.434295119450762513e+03 4.651332325900211506e-01
1.434078008993536514e+03 4.715945168459784176e-01
1.433861020783189360e+03 4.665717249605053629e-01
1.433644032572842434e+03 4.604350527980538010e-01
1.433427044362495508e+03 4.621677090291751999e-01
1.433210300645906727e+03 4.581556896565815995e-01
1.432993434682438874e+03 4.591773592184592578e-01
1.432776690965849866e+03 4.546218993273080655e-01
1.432560069496140159e+03 4.549569586330445281e-01
1.432343570273309524e+03 4.497856816129756075e-01
1.432127071050478889e+03 4.533234497325464574e-01
1.431910571827648027e+03 4.572172515873206833e-01
1.431694194851696466e+03 4.568457847617704570e-01
1.431477940122623977e+03 4.369720148185672892e-01
1.431261685393551488e+03 4.231901546313811546e-01
1.431045552911357845e+03 4.131383531098668516e-01
1.430829542676043502e+03 4.255378941065892651e-01
1.430613410193850086e+03 4.468362059962070476e-01
1.430397399958535516e+03 4.598001270167574872e-01
1.430181389723221173e+03 4.627895032012300236e-01
1.429965746228544049e+03 4.595378946549816823e-01
1.429749980486987624e+03 4.549723573726831005e-01
1.429534336992310500e+03 4.609830869620716864e-01
1.429318815744512221e+03 4.573958181059912809e-01
1.429103172249835097e+03 4.601535509783796218e-01
1.428887651002037046e+03 4.587646470154402856e-01
1.428672252001117840e+03 4.577195395598552818e-01
1.428456975247077935e+03 4.587544642322505251e-01
1.428241698493037802e+03 4.645501919478774999e-01
1.428026421738997897e+03 4.668628492742669112e-01
1.427811267231836837e+03 4.677743515299264687e-01
1.427596357218434150e+03 4.702194590174798017e-01
1.427381202711273090e+03 4.641452688016419748e-01
1.427166292697870404e+03 4.642634303968420362e-01
1.426951504931346562e+03 4.690892573938639232e-01
1.426736717164822949e+03 4.721694607565922186e-01
1.426521929398299108e+03 4.701193365519310552e-01
1.426307263878654567e+03 4.671716925783341301e-01
1.426092720605888871e+03 4.650926627681349901e-01
1.425878177333123404e+03 4.699150928820684525e-01
1.425663756307236781e+03 4.660104982436164001e-01
1.425449335281350386e+03 4.620530364256376643e-01
1.425235036502342837e+03 4.594978777163807315e-01
1.425020737723335287e+03 4.608015429523052431e-01
1.424806561191207038e+03 4.667281647604819006e-01
1.424592262412199489e+03 4.698271741646442012e-01
1.424378452620708458e+03 4.644276158372246943e-01
1.424164398335459055e+03 4.605512655396038491e-01
1.423950466297088724e+03 4.548727609524050308e-01
1.423736656505597693e+03 4.563144632915571153e-01
1.423522846714106436e+03 4.655575107986018590e-01
1.423309159169494251e+03 4.665850276564651455e-01
1.423095349378003220e+03 4.602409772027132862e-01
1.422882028574028254e+03 4.558144210190171464e-01
1.422668463276295142e+03 4.545151936418748151e-01
1.422455020225441103e+03 4.602625837552402621e-01
1.422241577174587292e+03 4.667852732379815239e-01
1.422028378617491398e+03 4.689752812950240823e-01
1.421815057813516432e+03 4.694870567681013185e-01
1.421601859256420539e+03 4.645003838440123767e-01
1.421388660699324873e+03 4.604617424414315652e-01
1.421175706635987126e+03 4.519677272347866204e-01
1.420962752572649379e+03 4.550494875109668547e-01
1.420749798509311631e+03 4.559105592811047436e-01
1.420537088939732030e+03 4.622013782501861456e-01
1.420324134876394510e+03 4.632552083356460404e-01
1.420111547553693981e+03 4.645405800334697077e-01
1.419898837984114380e+03 4.622857218082270236e-01
1.419686372908292924e+03 4.580053120961317670e-01
1.419473785585592395e+03 4.602281143718334744e-01
1.419261320509770940e+03 4.611125501118611414e-01
1.419048977680828784e+03 4.576120635984274321e-01
1.418836757098765474e+03 4.621294545969104606e-01
1.418624536516702165e+03 4.595978343510595532e-01
1.418412315934638855e+03 4.613730456450864104e-01
1.418200095352575545e+03 4.562276737514297520e-01
1.417988241511149454e+03 4.587261551168913543e-01
1.417776143175965217e+03 4.591498271026714928e-01
1.417564167087660053e+03 4.620920802628131208e-01
1.417352435493113035e+03 4.575724683262322179e-01
1.417140703898566017e+03 4.625115866624262551e-01
1.416928972304018998e+03 4.686788513248422716e-01
1.416717240709471980e+03 4.646658476533248594e-01
1.416505753608683108e+03 4.610507783567936446e-01
1.416294266507894235e+03 4.642568029534178131e-01
1.416082779407105363e+03 4.626050256825904317e-01
1.415871414553195564e+03 4.637374443625263409e-01
1.415660049699285764e+03 4.617015030975450407e-01
1.415448929339134111e+03 4.629556115493025370e-01
1.415237686732103384e+03 4.614794244795965561e-01
1.415026566371951731e+03 4.620964664634167329e-01
1.414815446011800077e+03 4.606118730662100980e-01
1.414604570145406569e+03 4.575645472969873673e-01
1.414393694279013062e+03 4.588235620219466293e-01
1.414182818412619326e+03 4.580514187535192350e-01
1.413972064793104892e+03 4.621480910174978751e-01
1.413761433420469530e+03 4.590519976744337760e-01
1.413550679800955095e+03 4.614231050398814871e-01
1.413339926181440660e+03 4.596277975681468120e-01
1.413129661549442517e+03 4.630355548271176125e-01
1.412919152423686228e+03 4.624808076345238717e-01
1.412708765544808784e+03 4.582113039227911910e-01
1.412498378665931568e+03 4.597714265191869543e-01
1.412288236280812498e+03 4.666708537440691917e-01
1.412078093895693428e+03 4.679197795140293548e-01
1.411867951510574358e+03 4.663573338678899671e-01
1.411657809125455060e+03 4.652477549698111892e-01
1.411447911234094136e+03 4.634914191328879940e-01
1.411238013342733211e+03 4.589771699499153312e-01
1.411028115451372287e+03 4.601108541671335428e-01
1.410818217560011135e+03 4.610974221727003886e-01
1.410608564162408356e+03 4.602766964131974614e-01
1.410398910764805578e+03 4.599528330601493908e-01
1.410189379614081645e+03 4.605251565639498779e-01
1.409979726216478866e+03 4.656554226234265736e-01
1.409770439559513306e+03 4.616131262943148350e-01
1.409560908408789373e+03 4.618536781282162607e-01
1.409351621751823814e+03 4.589264701566517779e-01
1.409142335094858254e+03 4.585019791469236439e-01
1.408933170684771540e+03 4.598807542671951021e-01
1.408724006274685053e+03 4.615411984572661552e-01
1.408514964111477639e+03 4.610371834574111261e-01
1.408305921948269997e+03 4.609861136336887433e-01
1.408097002031941656e+03 4.614789671850335617e-01
1.407888082115613088e+03 4.600559182764336064e-01
1.407679284446163820e+03 4.620423852045231761e-01
1.407470486776714552e+03 4.606204420958331935e-01
1.407261811354144129e+03 4.580781109123757133e-01
1.407053258178453007e+03 4.654238645246996930e-01
1.406844705002761657e+03 4.575791408945369954e-01
1.406636151827070535e+03 4.613797666715523937e-01
1.406427720898258258e+03 4.621796272399238403e-01
1.406219534463204354e+03 4.612272561536057691e-01
1.406011103534392078e+03 4.661672699790556651e-01
1.405802917099338174e+03 4.697951947094373693e-01
1.405594730664284043e+03 4.704024014742938520e-01
1.405386666476109212e+03 4.724080383514396297e-01
1.405178602287934154e+03 4.652690173961536169e-01
1.404970660346638397e+03 4.653561846294711479e-01
1.404762718405342412e+03 4.601552480461316708e-01
1.404555020957804800e+03 4.642976129382783146e-01
1.404347201263387888e+03 4.588908040863188820e-01
1.404139381568970975e+03 4.631340183961089596e-01
1.403931806368312436e+03 4.671754464211265723e-01
1.403724231167653670e+03 4.699763429089068301e-01
1.403516778213874204e+03 4.680781516469402215e-01
1.403309203013215438e+03 4.618467302750462466e-01
1.403101872306314817e+03 4.651319229560815227e-01
1.402894663846293497e+03 4.619646421400170899e-01
1.402687333139392877e+03 4.659045820568335494e-01
1.402480124679371329e+03 4.676533718112664828e-01
1.402272916219350009e+03 4.699496820898450000e-01
1.402065952253086607e+03 4.718539351540707028e-01
1.401858988286823205e+03 4.677645170036189848e-01
1.401652024320560031e+03 4.655268784095699663e-01
1.401445060354296629e+03 4.674171714864935323e-01
1.401238218634912300e+03 4.665899439821329930e-01
1.401031499162407044e+03 4.652600580742052849e-01
1.400824901936781089e+03 4.687386361372970489e-01
1.400618304711154906e+03 4.663878971160431708e-01
1.400411707485528723e+03 4.682824940522927748e-01
1.400205232506781613e+03 4.638656639644158086e-01
1.399998879774913803e+03 4.628953712892032724e-01
1.399792404796166693e+03 4.617150161005352249e-01
1.399586174311177729e+03 4.534023037803955325e-01
1.399379943826188764e+03 4.589352832364979040e-01
1.399173835588078873e+03 4.625518801427269677e-01
1.398967605103090136e+03 4.637614586325070620e-01
1.398761619111859318e+03 4.632253386522698912e-01
1.398555755367507572e+03 4.595402685584322189e-01
1.398349647129397681e+03 4.609997633599791089e-01
1.398143905631925008e+03 4.642111308299646244e-01
1.397938041887573263e+03 4.643540046486215878e-01
1.397732300390100590e+03 4.703790940753979632e-01
1.397526803386386291e+03 4.660723445887098304e-01
1.397321184135792691e+03 4.634898174762310252e-01
1.397115564885199092e+03 4.645040751906033827e-01
1.396909945634605492e+03 4.622832480676941080e-01
1.396704815371528184e+03 4.639417273122207752e-01
1.396499440614692730e+03 4.664127172130067001e-01
1.396294065857857277e+03 4.640500559100287359e-01
1.396088935594779969e+03 4.681027171303190904e-01
1.395883805331702661e+03 4.671142252762713332e-01
1.395678675068625353e+03 4.689112378694707539e-01
1.395473667052427118e+03 4.638485124550732475e-01
1.395268659036228883e+03 4.581043679535089508e-01
1.395063773266909720e+03 4.590594078644457121e-01
1.394859009744469631e+03 4.617945349196830862e-01
1.394654246222029542e+03 4.600566816807675763e-01
1.394449482699589453e+03 4.652238648104771723e-01
1.394244719177149364e+03 4.631272463987342602e-01
1.394040322395346493e+03 4.666742403816276363e-01
1.393835803366664550e+03 4.653728677076763298e-01
1.393631284337982606e+03 4.642758248257205511e-01
1.393426887556179736e+03 4.623907358036621340e-01
1.393222613021255711e+03 4.703569406380007645e-01
1.393018338486331913e+03 4.689047565049538346e-01
1.392814186198287189e+03 4.679892026315233822e-01
1.392610033910242464e+03 4.625572585616778976e-01
1.392405881622197739e+03 4.631076228316831633e-01
1.392201973827911161e+03 4.591188296692170212e-01
1.391997943786745509e+03 4.561417491262204638e-01
1.391794035992458930e+03 4.616683450662064647e-01
1.391590128198172124e+03 4.705362787594732366e-01
1.391386587144522764e+03 4.688280580947091214e-01
1.391182801597115258e+03 4.625869911534222223e-01
1.390979138296586825e+03 4.584996186803115270e-01
1.390775597242937465e+03 4.614035422047099710e-01
1.390572056189287878e+03 4.692215287646419597e-01
1.390368637382517591e+03 4.662665449562301001e-01
1.390165218575747303e+03 4.659470893438489303e-01
1.389961922015856089e+03 4.613648721415692378e-01
1.389758625455964648e+03 4.621916276777581212e-01
1.389555573389831579e+03 4.655833427413078041e-01
1.389352399076819438e+03 4.670411237905205959e-01
1.389149224763807297e+03 4.669771891064605218e-01
1.388946172697674001e+03 4.663066102319372574e-01
1.388743242878420006e+03 4.670254884939440410e-01
1.388540435306045083e+03 4.685607397115863493e-01
1.388337627733669933e+03 4.637210097233521733e-01
1.388134820161295011e+03 4.584671399263056113e-01
1.387932134835799161e+03 4.619058673345595167e-01
1.387729571757182157e+03 4.609766721493075980e-01
1.387526886431686307e+03 4.665150899414290953e-01
1.387324445599948376e+03 4.662043122863306355e-01
1.387122004768210672e+03 4.639110295285697183e-01
1.386919563936472969e+03 4.632001673947050424e-01
1.386717245351614110e+03 4.650805737760733694e-01
1.386515049013634552e+03 4.641452610051904903e-01
1.386312730428775922e+03 4.680668808691817451e-01
1.386110656337675209e+03 4.724284878441052937e-01
1.385908582246574724e+03 4.671183965743605504e-01
1.385706630402353085e+03 4.711087507416330533e-01
1.385504678558131673e+03 4.676601981618833115e-01
1.385302726713910033e+03 4.676077382787738879e-01
1.385100897116567694e+03 4.624157359297911274e-01
1.384899067519225127e+03 4.642617589284340207e-01
1.384697482415640934e+03 4.618339755711324268e-01
1.384495775065177440e+03 4.689077635683097101e-01
1.384294189961593247e+03 4.685570557406620873e-01
1.384092604858008826e+03 4.676892988924409855e-01
1.383891264248182779e+03 4.719396798869494036e-01
1.383689801391477431e+03 4.661733163742970976e-01
1.383488460781651384e+03 4.673229687224794704e-01
1.383287120171825109e+03 4.728210148215467590e-01
1.383086024055757207e+03 4.638850224817560042e-01
1.382884927939689078e+03 4.643061782773578172e-01
1.382683709576741876e+03 4.648865075451998896e-01
1.382482735707553047e+03 4.629653121836343477e-01
1.382281761838363991e+03 4.673853262252921081e-01
1.382080910216054235e+03 4.689369460803629597e-01
1.381880058593744252e+03 4.684188641492488259e-01
1.381679206971434269e+03 4.649905189487097967e-01
1.381478477596003586e+03 4.672837588139054366e-01
1.381277748220572676e+03 4.727902283413848439e-01
1.381077263338899911e+03 4.720656848163320984e-01
1.380876778457227374e+03 4.665654654698341841e-01
1.380676293575554610e+03 4.642390529688529277e-01
1.380475808693881845e+03 4.635110075142019892e-01
1.380275446059088381e+03 4.674114429225009748e-01
1.380075205671173762e+03 4.674079744811077686e-01
1.379874965283259144e+03 4.647328705139816551e-01
1.379674724895344525e+03 4.679531507330805806e-01
1.379474606754309207e+03 4.717826030628726741e-01
1.379274733107031807e+03 4.726413559034828293e-01
1.379074737212875334e+03 4.678250267234416726e-01
1.378874741318718861e+03 4.672128168387149061e-01
1.378674867671441689e+03 4.629257006224742899e-01
1.378474994024164289e+03 4.647367075675967740e-01
1.378275242623765962e+03 4.668494737304215159e-01
1.378075613470246708e+03 4.672718416840377920e-01
1.377875984316727454e+03 4.702418940064220232e-01
1.377676477410087500e+03 4.700537849700226478e-01
1.377476970503447319e+03 4.716236248194567438e-01
1.377277585843686211e+03 4.712959645207467352e-01
1.377078201183925103e+03 4.703354868959261359e-01
1.376878816524163994e+03 4.679673707965015250e-01
1.376679554111281959e+03 4.732475836391394353e-01
1.376480291698400151e+03 4.800212083475685065e-01
1.376281273779276262e+03 4.766085975872531577e-01
1.376082133613273299e+03 4.689401620257928616e-01
1.375883115694149410e+03 4.646825059194398810e-01
1.375684097775025521e+03 4.661927819709632548e-01
1.375485202102780704e+03 4.745901676501869115e-01
1.375286550924294033e+03 4.712031834773333649e-01
1.375087777498928290e+03 4.759465999508083467e-01
1.374889004073562546e+03 4.702928806116500327e-01
1.374690352895075875e+03 4.681414992531279240e-01
1.374491701716589205e+03 4.665775831065673285e-01
1.374293295031860680e+03 4.667340122942049696e-01
1.374094766100253082e+03 4.689176493714466987e-01
1.373896359415524557e+03 4.704702341923067133e-01
1.373697952730796032e+03 4.708346145453184417e-01
1.373499668292946581e+03 4.668653366205809951e-01
1.373301506101976202e+03 4.677752945258061290e-01
1.373103221664126750e+03 4.670132665436058095e-01
1.372905181720035444e+03 4.653764818457183927e-01
1.372707141775944137e+03 4.690339188822260086e-01
1.372509101831852831e+03 4.651352334907035146e-01
1.372311306381519671e+03 4.677799157583166223e-01
1.372113388684307438e+03 4.678025496763026370e-01
1.371915593233974278e+03 4.659738334212958910e-01
1.371717675536762044e+03 4.668905209266196454e-01
1.371520124580187030e+03 4.718865789073529715e-01
1.371322573623612016e+03 4.631952987197171523e-01
1.371125022667036774e+03 4.643133995067375563e-01
1.370927471710461759e+03 4.619212863875913899e-01
1.370729920753886745e+03 4.646047853514470027e-01
1.370532492044190803e+03 4.739381672478418794e-01
1.370335307828253008e+03 4.698308495428443754e-01
1.370138001365436139e+03 4.668938218001115192e-01
1.369940817149498343e+03 4.583736245546069510e-01
1.369743632933560320e+03 4.629014714131474140e-01
1.369546570964501598e+03 4.664477045777558062e-01
1.369349631242321948e+03 4.719990060505266927e-01
1.369152447026384152e+03 4.714393197143486591e-01
1.368955629551083575e+03 4.706979091125245152e-01
1.368758812075782771e+03 4.704600225241252209e-01
1.368561994600482194e+03 4.668921537857302351e-01
1.368365299372060690e+03 4.673089498392209440e-01
1.368168604143639186e+03 4.706721554829918497e-01
1.367971908915217455e+03 4.710734859349037240e-01
1.367775458180554097e+03 4.687752606375752418e-01
1.367578885199011665e+03 4.673631000251713963e-01
1.367382434464348080e+03 4.691103966265918190e-01
1.367186228223442868e+03 4.676932658527648279e-01
1.366989777488779509e+03 4.626781181995075487e-01
1.366793571247874297e+03 4.676331834117161135e-01
1.366597242760089784e+03 4.727769251939460404e-01
1.366401158766063645e+03 4.695853849823328208e-01
1.366205197018916579e+03 4.729627435522180678e-01
1.366009113024890212e+03 4.703791313893586623e-01
1.365813151277743145e+03 4.741115250800242431e-01
1.365617189530595851e+03 4.707056060602061720e-01
1.365421350030327858e+03 4.693942598644951780e-01
1.365225755023818010e+03 4.750485976063362203e-01
1.365029915523549789e+03 4.739555855983477728e-01
1.364834320517039941e+03 4.694513067136864004e-01
1.364638603263650793e+03 4.657507827006178158e-01
1.364443130504020019e+03 4.653577986993519544e-01
1.364247657744389244e+03 4.716910902010658657e-01
1.364052184984758242e+03 4.690690637627255577e-01
1.363856834472006540e+03 4.663258619667885463e-01
1.363661483959254610e+03 4.673518679400779918e-01
1.363466255693381981e+03 4.636376951262278223e-01
1.363271027427509125e+03 4.682803636714008011e-01
1.363075921408515569e+03 4.735850344260621458e-01
1.362880937636400859e+03 4.722724462760695130e-01
1.362685709370528230e+03 4.710694772103096728e-01
1.362490847845292592e+03 4.719484247767637419e-01
1.362295986320057182e+03 4.690302817835085847e-01
1.362101247041700617e+03 4.657757785610797119e-01
1.361906385516465207e+03 4.669252148326669127e-01
1.361711646238108642e+03 4.661965045301160737e-01
1.361516906959752305e+03 4.709002937822273638e-01
1.361322289928274813e+03 4.701090955057226073e-01
1.361127795143676394e+03 4.744326938757707501e-01
1.360933422605957276e+03 4.741137566049645757e-01
1.360738927821358857e+03 4.703748123532697223e-01
1.360544555283639738e+03 4.705854937474248656e-01
1.360350182745920392e+03 4.709719014162042638e-01
1.360155810208201046e+03 4.773164761799837952e-01
1.359961804411119147e+03 4.773493259747091932e-01
1.359767676367157947e+03 4.724682786168812321e-01
1.359573548323196746e+03 4.706161347262928230e-01
1.359379542526114847e+03 4.697268796269832847e-01
1.359185536729032719e+03 4.646128469919207360e-01
1.358991653178829665e+03 4.703113164670849056e-01
1.358797891875505911e+03 4.690981622524496020e-01
1.358604008325302857e+03 4.681586082423824791e-01
1.358410247021978876e+03 4.738817833903595789e-01
1.358216607965534195e+03 4.740251118929123542e-01
1.358022968909089286e+03 4.764136533582585820e-01
1.357829452099523451e+03 4.728641790567883474e-01
1.357635935289957843e+03 4.771110314983176282e-01
1.357442540727271080e+03 4.723859931257478051e-01
1.357249146164584317e+03 4.773406675082007000e-01
1.357055751601897555e+03 4.729483600858740977e-01
1.356862479286089865e+03 4.711795461114885453e-01
1.356669329217161476e+03 4.661834023685371142e-01
1.356476179148232859e+03 4.672168461195546629e-01
1.356283151326183315e+03 4.748585954336039250e-01
1.356090001257254698e+03 4.721583893942958854e-01
1.355897095682084455e+03 4.723198570422276199e-01
1.355704067860034911e+03 4.735478461697414931e-01
1.355511406778622586e+03 4.747715448498420754e-01
1.355318501203452115e+03 4.750965492537235213e-01
1.355125717875160717e+03 4.741723046046544821e-01
1.354933056793748392e+03 4.677466547587810775e-01
1.354740395712336067e+03 4.643630747692255034e-01
1.354547979124682115e+03 4.677914300661113467e-01
1.354355440290148863e+03 4.687851960722724809e-01
1.354162901455615611e+03 4.704342414557941554e-01
1.353970484867961432e+03 4.739425729393657583e-01
1.353778068280307252e+03 4.742340799445705635e-01
1.353585773939532146e+03 4.751566398666163260e-01
1.353393724092515185e+03 4.692687446039801036e-01
1.353201551998619152e+03 4.713768260101811047e-01
1.353009379904723119e+03 4.717299381953727888e-01
1.352817330057706158e+03 4.716012380088879796e-01
1.352625280210689198e+03 4.733220830452931627e-01
1.352433352610551310e+03 4.683722845377475963e-01
1.352241547257292495e+03 4.669982770480242129e-01
1.352049741904033681e+03 4.762539656366225338e-01
1.351857936550774866e+03 4.740770098644803143e-01
1.351666131197516052e+03 4.712351341375560776e-01
1.351474448091136310e+03 4.694443382846780755e-01
1.351282764984756568e+03 4.736523213384630782e-01
1.351091448619014045e+03 4.738600028882435922e-01
1.350899887759513376e+03 4.729855627774928739e-01
1.350708449146891780e+03 4.731995490880453459e-01
1.350517132781149257e+03 4.684764995238072105e-01
1.350325816415406734e+03 4.703549726317165502e-01
1.350134500049664211e+03 4.667790201910418380e-01
1.349943428177679834e+03 4.660681092998948394e-01
1.349752234058816384e+03 4.690832411385672529e-01
1.349561162186832007e+03 4.718623433622797791e-01
1.349370090314847630e+03 4.730758734481794736e-01
1.349179140689742326e+03 4.750483535037247074e-01
1.348988191064636794e+03 4.698472014932583152e-01
1.348797363686410563e+03 4.689714040616880797e-01
1.348606658555063404e+03 4.680177031446405289e-01
1.348415831176837173e+03 4.657032816093862881e-01
1.348225126045490015e+03 4.704025164275327797e-01
1.348034543161021929e+03 4.702125267351917604e-01
1.347843960276553616e+03 4.689588781806303674e-01
1.347653499638964604e+03 4.661793157103566454e-01
1.347462916754496518e+03 4.665935641866625905e-01
1.347272578363786579e+03 4.719092645421710808e-01
1.347082239973076639e+03 4.707463062193012471e-01
1.346891901582366472e+03 4.733011873632392286e-01
1.346701685438535605e+03 4.753068474843599733e-01
1.346511591541583812e+03 4.706572614014101763e-01
1.346321497644632018e+03 4.714035164257035504e-01
1.346131403747679997e+03 4.709245337690005639e-01
1.345941432097607276e+03 4.682210589378754118e-01
1.345751460447534555e+03 4.667268804546682581e-01
1.345561488797461834e+03 4.719020656673164615e-01
1.345371761641147032e+03 4.677604365661279240e-01
1.345181912237953384e+03 4.698742819496617429e-01
1.344992185081638809e+03 4.663435618655119019e-01
1.344802580172203079e+03 4.693862915524464885e-01
1.344612853015888504e+03 4.682120116260626297e-01
1.344423370353332075e+03 4.697866783020739900e-01
1.344233765443896345e+03 4.654976726911521090e-01
1.344044527275098062e+03 4.683790168163914358e-01
1.343855044612541633e+03 4.690660553485656026e-01
1.343665684196864049e+03 4.643793812440105695e-01
1.343476446028065766e+03 4.676600075082290586e-01
1.343287207859267482e+03 4.667349568272433080e-01
1.343098091937348045e+03 4.649911637215622950e-01
1.342908976015428834e+03 4.691001083549978246e-01
1.342719982340388469e+03 4.683909720813096977e-01
1.342530866418469259e+03 4.694326500932627377e-01
1.342341994990308194e+03 4.696131235312095420e-01
1.342153123562146902e+03 4.690337997956249283e-01
1.341964252133985838e+03 4.729478314831930263e-01
1.341775502952703619e+03 4.745858060006756807e-01
1.341586876018300700e+03 4.714527481570544576e-01
1.341398249083897554e+03 4.727894297567514781e-01
1.341209622149494635e+03 4.685826721166811981e-01
1.341020995215091489e+03 4.706489678415605726e-01
1.340832490527567643e+03 4.697066732824975444e-01
1.340644108086922643e+03 4.717889573748314525e-01
1.340455725646277870e+03 4.679360075373592553e-01
1.340267465452511942e+03 4.742706821188136801e-01
1.340079205258746242e+03 4.728457154193715373e-01
1.339890945064980315e+03 4.744356044623668778e-01
1.339702807118093688e+03 4.703880956633074151e-01
1.339514669171206833e+03 4.661196977670912789e-01
1.339326531224320206e+03 4.729438170337476599e-01
1.339138637771191497e+03 4.669984727632136567e-01
1.338950744318062789e+03 4.694965239828039483e-01
1.338762728618055235e+03 4.682352347939513493e-01
1.338574957411805599e+03 4.702242251566896014e-01
1.338387186205556191e+03 4.646734343142862045e-01
1.322444481718688849e+03 4.745083549023089153e-01
1.322261478140722829e+03 4.748355788551344991e-01
1.322078474562757037e+03 4.757280136199039666e-01
1.321895470984791245e+03 4.758644199315565926e-01
1.321712711900583372e+03 4.772494261187090747e-01
1.304936039204709459e+03 4.791973134232973552e-01
1.304758047748785430e+03 4.772918935521456851e-01
1.304580178539740473e+03 4.806013093612228060e-01
1.304402309330695289e+03 4.761677063190280501e-01
1.304224440121650332e+03 4.757752873541990501e-01
1.287044352724849659e+03 4.806768441247395440e-01
1.286871617884725538e+03 4.811512411351368534e-01
1.286698760797722343e+03 4.803540264526107717e-01
1.286526025957598222e+03 4.836015657515147503e-01
1.286353291117474100e+03 4.778045574615135127e-01
1.286180678524229052e+03 4.800158884990885499e-01
1.286008065930984003e+03 4.808659978247247224e-01
1.285835453337738954e+03 4.806658083387906899e-01
1.285662962991373206e+03 4.820724135197246296e-01
1.285490472645007230e+03 4.831804831048926996e-01
1.285318226792399400e+03 4.819627147579204074e-01
1.285145858692912498e+03 4.831436780563840294e-01
1.284973490593425595e+03 4.850018211051948525e-01
1.284801244740817765e+03 4.847232697739262131e-01
1.284628998888209935e+03 4.863128850930998337e-01
1.284456875282481178e+03 4.888813631927299563e-01
1.284284751676752421e+03 4.903926056014726309e-01
1.284112628071023664e+03 4.870517379516904888e-01
1.283940626712173980e+03 4.903042511426800587e-01
1.283768625353324296e+03 4.943959859334000062e-01
1.283596746241353685e+03 4.933639752443730320e-01
1.283424867129383074e+03 4.979735464249619437e-01
1.283252988017412463e+03 5.023050323425501951e-01
1.283081231152320925e+03 5.077180371669040015e-01
1.282909474287229386e+03 5.056961702315626583e-01
1.282737961915895994e+03 5.106750037483811511e-01
1.282566327297683529e+03 5.152815769299213811e-01
1.282394692679471063e+03 5.125966247131132913e-01
1.282223180308137671e+03 4.927137497750720407e-01
1.282051790183683352e+03 4.793469348364259308e-01
1.281880277812349959e+03 4.769765553130630997e-01
1.281708887687895640e+03 4.757873919829942455e-01
1.281537497563441093e+03 4.863963667406039360e-01
1.281366229685865846e+03 4.824829151084997214e-01
1.281194961808290600e+03 4.836120336322298763e-01
1.281023693930715353e+03 4.763018655548379443e-01
1.280852670546898253e+03 4.809990971291541739e-01
1.280681524916202079e+03 4.804074467817178729e-01
1.280510379285505906e+03 4.779262056541430659e-01
1.280339478148567878e+03 4.799699013293469152e-01
1.280168454764750777e+03 4.824057853830664988e-01
1.279997675874691595e+03 4.778935579237232334e-01
1.279826774737753567e+03 4.832641954973787013e-01
1.279655995847694612e+03 4.832664098820488308e-01
1.279485216957635657e+03 4.786854586083355567e-01
1.279314560314455775e+03 4.820024567409079697e-01
1.279143781424396821e+03 4.853003323400079116e-01
1.278973247028095784e+03 4.782800567788116353e-01
1.278802590384915902e+03 4.834485628329635576e-01
1.278632178235494166e+03 4.799437823131670333e-01
1.278461643839193357e+03 4.833745503582372871e-01
1.278291231689771394e+03 4.830065579111452179e-01
1.278120819540349657e+03 4.824560003374477879e-01
1.277950529637806994e+03 4.795400337463661122e-01
1.277780239735264331e+03 4.799388937127672117e-01
1.277609949832721441e+03 4.822220238526146452e-01
1.277439782177057850e+03 4.856402093301717682e-01
1.277269614521394260e+03 4.800292062730850406e-01
1.277099691359488816e+03 4.838882396545829967e-01
1.276929645950704071e+03 4.792401265097233076e-01
1.276759600541919554e+03 4.848700191072651822e-01
1.276589677380014109e+03 4.828481554170539480e-01
1.276419876464987510e+03 4.830191498552459661e-01
1.276249953303082066e+03 4.822437597843279855e-01
1.276080152388055694e+03 4.817469842303539473e-01
1.275910351473029323e+03 4.821711758867072706e-01
1.275740672804881797e+03 4.838513103887505662e-01
1.275570994136734498e+03 4.826688335702514210e-01
1.275401315468587200e+03 4.840995814799719521e-01
1.275231881294197819e+03 4.832840977244951541e-01
1.275062202626050521e+03 4.862308179570186129e-01
1.274892768451661141e+03 4.795060541952838040e-01
1.274723334277271988e+03 4.831901832738788594e-01
1.274554022349761908e+03 4.837767297183189208e-01
1.274384588175372528e+03 4.788765247843010386e-01
1.274215398494741521e+03 4.824299729612460119e-01
1.274046208814110287e+03 4.812052049519824348e-01
1.273877019133479280e+03 4.772341257878842669e-01
1.273707951699727346e+03 4.795749641535412833e-01
1.273538884265975184e+03 4.789687713543960834e-01
1.273369939079102323e+03 4.830015305331930020e-01
1.273369816832223250e+03 4.824381912335209410e-01
1.273200871645350162e+03 4.770082096280390260e-01
1.273200749398471089e+03 4.789790258398545775e-01
1.273032048705356374e+03 4.797545121969308823e-01
1.273031926458477301e+03 4.786282423112270812e-01
1.272863103518483285e+03 4.762103647708572640e-01
1.272862981271604212e+03 4.871860070219705130e-01
1.272694158331610424e+03 4.822967060985391963e-01
1.272694036084731351e+03 4.834220390336258499e-01
1.272525213144737336e+03 4.819711547901682769e-01
1.272356512451622621e+03 4.787203657150299607e-01
1.272187811758507905e+03 4.821954137309987232e-01
1.272019111065392963e+03 4.801730310568881333e-01
1.271850532619157320e+03 4.795657554447469439e-01
1.271681954172921451e+03 4.784689647662601630e-01
1.271513375726685808e+03 4.811419822896860210e-01
1.271344919527329012e+03 4.792732967821956569e-01
1.271176463327972215e+03 4.815008290739575814e-01
1.271008129375494718e+03 4.805507838986178282e-01
1.270839795423016994e+03 4.811744965842672528e-01
1.270671461470539498e+03 4.855420481355576801e-01
1.270503372011819920e+03 4.805843272803995148e-01
1.270335160306221496e+03 4.821480945464942103e-01
1.270166948600622845e+03 4.852040283872369186e-01
1.269998859141903495e+03 4.847395259462542461e-01
1.269830891930062990e+03 4.838713550615656445e-01
1.269662802471343412e+03 4.848512884195825268e-01
1.269494835259503134e+03 4.888139904151279636e-01
1.269326990294541702e+03 4.875464592992101442e-01
1.269159145329580497e+03 4.837640075213729962e-01
1.268991300364619065e+03 4.903986639557212923e-01
1.268823455399657632e+03 4.936704481925592858e-01
1.268655854928454573e+03 4.934386890844741913e-01
1.268488132210372214e+03 4.900495112525650176e-01
1.268320409492289855e+03 4.854715770024431998e-01
1.268152931267965869e+03 4.830448358089966532e-01
1.267985330796762582e+03 4.823473415765369698e-01
1.267817852572438369e+03 4.785424904514964939e-01
1.267650374348114383e+03 4.854707958363210230e-01
1.267483140617548315e+03 4.796413221606400934e-01
1.267315662393224102e+03 4.808060338737914496e-01
1.267148306415779189e+03 4.805500131054552537e-01
1.266981072685213121e+03 4.828863576574669580e-01
1.266813838954647053e+03 4.819419267499007176e-01
1.266646727470960286e+03 4.813860982196636051e-01
1.266479738234152364e+03 4.806671001335474092e-01
1.266312626750465370e+03 4.803789055488764115e-01
1.266145637513657448e+03 4.850268106613715990e-01
1.265978648276849754e+03 4.837992557804677296e-01
1.265811659040041832e+03 4.848923994737004972e-01
1.265644792050112983e+03 4.831377449568856619e-01
1.265477925060184134e+03 4.846927571932916345e-01
1.265311302564013658e+03 4.844591524144384320e-01
1.265144435574084810e+03 4.814673576898317320e-01
1.264977690831035034e+03 4.818257555961184546e-01
1.264811068334864331e+03 4.848141899652204656e-01
1.264644445838693628e+03 4.858602668317741347e-01
1.264477945589402225e+03 4.849916884620482094e-01
1.264311445340110595e+03 4.830961823143132272e-01
1.264144945090818965e+03 4.808998089464844305e-01
1.263978567088406407e+03 4.810305916996148734e-01
1.263812189085993850e+03 4.794497178738865717e-01
1.263645811083581293e+03 4.863272817991425856e-01
1.263479555328048036e+03 4.865217541704274229e-01
1.263313299572514552e+03 4.843107224369022634e-01
1.263147166063860141e+03 4.835608645693422747e-01
1.262980910308326656e+03 4.819930782035596883e-01
1.262814899046551318e+03 4.833446215231210763e-01
1.262648765537896907e+03 4.812035238099157120e-01
1.262482754276121568e+03 4.858268211170216899e-01
1.262316865261225303e+03 4.875550873353836079e-01
1.262150976246329037e+03 4.908357335949465328e-01
1.261985087231432999e+03 4.906724565730632981e-01
1.261819198216536734e+03 4.871772360969196525e-01
1.261653553695398614e+03 4.787460705661478189e-01
1.261487909174260494e+03 4.790862689153224663e-01
1.261322142406243302e+03 4.799902018203031084e-01
1.261156497885105182e+03 4.855042774196075550e-01
1.260990975610846135e+03 4.858373094427211325e-01
1.260825453336587088e+03 4.799847797601161647e-01
1.260659931062328042e+03 4.824869687903937665e-01
1.260494408788068995e+03 4.815118238414208829e-01
1.260329008760689021e+03 4.829922664623030326e-01
1.260163730980188120e+03 4.797386334707979816e-01
1.259998330952808146e+03 4.821629118143344606e-01
1.259833175419186318e+03 4.846117581221373039e-01
1.259667897638685417e+03 4.839728083844211382e-01
1.259502742105063589e+03 4.835125976011855897e-01
