# Wavelength, Reflectance
1.644623440427790911e+03 6.467978649925261170e-01
1.643757351560603411e+03 6.375726479484434828e-01
1.642892117185603411e+03 5.995252608713119713e-01
1.642027859373103411e+03 6.271164474807571221e-01
1.641164456052790911e+03 6.068258673553506011e-01
1.640302151365290911e+03 6.237298674450965086e-01
1.639440701169978411e+03 5.970907653475964194e-01
1.638580227537165911e+03 5.870204081471499524e-01
1.637720608396540911e+03 5.923142456180119364e-01
1.636862087888728411e+03 5.819162919985781945e-01
1.636004421873103411e+03 5.830598616354858432e-01
1.635147732419978411e+03 5.649088605012608788e-01
1.634292019529353411e+03 5.687053410539357756e-01
1.633437161130915911e+03 5.573104118559102371e-01
1.632583279294978411e+03 5.459243565440713430e-01
1.631730251951228411e+03 5.506606576569019751e-01
1.630878201169978411e+03 5.424579653750137842e-01
1.630027126951228411e+03 5.254393115290059146e-01
1.629176907224665911e+03 5.317444238636740428e-01
1.628327664060603411e+03 5.162996390785589140e-01
1.627479275388728411e+03 5.287856143509535034e-01
1.626631863279353411e+03 5.186007391087771312e-01
1.625785427732478411e+03 5.210891270734815395e-01
1.624939968748103411e+03 5.120069378724687592e-01
1.624095242185603411e+03 5.226672281899620298e-01
1.623251614255915911e+03 5.290766521409068224e-01
1.622408718748103411e+03 5.149891505029203786e-01
1.621566921873103411e+03 5.079898885860425484e-01
1.620725857419978411e+03 5.199002256994111892e-01
1.619885891599665911e+03 5.055385021559141157e-01
1.619046658201228411e+03 5.129408592466992989e-01
1.618208401365290911e+03 4.928123462657693077e-01
1.617370999021540911e+03 5.058637909831071866e-01
1.616534573240290911e+03 4.962016732295189136e-01
1.615699001951228411e+03 5.021834899083279513e-01
1.614864407224665911e+03 5.088839986420341521e-01
1.614030789060603411e+03 5.055313784313899550e-01
1.613197903318415911e+03 5.071881794727177706e-01
1.612365994138728411e+03 4.970740256982964511e-01
1.611534939451228411e+03 5.041900843314450764e-01
1.610704861326228411e+03 5.081025433509639422e-01
1.609875637693415911e+03 4.933819266519078317e-01
1.609047268552790911e+03 4.875684422831785270e-01
1.608219875974665911e+03 4.975644084875027184e-01
1.607393215818415911e+03 4.872776606015985501e-01
1.606567532224665911e+03 4.943755511290636728e-01
1.605742825193415911e+03 5.068726692220306695e-01
1.604918972654353411e+03 5.027371214815978817e-01
1.604095852537165911e+03 4.841065271646500245e-01
1.603273708982478411e+03 4.846493130307579222e-01
1.602452541990290911e+03 4.820727161792449089e-01
1.601632107419978411e+03 4.806407378527268182e-01
1.600812649412165911e+03 4.885038486281319536e-01
1.599994045896540911e+03 4.880027365624854951e-01
1.599176296873103411e+03 4.948892251028414457e-01
1.598359402341853411e+03 4.912568896509176830e-01
1.597543240232478411e+03 4.928122257474851220e-01
1.596728420896540911e+03 4.828786842831789827e-01
1.595914089841853411e+03 4.784621889445761500e-01
1.595100613279353411e+03 4.879106799742513600e-01
1.594288235349665911e+03 4.798586679714555436e-01
1.593476467771540911e+03 4.946519884719973725e-01
1.592665676755915911e+03 4.947326384786788767e-01
1.591855862302790911e+03 4.944927911753906891e-01
1.591046780271540911e+03 5.039809537693249464e-01
1.590238674802790911e+03 4.961736493720193542e-01
1.589431179685603411e+03 4.786158345737160924e-01
1.588624539060603411e+03 4.901266319374106284e-01
1.587819119138728411e+03 4.963378184498422052e-01
1.587014309568415911e+03 4.822945378430006369e-01
1.586210354490290911e+03 4.817186873618602427e-01
1.585407375974665911e+03 4.771238920210209566e-01
1.584605129880915911e+03 4.875509561137809644e-01
1.583803738279353411e+03 4.828986135460380247e-01
1.583003323240290911e+03 4.884499240217947125e-01
1.582203640623103411e+03 4.856622190551878049e-01
1.581404934568415911e+03 4.875002769450445528e-01
1.580606838865290911e+03 4.865286379717304599e-01
1.579809597654353411e+03 4.829247188789314027e-01
1.579013455076228411e+03 4.879125522102002455e-01
1.578217922849665911e+03 4.991629402095695833e-01
1.577423367185603411e+03 4.891732995237036974e-01
1.576629666013728411e+03 4.767477314961459101e-01
1.575836697263728411e+03 4.911221366362704677e-01
1.575044460935603411e+03 4.887445242200781914e-01
1.574253201169978411e+03 4.790693720374122888e-01
1.573462795896540911e+03 4.808136991100425139e-01
1.572673245115290911e+03 4.781228824385628240e-01
1.571884426755915911e+03 4.744877105064228551e-01
1.571096340818415911e+03 4.813901616454012156e-01
1.570309353513728411e+03 4.794856230455021850e-01
1.569522976560603411e+03 4.760841673440801003e-01
1.568737698240290911e+03 4.829331387503266737e-01
1.567952908201228411e+03 4.826890662491822304e-01
1.567169094724665911e+03 4.797075483375214389e-01
1.566386135740290911e+03 4.739027408717301770e-01
1.565603909177790911e+03 4.776100796372951263e-01
1.564822537107478411e+03 4.896235604740868941e-01
1.564042019529353411e+03 4.965042241724558214e-01
1.563262356443415911e+03 4.799926942789239370e-01
1.562483303709040911e+03 4.873485415379931740e-01
1.561705227537165911e+03 4.953371932073717954e-01
1.560928005857478411e+03 4.797075895382413857e-01
1.560151516599665911e+03 4.885988117459720836e-01
1.559375759763728411e+03 4.776736878958987575e-01
1.558600857419978411e+03 4.862461735375466776e-01
1.557826931638728411e+03 4.916085190484082990e-01
1.557053616209040911e+03 4.856601858249822712e-01
1.556281155271540911e+03 4.853994839145184814e-01
1.555509426755915911e+03 4.834411121101074293e-01
1.554738674802790911e+03 4.846919624765289036e-01
1.553968533201228411e+03 4.846169059374215160e-01
1.553199368162165911e+03 4.777658624960357536e-01
1.553199246091853411e+03 4.794311801197862488e-01
1.552943142576228411e+03 4.769468936826212202e-01
1.552686916990290911e+03 4.833550825142778895e-01
1.552430935544978411e+03 4.774568976634840922e-01
1.552430813474665911e+03 4.785646845475447497e-01
1.552174954099665911e+03 4.854413662237239135e-01
1.551663235349665911e+03 4.862005565690238340e-01
1.550896389646540911e+03 4.881494726896262182e-01
1.550130276365290911e+03 4.758060739378726645e-01
1.549365017576228411e+03 4.813155135298665677e-01
1.548600613279353411e+03 4.833399595558073858e-01
1.547836819334040911e+03 4.807902733726801547e-01
1.547073879880915911e+03 4.910425639382921537e-01
1.546311794919978411e+03 4.849481890126629002e-01
1.545550564451228411e+03 4.905653641750055693e-01
1.544789944334040911e+03 4.816154427301816421e-01
1.544030056638728411e+03 4.822488969207892051e-01
1.543271145505915911e+03 4.853920162267847949e-01
1.542513088865290911e+03 4.867248549616744469e-01
1.541755642576228411e+03 4.806230526198136399e-01
1.540998928709040911e+03 4.841973303268140572e-01
1.540243069334040911e+03 4.770523175555260176e-01
1.539487942380915911e+03 4.813902881597555972e-01
1.538733791990290911e+03 4.846823112392876221e-01
1.537980251951228411e+03 4.805202143317111041e-01
1.537227444334040911e+03 4.855132780883191224e-01
1.536475491209040911e+03 4.891686337410210972e-01
1.535724026365290911e+03 4.818423930781970399e-01
1.534973904294978411e+03 4.791058020714269450e-01
1.534224026365290911e+03 4.692989659024388582e-01
1.533475247068415911e+03 4.764298516469326894e-01
1.532727078123103411e+03 4.841398000817691005e-01
1.531979641599665911e+03 4.821426386834876121e-01
1.531233181638728411e+03 4.834813119831679051e-01
1.530487332029353411e+03 4.923122611960831785e-01
1.529742214841853411e+03 4.669783462844947497e-01
1.528997830076228411e+03 4.814965125117776079e-01
1.528254299802790911e+03 4.836307646244294434e-01
1.527511257810603411e+03 4.815149464799610701e-01
1.526769436521540911e+03 4.784697435311642266e-01
1.526027981443415911e+03 4.796216543336813687e-01
1.525287624998103411e+03 4.780938168474463956e-01
1.524547756834040911e+03 4.795904229012188380e-01
1.523808743162165911e+03 4.802356744830748592e-01
1.523070461912165911e+03 4.906083088269843073e-01
1.522333035154353411e+03 4.823438001280785925e-01
1.521596218748103411e+03 4.797758967769644167e-01
1.520860134763728411e+03 4.756755062742643592e-01
1.520124783201228411e+03 4.824204116959686095e-01
1.519390286130915911e+03 4.845793950416141249e-01
1.518656399412165911e+03 4.838605865848535914e-01
1.517923245115290911e+03 4.824506930698069795e-01
1.517191189451228411e+03 4.745829571095130373e-01
1.516459622068415911e+03 4.765130597395864087e-01
1.515728665037165911e+03 4.802455591023901960e-01
1.515485378904353411e+03 4.827872965640562231e-01
1.515242092771540911e+03 4.752033975934475962e-01
1.514998684568415911e+03 4.762484857222125112e-01
1.514998562498103411e+03 4.767483473637517122e-01
1.514755520505915911e+03 4.727120127100853386e-01
1.514512478513728411e+03 4.699704902538918150e-01
1.514269192380915911e+03 4.827793878804834682e-01
1.513540554685603411e+03 4.748033618697942160e-01
1.512812649412165911e+03 4.806068662012111803e-01
1.512085476560603411e+03 4.803875135147567255e-01
1.511359158201228411e+03 4.857509308594878394e-01
1.510633450193415911e+03 4.879136310763620421e-01
1.509908474607478411e+03 4.777152365820917512e-01
1.509184231443415911e+03 4.917652832459570300e-01
1.508460720701228411e+03 4.830224455285138663e-01
1.507737942380915911e+03 4.812867125243890931e-01
1.507015896482478411e+03 4.881032644371844920e-01
1.506294583005915911e+03 4.926847560487134237e-01
1.505574001951228411e+03 4.829426366123762970e-01
1.504854275388728411e+03 4.894124400713700251e-01
1.504135037107478411e+03 4.752823528912622497e-01
1.503416653318415911e+03 4.973182211965410660e-01
1.502698182429646295e+03 4.719284542856679310e-01
1.501980218546873175e+03 4.776259673078219192e-01
1.501263110256061282e+03 4.770905747926778573e-01
1.500546613102364518e+03 4.782502111961315361e-01
1.499830849313205590e+03 4.861598666505018151e-01
1.499115818888584954e+03 4.790177840077137206e-01
1.498401399601079447e+03 4.869449066156655848e-01
1.497687835905534712e+03 4.828432054931684481e-01
1.496974883347105333e+03 4.788261774457911457e-01
1.496262786380636953e+03 4.849415038267930744e-01
1.495551300551283475e+03 4.746040678184074157e-01
1.494840548086468289e+03 4.769561805614289107e-01
1.494130406758768004e+03 4.739518657087392062e-01
1.493421121023028945e+03 4.752388853386149692e-01
1.492712446424404789e+03 4.862784001551216373e-01
1.492004505190318696e+03 4.803805747375368695e-01
1.491297297320770895e+03 4.860436863321100365e-01
1.490590700588337995e+03 4.772714524347969056e-01
1.489884837220443160e+03 4.841952532322519320e-01
1.489179707217086388e+03 4.889809440586229683e-01
1.488475310578267681e+03 4.806485774554845047e-01
1.487771525076564103e+03 4.607181428622845742e-01
1.487068472939398589e+03 4.827527697626972092e-01
1.486366031939348204e+03 4.842833277118251956e-01
1.485664446531258818e+03 4.701468404400897527e-01
1.484963472260284561e+03 4.710801543743421971e-01
1.484263231353848141e+03 4.783528883747077409e-01
1.483563601584527078e+03 4.771589760745167386e-01
1.482864827407167013e+03 4.737557920181076909e-01
1.482166542139498915e+03 4.791753479831579732e-01
1.481469112463791816e+03 4.767898500616392643e-01
1.480772293925200074e+03 4.817689296119899711e-01
1.480076086523723234e+03 4.795919102940116585e-01
1.479380734714207392e+03 4.750241038659600012e-01
1.478685871814383745e+03 4.793587313120253879e-01
1.477991864506521097e+03 4.832722405939696708e-01
1.477298468335773578e+03 4.770550729620618435e-01
1.476605805529563895e+03 4.850041587333334681e-01
1.475913753860469569e+03 4.859053928573252579e-01
1.475222435555913080e+03 4.743235468113596309e-01
1.474531728388471947e+03 4.885949068947452734e-01
1.473841754585568651e+03 4.871793924445022017e-01
1.473152391919780484e+03 4.859169176263051781e-01
1.472463762618530382e+03 4.734311780154216165e-01
1.471775866681818343e+03 4.731302211988832052e-01
1.471088581882221433e+03 4.667725537006706671e-01
1.470402030447162588e+03 4.745994308177903798e-01
1.469716090149218644e+03 4.776226008278905977e-01
1.469030760988389829e+03 4.780430369204441976e-01
1.468346165192099306e+03 4.808757238981722915e-01
1.467662302760346620e+03 4.795256952230144698e-01
1.466979051465709063e+03 4.775019545747541394e-01
1.466296411308186407e+03 4.778745051564637358e-01
1.465614504515202043e+03 4.689439439224543094e-01
1.464933208859332581e+03 4.731914361336057584e-01
1.464252646568001410e+03 4.782670310847728090e-01
1.463572695413785141e+03 4.858130547978685154e-01
1.462893477624106936e+03 4.752810200217629788e-01
1.462214870971543860e+03 4.796403276440155405e-01
1.461536875456095913e+03 4.769808896126798703e-01
1.460859491077762868e+03 4.739195897412943892e-01
1.460182962291391050e+03 4.735556991017154660e-01
1.459506922414711198e+03 4.737798623900045802e-01
1.458831615902569411e+03 4.734812395991041534e-01
1.458156920527542525e+03 4.778046556015724811e-01
1.457482958517053930e+03 4.751121668470473236e-01
1.456809607643680465e+03 4.725705557627484232e-01
1.456136867907421902e+03 4.769810007496392834e-01
1.455464861535701402e+03 4.757550542549083272e-01
1.454793466301096032e+03 4.632413911003460116e-01
1.454122682203605564e+03 4.828183083286244903e-01
1.453452509243230452e+03 4.727457265921856111e-01
1.452783191874816112e+03 4.764169016710330107e-01
1.452114363416093965e+03 4.844210487877136373e-01
1.451446146094486949e+03 4.702803312009470882e-01
1.450778662137417996e+03 4.743390995179069813e-01
1.450111789317463945e+03 4.669690079190708110e-01
1.449445527634625023e+03 4.769155546254242872e-01
1.448779999316324393e+03 4.705849453005987448e-01
1.448115082135138664e+03 4.814898632521220079e-01
1.447450653863644902e+03 4.870876573270568333e-01
1.446787081184112139e+03 4.838279001052394057e-01
1.446123997414271571e+03 4.816025789657814027e-01
1.445461769236392229e+03 4.789625739101253110e-01
1.444799907740781691e+03 4.821209835943524591e-01
1.444138779609709445e+03 4.764223397784279612e-01
1.443478384843175036e+03 4.807115501069837982e-01
1.442818478986332821e+03 4.825194313054697037e-01
1.442159306494028669e+03 4.768155555057439487e-01
1.441500745138839420e+03 4.650983464878520879e-01
1.440842794920765300e+03 4.838815065009681171e-01
1.440185333612383374e+03 4.679317735652105958e-01
1.439528850123385382e+03 4.708179379460926128e-01
1.439528727895962447e+03 4.815330863614692425e-01
1.439310063036193924e+03 4.697555923491701368e-01
1.439091275949002238e+03 4.718362780756180652e-01
1.438872733316656650e+03 4.598447778856404877e-01
1.438872611089233487e+03 4.570381344419873759e-01
1.438654068456887899e+03 4.621407511941487689e-01
1.438435648051965472e+03 4.683145485882722059e-01
1.438217349874465754e+03 4.680731998766725077e-01
1.438217227647042819e+03 4.686216791333817633e-01
1.437998929469543100e+03 4.761740360413138085e-01
1.437780753519466543e+03 4.652422504665596481e-01
1.437562577569389987e+03 4.651261939653201227e-01
1.437562455341967052e+03 4.613233769193050837e-01
1.437344157164467333e+03 4.633703878333880755e-01
1.437126225669236874e+03 4.623232745379504127e-01
1.436908416401429349e+03 4.607899915363488086e-01
1.436908294174006414e+03 4.646109301783338252e-01
1.436690362678775728e+03 4.666095011729674003e-01
1.436472431183545268e+03 4.674893489172354255e-01
1.436254744143160679e+03 4.721886453487088020e-01
1.436037057102776089e+03 4.637159538904092049e-01
1.435819370062391727e+03 4.580605486299869633e-01
1.435601805249430072e+03 4.647596088851081997e-01
1.435384362663891579e+03 4.693750723706169303e-01
1.435166920078353087e+03 4.764254994518366537e-01
1.434949477492814594e+03 4.689610012538825146e-01
1.434732279362122199e+03 4.690622098974664422e-01
1.434514959004006641e+03 4.778790745487247471e-01
1.434297760873314246e+03 4.774194553356215787e-01
1.434080684970044786e+03 4.907214389840502955e-01
1.433863731294198260e+03 4.772397706266641171e-01
1.433646777618351734e+03 4.819539248083404281e-01
1.433429823942505436e+03 4.726653599823448793e-01
1.433213114721505008e+03 4.771797916186676924e-01
1.432996283273081417e+03 4.702474980695564577e-01
1.432779574052080989e+03 4.618699427843672156e-01
1.432562987058503722e+03 4.691372123670547456e-01
1.432346522292349164e+03 4.618795717579095572e-01
1.432130057526194832e+03 4.560661690006831970e-01
1.431913592760040501e+03 4.585230600426019598e-01
1.431697250221309105e+03 4.614312969604495995e-01
1.431481029910000643e+03 4.406888464772293346e-01
1.431264809598692182e+03 4.213932308720134134e-01
1.431048711514806882e+03 4.201848424203700194e-01
1.430832735658344518e+03 4.220035231988658042e-01
1.430616637574459219e+03 4.581536918371227896e-01
1.430400661717996854e+03 4.780369658557900858e-01
1.430184685861534490e+03 4.707039464642834292e-01
1.429969076687341158e+03 4.689234237287240870e-01
1.429753345285724890e+03 4.720674054554540588e-01
1.429537736111531558e+03 4.768427201040911223e-01
1.429322249164761161e+03 4.696042485042150050e-01
1.429106639990567828e+03 4.754637550058350981e-01
1.428891153043797431e+03 4.771818629349525720e-01
1.428675788324450195e+03 4.682829997137997746e-01
1.428460545832525895e+03 4.728512068426037329e-01
1.428245303340601595e+03 4.701478829944165105e-01
1.428030060848677294e+03 4.819833838119550462e-01
1.427814940584176156e+03 4.838708880215829011e-01
1.427600064774520888e+03 4.853031077130997573e-01
1.427384944510019523e+03 4.831071983543454573e-01
1.427170068700364254e+03 4.892142106756656172e-01
1.426955315118132148e+03 4.856720492479490447e-01
1.426740561535899815e+03 4.898596718178840903e-01
1.426525807953667709e+03 4.978123886556253819e-01
1.426311176598858310e+03 4.856371989312877058e-01
1.426096667471472074e+03 4.804651706866110983e-01
1.425882158344086065e+03 4.835474087089459139e-01
1.425667771444122764e+03 4.811490338202295547e-01
1.425453384544159462e+03 4.839902313358991903e-01
1.425239119871619323e+03 4.802699191640658616e-01
1.425024855199079184e+03 4.816107516142260625e-01
1.424810712753961980e+03 4.804681656512062582e-01
1.424596448081421840e+03 4.862459407237867404e-01
1.424382672318573668e+03 4.804294758680097144e-01
1.424168652100879399e+03 4.778005934150272860e-01
1.423954754110608292e+03 4.709953413868801508e-01
1.423740978347760120e+03 4.720269990313582520e-01
1.423527202584912175e+03 4.787678344410621900e-01
1.423313549049486937e+03 4.803073649092148290e-01
1.423099773286638765e+03 4.784230374590553447e-01
1.422886486433482787e+03 4.749101418305102240e-01
1.422672955125480712e+03 4.729383848677463087e-01
1.422459546044901572e+03 4.787083093458397998e-01
1.422246136964322432e+03 4.821495631327240572e-01
1.422032972338589389e+03 4.846172911034962172e-01
1.421819685485433183e+03 4.863626713625256448e-01
1.421606520859700140e+03 4.866911183491329784e-01
1.421393356233967097e+03 4.728811277088118548e-01
1.421180436063079924e+03 4.695362769809344194e-01
1.420967515892192978e+03 4.671041469310669991e-01
1.420754595721305805e+03 4.809269321761118210e-01
1.420541920005264956e+03 4.742148907775051159e-01
1.420328999834377782e+03 4.771379750301512068e-01
1.420116446345759869e+03 4.775906292888194016e-01
1.419903770629718792e+03 4.837713387672314957e-01
1.419691339368523813e+03 4.757878067512977815e-01
1.419478785879905672e+03 4.777324722310811178e-01
1.419266354618710693e+03 4.808810865180622729e-01
1.419054045584938649e+03 4.766352556376938221e-01
1.418841858778589767e+03 4.696304103531044327e-01
1.418629671972240658e+03 4.694210094761309127e-01
1.418417485165891776e+03 4.753408815436254709e-01
1.418205298359542894e+03 4.754821106544923626e-01
1.417993478235462817e+03 4.803556532172557070e-01
1.417781413656536870e+03 4.754628965276957442e-01
1.417569471305033858e+03 4.774498235175894667e-01
1.417357773408376943e+03 4.725014410354679839e-01
1.417146075511720028e+03 4.762893651443899645e-01
1.416934377615063113e+03 4.818187477162059751e-01
1.416722679718406198e+03 4.813838920765083906e-01
1.416511226276595380e+03 4.823999446933915358e-01
1.416299772834784335e+03 4.847185859382269202e-01
1.416088319392973517e+03 4.737134595537741411e-01
1.415876988178585634e+03 4.788711196930569569e-01
1.415665656964197751e+03 4.762489453524413330e-01
1.415454570204655738e+03 4.738369272743654381e-01
1.415243361217690790e+03 4.781140652576638117e-01
1.415032274458149004e+03 4.816479123634041515e-01
1.414821187698607218e+03 4.819281842311793351e-01
1.414610345393911302e+03 4.736282693929755316e-01
1.414399503089215386e+03 4.752527558767205007e-01
1.414188660784519698e+03 4.729878549574633717e-01
1.413977940707246717e+03 4.726298885228542579e-01
1.413767342857396898e+03 4.770762752108450022e-01
1.413556622780124144e+03 4.783613398814836604e-01
1.413345902702851163e+03 4.739563450682747203e-01
1.413135671535270376e+03 4.745117305702583055e-01
1.412925195912843719e+03 4.801842641635398756e-01
1.412714842517839770e+03 4.759684476613784132e-01
1.412504489122836048e+03 4.775462595775463170e-01
1.412294380182678196e+03 4.849123876915624187e-01
1.412084271242520572e+03 4.913350933616708605e-01
1.411874162302362720e+03 4.875792605642837452e-01
1.411664053362204868e+03 4.824366016239335919e-01
1.411454188876893113e+03 4.779616980814601068e-01
1.411244324391581358e+03 4.808633513152915095e-01
1.411034459906269603e+03 4.781321265850198010e-01
1.410824595420957849e+03 4.814038416783390506e-01
1.410614975390492191e+03 4.767990976662265235e-01
1.410405355360026533e+03 4.795369758139657601e-01
1.410195857556983810e+03 4.780210406062411765e-01
1.409986237526517925e+03 4.742612795555872229e-01
1.409776984178321300e+03 4.797602321818546511e-01
1.409567486375278577e+03 4.752452620887358536e-01
1.409358233027081951e+03 4.723127131857126626e-01
1.409148979678885325e+03 4.697826210668330504e-01
1.408939848558111635e+03 4.781276243380055968e-01
1.408730717437337944e+03 4.730932116720850678e-01
1.408521708543987188e+03 4.748072413663664282e-01
1.408312699650636432e+03 4.750013792830043990e-01
1.408103812984708838e+03 4.717396571096755808e-01
1.407894926318781245e+03 4.750064951726388207e-01
1.407686161880276586e+03 4.793834388012157555e-01
1.407477397441771927e+03 4.771371730203957662e-01
1.407268755230690203e+03 4.732414332627602471e-01
1.407060235247031642e+03 4.707520479254412304e-01
1.406851715263373080e+03 4.763357352814354684e-01
1.406643195279714519e+03 4.827349300039734947e-01
1.406434797523478892e+03 4.842185330122730225e-01
1.406226644222089135e+03 4.829042281110352275e-01
1.406018246465853736e+03 4.778651977020240138e-01
1.405810093164463979e+03 4.848102408931522223e-01
1.405601939863074449e+03 4.942128200061765009e-01
1.405393908789107854e+03 4.843725770237663486e-01
1.405185877715141260e+03 4.787462336584712985e-01
1.404977968868597827e+03 4.796677718207188468e-01
1.404770060022054167e+03 4.678994845710209849e-01
1.404562395630356605e+03 4.762370579357723122e-01
1.404354609011236107e+03 4.774841456546466412e-01
1.404146822392115610e+03 4.778518557888337681e-01
1.403939280227840982e+03 4.707356714348230886e-01
1.403731738063566581e+03 4.885221667029848169e-01
1.403524318126715116e+03 4.868360849514803967e-01
1.403316775962440488e+03 4.885406785123402873e-01
1.403109478253011957e+03 4.834974961857601006e-01
1.402902302771006589e+03 4.760618900926535391e-01
1.402695005061578058e+03 4.833311559092022813e-01
1.402487829579572463e+03 4.879883325954220141e-01
1.402280654097567094e+03 4.803905998778415509e-01
1.402073723070407596e+03 4.848801667697388296e-01
1.401866792043248097e+03 4.874001455888393730e-01
1.401659861016088598e+03 4.852626844138410167e-01
1.401452929988929100e+03 4.902106034896212550e-01
1.401246121189192763e+03 4.846860231016917875e-01
1.401039434616879362e+03 4.797115816652929299e-01
1.400832870271988895e+03 4.848122056697771742e-01
1.400626305927098429e+03 4.829582736562232914e-01
1.400419741582207962e+03 4.831946487674531610e-01
1.400213299464740658e+03 4.740837223863633709e-01
1.400006979574696288e+03 4.796136980723478271e-01
1.399800537457228756e+03 4.770797633279095784e-01
1.399594339794607322e+03 4.821057321517248639e-01
1.399388142131985887e+03 4.740435403097746914e-01
1.399182066696787615e+03 4.789653131050948254e-01
1.398975869034166180e+03 4.810664192291737584e-01
1.398769915826390843e+03 4.836162698312309605e-01
1.398564084846038440e+03 4.819458630214024097e-01
1.398358009410840168e+03 4.870057208097842705e-01
1.398152300657910700e+03 4.790045329335527180e-01
1.397946469677558525e+03 4.882682598510978411e-01
1.397740760924629058e+03 4.837733827437380452e-01
1.397535296626545687e+03 4.800362368782794542e-01
1.397329710101039382e+03 4.777881824090663421e-01
1.397124123575533076e+03 4.824108475959301701e-01
1.396918537050026771e+03 4.862672709418510708e-01
1.396713439434212432e+03 4.788404400475941292e-01
1.396508097363552224e+03 4.787472249499220567e-01
1.396302755292891788e+03 4.831542482322529475e-01
1.396097657677077677e+03 4.868359877206499542e-01
1.395892560061263339e+03 4.862917483766982518e-01
1.395687462445449000e+03 4.769338024604617421e-01
1.395482487057057824e+03 4.824484069774405137e-01
1.395277511668666421e+03 4.772560416419737717e-01
1.395072658507698179e+03 4.758814362354431005e-01
1.394867927574152873e+03 4.797925740875877421e-01
1.394663196640607794e+03 4.853687655269877110e-01
1.394458465707062487e+03 4.765445923862489663e-01
1.394253734773517181e+03 4.800737910969785083e-01
1.394049370522241134e+03 4.838756499100038133e-01
1.393844884043541924e+03 4.795172873449731199e-01
1.393640397564842488e+03 4.785994082903988200e-01
1.393436033313566440e+03 4.840142667978831192e-01
1.393231791289713101e+03 4.881250434717994136e-01
1.393027549265859989e+03 4.923880616808968824e-01
1.392823429469429811e+03 4.881539578116100286e-01
1.392619309672999634e+03 4.811831185918801213e-01
1.392415189876569457e+03 4.756397808319821063e-01
1.392211314534985377e+03 4.767000458611561076e-01
1.392007316965978134e+03 4.770515175142325814e-01
1.391803441624393827e+03 4.822235060601247070e-01
1.391599566282809747e+03 4.855637018483469070e-01
1.391396057623494698e+03 4.818672202640556512e-01
1.391192304509333553e+03 4.765587068756361733e-01
1.390988673622595343e+03 4.813547152199241785e-01
1.390785164963280295e+03 4.796412438649486631e-01
1.390581656303965019e+03 4.805314744062276766e-01
1.390378269872072906e+03 4.861799367327870325e-01
1.390174883440180793e+03 4.834413257996642566e-01
1.389971619235711842e+03 4.770013138226803506e-01
1.389768355031242663e+03 4.831491100612624878e-01
1.389565335281619582e+03 4.791422820839225660e-01
1.389362193304573566e+03 4.898491837993705356e-01
1.389159051327527550e+03 4.814874214436080102e-01
1.388956031577904469e+03 4.834787416988559072e-01
1.388753134055704322e+03 4.867727637522477058e-01
1.388550358760927338e+03 4.849056084589692950e-01
1.388347583466150127e+03 4.836834028437246857e-01
1.388144808171373143e+03 4.788086713260909510e-01
1.387942155104019093e+03 4.724711998950186786e-01
1.387739624264087979e+03 4.788116564495453198e-01
1.387536971196733930e+03 4.845918547232070939e-01
1.387334562584225978e+03 4.850156457008539812e-01
1.387132153971718026e+03 4.847228029595781473e-01
1.386929745359210074e+03 4.866107681562821252e-01
1.386727458974125057e+03 4.795473964079743912e-01
1.386525294816462974e+03 4.874873832314616795e-01
1.386323008431377957e+03 4.793323568974485194e-01
1.386120966501139037e+03 4.877012265112835032e-01
1.385918924570900117e+03 4.922108029825179032e-01
1.385717004868084132e+03 4.864511496636835797e-01
1.385515085165268147e+03 4.872939442908652552e-01
1.385313165462452162e+03 4.866198333693267375e-01
1.385111367987059111e+03 4.790169325194252870e-01
1.384909570511666288e+03 4.711015659556830881e-01
1.384708017491119335e+03 4.788133302986976036e-01
1.384506342243149447e+03 4.809127369698994459e-01
1.384304789222602494e+03 4.854412476397176879e-01
1.384103236202055541e+03 4.859812903795876493e-01
1.383901927636354458e+03 4.843564817016399182e-01
1.383700496843230667e+03 4.837567201589143551e-01
1.383499188277529811e+03 4.859531901408597476e-01
1.383297879711828728e+03 4.848237633665564150e-01
1.383096815600973969e+03 4.886925817302195107e-01
1.382895751490118982e+03 4.757120583003316971e-01
1.382694565151841061e+03 4.758648501473546899e-01
1.382493623268409237e+03 4.767607785701629131e-01
1.382292681384977413e+03 4.844428481596032010e-01
1.382091861728968524e+03 4.816320278828818413e-01
1.381891042072959635e+03 4.807137991631292850e-01
1.381690222416950746e+03 4.796602905515397475e-01
1.381489524988365019e+03 4.812728422817162399e-01
1.381288827559779065e+03 4.958255256415560752e-01
1.381088374586039436e+03 4.834968497718540870e-01
1.380887921612299579e+03 4.799075197906210177e-01
1.380687468638559722e+03 4.808439182031436498e-01
1.380487015664819864e+03 4.809557522929029938e-01
1.380286684918503170e+03 4.776701343848381853e-01
1.380086476399609182e+03 4.823637657780005528e-01
1.379886267880715423e+03 4.849880682744863170e-01
1.379686059361821663e+03 4.897167735031008329e-01
1.379485973070350838e+03 4.891133517693520560e-01
1.379286131233726110e+03 4.879420538740532609e-01
1.379086167169678447e+03 4.828955307944098885e-01
1.378886203105630557e+03 4.839887227455443863e-01
1.378686361269005829e+03 4.823315426214718760e-01
1.378486519432381101e+03 4.804232867038477073e-01
1.378286799823179308e+03 4.851361808615326510e-01
1.378087202441400450e+03 4.860566896233587952e-01
1.377887605059621819e+03 4.839757638225299918e-01
1.377688129905266123e+03 4.879862205594481805e-01
1.377488654750910428e+03 4.917470851546358324e-01
1.377289301823977667e+03 4.848736225767205643e-01
1.377089948897044906e+03 4.877097716532276528e-01
1.376890595970112145e+03 4.835941531949822236e-01
1.376691365270602546e+03 4.872028468330001916e-01
1.376492134571092720e+03 4.969092566577532066e-01
1.376293148326429218e+03 4.873234572991979041e-01
1.376094039854342554e+03 4.898717868898906369e-01
1.375895053609678826e+03 4.813584329119647842e-01
1.375696067365015097e+03 4.878816891414703427e-01
1.375497203347774530e+03 4.855367968686352675e-01
1.375298583785379833e+03 4.960726832100478823e-01
1.375099841995562201e+03 4.845157301759061008e-01
1.374901100205744569e+03 4.901463310301049647e-01
1.374702480643349872e+03 4.866252689462082226e-01
1.374503861080955176e+03 4.794333364573944434e-01
1.374305485973406576e+03 4.797355917646711765e-01
1.374106988638435041e+03 4.912458096545969100e-01
1.373908613530886441e+03 4.901700354030700257e-01
1.373710238423337614e+03 4.805354778902736212e-01
1.373511985543212177e+03 4.873248669131731714e-01
1.373313854890509447e+03 4.825942210423326273e-01
1.373115602010384009e+03 4.821103640506694821e-01
1.372917593585104441e+03 4.847903840625087946e-01
1.372719585159824646e+03 4.803666252997867425e-01
1.372521576734545079e+03 4.919863559380924234e-01
1.372323812764111608e+03 4.915503104809564316e-01
1.372125926566254975e+03 4.848888059186944322e-01
1.371928162595821505e+03 4.813754284070628220e-01
1.371730276397964872e+03 4.829771251668810161e-01
1.371532756882377498e+03 4.846120124445590371e-01
1.371335237366789897e+03 4.791481880312439268e-01
1.371137717851202297e+03 4.823973113068346086e-01
1.370940198335614696e+03 4.728699377921357638e-01
1.370742678820027322e+03 4.884160183003666833e-01
1.370545281531862656e+03 4.884216694447957585e-01
1.370348128698544315e+03 4.855820549226563254e-01
1.370150853637802811e+03 4.857732304457234584e-01
1.369953700804484242e+03 4.758119297622955823e-01
1.369756547971165674e+03 4.775938822531566319e-01
1.369559517365270267e+03 4.850839156417696141e-01
1.369362608986797795e+03 4.909029014457179652e-01
1.369165456153479226e+03 4.955335159971070991e-01
1.368968670002429917e+03 4.853906770047258790e-01
1.368771883851380380e+03 4.853610047730578247e-01
1.368575097700330844e+03 4.851717841672629206e-01
1.368378433776704469e+03 4.801978739912534100e-01
1.368181769853078094e+03 4.846146683372383746e-01
1.367985105929451493e+03 4.833821044055043870e-01
1.367788686460671215e+03 4.842896411401220735e-01
1.367592144764467776e+03 4.864627848159091550e-01
1.367395725295687271e+03 4.836615985383593275e-01
1.367199550281752863e+03 4.842793469763925773e-01
1.367003130812972358e+03 4.810968904458148288e-01
1.366806955799037951e+03 4.858070954230113703e-01
1.366610658557680608e+03 4.887742801554171845e-01
1.366414605771169363e+03 4.833013044120835766e-01
1.366218675212080825e+03 4.918709079554960395e-01
1.366022622425569580e+03 4.905701258725321257e-01
1.365826691866481042e+03 4.867634554107676537e-01
1.365630761307392731e+03 4.849848503344973416e-01
1.365434952975727356e+03 4.872158226386194002e-01
1.365239389098908077e+03 4.908179386390743582e-01
1.365043580767242702e+03 4.899812070991405033e-01
1.364848016890423423e+03 4.811408200777660960e-01
1.364652330786180983e+03 4.752817522141563611e-01
1.364456889136784639e+03 4.764288070747700887e-01
1.364261447487388295e+03 4.800615574579987221e-01
1.364066005837991952e+03 4.821485806082820291e-01
1.363870686416018771e+03 4.798721629667577204e-01
1.363675366994045362e+03 4.801051622052748269e-01
1.363480169799495116e+03 4.829585596552910531e-01
1.363284972604944869e+03 4.866043669610868871e-01
1.363089897637817558e+03 4.915041984668875319e-01
1.362894944898113181e+03 4.908440845823177079e-01
1.362699747703562934e+03 4.847716644713474521e-01
1.362504917191281720e+03 4.835805096465473629e-01
1.362310086679000278e+03 4.877437313744852343e-01
1.362115378394141999e+03 4.839449994482816209e-01
1.361920547881860784e+03 4.859287907885853630e-01
1.361725839597002505e+03 4.971346441980215580e-01
1.361531131312144225e+03 4.912624767969294703e-01
1.361336545254709108e+03 4.859791025690926580e-01
1.361142081424696926e+03 4.920168246664001765e-01
1.360947739822107678e+03 4.882303430289251511e-01
1.360753275992095496e+03 4.837652455244603744e-01
1.360558934389506248e+03 4.903597495060425526e-01
1.360364592786917001e+03 4.893956480679682031e-01
1.360170251184327753e+03 4.991150118605969799e-01
1.359976276264007538e+03 5.002854926292310545e-01
1.359782179116264388e+03 4.927145673264607950e-01
1.359588081968521237e+03 4.877513216964932119e-01
1.359394107048201022e+03 4.836174827785998942e-01
1.359200132127880806e+03 4.845499293484364367e-01
1.359006279434983753e+03 4.856512299208225469e-01
1.358812548969509407e+03 4.884322519231108495e-01
1.358618696276612354e+03 4.840432793888765350e-01
1.358424965811138236e+03 4.854196241619781471e-01
1.358231357573087053e+03 4.944796867590840472e-01
1.358037749335035869e+03 4.895551659389996146e-01
1.357844263324407848e+03 4.929270707016909503e-01
1.357650777313779599e+03 4.919958935227329300e-01
1.357457413530574513e+03 4.981746906598840674e-01
1.357264049747369427e+03 4.927232065680250961e-01
1.357070685964164340e+03 4.891034985529567058e-01
1.356877444408382189e+03 4.814966937245422907e-01
1.356684325080022973e+03 4.823504836223379000e-01
1.356491205751663983e+03 4.887212241973312166e-01
1.356298208650727929e+03 4.908099709282126577e-01
1.356105089322368713e+03 4.923314930184177207e-01
1.355912214448855593e+03 4.852586406989597423e-01
1.355719217347919539e+03 4.916310182395569051e-01
1.355526586929252517e+03 4.939942885846939635e-01
1.355333712055739397e+03 4.947970217558809169e-01
1.355140959409649440e+03 4.934300653993307084e-01
1.354948328990982418e+03 4.845139889313384018e-01
1.354755698572315396e+03 4.820432102798414276e-01
1.354563312608494243e+03 4.845050962632463376e-01
1.354370804417250156e+03 4.858627722969108831e-01
1.354178296226006296e+03 4.921371227579570129e-01
1.353985910262185143e+03 4.850017112418774645e-01
1.353793524298364218e+03 4.946696888964712269e-01
1.353601260561966228e+03 4.900581573132909985e-01
1.353409241280414108e+03 4.886131984244033166e-01
1.353217099771439052e+03 4.847457043818226841e-01
1.353024958262464224e+03 4.871910060653097951e-01
1.352832938980912104e+03 4.870569605713663819e-01
1.352640919699360211e+03 4.890672214989943423e-01
1.352449022645231253e+03 4.889571638864925185e-01
1.352257247818525229e+03 4.870487893973897697e-01
1.352065472991819206e+03 4.937043406496990916e-01
1.351873698165113410e+03 4.882103677558453092e-01
1.351681923338407387e+03 4.943506408524052098e-01
1.351490270739124298e+03 4.904007065950074518e-01
1.351298618139841437e+03 4.883074645150767834e-01
1.351107332222827608e+03 4.905715998550141399e-01
1.350915801850967682e+03 4.913704412373747776e-01
1.350724393706530691e+03 4.925614509227321802e-01
1.350533107789516635e+03 4.899944256350401983e-01
1.350341821872502805e+03 4.851175818278194996e-01
1.350150535955488976e+03 4.825410253282880202e-01
1.349959494493321017e+03 4.831432987928759859e-01
1.349768330803730123e+03 4.881478504112741201e-01
1.349577289341562164e+03 4.866502328396737909e-01
1.349386247879394432e+03 4.857202794724784778e-01
1.349195328644649408e+03 4.883507092926352988e-01
1.349004409409904611e+03 4.878509902297300527e-01
1.348813612402582748e+03 4.863557505458531716e-01
1.348622937622683821e+03 4.928413113440802684e-01
1.348432140615361959e+03 4.878175635600873750e-01
1.348241465835463032e+03 4.867440020292393421e-01
1.348050913282987267e+03 4.849834161142054234e-01
1.347860360730511502e+03 4.910400921549383790e-01
1.347669930405458672e+03 4.868610162431436517e-01
1.347479377852982680e+03 4.852831209427242998e-01
1.347289069755353012e+03 4.900097983156955772e-01
1.347098761657723117e+03 4.829103424487696250e-01
1.346908453560093221e+03 4.876654714038717309e-01
1.346718267689886488e+03 4.909160493915147860e-01
1.346528204047102690e+03 4.858633786123779941e-01
1.346338140404318892e+03 4.848277743683008789e-01
1.346148076761535094e+03 4.861597848868128846e-01
1.345958135346174231e+03 4.862145705389753214e-01
1.345768193930813595e+03 4.843546158057018824e-01
1.345578252515452732e+03 4.886200539491435957e-01
1.345388555554937966e+03 4.880648504466247872e-01
1.345198736367000265e+03 4.868614761807251168e-01
1.345009039406485499e+03 4.830224781356665664e-01
1.344819464673393668e+03 4.861940510836710860e-01
1.344629767712878902e+03 4.845841158791699965e-01
1.344440315207210233e+03 4.917432881121623356e-01
1.344250740474118402e+03 4.870365830912751215e-01
1.344061532423295830e+03 4.860863717796241046e-01
1.343872079917626934e+03 4.852044823963957421e-01
1.343682749639381427e+03 4.777007494346297567e-01
1.343493541588558628e+03 4.853843183268155559e-01
1.343304333537735829e+03 4.820759097404536120e-01
1.343115247714336192e+03 4.852315930109986075e-01
1.342926161890936555e+03 4.839419864301437446e-01
1.342737198294959853e+03 4.870807948540782362e-01
1.342548112471560216e+03 4.895094549910171677e-01
1.342359271103006449e+03 4.850845612252847605e-01
1.342170429734452682e+03 4.888446679951667928e-01
1.341981588365899142e+03 4.813420207275160290e-01
1.341792869224768538e+03 4.875200494600943069e-01
1.341604272311060868e+03 4.899129725662619839e-01
1.341415675397353198e+03 4.842341066625013846e-01
1.341227078483645528e+03 4.836962386118173196e-01
1.341038481569937858e+03 4.831200832336813855e-01
1.340850006883653123e+03 4.863319217046603860e-01
1.340661654424791550e+03 4.922770838959429907e-01
1.340473301965929977e+03 4.872876869093868968e-01
1.340285071734491339e+03 4.881298955998311095e-01
1.340096841503052701e+03 4.918871896729953286e-01
1.339908611271614063e+03 4.900193924898617048e-01
1.339720503267598588e+03 4.944195980499126453e-01
1.339532395263582885e+03 4.849398972304815314e-01
1.339344287259567182e+03 4.826135825773929522e-01
1.339156423710397803e+03 4.799692774611460377e-01
1.338968560161228197e+03 4.826995480655782988e-01
1.338780574384635656e+03 4.917520185839299729e-01
1.338592833062888985e+03 4.889765864484738600e-01
1.338405091741142314e+03 4.897722856554205806e-01
1.322464924596444007e+03 4.954591623463496242e-01
1.322281950144194980e+03 4.971655449400370075e-01
1.322098975691945952e+03 4.901575045595717994e-01
1.321916001239696925e+03 4.883569266650186758e-01
1.321733271242293768e+03 4.972261272180528158e-01
1.304959268617807084e+03 4.997306226857002320e-01
1.304781305489901342e+03 4.999597626122996297e-01
1.304603464589418763e+03 4.978313269186628864e-01
1.304425623688936184e+03 4.994936075047614610e-01
1.304247782788453605e+03 5.016357476460923115e-01
1.287070429668026918e+03 5.003113685590546700e-01
1.286897722319310787e+03 4.950633241692281583e-01
1.286724892743171722e+03 5.019193864847929509e-01
1.286552185394455819e+03 4.947793491314990688e-01
1.286379478045739688e+03 5.061586665331060386e-01
1.286206892924446493e+03 5.062294190857149490e-01
1.286034307803153524e+03 4.997011201756882404e-01
1.285861722681860329e+03 5.078217305017254102e-01
1.285689259787990295e+03 5.014069215463760054e-01
1.285516796894120262e+03 5.016458678294082318e-01
1.285344578455096325e+03 5.047582198948992183e-01
1.285172237788649227e+03 5.061516183781928913e-01
1.284999897122202128e+03 5.079531643418757625e-01
1.284827678683178192e+03 5.048684796877436209e-01
1.284655460244154256e+03 5.128513897687598799e-01
1.284483364032553027e+03 5.118701329603260186e-01
1.284311267820952025e+03 5.100609403579564605e-01
1.284139171609351024e+03 5.089609378904890180e-01
1.283967197625173185e+03 5.122302983807497379e-01
1.283795223640995118e+03 5.127825695416817764e-01
1.283623371884239987e+03 5.194739120378292219e-01
1.283451520127485082e+03 5.211384906846334708e-01
1.283279668370730178e+03 5.211461784330455593e-01
1.283107938841398209e+03 5.190918560719449681e-01
1.282936209312066239e+03 5.325063877934386181e-01
1.282764724237580140e+03 5.350981436168293914e-01
1.282593116935671105e+03 5.360729770988608145e-01
1.282421509633762298e+03 5.425133180106004316e-01
1.282250024559276198e+03 5.101384563719294496e-01
1.282078661712213261e+03 5.011121662096297280e-01
1.281907176637727389e+03 4.921837614282977280e-01
1.281735813790664452e+03 4.999662924197438296e-01
1.281564450943601514e+03 5.043335575988674435e-01
1.281393210323961512e+03 5.006034012449515069e-01
1.281221969704321509e+03 5.000205463126038419e-01
1.281050729084681734e+03 5.013109728307306723e-01
1.280879732919887829e+03 4.997852398629559212e-01
1.280708614527670761e+03 5.069458989332237264e-01
1.280537496135453921e+03 5.007700217592740977e-01
1.280366622198082950e+03 5.017290200200383854e-01
1.280195626033289045e+03 5.032641033129794383e-01
1.280024874323341237e+03 5.012416465283533462e-01
1.279854000385970267e+03 5.023660818238434578e-01
1.279683248676022458e+03 5.045123956456186720e-01
1.279512496966074650e+03 5.040757017302238685e-01
1.279341867483549777e+03 5.016747133327141839e-01
1.279171115773601741e+03 5.056472325184749872e-01
1.279000608518500030e+03 5.015322889675747353e-01
1.278829979035975157e+03 4.994464619661530547e-01
1.278659594008296153e+03 5.081421828801516716e-01
1.278489086753194442e+03 5.052837818527914360e-01
1.278318701725515439e+03 5.023349421665165293e-01
1.278148316697836663e+03 5.008549616244720726e-01
1.277978053897580821e+03 5.040931707235548620e-01
1.277807791097324980e+03 5.025577084591001942e-01
1.277637528297069139e+03 5.061836793605204443e-01
1.277467387724236232e+03 5.052907839809376300e-01
1.277297247151403553e+03 5.109291929908834629e-01
1.277127351033416744e+03 5.050934389231922506e-01
1.276957332688007000e+03 5.001632406021673249e-01
1.276787314342597028e+03 4.933618216750292884e-01
1.276617418224610219e+03 5.018863732304303937e-01
1.276447644334046572e+03 5.017682412033362960e-01
1.276277748216059763e+03 5.089105171492438462e-01
1.276107974325495888e+03 5.034360353707811875e-01
1.275938200434932014e+03 5.007453958022354268e-01
1.275768548771791302e+03 5.056740753068351690e-01
1.275598897108650590e+03 5.014152665071202053e-01
1.275429245445509878e+03 4.972260515583671880e-01
1.275259838237215035e+03 5.058075777150415897e-01
1.275090186574074323e+03 4.993396332972099283e-01
1.274920779365779481e+03 5.016450655513414736e-01
1.274751372157484639e+03 4.981883399239971921e-01
1.274582087176612959e+03 4.950228428948451054e-01
1.274412679968318344e+03 4.997439777871096611e-01
1.274243517214869598e+03 4.997640069025506282e-01
1.274074354461420853e+03 5.052432901334923399e-01
1.273905191707972108e+03 5.004415308701579690e-01
1.273736151181946298e+03 5.035298333807832760e-01
1.273567110655920715e+03 4.981033785153241578e-01
1.273398192357317839e+03 5.022322601521543861e-01
1.273398070129894904e+03 5.017837099352037145e-01
1.273229151831292256e+03 5.021479134133191025e-01
1.273229029603869094e+03 5.030445256408530019e-01
1.273060355760112543e+03 5.016262587726918465e-01
1.273060233532689608e+03 5.061092684189436586e-01
1.272891437461509895e+03 4.983137358451079080e-01
1.272891315234086733e+03 4.987617435437590729e-01
1.272722519162907020e+03 5.017888820321165788e-01
1.272722396935484085e+03 5.017887398409267563e-01
1.272553600864304371e+03 5.035352423772591068e-01
1.272384927020547821e+03 5.018749390368989483e-01
1.272216253176791042e+03 5.087016214775992307e-01
1.272047579333034264e+03 5.032679954709878833e-01
1.271879027716700648e+03 5.020306116981321232e-01
1.271710476100367032e+03 5.075849121068202185e-01
1.271541924484033416e+03 5.034120803795877341e-01
1.271373495095122735e+03 5.026209117404834004e-01
1.271205065706212054e+03 5.073718137475194956e-01
1.271036758544724307e+03 5.017330010906254634e-01
1.270868451383236788e+03 4.995562066543584590e-01
1.270700144221749042e+03 5.064306159799356610e-01
1.270532081515107393e+03 5.113293905750757595e-01
1.270363896581042809e+03 5.030983331960049432e-01
1.270195711646978225e+03 5.120299908517880194e-01
1.270027648940336576e+03 5.007278323116786112e-01
1.269859708461118089e+03 5.076070751468158004e-01
1.269691645754476440e+03 5.018609116337969800e-01
1.269523705275257726e+03 5.075489155677969100e-01
1.269355887023462174e+03 5.134462462196782706e-01
1.269188068771666622e+03 5.118494822032133573e-01
1.269020250519871070e+03 5.113157867267905665e-01
1.268852432268075518e+03 5.103145175503775999e-01
1.268684858471125835e+03 5.101436608396797689e-01
1.268517162446753218e+03 5.065496982933531678e-01
1.268349466422380601e+03 5.063341523834289370e-01
1.268182014852854081e+03 4.947192656390105858e-01
1.268014441055904626e+03 4.990541783756740624e-01
1.267846989486377879e+03 5.064980194477494146e-01
1.267679537916851359e+03 5.024181674659585761e-01
1.267512330802170936e+03 5.055779068312835633e-01
1.267344879232644416e+03 5.077278550957996517e-01
1.267177549890540831e+03 5.032624709887278946e-01
1.267010342775860181e+03 4.993011640433855924e-01
1.266843135661179758e+03 5.089959719663290638e-01
1.266676050773922270e+03 5.075194776717915079e-01
1.266509088114087717e+03 5.069386369511881263e-01
1.266342003226830229e+03 5.112280107903189874e-01
1.266175040566995676e+03 5.115740927431152718e-01
1.266008077907161123e+03 5.053362212241633289e-01
1.265841115247326570e+03 5.025311025321361758e-01
1.265674274814915179e+03 5.049490852477228620e-01
1.265507434382503561e+03 5.080371619525629878e-01
1.265340838404938040e+03 5.013959807375522049e-01
1.265173997972526649e+03 4.994919850193983990e-01
1.265007279767538193e+03 5.027928291644564451e-01
1.264840683789972672e+03 5.029314553110447727e-01
1.264674087812407151e+03 5.061055762668694724e-01
1.264507614062264793e+03 5.163079248588768877e-01
1.264341140312122207e+03 5.025292664366527440e-01
1.264174666561979848e+03 5.046621842452804207e-01
1.264008315039260424e+03 5.022441406164579458e-01
1.263841963516541000e+03 5.023805817209624491e-01
1.263675611993821576e+03 5.020428416031010865e-01
1.263509382698525087e+03 5.073969746869149144e-01
1.263343153403228598e+03 5.082372719402942218e-01
1.263177046335355271e+03 5.046888797132327298e-01
1.263010817040058782e+03 5.040798273444200284e-01
1.262844832199608391e+03 5.026313240394513215e-01
1.262678725131734836e+03 5.005144846428165595e-01
1.262512740291284445e+03 5.052601570049721769e-01
1.262346877678256988e+03 5.119177518076134525e-01
1.262181015065229758e+03 5.069330375345579842e-01
1.262015152452202301e+03 5.081149186494445802e-01
1.261849289839174844e+03 5.092109699526821132e-01
1.261683671680993484e+03 5.064294649000472548e-01
1.261518053522812124e+03 4.974290254775439180e-01
1.261352313137207830e+03 4.960142261333072011e-01
1.261186694979026242e+03 5.020240586439396191e-01
1.261021199048268045e+03 5.052302245917713597e-01
1.260855703117509620e+03 5.038509490241430688e-01
1.260690207186751195e+03 5.037815459566173937e-01
1.260524711255992770e+03 5.062304953489261683e-01
1.260359337552657507e+03 5.025346947127968811e-01
1.260194086076745180e+03 4.978897416961270972e-01
1.260028712373409917e+03 5.003001126851293057e-01
1.259863583124920524e+03 5.006129395026973627e-01
1.259698331649008196e+03 5.020204846269457066e-01
1.259533202400518803e+03 5.057434854129921886e-01
