# Wavelength, Reflectance
1.644246523227007856e+03 3.970670591575311548e-01
1.643380434359820356e+03 4.016718358268765443e-01
1.642515199984820356e+03 3.977543020123984197e-01
1.641650942172320356e+03 4.116445424794785701e-01
1.640787538852007856e+03 3.984519176921407224e-01
1.639925234164507856e+03 4.090933418619327466e-01
1.639063783969195356e+03 3.912768391310205152e-01
1.638203310336382856e+03 4.214368319738509006e-01
1.637343691195757856e+03 4.117747771511110488e-01
1.636485170687945356e+03 4.316385446314455199e-01
1.635627504672320356e+03 4.089145682201616450e-01
1.634770815219195356e+03 4.073615320252081395e-01
1.633915102328570356e+03 4.117668046491085865e-01
1.633060243930132856e+03 4.176247598899113234e-01
1.632206362094195356e+03 4.154498387916776836e-01
1.631353334750445356e+03 4.149931497481315623e-01
1.630501283969195356e+03 4.100680265616562514e-01
1.629650209750445356e+03 4.111267726576879888e-01
1.628799990023882856e+03 4.113911787123692432e-01
1.627950746859820356e+03 3.986500734165517312e-01
1.627102358187945356e+03 4.153045513036245917e-01
1.626254946078570356e+03 4.165465964657434350e-01
1.625408510531695356e+03 4.050039314470565976e-01
1.624563051547320356e+03 4.144337040041964904e-01
1.623718324984820356e+03 4.073322599019843504e-01
1.622874697055132856e+03 4.119939004220679046e-01
1.622031801547320356e+03 4.095025084130312076e-01
1.621190004672320356e+03 4.090638037949901884e-01
1.620348940219195356e+03 4.244905289058136244e-01
1.619508974398882856e+03 4.156232576720614302e-01
1.618669741000445356e+03 4.044154517247777192e-01
1.617831484164507856e+03 4.081143965112243310e-01
1.616994081820757856e+03 4.058322271582195384e-01
1.616157656039507856e+03 4.022702235918901303e-01
1.615322084750445356e+03 4.048836486954240366e-01
1.614487490023882856e+03 4.012748844487966648e-01
1.613653871859820356e+03 3.923120860548918176e-01
1.612820986117632856e+03 3.878587361164161917e-01
1.611989076937945356e+03 3.815560857477870438e-01
1.611158022250445356e+03 3.548702760542087331e-01
1.610327944125445356e+03 3.178970452638205102e-01
1.609498720492632856e+03 3.072565836124838135e-01
1.608670351352007856e+03 3.162925703248886111e-01
1.607842958773882856e+03 3.397012204357077736e-01
1.607016298617632856e+03 3.677368134221638551e-01
1.606190615023882856e+03 3.739552465198751618e-01
1.605365907992632856e+03 3.887517163031237177e-01
1.604542055453570356e+03 3.926900005984927944e-01
1.603718935336382856e+03 3.692158762982353237e-01
1.602896791781695356e+03 3.825049124959616353e-01
1.602075624789507856e+03 3.863594142506172058e-01
1.601255190219195356e+03 3.854835623271730127e-01
1.600435732211382856e+03 3.854643794033903448e-01
1.599617128695757856e+03 3.995067508783101684e-01
1.598799379672320356e+03 3.919955617911591861e-01
1.597982485141070356e+03 3.934531185542631260e-01
1.597166323031695356e+03 3.899189716241754367e-01
1.596351503695757856e+03 3.902019595525107465e-01
1.595537172641070356e+03 3.859305706828657923e-01
1.594723696078570356e+03 3.872991169081495544e-01
1.593911318148882856e+03 3.770228552213285012e-01
1.593099550570757856e+03 3.762512595320779973e-01
1.592288759555132856e+03 3.795817999103529572e-01
1.591478945102007856e+03 3.702709591216608032e-01
1.590669863070757856e+03 3.752456904639485114e-01
1.589861757602007856e+03 3.768933300132840114e-01
1.589054262484820356e+03 3.838289825171708469e-01
1.588247621859820356e+03 3.920416691408263876e-01
1.587442201937945356e+03 3.850542068282448160e-01
1.586637392367632856e+03 3.840673675931888242e-01
1.585833437289507856e+03 3.853638203806183937e-01
1.585030458773882856e+03 3.816471940356538917e-01
1.584228212680132856e+03 3.883311816658898130e-01
1.583426821078570356e+03 3.829727105765266537e-01
1.582626406039507856e+03 3.845268808701843843e-01
1.581826723422320356e+03 3.795523976430479340e-01
1.581028017367632856e+03 3.712124572529009736e-01
1.580229921664507856e+03 3.694483191370629416e-01
1.579432680453570356e+03 3.430269149926599703e-01
1.578636537875445356e+03 3.140069804536962939e-01
1.577841005648882856e+03 2.856223518304708553e-01
1.577046449984820356e+03 3.057750526394685253e-01
1.576252748812945356e+03 3.228887290352496775e-01
1.575459780062945356e+03 3.443644381072226146e-01
1.574667543734820356e+03 3.499905254230298302e-01
1.573876283969195356e+03 3.670663886202623072e-01
1.573085878695757856e+03 3.682272877382344323e-01
1.572296327914507856e+03 3.779265343979266167e-01
1.571507509555132856e+03 3.807453000481142991e-01
1.570719423617632856e+03 3.828636740507417313e-01
1.569932436312945356e+03 3.811671579894993500e-01
1.569146059359820356e+03 3.874555500102900285e-01
1.568360781039507856e+03 3.857466750470810446e-01
1.567575991000445356e+03 3.853147311515946472e-01
1.566792177523882856e+03 3.902825776366708466e-01
1.566009218539507856e+03 3.867026858436165004e-01
1.565226991977007856e+03 3.919236846866402946e-01
1.564445619906695356e+03 3.871893923834517359e-01
1.563665102328570356e+03 3.863813374888924179e-01
1.562885439242632856e+03 3.865219413825518591e-01
1.562106386508257856e+03 3.895895259826021584e-01
1.561328310336382856e+03 3.889735818697910297e-01
1.560551088656695356e+03 3.891010425281598573e-01
1.559774599398882856e+03 3.854473815284208960e-01
1.558998842562945356e+03 3.860619583077818384e-01
1.558223940219195356e+03 3.824250008904813702e-01
1.557450014437945356e+03 3.845560389477089003e-01
1.556676699008257856e+03 3.902633091683831990e-01
1.555904238070757856e+03 3.882108189221938344e-01
1.555132509555132856e+03 3.871400945151228234e-01
1.554361757602007856e+03 3.822261567664176352e-01
1.553591616000445356e+03 3.812953368348260264e-01
1.552822450961382856e+03 3.661026158891758087e-01
1.552822328891070356e+03 3.857532152577126672e-01
1.552566225375445356e+03 3.681378602225166552e-01
1.552309999789507856e+03 3.657241161436652344e-01
1.552054018344195356e+03 3.685804569029251243e-01
1.552053896273882856e+03 3.779400209606142980e-01
1.551798036898882856e+03 3.692553667481647262e-01
1.551286318148882856e+03 3.854672463889114442e-01
1.550519472445757856e+03 3.878980477757294487e-01
1.549753359164507856e+03 3.873401453738684053e-01
1.548988100375445356e+03 3.891355113929212406e-01
1.548223696078570356e+03 3.947863783185283637e-01
1.547459902133257856e+03 3.883272125566116784e-01
1.546696962680132856e+03 3.900082650279914631e-01
1.545934877719195356e+03 3.872841766061711488e-01
1.545173647250445356e+03 3.835295657878726172e-01
1.544413027133257856e+03 3.715317441864489645e-01
1.543653139437945356e+03 3.554887172335888246e-01
1.542894228305132856e+03 3.218524090072598653e-01
1.542136171664507856e+03 3.322832677645378152e-01
1.541378725375445356e+03 3.645031173056343943e-01
1.540622011508257856e+03 3.750547635217252873e-01
1.539866152133257856e+03 3.816899988421359469e-01
1.539111025180132856e+03 3.852502662749919260e-01
1.538356874789507856e+03 3.888465156279932167e-01
1.537603334750445356e+03 3.925142654340648685e-01
1.536850527133257856e+03 3.934345356753029543e-01
1.536098574008257856e+03 3.919871139075727928e-01
1.535347109164507856e+03 3.957317263125862405e-01
1.534596987094195356e+03 3.879027861957662915e-01
1.533847109164507856e+03 3.902628671118317238e-01
1.533098329867632856e+03 3.924011497049151864e-01
1.532350160922320356e+03 3.968990184094341456e-01
1.531602724398882856e+03 3.965942314191704399e-01
1.530856264437945356e+03 3.976776155762612452e-01
1.530110414828570356e+03 3.901810872873228142e-01
1.529365297641070356e+03 3.904836372531075850e-01
1.528620912875445356e+03 3.933733181832141934e-01
1.527877382602007856e+03 3.925515296732852155e-01
1.527134340609820356e+03 3.942693601262828862e-01
1.526392519320757856e+03 3.969444591288215363e-01
1.525651064242632856e+03 3.906504001355178279e-01
1.524910707797320356e+03 3.966725200204495594e-01
1.524170839633257856e+03 3.934908432429598535e-01
1.523431825961382856e+03 4.013733182696444524e-01
1.522693544711382856e+03 3.993465841021300866e-01
1.521956117953570356e+03 3.976254580629794977e-01
1.521219301547320356e+03 3.905457090869376979e-01
1.520483217562945356e+03 3.920715286040657999e-01
1.519747866000445356e+03 3.932564525886812490e-01
1.519013368930132856e+03 3.973742733653307657e-01
1.518279482211382856e+03 3.939463908193064356e-01
1.517546327914507856e+03 3.948351193703771300e-01
1.516814272250445356e+03 3.974739174439151923e-01
1.516082704867632856e+03 3.936562537725042943e-01
1.515351747836382856e+03 3.929198014537014783e-01
1.515108461703570356e+03 3.821241324001475315e-01
1.514865175570757856e+03 3.667954454691641497e-01
1.514621767367632856e+03 3.761905331211245485e-01
1.514621645297320356e+03 3.934730302114823886e-01
1.514378603305132856e+03 3.793759649001844925e-01
1.514135561312945356e+03 3.739498085267393690e-01
1.513892275180132856e+03 3.931360811121198950e-01
1.513163637484820356e+03 3.918585753442796471e-01
1.512435732211382856e+03 3.905386756425985317e-01
1.511708559359820356e+03 3.966860032927547741e-01
1.510982241000445356e+03 3.973948659817646001e-01
1.510256532992632856e+03 3.968131667851028110e-01
1.509531557406695356e+03 3.942563478913526098e-01
1.508807314242632856e+03 4.017362155716112104e-01
1.508083803500445356e+03 3.976893823340620915e-01
1.507361025180132856e+03 3.957774740951437997e-01
1.506638979281695356e+03 3.988620281704335357e-01
1.505917665805132856e+03 3.977996298281246124e-01
1.505197084750445356e+03 4.044782931485151334e-01
1.504477358187945356e+03 4.043995037825340866e-01
1.503758119906695356e+03 4.012666496750226242e-01
1.503039686841574621e+03 4.022059836294740176e-01
1.502321420005766640e+03 3.953223108782498163e-01
1.501603886095301505e+03 3.945412486055118739e-01
1.500887207264402605e+03 3.919211254799805921e-01
1.500171139204622705e+03 3.916565035187963284e-01
1.499455804070185422e+03 3.909690353195308110e-01
1.498741201861090985e+03 3.968260534356139457e-01
1.498027210423115093e+03 3.907787304095870495e-01
1.497314074064705892e+03 3.933474017341135887e-01
1.496601548477415463e+03 4.038311214858371079e-01
1.495889877969691497e+03 4.019879793987982675e-01
1.495178818233086531e+03 3.982909246791933588e-01
1.494468491421824183e+03 3.964708511706760419e-01
1.493758775381680607e+03 3.979108025600843201e-01
1.493049914421103495e+03 3.930851374952119004e-01
1.492341664231645382e+03 3.997003197105828964e-01
1.491634146967529887e+03 4.013930550961740118e-01
1.490927362628757010e+03 3.943758938748051501e-01
1.490221189061102905e+03 3.960959115468130065e-01
1.489515748418791645e+03 3.996338700389179821e-01
1.488811040701823003e+03 3.872098869916806296e-01
1.488107065910196980e+03 3.980962904161980398e-01
1.487403701889689955e+03 3.964157108229092175e-01
1.486701070794525322e+03 3.998563938529789419e-01
1.485999050470479915e+03 3.967835664581677579e-01
1.485297885226000744e+03 3.935651980790393911e-01
1.484597330752640346e+03 3.951382285173506426e-01
1.483897509204622793e+03 3.985941106995272154e-01
1.483198298427724239e+03 3.957771024986593278e-01
1.482499942730391922e+03 3.938653111635451176e-01
1.481802075649954759e+03 3.940296074917977731e-01
1.481105063649084059e+03 3.930362817185285018e-01
1.480408662419332131e+03 3.985155943685971258e-01
1.479712871960699204e+03 3.936372529246720542e-01
1.479017936581632739e+03 3.959591021520094123e-01
1.478323489819461201e+03 3.934364033630999846e-01
1.477629898136856355e+03 3.995536802461718828e-01
1.476936917225370280e+03 3.947170185516929442e-01
1.476244669239226823e+03 3.812036437935185651e-01
1.475553032024202366e+03 3.613477740973550234e-01
1.474862127734520300e+03 3.708616249911370066e-01
1.474171834215957460e+03 3.904276115289329607e-01
1.473482273622737011e+03 3.969331526243218833e-01
1.472793323800635562e+03 3.956819282852948594e-01
1.472105106903876731e+03 3.982234579436967903e-01
1.471417622932460745e+03 3.878997050489505494e-01
1.470730749732163531e+03 3.962821758508533465e-01
1.470044609457208935e+03 3.954750725040536707e-01
1.469359079953373111e+03 3.932793720615548883e-01
1.468674161220656288e+03 3.955541857456627008e-01
1.467989975413282309e+03 3.962256984424543660e-01
1.467306522531250721e+03 3.997396688459328717e-01
1.466623680420338133e+03 3.945615791124129079e-01
1.465941449080544317e+03 3.903583641914390445e-01
1.465259950666093346e+03 3.833871649787969349e-01
1.464579063022761147e+03 3.909394219279274663e-01
1.463898908304771567e+03 4.018289335223219072e-01
1.463219364357900986e+03 4.000541312126157378e-01
1.462540553336373023e+03 3.954371768927168462e-01
1.461862353085964060e+03 3.954262770008235006e-01
1.461184763606673869e+03 3.978702396473389191e-01
1.460507784898502450e+03 4.027987599996092904e-01
1.459831661269897495e+03 3.920047146461536625e-01
1.459156026258187694e+03 3.865954931787871085e-01
1.458481124171820738e+03 3.879094190798563213e-01
1.457806832856572555e+03 3.848777053083729527e-01
1.457133274466666990e+03 3.929029071259919070e-01
1.456460326847880197e+03 3.891274543491732851e-01
1.455787990000212403e+03 3.846958713689573317e-01
1.455116386077887228e+03 3.821434242293707539e-01
1.454445392926681052e+03 3.849076057672851103e-01
1.453775010546593649e+03 3.855011172067662195e-01
1.453105238937625245e+03 3.896587334547308989e-01
1.452436322408223077e+03 3.885408093800748475e-01
1.451767894495716291e+03 3.872604518998951639e-01
1.451100077354328050e+03 3.896044758520127438e-01
1.450432993138282654e+03 3.885588997245680853e-01
1.449766519693356258e+03 3.897534258112883565e-01
1.449100657019548635e+03 3.880686299042928611e-01
1.448435527271083629e+03 3.847561630357448914e-01
1.447771008293737623e+03 3.902794760007938790e-01
1.447106977933286544e+03 3.874237382861005496e-01
1.446443802652402155e+03 3.824378374204438491e-01
1.445781115988412694e+03 3.769736246338091235e-01
1.445119284403989695e+03 3.701055973919853415e-01
1.444457819282238006e+03 3.728736849330079872e-01
1.443797087085828935e+03 3.783995776027728186e-01
1.443137087814762708e+03 3.793455564697811311e-01
1.442477577160591409e+03 3.744682062318825944e-01
1.441818799431762955e+03 3.599698585690658259e-01
1.441160632474053273e+03 3.687011994358092015e-01
1.440503076287462363e+03 3.585202290799765490e-01
1.439846008717766608e+03 3.558171476469156880e-01
1.439189918381861162e+03 3.524052893505603135e-01
1.439189796227637544e+03 3.414500561216700092e-01
1.438971262321300628e+03 3.442357016536375935e-01
1.438752606260740095e+03 3.545190740945962093e-01
1.438534194508627024e+03 3.426409184057743196e-01
1.438534072354403406e+03 3.417338228724124960e-01
1.438315660602290336e+03 3.390789681464946859e-01
1.438097371004401111e+03 3.400025913515915543e-01
1.437879203560735505e+03 3.400003078682894975e-01
1.437879081406511887e+03 3.400000708954375450e-01
1.437660913962846280e+03 3.342913591274074281e-01
1.437442868673404746e+03 3.335702719293361374e-01
1.437224823383962985e+03 3.217053615489158802e-01
1.437224701229739139e+03 3.269544200253649002e-01
1.437006533786073760e+03 3.218738275160872853e-01
1.436788732805079690e+03 3.165155403275011770e-01
1.436571053978309237e+03 3.148758270026857931e-01
1.436570931824085619e+03 3.166324047759115912e-01
1.436353130843091321e+03 3.114689935591311021e-01
1.436135329862097251e+03 3.068059865597673186e-01
1.435917773189550644e+03 3.001266154643821849e-01
1.435700216517004037e+03 2.987191759773378807e-01
1.435482659844457430e+03 2.954353885389232603e-01
1.435265225326134669e+03 2.936166271322155352e-01
1.435047912962035753e+03 2.922837345662391284e-01
1.434830600597936609e+03 2.856000023786329223e-01
1.434613288233837693e+03 2.911838512063384954e-01
1.434396220178186240e+03 2.972184754540967977e-01
1.434179029968310942e+03 2.946519422703682833e-01
1.433961961912659490e+03 3.012972664507407305e-01
1.433745016011231883e+03 3.008761594765940184e-01
1.433528192264027894e+03 3.081722198467199414e-01
1.433311368516823904e+03 3.152960840001034493e-01
1.433094544769620143e+03 3.152908104357292629e-01
1.432877965330863617e+03 3.244497434851107420e-01
1.432661263737883473e+03 3.211796841516920686e-01
1.432444684299127175e+03 3.245771006484223786e-01
1.432228227014594722e+03 3.347708692219590887e-01
1.432011891884285887e+03 3.365334514349027084e-01
1.431795556753977053e+03 3.332334307692194075e-01
1.431579221623668218e+03 3.332466548785154581e-01
1.431363008647583229e+03 3.348413108728736098e-01
1.431146917825721857e+03 3.424872298264994841e-01
1.430930827003860713e+03 3.451268159043618944e-01
1.430714858336223188e+03 3.477744682863403436e-01
1.430499011822809507e+03 3.477143243274820050e-01
1.430283043155171981e+03 3.520364476116339403e-01
1.430067196641758301e+03 3.559777889536727691e-01
1.429851350128344620e+03 3.518488486962519923e-01
1.429635870077602249e+03 3.473426037675941824e-01
1.429420267872636032e+03 3.445607356679620259e-01
1.429204787821893660e+03 3.394945852418136956e-01
1.428989429925375134e+03 3.389120286191305564e-01
1.428773949874632763e+03 3.392241738799700590e-01
1.428558591978114237e+03 3.356131568761072659e-01
1.428343356235819329e+03 3.390354816552145767e-01
1.428128242647748266e+03 3.369625849631853742e-01
1.427913129059677203e+03 3.376161932015385170e-01
1.427698015471606368e+03 3.440158349714411701e-01
1.427483024037758923e+03 3.448319313476830850e-01
1.427268276912359397e+03 3.459943871427155759e-01
1.427053285478511953e+03 3.423377424252088685e-01
1.426838538353112426e+03 3.386184282402064927e-01
1.426623913381936291e+03 3.448861058050036732e-01
1.426409288410760382e+03 3.426594389066892066e-01
1.426194663439584474e+03 3.367355748146217409e-01
1.425980160622632411e+03 3.387885722149198142e-01
1.425765779959903966e+03 3.309298931420134315e-01
1.425551399297175521e+03 3.372200280630060498e-01
1.425337140788670922e+03 3.396631558204917245e-01
1.425122882280166323e+03 3.348125049583052792e-01
1.424908745925885569e+03 3.336328336782848347e-01
1.424694609571604815e+03 3.333981683565325760e-01
1.424480595371547679e+03 3.340691890845588485e-01
1.424266459017266925e+03 3.323148510103808295e-01
1.424052811279881098e+03 3.297075621458739336e-01
1.423838919234048035e+03 3.317239063954691147e-01
1.423625149342438363e+03 3.341539094504674678e-01
1.423411501605052763e+03 3.307985549111620016e-01
1.423197853867666936e+03 3.361855949464983562e-01
1.422984328284505182e+03 3.380543717142853732e-01
1.422770680547119355e+03 3.387439752701572049e-01
1.422557521426628682e+03 3.301198311508029004e-01
1.422344117997690546e+03 3.356581457627918486e-01
1.422130836722976255e+03 3.350609490136237656e-01
1.421917555448261737e+03 3.472912157435517067e-01
1.421704518481994910e+03 3.453102857945277160e-01
1.421491359361504465e+03 3.442138505578107299e-01
1.421278322395237637e+03 3.378504326745465081e-01
1.421065285428970810e+03 3.351805181288654012e-01
1.420852492771151447e+03 3.383701821542002275e-01
1.420639700113332083e+03 3.376410095654996391e-01
1.420426907455512946e+03 3.440322352255181793e-01
1.420214359106141274e+03 3.458997611329056032e-01
1.420001566448321910e+03 3.458579215831457110e-01
1.419789140253173855e+03 3.475160064437380902e-01
1.419576591903802182e+03 3.505572841442273768e-01
1.419364287862877973e+03 3.513328000839860410e-01
1.419151861667730145e+03 3.520780196200770651e-01
1.418939557626805936e+03 3.553667504622920470e-01
1.418727375740105572e+03 3.548803906369725758e-01
1.418515316007628826e+03 3.553560287533747974e-01
1.418303256275152307e+03 3.567250638631785931e-01
1.418091196542675789e+03 3.530153685904357519e-01
1.417879136810199043e+03 3.569346557771724271e-01
1.417667443540393833e+03 3.591299207490756262e-01
1.417455505962140933e+03 3.599737820297914115e-01
1.417243690538111878e+03 3.582251227768179502e-01
1.417032119422530286e+03 3.659166883200996034e-01
1.416820548306948922e+03 3.607807600208857157e-01
1.416608977191367330e+03 3.606652016566880281e-01
1.416397406075785739e+03 3.623446985437112633e-01
1.416186079268651838e+03 3.631842630714048892e-01
1.415974752461517937e+03 3.616539026137491897e-01
1.415763425654384037e+03 3.597774959988442323e-01
1.415552221001473754e+03 3.668587747188749582e-01
1.415341016348563699e+03 3.631542522691571517e-01
1.415130056004101107e+03 3.654688451923844839e-01
1.414918973505414669e+03 3.665224128201263198e-01
1.414708013160952078e+03 3.693876567222363350e-01
1.414497052816489258e+03 3.679526241213121329e-01
1.414286336780474358e+03 3.712376938039355645e-01
1.414075620744459229e+03 3.686621619789722804e-01
1.413864904708444101e+03 3.710196798195694590e-01
1.413654310826652818e+03 3.670910860464506320e-01
1.413443839099085380e+03 3.700456419710979605e-01
1.413233245217294098e+03 3.689096047006611423e-01
1.413022651335502815e+03 3.727859996860491409e-01
1.412812546070606459e+03 3.692703088711560278e-01
1.412602196497262867e+03 3.747699396765131752e-01
1.412391969078142893e+03 3.733753702946380204e-01
1.412181741659022919e+03 3.728293758877953556e-01
1.411971758548350408e+03 3.830765610354873729e-01
1.411761775437678125e+03 3.900755663402354911e-01
1.411551792327005614e+03 3.816771511691857133e-01
1.411341809216333331e+03 3.823504557366187440e-01
1.411132070414108284e+03 3.840452193640915834e-01
1.410922331611883465e+03 3.788683200282776387e-01
1.410712592809658645e+03 3.765068985834882365e-01
1.410502854007433825e+03 3.768159191981433898e-01
1.410293359513656469e+03 3.796353396153661075e-01
1.410083865019879113e+03 3.792680054887664909e-01
1.409874492680325602e+03 3.816956104290880059e-01
1.409664998186548473e+03 3.819659474657899900e-01
1.409455870155442426e+03 3.852733394771432618e-01
1.409246497815888915e+03 3.861580811146342329e-01
1.409037369784782868e+03 3.808110524440673772e-01
1.408828241753677048e+03 3.834793063345919850e-01
1.408619235876794846e+03 3.831468586863644443e-01
1.408410229999912644e+03 3.805795250805196761e-01
1.408201346277254061e+03 3.835767372755070070e-01
1.407992462554595704e+03 3.853687618998078435e-01
1.407783700986161193e+03 3.856684685564015225e-01
1.407574939417726455e+03 3.813386619351292750e-01
1.407366300003515562e+03 3.893948549259671488e-01
1.407157660589304669e+03 3.865965356889422000e-01
1.406949143329317621e+03 3.892993919708788719e-01
1.406740748223554419e+03 3.871533725816864724e-01
1.406532353117790990e+03 3.887954285899947182e-01
1.406323958012027788e+03 3.904736269900039303e-01
1.406115685060488204e+03 3.940952277002845450e-01
1.405907656417396083e+03 3.911456688414854388e-01
1.405699383465856727e+03 3.915790801845902003e-01
1.405491354822764606e+03 3.868810105587651704e-01
1.405283326179672713e+03 3.922611429413142559e-01
1.405075419690804438e+03 3.886910378343826911e-01
1.404867513201936390e+03 3.844469760246817525e-01
1.404659728867291960e+03 3.872684929969522627e-01
1.404451944532647531e+03 3.889122227324143255e-01
1.404244404506450564e+03 3.862076415007121843e-01
1.404036742326029980e+03 3.925434908789202093e-01
1.403829080145609169e+03 3.953486271027177867e-01
1.403621662273636275e+03 3.873136450967438749e-01
1.403414244401663154e+03 3.918592987421598561e-01
1.403206948683913652e+03 3.946539313934805948e-01
1.402999530811940758e+03 3.908265323198285013e-01
1.402792357248415101e+03 3.882531189609612077e-01
1.402585305839113289e+03 3.876845339290210801e-01
1.402378132275587859e+03 3.911612963938710386e-01
1.402171080866286047e+03 3.938733572090850066e-01
1.401964029456984235e+03 3.938220865704008533e-01
1.401757222356130114e+03 3.939313511012700886e-01
1.401550415255275766e+03 3.870938463373041483e-01
1.401343608154421645e+03 3.950217598098643146e-01
1.401136801053567524e+03 3.917393912235868081e-01
1.400930116106937021e+03 3.875543740349385313e-01
1.400723553314530363e+03 3.909776986560855594e-01
1.400517112676347551e+03 3.920769714885941060e-01
1.400310672038164512e+03 3.940201829371620668e-01
1.400104231399981700e+03 3.962707366419551680e-01
1.399897912916022506e+03 3.935821633853879287e-01
1.399691716586287157e+03 3.947168724626995973e-01
1.399485398102328190e+03 3.950495319302474440e-01
1.399279323926816687e+03 3.966700272070295963e-01
1.399073249751304957e+03 3.880617074810684408e-01
1.398867297730017299e+03 3.890657737685367379e-01
1.398661223554505796e+03 3.910096239210070213e-01
1.398455393687441756e+03 4.014278503549658095e-01
1.398249685974601562e+03 3.925122755793017948e-01
1.398043733953313676e+03 3.934607125616745305e-01
1.397838148394697328e+03 3.950679283222394700e-01
1.397632440681857133e+03 3.957165819907438320e-01
1.397426855123240557e+03 3.935887270159614260e-01
1.397221513873071672e+03 3.908409190930148824e-01
1.397016050468679168e+03 3.937177425982358869e-01
1.396810587064286437e+03 3.927713178646666803e-01
1.396605123659893707e+03 3.948565844565987693e-01
1.396400148872396130e+03 3.980982598309808496e-01
1.396194929776451090e+03 3.953388585317001991e-01
1.395989710680506050e+03 3.955812070609146525e-01
1.395784735893008474e+03 3.963220692491137842e-01
1.395579761105510897e+03 3.979462681876427266e-01
1.395374786318013321e+03 3.996411550604743734e-01
1.395169933684739590e+03 3.990320297474790334e-01
1.394965081051465631e+03 3.944000722372014156e-01
1.394760350572415746e+03 3.943058706017192327e-01
1.394555742247589478e+03 3.985593989948766347e-01
1.394351133922763211e+03 3.956878031662879325e-01
1.394146525597936943e+03 3.996324532792370210e-01
1.393941917273110903e+03 3.979884127242601100e-01
1.393737675410955944e+03 3.979326801790790680e-01
1.393533311394577140e+03 3.959287844057996497e-01
1.393328947378198563e+03 4.011912578165056642e-01
1.393124705516043605e+03 4.000666284414103324e-01
1.392920585808112492e+03 4.004438120222066355e-01
1.392716466100181378e+03 4.025847037409784890e-01
1.392512468546474111e+03 4.015217679282744867e-01
1.392308470992766843e+03 4.019481222158369782e-01
1.392104473439059348e+03 3.955204666274809155e-01
1.391900720193799543e+03 3.979978787784130834e-01
1.391696844794316121e+03 3.974763292559283512e-01
1.391493091549056317e+03 3.973214992589613748e-01
1.391289338303796512e+03 3.946218664033632195e-01
1.391085951521208017e+03 3.992174120230581602e-01
1.390882320430172058e+03 3.947432081524935854e-01
1.390678811493359717e+03 3.893762031503373855e-01
1.390475424710771222e+03 3.946886116475216699e-01
1.390272037928182726e+03 3.975122035248130348e-01
1.390068773299818076e+03 3.948296551675682942e-01
1.389865508671453426e+03 3.953619466449235786e-01
1.389662366197312622e+03 3.976695713859650927e-01
1.389459223723171590e+03 3.999426509668751462e-01
1.389256325557478249e+03 3.993586221524573210e-01
1.389053305237561062e+03 3.959099946107358381e-01
1.388850284917644103e+03 4.045044917766519865e-01
1.388647386751950762e+03 3.983916435939150458e-01
1.388444610740481039e+03 3.987385766952576405e-01
1.388241956883235389e+03 3.998453796560202944e-01
1.388039303025989511e+03 4.025552327170873745e-01
1.387836649168743634e+03 4.007786030587552339e-01
1.387634117465721602e+03 3.944755257539046545e-01
1.387431707916923415e+03 3.929572734634020348e-01
1.387229176213901383e+03 3.939745399766660938e-01
1.387026888819327041e+03 3.988036954927706712e-01
1.386824601424752473e+03 4.001500162084959400e-01
1.386622314030178131e+03 3.988406259321248815e-01
1.386420148789827408e+03 3.957442710152919152e-01
1.386218105703700303e+03 3.925918993585368888e-01
1.386015940463349807e+03 4.041207505502759645e-01
1.385814019531446547e+03 4.080599287839364875e-01
1.385612098599543515e+03 3.996628823452602619e-01
1.385410299821864101e+03 4.013604044091719225e-01
1.385208501044184686e+03 3.982154678300432460e-01
1.385006702266505272e+03 4.007993358230521053e-01
1.384805025643049703e+03 3.979819853515674244e-01
1.384603349019594134e+03 4.002286301920638389e-01
1.384401916704586256e+03 3.967106244284485106e-01
1.384200362235354305e+03 3.972098877963115005e-01
1.383998929920346427e+03 4.010155557331434584e-01
1.383797497605338322e+03 4.025200122460156904e-01
1.383596309598777907e+03 3.981111659421387450e-01
1.383394999437993647e+03 4.000280282023807032e-01
1.383193811431433005e+03 3.964859121850760060e-01
1.382992623424872590e+03 4.028970419631734967e-01
1.382791679726759639e+03 4.050870183701461569e-01
1.382590736028646688e+03 4.042044791981276308e-01
1.382389670176310119e+03 4.019559520415489917e-01
1.382188848632421013e+03 4.018276991942996701e-01
1.381988027088531680e+03 4.013608390752198551e-01
1.381787327698866420e+03 4.002870025145057187e-01
1.381586628309201160e+03 3.990145027871948580e-01
1.381385928919535672e+03 4.045806469707164954e-01
1.381185351684094030e+03 4.077520740479890216e-01
1.380984774448652388e+03 4.071349858096329766e-01
1.380784441521658437e+03 4.025782761171943225e-01
1.380584108594664485e+03 3.973248927209963588e-01
1.380383775667670307e+03 4.043041516482921982e-01
1.380183442740676355e+03 4.012025317310869976e-01
1.379983231967906022e+03 4.032324584478711449e-01
1.379783143349359534e+03 3.987892408758066387e-01
1.379583054730813046e+03 3.984506555621403212e-01
1.379382966112266558e+03 3.988945716833451338e-01
1.379182999647943916e+03 4.004656928686977091e-01
1.378983277492068737e+03 3.983870591494581559e-01
1.378783433181969940e+03 4.027975923744231967e-01
1.378583588871870916e+03 3.976450496390969147e-01
1.378383866715995737e+03 4.065601042140400412e-01
1.378184144560120558e+03 3.996749236171889264e-01
1.377984544558469224e+03 4.019879265585138972e-01
1.377785066711041509e+03 3.988422916229927284e-01
1.377585588863614021e+03 3.975281116053503427e-01
1.377386233170410151e+03 4.043687577777998476e-01
1.377186877477206281e+03 4.052917070777902753e-01
1.376987643938226256e+03 4.020234503774818835e-01
1.376788410399246231e+03 4.032656042096472437e-01
1.376589176860266207e+03 4.051254532196929548e-01
1.376390065475510028e+03 3.990782767350967153e-01
1.376190954090753621e+03 4.028900171792085261e-01
1.375992087014444905e+03 4.073022316836287793e-01
1.375793097783912572e+03 4.032082169696709628e-01
1.375594230707603856e+03 4.008502213776043988e-01
1.375395363631295140e+03 4.017575458336145600e-01
1.375196618709210043e+03 4.027799042514724204e-01
1.374998118095572636e+03 4.045905228159603073e-01
1.374799495327711611e+03 4.036643034147197051e-01
1.374600872559850359e+03 4.031298616316816852e-01
1.374402371946212952e+03 4.033781490641028533e-01
1.374203871332575545e+03 3.965394967078068045e-01
1.374005615027385829e+03 4.023286530196207300e-01
1.373807236567972268e+03 3.991456923654281841e-01
1.373608980262782325e+03 4.007539720757932744e-01
1.373410723957592609e+03 3.983909776568776984e-01
1.373212589806626511e+03 4.045860172241972919e-01
1.373014577809884258e+03 3.989525159977288515e-01
1.372816443658918161e+03 3.940649683530463299e-01
1.372618553816399526e+03 3.954626828838627151e-01
1.372420663973881119e+03 3.929715750412392516e-01
1.372222774131362712e+03 4.030770591705650774e-01
1.372025128597291769e+03 4.020840016417568386e-01
1.371827360908996980e+03 3.959360980300704602e-01
1.371629715374926036e+03 3.937856506711800431e-01
1.371431947686631247e+03 3.993140679096476298e-01
1.371234546461007994e+03 4.037619341442187371e-01
1.371037145235384514e+03 3.987568465841355159e-01
1.370839744009761034e+03 3.974002763969420871e-01
1.370642342784137782e+03 3.987491800458050628e-01
1.370444941558514302e+03 4.022108758847325327e-01
1.370247662487114667e+03 3.985531110909303898e-01
1.370050627724162723e+03 3.959592405778291635e-01
1.369853470806986707e+03 3.971890523328003297e-01
1.369656436044034763e+03 3.948153096983456622e-01
1.369459401281082592e+03 3.957371522109656148e-01
1.369262488672354493e+03 3.958033909032411812e-01
1.369065698217849786e+03 4.015555775383533033e-01
1.368868663454897842e+03 4.022704848690382695e-01
1.368671995154616980e+03 3.975982735730537176e-01
1.368475326854336345e+03 4.009913091449692213e-01
1.368278658554055710e+03 3.996436932985607537e-01
1.368082112407998693e+03 4.067772885678272998e-01
1.367885566261941676e+03 4.031875706832840356e-01
1.367689020115884659e+03 4.035682422417908310e-01
1.367492718278275333e+03 3.991089075299131261e-01
1.367296294286442162e+03 4.013490755084033190e-01
1.367099992448832836e+03 3.984247806988656104e-01
1.366903934919670974e+03 3.959941476378145420e-01
1.366707633082061420e+03 4.038510562787555602e-01
1.366511575552899558e+03 4.021001408281715261e-01
1.366315395869514077e+03 3.987932004578292333e-01
1.366119460494576060e+03 4.005661418294866882e-01
1.365923647273861661e+03 4.021232965156177896e-01
1.365727711898923644e+03 3.986365888774509592e-01
1.365531898678209245e+03 4.027211164882651961e-01
1.365336085457495074e+03 4.045735165992897509e-01
1.365140394391004520e+03 4.029732859251665134e-01
1.364944947632961430e+03 4.062263624388684491e-01
1.364749256566471104e+03 4.020092418092606756e-01
1.364553809808428014e+03 4.018814613430407578e-01
1.364358240896161305e+03 3.982838619479328046e-01
1.364162916292342061e+03 3.982163532804187112e-01
1.363967591688523044e+03 4.016213887417108830e-01
1.363772267084703799e+03 4.012771580686989581e-01
1.363577064635108400e+03 3.999919114218937755e-01
1.363381862185513000e+03 3.940472853007450649e-01
1.363186781890141219e+03 3.978525810082211844e-01
1.362991701594769665e+03 4.013678116112097682e-01
1.362796743453621730e+03 4.046121081648087481e-01
1.362601907466697639e+03 3.975900779556764686e-01
1.362406827171326086e+03 4.003963285696837682e-01
1.362212113338625841e+03 3.987417434805852756e-01
1.362017399505925368e+03 4.011068672573505633e-01
1.361822807827448969e+03 4.006950682380358009e-01
1.361628093994748724e+03 4.037854773053100033e-01
1.361433502316272097e+03 3.954112619182509891e-01
1.361238910637795698e+03 4.009996079182690520e-01
1.361044441113542916e+03 3.997354935664122477e-01
1.360850093743513980e+03 4.057919712945213808e-01
1.360655868527708662e+03 3.967749633504050188e-01
1.360461521157679726e+03 3.959307432851516539e-01
1.360267295941874409e+03 4.004124209673263768e-01
1.360073070726069318e+03 3.992255018379842202e-01
1.359878845510264227e+03 4.040760861014106586e-01
1.359684986757130218e+03 4.097625131181121816e-01
1.359491005849772591e+03 4.041446082662007999e-01
1.359297024942414964e+03 3.974446504398716495e-01
1.359103166189281183e+03 4.000566393693105183e-01
1.358909307436147174e+03 3.971771133151227873e-01
1.358715570837237237e+03 3.989158686421722111e-01
1.358521956392550919e+03 3.987073278530703924e-01
1.358328219793640756e+03 4.017418404591586167e-01
1.358134605348954437e+03 4.010075959377247812e-01
1.357941113058491965e+03 4.029945694101725873e-01
1.357747620768029265e+03 3.992544042028824958e-01
1.357554250631790637e+03 3.990161904868253506e-01
1.357360880495551783e+03 4.008915504521938233e-01
1.357167632513536773e+03 4.033164696579830677e-01
1.356974384531521991e+03 4.046291064886412547e-01
1.356781136549506982e+03 4.032587673780999027e-01
1.356588010721715818e+03 3.985944764900331561e-01
1.356395007048148273e+03 3.930804133514719800e-01
1.356202003374580954e+03 3.948272869855798950e-01
1.356009121855237254e+03 3.996846200692515394e-01
1.355816118181669708e+03 4.007592399160009311e-01
1.355623358816549853e+03 4.045822108246643900e-01
1.355430477297206153e+03 4.039517819309491053e-01
1.355237962240533989e+03 3.964247574918570161e-01
1.355045202875414134e+03 3.996101427713253385e-01
1.354852565664517897e+03 3.999343266996951418e-01
1.354660050607845733e+03 3.986563778138005887e-01
1.354467535551173341e+03 3.995876049954996678e-01
1.354275264802948641e+03 4.023578703381741617e-01
1.354082871900500095e+03 4.059918134677302781e-01
1.353890478998051549e+03 4.009149270308443036e-01
1.353698208249826621e+03 3.984773515983482950e-01
1.353505937501601920e+03 4.036143766765936669e-01
1.353313788907600838e+03 3.964878562237800219e-01
1.353121884622047446e+03 3.947181720019468099e-01
1.352929858182270209e+03 3.956846756285909983e-01
1.352737831742493199e+03 3.977934833283646721e-01
1.352545927456939580e+03 4.001370510741013575e-01
1.352354023171386189e+03 3.973324070974748046e-01
1.352162241040056642e+03 3.927968455843188766e-01
1.351970581062950714e+03 3.975652088302019105e-01
1.351778921085844786e+03 4.002756086089932497e-01
1.351587261108738858e+03 3.961387494008165588e-01
1.351395601131632930e+03 3.938969891348138574e-01
1.351204063308750847e+03 3.940974622087645152e-01
1.351012525485868764e+03 3.984237588704817035e-01
1.350821354125657990e+03 3.955274417258049513e-01
1.350629938456999753e+03 3.960505127072022624e-01
1.350438644942565134e+03 3.969597562487451881e-01
1.350247473582354360e+03 3.964174578927850412e-01
1.350056302222143586e+03 3.957015424281046245e-01
1.349865130861932812e+03 3.914119084426504469e-01
1.349674203810169729e+03 3.950039457998636983e-01
1.349483154604182573e+03 3.962648349658765556e-01
1.349292227552419490e+03 3.948098837119176641e-01
1.349101300500656180e+03 3.970267615751830181e-01
1.348910495603116715e+03 3.956067038107181633e-01
1.348719690705577250e+03 3.971603709734470855e-01
1.348529007962261630e+03 3.964445979423808497e-01
1.348338447373169856e+03 3.954216132060390243e-01
1.348147764629854009e+03 3.971319538835972329e-01
1.347957204040762235e+03 3.971677892304600888e-01
1.347766765605894079e+03 3.966800175679488505e-01
1.347576327171025923e+03 3.942643184119317135e-01
1.347386010890381613e+03 3.960693377852725905e-01
1.347195572455513457e+03 3.964763493799974281e-01
1.347005378329092991e+03 3.926733085154101022e-01
1.346815184202672299e+03 3.945495869709102488e-01
1.346624990076251834e+03 3.907751733752590217e-01
1.346434918104054987e+03 3.967077193192606321e-01
1.346244968286081985e+03 3.908416637625650170e-01
1.346055018468108983e+03 3.938078488738572802e-01
1.345865068650135981e+03 3.943208521249558229e-01
1.345675240986386825e+03 3.940536739907135044e-01
1.345485413322637669e+03 3.893240321565992201e-01
1.345295585658888285e+03 3.909482386701631507e-01
1.345106002303586592e+03 3.903985677874195481e-01
1.344916296794061282e+03 3.888540634244591621e-01
1.344726713438759589e+03 3.864724211502180151e-01
1.344537252237681741e+03 3.858796939432901918e-01
1.344347668882380049e+03 3.867413399643603866e-01
1.344158329835525819e+03 3.901856177055952335e-01
1.343968868634447972e+03 3.903990124027369446e-01
1.343779773896041434e+03 3.896363290674180746e-01
1.343590434849187204e+03 3.842877270241375487e-01
1.343401217956556820e+03 3.904142148252677802e-01
1.343212123218150282e+03 3.907834029964860623e-01
1.343023028479743743e+03 3.916222428035340264e-01
1.342834055895561050e+03 3.902764615783128055e-01
1.342645083311378130e+03 3.911311034010487298e-01
1.342456232881419282e+03 3.924898422872402648e-01
1.342267260297236362e+03 3.902251144918988390e-01
1.342078532021501132e+03 3.917453588020929356e-01
1.341889803745765903e+03 3.972922931507227862e-01
1.341701075470030673e+03 3.918712398063050051e-01
1.341512469348519289e+03 3.974206344849625094e-01
1.341323985381231523e+03 3.957942774959111176e-01
1.341135501413943757e+03 3.929908301486038646e-01
1.340947017446656218e+03 3.940831660278862891e-01
1.340758533479368452e+03 3.912163192883077456e-01
1.340570171666304532e+03 3.849283184384230116e-01
1.340381932007464457e+03 3.949097500350109424e-01
1.340193692348624381e+03 3.972414810117241846e-01
1.340005574844007924e+03 3.929317139566349537e-01
1.339817457339391694e+03 3.883279660190265270e-01
1.339629339834775237e+03 3.939263102499565572e-01
1.339441344484382626e+03 3.952942268341569365e-01
1.339253349133990014e+03 3.960189207325450211e-01
1.339065353783597629e+03 3.890516816744609696e-01
1.338877602741652481e+03 3.957552999564285523e-01
1.338689851699707560e+03 3.943926106341050231e-01
1.338501978503538794e+03 3.935341874694021080e-01
1.338314349615817491e+03 3.984551473131162092e-01
1.338126720728096188e+03 3.976855880715584601e-01
1.322196099788461652e+03 3.870553900989514018e-01
1.322013234915467820e+03 3.914407916726123648e-01
1.321830370042473760e+03 3.858192439070068924e-01
1.321647505169479928e+03 3.890396500971928240e-01
1.321464884604933559e+03 3.840164459172664690e-01
1.304700927550693450e+03 3.936137678054340006e-01
1.304523071000874324e+03 3.945544757161603688e-01
1.304345336605278817e+03 3.946833422529161806e-01
1.304167602209683537e+03 3.974601947798915291e-01
1.303989867814088257e+03 3.928616231743322640e-01
1.286822801821384473e+03 3.998113055664222482e-01
1.286650197903187745e+03 4.014115840482672670e-01
1.286477471830767399e+03 3.992521848173402055e-01
1.286304867912570671e+03 3.975062870293946116e-01
1.286132263994373943e+03 4.008035523817382040e-01
1.285959782230401061e+03 4.001084607615166822e-01
1.285787300466428178e+03 3.999598589943441640e-01
1.285614818702455295e+03 4.031832384710867800e-01
1.285442459092706031e+03 4.027667672211761030e-01
1.285270099482956994e+03 4.025752020032669076e-01
1.285097984181655420e+03 4.024855115858253507e-01
1.284925746726130001e+03 4.046930089669965591e-01
1.284753509270604582e+03 4.024296916908131072e-01
1.284581393969303008e+03 3.992291075155977587e-01
1.284409278668001434e+03 4.049268812830613129e-01
1.284237285520923706e+03 4.030380298640768855e-01
1.284065292373845750e+03 4.071949192612278612e-01
1.283893299226768022e+03 4.052072835592102074e-01
1.283721428233913912e+03 4.037206712100278039e-01
1.283549557241060029e+03 4.068001661174016625e-01
1.283377808402429764e+03 4.110327840244635267e-01
1.283206059563799499e+03 4.096404866387849952e-01
1.283034310725169235e+03 4.154015631281917642e-01
1.282862684040762815e+03 4.113740132953686568e-01
1.282691057356356168e+03 4.108761540947103996e-01
1.282519674980397440e+03 4.149136954588309445e-01
1.282348170450214639e+03 4.177577536264263647e-01
1.282176665920031837e+03 4.089894008448570761e-01
1.282005283544073109e+03 4.108799266572231712e-01
1.281834023322337771e+03 4.060745284362751173e-01
1.281662640946379042e+03 4.112151776022948679e-01
1.281491380724643705e+03 4.109065244434033093e-01
1.281320120502908594e+03 4.069292564776703647e-01
1.281148982435397329e+03 4.046817553751985708e-01
1.280977844367885837e+03 4.095323715124914998e-01
1.280806706300374572e+03 4.036870177008984872e-01
1.280635812541310770e+03 4.043283840742357693e-01
1.280464796628023123e+03 4.037181957343748961e-01
1.280293780714735476e+03 4.028586166026312809e-01
1.280123009109895520e+03 4.036262583359344625e-01
1.279952115350831718e+03 4.000469753812218032e-01
1.279781465900215380e+03 3.976868217231765423e-01
1.279610694295375424e+03 4.026509566563128417e-01
1.279440044844759086e+03 4.010608577339988545e-01
1.279269395394142748e+03 4.014487698825702777e-01
1.279098868097750255e+03 3.987864398605460159e-01
1.278928218647134145e+03 4.016227579438818585e-01
1.278757813504965270e+03 4.023353236286154044e-01
1.278587286208573005e+03 3.980931212222404980e-01
1.278417003220627976e+03 4.014381621949209000e-01
1.278246598078459328e+03 4.024282591998056824e-01
1.278076315090514299e+03 3.989646188364844859e-01
1.277906032102569498e+03 4.021455121740324379e-01
1.277735871268848314e+03 4.018394809017078462e-01
1.277565710435127130e+03 4.009660816427740859e-01
1.277395549601405946e+03 4.016995676254677683e-01
1.277225510921908608e+03 4.046150334516398495e-01
1.277055472242411270e+03 3.978820205343406857e-01
1.276885677871361395e+03 4.022741522224413946e-01
1.276715761346087675e+03 4.004847518090098313e-01
1.276545844820814182e+03 4.008148769374441645e-01
1.276376050449764307e+03 4.007792662021993357e-01
1.276206378232938278e+03 3.985066649257880678e-01
1.276036583861888403e+03 4.020843406662240604e-01
1.275866911645062373e+03 4.013053751234990640e-01
1.275697239428236344e+03 3.995036640104626113e-01
1.275527689365634160e+03 3.980429610557346676e-01
1.275358139303031749e+03 4.000384902337600912e-01
1.275188589240429565e+03 3.995605630585082890e-01
1.275019283486274844e+03 3.995844806254966186e-01
1.274849733423672433e+03 4.023452791290993424e-01
1.274680427669517712e+03 3.969574684061517034e-01
1.274511121915362992e+03 4.003289826592348333e-01
1.274341938315432117e+03 3.981424667352380098e-01
1.274172632561277396e+03 4.030310756470389943e-01
1.274003571115570367e+03 4.008673756054342285e-01
1.273834509669863110e+03 4.009342541577077812e-01
1.273665448224155853e+03 3.996110683016352860e-01
1.273496508932672668e+03 3.966854694867551490e-01
1.273327569641189257e+03 4.006175725685158229e-01
1.273158752503929463e+03 3.956383240903631471e-01
1.273158630349705845e+03 4.006912107008905322e-01
1.272989813212446279e+03 3.916012798574592391e-01
1.272989691058222434e+03 3.988185143439151870e-01
1.272821118229410331e+03 3.958727908465471401e-01
1.272820996075186486e+03 4.002024673659453358e-01
1.272652301092150765e+03 3.953727169423897903e-01
1.272652178937926919e+03 4.018650634889067152e-01
1.272483483954891199e+03 3.981698025174228439e-01
1.272483361800667353e+03 3.949241704724190116e-01
1.272314666817631405e+03 4.039015570182247772e-01
1.272146093988819530e+03 3.982355399856162825e-01
1.271977521160007427e+03 3.965119862363824521e-01
1.271808948331195324e+03 3.975497897808842329e-01
1.271640497656607067e+03 4.023253852249102924e-01
1.271472046982018810e+03 3.970675691790057638e-01
1.271303596307430553e+03 4.001943619426781007e-01
1.271135267787065914e+03 3.973937280462669919e-01
1.270966939266701502e+03 4.001307747211170218e-01
1.270798732900560708e+03 4.017181510094813834e-01
1.270630526534420142e+03 3.985222056272122448e-01
1.270462320168279348e+03 4.018881445014808040e-01
1.270294358110586245e+03 3.993791150719923078e-01
1.270126273898669297e+03 4.032471042617802870e-01
1.269958189686752348e+03 3.992030658224443584e-01
1.269790227629059018e+03 4.009688888818414565e-01
1.269622387725589761e+03 4.025099785940625674e-01
1.269454425667896430e+03 4.033249732568548462e-01
1.269286585764427173e+03 4.035261084572468460e-01
1.269118868015181533e+03 4.053482047061334748e-01
1.268951150265935894e+03 4.066125714323277074e-01
1.268783432516690254e+03 4.032402428712999476e-01
1.268615714767444615e+03 4.060629034852903385e-01
1.268448241326646666e+03 4.033027005830271405e-01
1.268280645731624645e+03 4.015169312316087535e-01
1.268113050136602851e+03 3.939879758924222930e-01
1.267945698850028521e+03 4.004835498532813842e-01
1.267778225409230572e+03 4.003140916775420055e-01
1.267610874122656242e+03 3.990240370362683198e-01
1.267443522836081911e+03 4.008370948390472810e-01
1.267276415857955271e+03 4.022909990810015768e-01
1.267109064571380941e+03 4.011203057902533731e-01
1.266941835439030456e+03 4.036927908009406152e-01
1.266774728460903589e+03 3.994088779639105025e-01
1.266607621482776949e+03 4.010308055775329561e-01
1.266440636658873927e+03 3.972878873903608610e-01
1.266273773989194751e+03 3.971592634157898871e-01
1.266106789165291957e+03 4.020405878115329013e-01
1.265939926495612781e+03 3.997512029555174151e-01
1.265773063825933605e+03 4.034673509244512957e-01
1.265606201156254428e+03 3.953697842781241367e-01
1.265439460640798870e+03 3.994865788758881209e-01
1.265272720125343540e+03 3.975593210016870604e-01
1.265106223918335672e+03 3.962560568171927811e-01
1.264939483402880342e+03 3.998638502733833922e-01
1.264772865041648629e+03 3.988803332812020930e-01
1.264606368834640762e+03 4.011666256409534004e-01
1.264439872627632894e+03 3.992868167312020322e-01
1.264273498574848873e+03 4.000741915271165960e-01
1.264107124522064851e+03 4.030027952472245434e-01
1.263940750469280601e+03 3.988358861632860242e-01
1.263774498570720425e+03 3.980162849693824056e-01
1.263608246672160021e+03 3.981236678959449993e-01
1.263441994773599845e+03 4.018780293227877110e-01
1.263275865029263286e+03 4.047125804895520540e-01
1.263109735284926728e+03 4.053954056009677065e-01
1.262943727694814015e+03 4.040173870088163977e-01
1.262777597950477457e+03 4.035350711852182526e-01
1.262611712514588589e+03 3.976205299919424729e-01
1.262445704924475876e+03 4.043272361374368185e-01
1.262279819488586782e+03 3.997353680335998805e-01
1.262114056206921759e+03 4.024732656433673839e-01
1.261948292925256510e+03 4.050552296073095526e-01
1.261782529643591261e+03 3.996711719320836242e-01
1.261616766361926011e+03 3.964907148851874452e-01
1.261451247388708452e+03 3.983943845695037123e-01
1.261285728415490894e+03 4.003505906976131401e-01
1.261120087288049490e+03 4.006671205670208069e-01
1.260954568314831704e+03 3.985744852930584448e-01
1.260789171495837991e+03 3.982208187493707641e-01
1.260623774676844050e+03 3.989305160543773487e-01
1.260458377857850110e+03 3.992409264878279962e-01
1.260292981038856396e+03 4.004916326205512078e-01
1.260127706374086301e+03 3.968095919172722752e-01
1.259962553863540052e+03 3.963569529434229910e-01
1.259797279198769957e+03 4.041110755169703972e-01
1.259632248842447325e+03 4.018187808392844063e-01
1.259467096331901075e+03 4.029521232966770672e-01
1.259302065975578444e+03 3.990273262394295473e-01
