# Wavelength, Reflectance
1.644631660858944542e+03 6.306233736207357277e-01
1.643765571991757042e+03 6.830937465629027816e-01
1.642900337616757042e+03 6.437634414447794828e-01
1.642036079804257042e+03 6.564840671988951826e-01
1.641172676483944542e+03 6.560996184406422405e-01
1.640310371796444542e+03 6.500577963490662414e-01
1.639448921601132042e+03 6.606942418989282251e-01
1.638588447968319542e+03 5.835302759062678257e-01
1.637728828827694542e+03 6.417216938852194907e-01
1.636870308319882042e+03 5.889043303336292112e-01
1.636012642304257042e+03 5.984708762396993009e-01
1.635155952851132042e+03 5.945834986518035992e-01
1.634300239960507042e+03 5.934238701331833177e-01
1.633445381562069542e+03 5.675609777780523668e-01
1.632591499726132042e+03 5.644440785808630956e-01
1.631738472382382042e+03 5.723571635489027587e-01
1.630886421601132042e+03 5.532824034802282798e-01
1.630035347382382042e+03 5.477410354017058225e-01
1.629185127655819542e+03 5.358167655975913934e-01
1.628335884491757042e+03 5.225888924998072227e-01
1.627487495819882042e+03 5.285879141180045426e-01
1.626640083710507042e+03 5.267384142701174721e-01
1.625793648163632042e+03 5.294925343525808126e-01
1.624948189179257042e+03 5.358467530955259850e-01
1.624103462616757042e+03 5.130992815674734198e-01
1.623259834687069542e+03 5.403679451085142693e-01
1.622416939179257042e+03 5.078243099568844343e-01
1.621575142304257042e+03 5.250857878645995847e-01
1.620734077851132042e+03 5.064472620748949883e-01
1.619894112030819542e+03 4.960000741558573401e-01
1.619054878632382042e+03 5.177481646936635817e-01
1.618216621796444542e+03 5.134808986207650694e-01
1.617379219452694542e+03 5.116598700899476215e-01
1.616542793671444542e+03 5.024723480910177065e-01
1.615707222382382042e+03 4.989535613738216857e-01
1.614872627655819542e+03 5.010905788809439931e-01
1.614039009491757042e+03 5.139929727747529764e-01
1.613206123749569542e+03 5.087253703125038662e-01
1.612374214569882042e+03 5.043579074419223263e-01
1.611543159882382042e+03 5.115288066838253878e-01
1.610713081757382042e+03 5.005817144780346784e-01
1.609883858124569542e+03 4.909920999823961241e-01
1.609055488983944542e+03 4.955283863501406261e-01
1.608228096405819542e+03 4.946492625880988259e-01
1.607401436249569542e+03 4.996460818514050217e-01
1.606575752655819542e+03 4.928368389674408490e-01
1.605751045624569542e+03 5.051197027853130406e-01
1.604927193085507042e+03 5.008118371605484453e-01
1.604104072968319542e+03 4.673371120836999348e-01
1.603281929413632042e+03 4.933854502264942710e-01
1.602460762421444542e+03 4.944542255204907866e-01
1.601640327851132042e+03 4.965587439713546880e-01
1.600820869843319542e+03 4.826979731764158843e-01
1.600002266327694542e+03 4.866970256306060172e-01
1.599184517304257042e+03 5.150351220337908709e-01
1.598367622773007042e+03 4.890194818924197273e-01
1.597551460663632042e+03 5.101352205808783458e-01
1.596736641327694542e+03 4.904451911427005761e-01
1.595922310273007042e+03 4.735281013610531109e-01
1.595108833710507042e+03 5.030916381113242908e-01
1.594296455780819542e+03 4.931398085253675956e-01
1.593484688202694542e+03 4.893118764024738110e-01
1.592673897187069542e+03 5.006356672885483583e-01
1.591864082733944542e+03 4.951688186515087464e-01
1.591055000702694542e+03 5.077993408432660560e-01
1.590246895233944542e+03 5.130599393034641631e-01
1.589439400116757042e+03 4.821102997845939098e-01
1.588632759491757042e+03 4.858125867331851144e-01
1.587827339569882042e+03 5.002571722943918164e-01
1.587022529999569542e+03 4.935768144577638572e-01
1.586218574921444542e+03 5.051664872809364937e-01
1.585415596405819542e+03 4.869607405364401176e-01
1.584613350312069542e+03 5.034364878858553771e-01
1.583811958710507042e+03 4.897959276786936766e-01
1.583011543671444542e+03 5.102853465560385215e-01
1.582211861054257042e+03 4.973048563300258018e-01
1.581413154999569542e+03 4.990424259213566693e-01
1.580615059296444542e+03 5.014215596633764260e-01
1.579817818085507042e+03 4.919118889019044039e-01
1.579021675507382042e+03 4.924621563063676377e-01
1.578226143280819542e+03 5.130290520793555631e-01
1.577431587616757042e+03 5.025254618914350990e-01
1.576637886444882042e+03 4.959391524452483324e-01
1.575844917694882042e+03 5.042516632360618534e-01
1.575052681366757042e+03 4.933114715385670812e-01
1.574261421601132042e+03 4.906907127929882040e-01
1.573471016327694542e+03 4.874693862935198241e-01
1.572681465546444542e+03 4.815498371818122680e-01
1.571892647187069542e+03 4.921521886978730276e-01
1.571104561249569542e+03 4.828839246957990494e-01
1.570317573944882042e+03 4.902729217859685407e-01
1.569531196991757042e+03 4.759541087666546710e-01
1.568745918671444542e+03 4.861830482697942490e-01
1.567961128632382042e+03 4.793831034297684757e-01
1.567177315155819542e+03 4.920345396481771716e-01
1.566394356171444542e+03 4.810737267741406753e-01
1.565612129608944542e+03 4.880275089679361744e-01
1.564830757538632042e+03 4.884553323140166659e-01
1.564050239960507042e+03 5.036264712506984820e-01
1.563270576874569542e+03 4.990563041367673813e-01
1.562491524140194542e+03 4.902777541249371818e-01
1.561713447968319542e+03 5.060785677405738037e-01
1.560936226288632042e+03 4.906528497787708276e-01
1.560159737030819542e+03 4.975807827523922033e-01
1.559383980194882042e+03 4.776081562757151233e-01
1.558609077851132042e+03 4.842924481648631652e-01
1.557835152069882042e+03 4.868478959711080023e-01
1.557061836640194542e+03 4.950926293248001930e-01
1.556289375702694542e+03 4.936430461843229756e-01
1.555517647187069542e+03 4.864733244079286756e-01
1.554746895233944542e+03 4.903098531197105370e-01
1.553976753632382042e+03 4.827882195647063002e-01
1.553207588593319542e+03 4.664800450416135003e-01
1.553207466523007042e+03 4.738224350155385567e-01
1.552951363007382042e+03 4.597107915872516437e-01
1.552695137421444542e+03 4.733362627240824683e-01
1.552439155976132042e+03 4.697375935919126388e-01
1.552439033905819542e+03 4.884624183377705986e-01
1.552183174530819542e+03 4.753970543290679807e-01
1.551671455780819542e+03 4.820935985221225240e-01
1.550904610077694542e+03 4.933433965069672911e-01
1.550138496796444542e+03 4.907741386242044368e-01
1.549373238007382042e+03 4.922374864263122096e-01
1.548608833710507042e+03 4.865048425004875332e-01
1.547845039765194542e+03 4.841498736315353324e-01
1.547082100312069542e+03 4.861850345320180011e-01
1.546320015351132042e+03 4.904721659863524597e-01
1.545558784882382042e+03 4.941873040973654430e-01
1.544798164765194542e+03 4.837301107398730982e-01
1.544038277069882042e+03 4.776497975915151017e-01
1.543279365937069542e+03 4.909258364707460021e-01
1.542521309296444542e+03 4.802574073542810185e-01
1.541763863007382042e+03 4.882438998374803441e-01
1.541007149140194542e+03 4.839048827217401483e-01
1.540251289765194542e+03 4.907501188551034454e-01
1.539496162812069542e+03 4.787775643269938652e-01
1.538742012421444542e+03 4.846925137555736507e-01
1.537988472382382042e+03 4.820710274435118792e-01
1.537235664765194542e+03 4.840170864609807388e-01
1.536483711640194542e+03 4.849626098424020815e-01
1.535732246796444542e+03 4.892279162287290761e-01
1.534982124726132042e+03 4.744064740610448028e-01
1.534232246796444542e+03 4.818592386093374924e-01
1.533483467499569542e+03 4.735643813119199130e-01
1.532735298554257042e+03 4.752536760658822579e-01
1.531987862030819542e+03 4.710027119078490920e-01
1.531241402069882042e+03 4.834250826119372291e-01
1.530495552460507042e+03 4.834877643351173093e-01
1.529750435273007042e+03 4.591203574694791012e-01
1.529006050507382042e+03 4.718016392042197471e-01
1.528262520233944542e+03 4.699292374559381757e-01
1.527519478241757042e+03 4.775167301466974323e-01
1.526777656952694542e+03 4.888532122168774974e-01
1.526036201874569542e+03 4.815781788662562013e-01
1.525295845429257042e+03 4.722235089462694657e-01
1.524555977265194542e+03 4.785972864377382452e-01
1.523816963593319542e+03 4.883144755813580984e-01
1.523078682343319542e+03 4.866302008701769433e-01
1.522341255585507042e+03 4.841649812317299073e-01
1.521604439179257042e+03 4.766468578825424629e-01
1.520868355194882042e+03 4.812990328653258820e-01
1.520133003632382042e+03 4.843537959085959521e-01
1.519398506562069542e+03 4.862106692466849900e-01
1.518664619843319542e+03 4.944967709629835562e-01
1.517931465546444542e+03 4.836896640575862882e-01
1.517199409882382042e+03 4.835007988596608519e-01
1.516467842499569542e+03 4.838344330301386220e-01
1.515736885468319542e+03 4.780855303684795610e-01
1.515493599335507042e+03 4.673852380656748906e-01
1.515250313202694542e+03 4.709664945253219104e-01
1.515006904999569542e+03 4.651405574261055498e-01
1.515006782929257042e+03 4.768813048400847854e-01
1.514763740937069542e+03 4.587337601856992242e-01
1.514520698944882042e+03 4.609506588820062589e-01
1.514277412812069542e+03 4.842947326910350681e-01
1.513548775116757042e+03 4.910266950448107792e-01
1.512820869843319542e+03 4.812051540396685700e-01
1.512093696991757042e+03 4.857788424792912618e-01
1.511367378632382042e+03 4.852035496255374669e-01
1.510641670624569542e+03 4.903889785696662895e-01
1.509916695038632042e+03 4.818412170162065800e-01
1.509192451874569542e+03 4.914162205967113617e-01
1.508468941132382042e+03 4.857363372495532849e-01
1.507746162812069542e+03 4.786355068833800241e-01
1.507024116913632042e+03 4.841448290620434247e-01
1.506302803437069542e+03 4.922898515459456226e-01
1.505582222382382042e+03 4.914476147432646491e-01
1.504862495819882042e+03 4.981184210447793803e-01
1.504143257538632042e+03 4.737840963410925310e-01
1.503424873749569542e+03 5.035666514211065703e-01
1.502706407578933067e+03 4.649738750889332861e-01
1.501988438440202572e+03 4.823491418098524997e-01
1.501271324899696765e+03 4.855336240276594828e-01
1.500554822500779892e+03 4.843914933013916402e-01
1.499839053471769830e+03 4.884549873298249523e-01
1.499124017812666580e+03 4.877952599406068512e-01
1.498409593295152035e+03 4.872195895006050659e-01
1.497696024375862407e+03 4.803026132497698608e-01
1.496983066598161486e+03 4.877883918913056838e-01
1.496270964418685253e+03 4.902452433371474183e-01
1.495559473380798181e+03 4.721445731712399230e-01
1.494848715712817693e+03 4.753746077985599450e-01
1.494138569186426139e+03 4.807579879681750379e-01
1.493429278258259274e+03 4.763837645825935163e-01
1.492720598471681114e+03 4.780821289736961743e-01
1.492012652055009994e+03 4.895223478443475607e-01
1.491305439008245685e+03 4.800627151115026692e-01
1.490598837103070082e+03 4.833398695964726266e-01
1.489892968567801518e+03 4.813252352666072542e-01
1.489187833402439537e+03 4.910847054108162246e-01
1.488483431606984595e+03 4.913783733789676700e-01
1.487779640953118360e+03 4.728696788128827211e-01
1.487076583669158936e+03 4.880378276094116674e-01
1.486374137526788672e+03 4.823992276998417816e-01
1.485672546982642871e+03 4.917516712551409097e-01
1.484971567580086003e+03 4.869920715654466048e-01
1.484271321547435946e+03 4.787067278558911343e-01
1.483571686656374823e+03 4.803207481324612838e-01
1.482872907363538388e+03 4.775201563670182781e-01
1.482174616983973010e+03 4.798274427196305703e-01
1.481477182202632093e+03 4.776299821960585112e-01
1.480780358562880338e+03 4.832756451449148893e-01
1.480084146064717515e+03 4.839865175739157532e-01
1.479388789164779382e+03 4.856384430541709762e-01
1.478693921178112305e+03 4.865699294907725458e-01
1.477999908789669689e+03 4.790361312928840820e-01
1.477306507542816234e+03 4.783201733615245477e-01
1.476613839665869364e+03 4.888768679455550159e-01
1.475921782930511654e+03 4.902606977204752581e-01
1.475230459565060755e+03 4.828126817416811267e-01
1.474539747341198563e+03 4.974074701620367356e-01
1.473849768487243409e+03 4.909159835101567504e-01
1.473160400774877189e+03 4.831411343143596770e-01
1.472471766432417553e+03 4.744231671455795274e-01
1.471783865459864955e+03 4.813714340693541205e-01
1.471096575628901064e+03 4.705030157978434269e-01
1.470410019167844212e+03 4.879632038657843451e-01
1.469724073848376065e+03 4.870284714500512924e-01
1.469038739670497080e+03 4.831611030473233481e-01
1.468354138862524906e+03 4.832015475359769385e-01
1.467670271424459315e+03 4.799414147875484815e-01
1.466987015127982886e+03 4.828878016005641038e-01
1.466304369973095390e+03 4.793542177132204540e-01
1.465622458188114479e+03 4.700366114237696236e-01
1.464941157544722728e+03 4.872215112611099075e-01
1.464260590271237788e+03 4.869105011986107900e-01
1.463580634139341782e+03 4.947281144524979801e-01
1.462901411377352588e+03 4.934768564297863369e-01
1.462222799756952327e+03 4.736183786158013609e-01
1.461544799278140999e+03 4.895166696442395660e-01
1.460867409940918606e+03 4.897641993612711353e-01
1.460190876201920901e+03 4.971552818565677101e-01
1.459514831376194252e+03 4.827005164118675085e-01
1.458839519920374414e+03 4.897770643805237634e-01
1.458164819606143737e+03 4.851107401101284466e-01
1.457490852661819645e+03 4.836379336517435124e-01
1.456817496859084486e+03 4.844292424897744254e-01
1.456144752197938487e+03 4.922546556260528061e-01
1.455472740906699073e+03 4.852237459774777495e-01
1.454801340757048820e+03 4.807529527260250291e-01
1.454130551748987273e+03 4.846624115337617167e-01
1.453460373882514887e+03 4.893625378239525037e-01
1.452791051614267190e+03 4.829839355522018707e-01
1.452122218259290548e+03 4.880718738294472225e-01
1.451453996045902841e+03 4.780266590443742469e-01
1.450786507202421944e+03 4.826141364112291332e-01
1.450119629500529982e+03 4.728791533935041147e-01
1.449453362940227180e+03 4.822952803108626063e-01
1.448787829749830962e+03 4.848767243719446784e-01
1.448122907701023678e+03 4.880349958305170710e-01
1.447458474565487677e+03 4.905469181926834232e-01
1.446794897028176365e+03 4.937046531322156206e-01
1.446131808404136109e+03 4.826336187113161591e-01
1.445469575378320314e+03 4.812184659684016763e-01
1.444807709037458153e+03 4.794571411091961277e-01
1.444146576066502575e+03 4.843633195880049369e-01
1.443486176465453809e+03 5.004713299267095072e-01
1.442826265777676099e+03 4.909003341504773466e-01
1.442167088459805427e+03 4.784893000657096662e-01
1.441508522283523462e+03 4.812076957517816278e-01
1.440850567248830657e+03 4.997757982495321105e-01
1.440193101127409136e+03 4.760067632747311817e-01
1.439536612832529727e+03 4.831389748125284878e-01
1.439536490604211849e+03 4.789981690732126318e-01
1.439317824143675807e+03 4.822482225698377367e-01
1.439099035454822115e+03 4.634479041579280256e-01
1.438880491222603723e+03 4.756121278150566845e-01
1.438880368994286073e+03 4.756111116310375864e-01
1.438661824762067681e+03 4.776582660728626029e-01
1.438443402758167394e+03 4.699201018203330582e-01
1.438225102982584758e+03 4.833338684385906636e-01
1.438224980754266880e+03 4.759825093252261774e-01
1.438006680978684244e+03 4.822296472661283251e-01
1.437788503431419258e+03 4.868052164182271047e-01
1.437570325884154499e+03 4.783728391287256909e-01
1.437570203655836622e+03 4.799953154720005832e-01
1.437351903880253985e+03 4.788114521715913230e-01
1.437133970789624755e+03 4.772534829676409185e-01
1.436916159927313402e+03 4.861587208808389460e-01
1.436916037698995524e+03 4.861589039008325508e-01
1.436698104608366293e+03 4.761162916972218051e-01
1.436480171517737062e+03 4.750935992915091832e-01
1.436262482883743360e+03 4.790010020832834448e-01
1.436044794249749657e+03 4.765912422792150105e-01
1.435827105615755954e+03 4.697057271954818702e-01
1.435609539210080129e+03 4.777068480611735835e-01
1.435392095032721954e+03 4.900880878511617578e-01
1.435174650855363780e+03 4.897923571432774015e-01
1.434957206678005832e+03 4.838297431417446504e-01
1.434740006957283413e+03 4.853042457923906761e-01
1.434522685008243116e+03 4.929392043454684513e-01
1.434305485287520469e+03 4.946003936129467760e-01
1.434088407795115927e+03 4.978780107657022613e-01
1.433871452531028808e+03 5.161468724955990961e-01
1.433654497266941917e+03 4.992026474769541422e-01
1.433437542002855025e+03 4.993899270232056153e-01
1.433220831195403889e+03 4.995607891333685990e-01
1.433003998159634648e+03 4.961467696850517251e-01
1.432787287352183284e+03 4.914305984924425830e-01
1.432570698773049799e+03 4.823360591107679896e-01
1.432354232422234190e+03 4.769781509890959614e-01
1.432137766071418355e+03 4.623396711858188124e-01
1.431921299720602747e+03 4.651773179102436373e-01
1.431704955598104789e+03 4.619543637818379067e-01
1.431488733703924709e+03 4.432387131397070856e-01
1.431272511809744401e+03 4.220598880672681852e-01
1.431056412143882199e+03 4.134665451642045575e-01
1.430840434706337646e+03 4.336304721181879485e-01
1.430624335040475216e+03 4.634028311665268629e-01
1.430408357602930664e+03 4.843233546505311127e-01
1.430192380165386112e+03 4.948791271029409633e-01
1.429976769412794965e+03 4.892877328049933250e-01
1.429761036431886168e+03 4.780379742751308392e-01
1.429545425679295022e+03 4.894224200064076213e-01
1.429329937155021526e+03 4.918939969649951949e-01
1.429114326402430379e+03 4.929783790132410970e-01
1.428898837878157110e+03 4.884112429859471249e-01
1.428683471582201491e+03 4.827269799458963617e-01
1.428468227514563750e+03 4.903740209156289831e-01
1.428252983446926009e+03 4.924471952805171693e-01
1.428037739379288269e+03 5.060946685513288967e-01
1.427822617539968178e+03 4.957662284838507127e-01
1.427607740157283843e+03 4.971082614389382703e-01
1.427392618317963979e+03 5.011411382325813291e-01
1.427177740935279417e+03 5.031573464717696842e-01
1.426962985780912959e+03 5.005961500622034821e-01
1.426748230626546274e+03 5.112377500011964226e-01
1.426533475472179816e+03 5.173606492108475674e-01
1.426318842546131009e+03 4.998132085220561294e-01
1.426104331848399852e+03 5.033431308077728206e-01
1.425889821150668922e+03 5.062438985169391836e-01
1.425675432681255643e+03 4.919362269733326687e-01
1.425461044211842591e+03 4.917722749668587690e-01
1.425246777970747189e+03 4.896023631672591359e-01
1.425032511729651787e+03 4.947108875687467044e-01
1.424818367716874036e+03 4.978328119951458408e-01
1.424604101475778634e+03 5.096021622687713082e-01
1.424390324147954516e+03 4.990803664099625059e-01
1.424176302363494642e+03 4.911476249407072392e-01
1.423962402807352646e+03 4.859907876552502226e-01
1.423748625479528528e+03 4.920425047639868099e-01
1.423534848151704182e+03 4.847297834002669004e-01
1.423321193052197714e+03 4.956259383121074946e-01
1.423107415724373595e+03 4.845809048515403727e-01
1.422894127309820533e+03 4.968464623450395967e-01
1.422680594438631942e+03 4.864211925775954737e-01
1.422467183795761002e+03 4.920753076426319650e-01
1.422253773152890290e+03 5.014728829018099132e-01
1.422040606966654877e+03 4.976333134468983732e-01
1.421827318552102042e+03 5.025504967762510766e-01
1.421614152365866630e+03 4.980465032347560772e-01
1.421400986179631445e+03 4.906942286965595423e-01
1.421188064450031789e+03 4.903576201417507718e-01
1.420975142720432132e+03 4.920364435688852622e-01
1.420762220990832475e+03 4.941948270916974861e-01
1.420549543717868346e+03 4.866879295632421942e-01
1.420336621988268689e+03 4.985374790261018485e-01
1.420124066943622438e+03 4.944444591755474683e-01
1.419911389670658536e+03 4.951411281665831221e-01
1.419698956854329936e+03 4.922688398596859471e-01
1.419486401809683684e+03 4.913661510538879229e-01
1.419273968993355311e+03 4.785664213390009025e-01
1.419061658405344588e+03 4.900445299457519832e-01
1.418849470045651742e+03 4.880946717130911217e-01
1.418637281685958669e+03 4.915946765849261157e-01
1.418425093326265824e+03 4.859220170563071650e-01
1.418212904966572978e+03 4.910647219929573093e-01
1.418001083291833538e+03 4.904190833841223229e-01
1.417789017160458343e+03 4.881135085107259908e-01
1.417577073257401025e+03 4.906504679575822703e-01
1.417365373810979463e+03 5.000195570795192834e-01
1.417153674364557673e+03 4.884072818006555683e-01
1.416941974918136111e+03 4.986685545788139828e-01
1.416730275471714322e+03 4.902901463990118058e-01
1.416518820481928287e+03 4.995810190385446270e-01
1.416307365492142026e+03 4.954431816305044367e-01
1.416095910502355991e+03 4.959242788296857607e-01
1.415884577740887607e+03 4.909995009550457423e-01
1.415673244979419451e+03 4.903765436240086206e-01
1.415462156674586595e+03 4.923125146827871390e-01
1.415250946141436089e+03 4.907350358723162054e-01
1.415039857836603460e+03 4.913295053481764874e-01
1.414828769531770604e+03 5.018239465067165783e-01
1.414617925683573503e+03 4.854844370781580820e-01
1.414407081835376403e+03 4.841631197201343162e-01
1.414196237987179302e+03 4.897523205003313507e-01
1.413985516367299851e+03 4.906573310948255107e-01
1.413774916975738506e+03 4.917950213248337143e-01
1.413564195355859056e+03 5.001696635833914328e-01
1.413353473735979833e+03 4.982106932876221861e-01
1.413143241029371666e+03 4.856128437888567739e-01
1.412932763866127743e+03 4.869258674940719622e-01
1.412722408931201926e+03 4.866970721406458922e-01
1.412512053996275881e+03 4.951335562417362168e-01
1.412301943517985592e+03 4.913851872595128012e-01
1.412091833039695302e+03 4.997512086833290068e-01
1.411881722561404786e+03 5.055866800603425748e-01
1.411671612083114496e+03 4.951108564751687813e-01
1.411461746061459735e+03 4.923584439396077039e-01
1.411251880039804973e+03 4.958077346021066423e-01
1.411042014018150212e+03 4.967557775919467788e-01
1.410832147996495451e+03 4.935366878317127282e-01
1.410622526431476217e+03 4.910440576424383030e-01
1.410412904866456984e+03 4.940017484961422012e-01
1.410203405529755628e+03 4.976625087831024752e-01
1.409993783964736394e+03 4.879766880918693372e-01
1.409784529084670794e+03 4.963017251607801938e-01
1.409575029747969211e+03 4.959985299275561088e-01
1.409365774867903610e+03 4.838659072534088335e-01
1.409156519987837783e+03 4.894841244990390527e-01
1.408947387336089832e+03 4.770980447097083466e-01
1.408738254684341655e+03 4.892171172793892131e-01
1.408529244260911582e+03 4.912288341249324009e-01
1.408320233837481283e+03 4.914759730219064870e-01
1.408111345642368860e+03 4.917509414779647758e-01
1.407902457447256438e+03 5.006391882999130516e-01
1.407693691480461894e+03 4.951618634904436655e-01
1.407484925513667349e+03 4.838230839658113625e-01
1.407276281775190455e+03 4.891144060132855964e-01
1.407067760265031438e+03 4.906905752438727730e-01
1.406859238754872422e+03 4.869138032595822785e-01
1.406650717244713405e+03 4.890250996687489082e-01
1.406442317962872266e+03 4.976165925237545640e-01
1.406234163137666656e+03 4.952671994672804279e-01
1.406025763855825289e+03 5.005276503322583226e-01
1.405817609030619678e+03 5.039436178598420968e-01
1.405609454205414067e+03 5.140096695824788453e-01
1.405401421608526334e+03 5.053172830345130651e-01
1.405193389011638374e+03 4.923892826864618710e-01
1.404985478643068291e+03 4.876455742611206512e-01
1.404777568274498435e+03 4.878351413122244407e-01
1.404569902362563880e+03 4.959435980914313480e-01
1.404362114222311675e+03 4.797744420855848402e-01
1.404154326082059470e+03 4.887376106368848117e-01
1.403946782398442792e+03 4.955672128170109936e-01
1.403739238714826115e+03 5.058458815684314658e-01
1.403531817259527315e+03 5.005749165135744416e-01
1.403324273575910638e+03 4.954930295454899047e-01
1.403116974348929489e+03 4.985254130797653893e-01
1.402909797350266217e+03 4.929790151490988093e-01
1.402702498123285068e+03 5.001007668076907775e-01
1.402495321124621796e+03 4.990166535965569472e-01
1.402288144125958524e+03 5.072591098590020220e-01
1.402081211583931008e+03 5.046692095344406104e-01
1.401874279041903264e+03 4.969825144874068235e-01
1.401667346499875521e+03 5.064726097824840956e-01
1.401460413957848004e+03 4.968721220447672726e-01
1.401253603644137911e+03 4.952898333377084850e-01
1.401046915558745923e+03 4.833089794504102366e-01
1.400840349701671585e+03 4.952254721516407554e-01
1.400633783844597247e+03 4.982436111327111505e-01
1.400427217987523136e+03 4.840646824986976626e-01
1.400220774358766448e+03 4.950087928443163698e-01
1.400014452958327865e+03 4.859431995769246115e-01
1.399808009329571405e+03 4.913988498044448150e-01
1.399601810157450473e+03 4.900882739112358277e-01
1.399395610985329540e+03 4.945378389551971510e-01
1.399189534041526485e+03 4.989066196081569093e-01
1.398983334869405553e+03 4.843015205316147931e-01
1.398777380153920149e+03 4.906396173233696922e-01
1.398571547666752622e+03 5.041293883057573755e-01
1.398365470722949567e+03 4.957011603872258365e-01
1.398159760464099918e+03 4.902354880463252185e-01
1.397953927976932391e+03 4.957933448409214683e-01
1.397748217718082515e+03 4.883333828644429442e-01
1.397542751915868394e+03 4.959763191140629801e-01
1.397337163885336622e+03 4.894071977583830946e-01
1.397131575854804623e+03 5.006382309619346049e-01
1.396925987824272624e+03 4.902297822598074561e-01
1.396720888707011909e+03 4.925679742890500812e-01
1.396515545133115666e+03 4.887643575181680466e-01
1.396310201559219195e+03 4.967579044898029483e-01
1.396105102441958479e+03 4.892002757597365137e-01
1.395900003324697764e+03 4.999919736046262719e-01
1.395694904207437048e+03 4.970245051721400298e-01
1.395489927318493983e+03 4.933390940773058064e-01
1.395284950429551145e+03 4.802112175894963086e-01
1.395080095768925958e+03 4.933298621043969989e-01
1.394875363336618648e+03 4.929966093105774272e-01
1.394670630904311338e+03 5.021207935966032210e-01
1.394465898472003801e+03 4.982250905919008988e-01
1.394261166039696491e+03 4.936691852128927138e-01
1.394056800292342587e+03 4.968456978936781065e-01
1.393852312316670805e+03 5.047632543508669967e-01
1.393647824340999023e+03 4.932849088273157379e-01
1.393443458593645119e+03 5.008630932579155592e-01
1.393239215074608865e+03 4.986122618034218301e-01
1.393034971555572611e+03 5.009657017244422139e-01
1.392830850264854234e+03 4.987925797928617344e-01
1.392626728974135858e+03 4.954366663196538290e-01
1.392422607683417482e+03 4.978743341972131087e-01
1.392218730849334861e+03 4.954383643485477107e-01
1.392014731786934135e+03 4.895977676757155006e-01
1.391810854952851287e+03 4.912287312553960117e-01
1.391606978118768666e+03 4.982582108239399510e-01
1.391403467969639223e+03 4.949536293877055959e-01
1.391199713363874253e+03 5.035931820694040661e-01
1.390996080986426932e+03 4.889847262438486997e-01
1.390792570837297490e+03 4.943959485353697780e-01
1.390589060688168047e+03 5.021016336459394047e-01
1.390385672767356482e+03 5.088395064792686773e-01
1.390182284846544917e+03 4.895948586731834196e-01
1.389979019154051230e+03 4.882312975581827863e-01
1.389775753461557315e+03 4.972448111905033996e-01
1.389572732225699156e+03 4.985850730783286111e-01
1.389369588761523119e+03 4.884556706586047348e-01
1.389166445297347082e+03 4.930758046450770538e-01
1.388963424061488922e+03 4.990968764798984214e-01
1.388760525053948413e+03 4.987469678305777587e-01
1.388557748274725782e+03 4.957546017940839267e-01
1.388354971495503150e+03 4.972790406342633140e-01
1.388152194716280519e+03 4.923509710526112193e-01
1.387949540165375538e+03 4.897892214009967327e-01
1.387747007842788662e+03 4.932799668841765794e-01
1.387544353291883681e+03 4.996784423468901837e-01
1.387341943197614455e+03 4.962766354505037669e-01
1.387139533103345229e+03 4.915927735261298448e-01
1.386937123009076004e+03 5.001734160499297088e-01
1.386734835143124656e+03 5.018466552559568417e-01
1.386532669505490958e+03 4.948328448744868657e-01
1.386330381639539382e+03 4.972744020693675160e-01
1.386128338230223562e+03 4.891530545287402498e-01
1.385926294820907742e+03 4.990415825537932726e-01
1.385724373639909572e+03 5.010753341363750613e-01
1.385522452458911630e+03 5.111326262770423678e-01
1.385320531277913460e+03 4.957764899764365296e-01
1.385118732325233168e+03 4.948704104837218232e-01
1.384916933372553103e+03 4.921240348560809719e-01
1.384715378876508339e+03 4.863493385606422192e-01
1.384513702152145925e+03 4.988284020795266116e-01
1.384312147656101160e+03 5.034225970234124103e-01
1.384110593160056396e+03 4.988699288908903240e-01
1.383909283120647387e+03 4.937241424646260368e-01
1.383707850852920501e+03 4.905445080705022054e-01
1.383506540813511492e+03 4.939930278353888427e-01
1.383305230774102256e+03 5.036895894798223416e-01
1.383104165191328775e+03 4.969726977282998837e-01
1.382903099608555294e+03 4.925796285970959754e-01
1.382701911797464163e+03 4.777054281334546793e-01
1.382500968443008333e+03 4.864088655278681617e-01
1.382300025088552729e+03 5.016470673849329209e-01
1.382099203962414776e+03 4.771492897773585984e-01
1.381898382836276824e+03 5.004774119567846347e-01
1.381697561710138871e+03 4.914149830838995814e-01
1.381496862812318795e+03 5.021347608422962461e-01
1.381296163914498720e+03 4.884994185360341246e-01
1.381095709473314173e+03 5.017530294711854966e-01
1.380895255032129626e+03 4.982541108188277001e-01
1.380694800590945079e+03 4.935751744183296541e-01
1.380494346149760531e+03 4.964090153329361321e-01
1.380294013936893862e+03 4.891311706425070516e-01
1.380093803952345070e+03 5.052625493971770743e-01
1.379893593967796050e+03 4.939259049888102271e-01
1.379693383983247031e+03 4.944510977372525429e-01
1.379493296227015890e+03 5.008352680950531877e-01
1.379293452927420503e+03 5.035852466367487512e-01
1.379093487399507012e+03 4.982570182864906050e-01
1.378893521871593748e+03 4.915168962055693203e-01
1.378693678571998134e+03 4.949136170714130145e-01
1.378493835272402748e+03 4.925775746912445241e-01
1.378294114201125012e+03 5.015160204745623407e-01
1.378094515358164927e+03 5.043204224648081269e-01
1.377894916515205068e+03 5.049247681382634800e-01
1.377695439900562860e+03 5.028522992202660857e-01
1.377495963285920652e+03 5.056281054288308541e-01
1.377296608899596322e+03 5.097365276078159591e-01
1.377097254513271992e+03 4.973379060575435773e-01
1.376897900126947661e+03 4.966647563668881715e-01
1.376698667968940981e+03 5.033166848486709810e-01
1.376499435810934528e+03 5.015705116190466439e-01
1.376300448109563604e+03 5.050864135544572697e-01
1.376101338179874801e+03 4.959021565690296951e-01
1.375902350478503877e+03 4.856360489014070470e-01
1.375703362777132725e+03 4.977068885853340729e-01
1.375504497304079678e+03 5.107468888892873204e-01
1.375305876287661931e+03 5.048966423658460823e-01
1.375107133042926762e+03 5.051066773842718405e-01
1.374908389798191365e+03 4.990511377414753036e-01
1.374709768781773619e+03 5.016144063683536380e-01
1.374511147765356100e+03 4.911904745471917244e-01
1.374312771205574109e+03 4.969940649666067523e-01
1.374114272417474240e+03 5.037777202684610156e-01
1.373915895857692249e+03 5.029438517566378053e-01
1.373717519297910258e+03 5.038230488050412514e-01
1.373519264966446144e+03 4.986545954056093577e-01
1.373321132863299681e+03 4.994772589641562344e-01
1.373122878531835568e+03 4.948063590072919737e-01
1.372924868657006982e+03 5.025016290405799335e-01
1.372726858782178169e+03 4.970460508123008547e-01
1.372528848907349584e+03 4.988393379107980974e-01
1.372331083489156526e+03 5.015964285178310389e-01
1.372133195842645819e+03 4.974717694755209085e-01
1.371935430424452761e+03 5.005969371032421567e-01
1.371737542777942053e+03 4.984105779110382661e-01
1.371540021816384524e+03 4.914972671015459538e-01
1.371342500854827222e+03 5.011054274457813484e-01
1.371144979893269692e+03 4.966661453237687929e-01
1.370947458931712163e+03 4.989229073478517740e-01
1.370749937970154861e+03 4.913891408119400173e-01
1.370552539236915209e+03 4.995100396651415697e-01
1.370355384960311085e+03 5.061375998638908413e-01
1.370158108455389311e+03 4.966527713278925393e-01
1.369960954178785187e+03 4.974361262313346521e-01
1.369763799902181290e+03 4.860531310107040204e-01
1.369566767853895044e+03 5.013855304039005478e-01
1.369369858033926448e+03 5.127328236042651977e-01
1.369172703757322552e+03 5.128067785341546836e-01
1.368975916165671833e+03 5.032403504202745959e-01
1.368779128574021115e+03 4.929268534496255572e-01
1.368582340982370624e+03 4.923973093718719829e-01
1.368385675619037556e+03 4.874919818788450154e-01
1.368189010255704716e+03 5.047422337311490148e-01
1.367992344892371875e+03 5.038728348110231847e-01
1.367795923985674563e+03 4.979805231919117725e-01
1.367599380850659600e+03 5.045591565906376585e-01
1.367402959943962287e+03 4.924885965026786772e-01
1.367206783493900730e+03 5.002637767657428514e-01
1.367010362587203417e+03 4.977364957808009249e-01
1.366814186137141633e+03 4.952160234115121074e-01
1.366617887458762198e+03 4.980217905114034949e-01
1.366421833237018291e+03 4.943765100863433681e-01
1.366225901243592261e+03 5.088167370090603825e-01
1.366029847021848354e+03 5.090437375964963485e-01
1.365833915028422325e+03 5.064214986850918976e-01
1.365637983034996296e+03 5.062120859582194266e-01
1.365442173269887917e+03 4.965020739764658408e-01
1.365246607961415293e+03 4.906067310400131776e-01
1.365050798196306914e+03 4.961959693666483373e-01
1.364855232887834291e+03 4.942506902695992244e-01
1.364659545351043789e+03 4.919762634311660165e-01
1.364464102270888816e+03 4.969179443216153458e-01
1.364268659190733842e+03 5.052203643990073045e-01
1.364073216110578869e+03 4.901081215983731920e-01
1.363877895258741773e+03 4.991111705031228696e-01
1.363682574406904678e+03 5.006549554662870216e-01
1.363487375783385460e+03 4.991527219255457171e-01
1.363292177159866014e+03 4.982643907913575365e-01
1.363097100764664674e+03 5.020913344701508629e-01
1.362902146597780757e+03 5.000540868148458662e-01
1.362706947974261539e+03 5.006412332507046425e-01
1.362512116035695726e+03 4.953241010495919028e-01
1.362317284097129686e+03 4.935573367374895271e-01
1.362122574386881524e+03 5.018266881791095813e-01
1.361927742448315712e+03 5.003847034118478199e-01
1.361733032738067550e+03 4.934949639174652791e-01
1.361538323027819388e+03 4.991444759161935973e-01
1.361343735545889103e+03 4.972342102286894105e-01
1.361149270292276469e+03 5.109442405161069845e-01
1.360954927266981713e+03 4.995461829122056496e-01
1.360760462013369079e+03 5.036218410202015772e-01
1.360566118988074322e+03 5.100559118697468586e-01
1.360371775962779793e+03 5.028362761404414627e-01
1.360177432937485037e+03 5.123139450740084033e-01
1.359983456597143686e+03 4.997409433464192752e-01
1.359789358028484457e+03 5.223469853790546624e-01
1.359595259459825229e+03 5.026009426787938494e-01
1.359401283119483878e+03 4.998761706154723483e-01
1.359207306779142527e+03 5.032938751407766143e-01
1.359013452667119054e+03 4.932392177650858911e-01
1.358819720783413231e+03 5.043448666422870597e-01
1.358625866671389531e+03 5.030123306303685426e-01
1.358432134787683935e+03 4.980821879746242242e-01
1.358238525132295990e+03 5.072293528774085569e-01
1.358044915476907818e+03 5.023200534344006707e-01
1.357851428049837750e+03 5.020961206457694725e-01
1.357657940622767455e+03 5.095326002813214128e-01
1.357464575424015266e+03 5.118688358538929783e-01
1.357271210225262848e+03 5.075049423401492010e-01
1.357077845026510431e+03 5.125447204138947610e-01
1.356884602056075892e+03 5.038901941311813015e-01
1.356691481313959002e+03 4.983058250970894831e-01
1.356498360571842113e+03 5.067951806798893788e-01
1.356305362058043329e+03 5.086403340471091772e-01
1.356112241315926440e+03 5.090465126718157762e-01
1.355919365030445306e+03 5.008697242748459955e-01
1.355726366516646294e+03 5.036261066679468268e-01
1.355533734687800688e+03 5.061294302237924203e-01
1.355340858402319327e+03 5.052206424450360611e-01
1.355148104345156071e+03 5.108261418455793956e-01
1.354955472516310465e+03 4.945043211873411115e-01
1.354762840687464859e+03 4.995217773944024553e-01
1.354570453315254781e+03 4.985511697130139974e-01
1.354377943714727053e+03 5.017700813712908658e-01
1.354185434114199097e+03 5.049720540341092745e-01
1.353993046741989019e+03 5.025060499290726623e-01
1.353800659369779169e+03 5.004379193437629159e-01
1.353608394225886741e+03 5.066493088012563595e-01
1.353416373538630296e+03 5.104934645622599687e-01
1.353224230623055746e+03 5.089437840251614942e-01
1.353032087707481423e+03 5.038174162178616911e-01
1.352840067020224751e+03 4.937947807998432359e-01
1.352648046332968079e+03 5.019256224334305294e-01
1.352456147874029284e+03 5.081052352447901210e-01
1.352264371643408140e+03 5.021663944050072104e-01
1.352072595412787223e+03 5.036948189970283929e-01
1.351880819182166078e+03 5.076970641134426199e-01
1.351689042951545161e+03 5.141219282931401846e-01
1.351497388949241895e+03 5.117113440461127372e-01
1.351305734946938628e+03 5.065592796903961581e-01
1.351114447629588767e+03 5.088605698425939794e-01
1.350922915855603151e+03 5.008719172729818592e-01
1.350731506309935639e+03 5.019620341721714452e-01
1.350540218992585778e+03 4.998832833642607998e-01
1.350348931675235917e+03 4.917337931407882445e-01
1.350157644357886056e+03 4.956805417906029465e-01
1.349966601497171723e+03 4.994368489145415424e-01
1.349775436408139740e+03 4.982568453068134118e-01
1.349584393547425407e+03 5.096108625288978677e-01
1.349393350686711074e+03 5.130911833871119043e-01
1.349202430054314618e+03 5.132406061914513984e-01
1.349011509421918163e+03 5.046720390158916381e-01
1.348820711017839585e+03 5.013093587300179177e-01
1.348630034842078658e+03 4.917673289304382855e-01
1.348439236437999853e+03 4.986647372330142991e-01
1.348248560262239153e+03 5.064452669656184236e-01
1.348058006314795875e+03 5.045529172890440561e-01
1.347867452367352826e+03 5.027784585623038538e-01
1.347677020648227654e+03 4.990610923522528775e-01
1.347486466700784376e+03 4.926583834870255085e-01
1.347296157209977082e+03 5.094174453617310583e-01
1.347105847719169560e+03 5.006273028121356328e-01
1.346915538228362038e+03 5.028161831967139506e-01
1.346725350965872394e+03 5.073186596368064460e-01
1.346535285931700400e+03 4.985178918526226854e-01
1.346345220897528407e+03 5.034007435197533908e-01
1.346155155863356640e+03 4.983836821740900702e-01
1.345965213057502524e+03 5.069000611787387589e-01
1.345775270251648408e+03 4.986414890805764832e-01
1.345585327445794292e+03 4.968805550923710568e-01
1.345395629096575703e+03 5.041234536457204207e-01
1.345205808519039465e+03 5.004123040008429113e-01
1.345016110169820877e+03 5.008710134123413038e-01
1.344826534048920166e+03 4.953714763687194211e-01
1.344636835699701578e+03 4.996603518921935438e-01
1.344447381807118745e+03 5.016193159225172948e-01
1.344257805686218035e+03 5.016321991154746307e-01
1.344068596250270730e+03 5.051546678212277541e-01
1.343879142357687670e+03 5.047496842938238304e-01
1.343689810693422487e+03 4.937982404649463586e-01
1.343500601257475182e+03 4.995449226235332829e-01
1.343311391821527877e+03 5.010875686527996864e-01
1.343122304613898223e+03 5.066270074492452702e-01
1.342933217406268795e+03 5.014744950911818044e-01
1.342744252426957019e+03 5.025613022860354606e-01
1.342555165219327591e+03 5.055820372481716340e-01
1.342366322468333465e+03 5.004889498796354363e-01
1.342177479717339565e+03 5.033517134224879674e-01
1.341988636966345666e+03 5.062314689801139522e-01
1.341799916443669417e+03 5.097181791148650554e-01
1.341611318149311046e+03 4.960841519219297835e-01
1.341422719854952675e+03 5.047149209799938196e-01
1.341234121560594303e+03 5.039438705087766479e-01
1.341045523266235932e+03 5.019352728081876158e-01
1.340857047200195439e+03 5.114008174303963372e-01
1.340668693362472595e+03 4.967322030439029756e-01
1.340480339524749979e+03 5.082133261668152491e-01
1.340292107915345014e+03 5.058830997917607153e-01
1.340103876305940048e+03 5.054669484211443686e-01
1.339915644696535082e+03 5.175364086697852306e-01
1.339727535315447767e+03 5.030773719281375067e-01
1.339539425934360679e+03 5.127295431823709615e-01
1.339351316553273364e+03 4.975036301242031778e-01
1.339163451628821804e+03 5.023055858538921781e-01
1.338975586704370244e+03 5.057733715845175171e-01
1.338787599551600806e+03 4.991176324404604236e-01
1.338599856855467124e+03 5.052037376073982289e-01
1.338412114159333214e+03 5.010398145744398013e-01
1.322471830322358983e+03 5.150499026743574627e-01
1.322288854530619119e+03 5.076328776188840930e-01
1.322105878738879255e+03 5.032597294774291408e-01
1.321922902947139619e+03 5.109328922823385133e-01
1.321740171612035283e+03 5.141734666890758199e-01
1.304966046191060514e+03 5.082982961224838947e-01
1.304788081760350224e+03 5.129730757175715583e-01
1.304610239557958039e+03 5.164458086637664369e-01
1.304432397355565627e+03 5.135758464571600346e-01
1.304254555153173214e+03 5.143560388346480883e-01
1.287077076283473389e+03 5.240953032331513439e-01
1.286904367670428428e+03 5.243047194493406504e-01
1.286731536829065590e+03 5.097111361747870273e-01
1.286558828216020629e+03 5.244989682828348210e-01
1.286386119602975896e+03 5.276865297812192157e-01
1.286213533218248585e+03 5.235663876385585613e-01
1.286040946833521502e+03 5.205367629406500996e-01
1.285868360448794192e+03 5.229495235144366871e-01
1.285695896292384987e+03 5.312308637911955511e-01
1.285523432135975554e+03 5.244029907045442140e-01
1.285351212436201877e+03 5.272880946448815775e-01
1.285178870508110322e+03 5.195111298907314490e-01
1.285006528580018767e+03 5.202176043326943722e-01
1.284834308880244862e+03 5.299207545143175269e-01
1.284662089180471185e+03 5.289953870383056200e-01
1.284489991709015158e+03 5.258194797413568988e-01
1.284317894237559130e+03 5.227375248838815880e-01
1.284145796766103103e+03 5.347319722805271569e-01
1.283973821522964954e+03 5.318986184944043405e-01
1.283801846279826805e+03 5.330476644678355802e-01
1.283629993265006533e+03 5.447007579188076765e-01
1.283458140250186034e+03 5.420358817674414409e-01
1.283286287235365762e+03 5.360131744511330565e-01
1.283114556448863141e+03 5.446050095483490061e-01
1.282942825662360519e+03 5.501210533440602513e-01
1.282771339332493426e+03 5.524703819985956610e-01
1.282599730774308682e+03 5.646119476484823263e-01
1.282428122216123938e+03 5.593833945250135109e-01
1.282256635886256845e+03 5.392626758177604396e-01
1.282085271784707629e+03 5.081319744116515880e-01
1.281913785454840763e+03 5.134902860449146456e-01
1.281742421353291547e+03 5.150369511151826618e-01
1.281571057251742332e+03 5.200108204436880710e-01
1.281399815378510766e+03 5.250332662562867680e-01
1.281228573505279428e+03 5.243178338828464735e-01
1.281057331632048090e+03 5.303056254652963597e-01
1.280886334215452280e+03 5.260226215459811172e-01
1.280715214570538592e+03 5.224036323310914387e-01
1.280544094925624904e+03 5.230490706350190422e-01
1.280373219737346972e+03 5.197985538014281426e-01
1.280202222320751162e+03 5.153465123135090309e-01
1.280031469360790879e+03 5.202770078365935857e-01
1.279860594172512947e+03 5.188633109157976264e-01
1.279689841212552665e+03 5.216008689158542211e-01
1.279519088252592383e+03 5.293983240051369776e-01
1.279348457520949978e+03 5.276379021096216926e-01
1.279177704560989696e+03 5.178556823298539058e-01
1.279007196057665169e+03 5.287150224024854683e-01
1.278836565326022765e+03 5.217504885800450243e-01
1.278666179051015888e+03 5.186776070273635408e-01
1.278495670547691134e+03 5.300647899991324241e-01
1.278325284272684257e+03 5.206923325315433448e-01
1.278154897997677608e+03 5.320571214002560723e-01
1.277984633950988382e+03 5.243461302313204841e-01
1.277814369904299383e+03 5.221634797165709552e-01
1.277644105857610384e+03 5.228354814484990065e-01
1.277473964039239036e+03 5.168668859191197784e-01
1.277303822220867914e+03 5.312266157958057677e-01
1.277133924859132321e+03 5.241545295116938341e-01
1.276963905269078850e+03 5.204011274585595981e-01
1.276793885679025379e+03 5.249969388329903675e-01
1.276623988317289559e+03 5.229620266924139838e-01
1.276454213183871843e+03 5.201870840875328916e-01
1.276284315822136023e+03 5.170055936823011455e-01
1.276114540688718307e+03 5.210965850659297072e-01
1.275944765555300364e+03 5.232775996960560283e-01
1.275775112650200299e+03 5.285431601867891516e-01
1.275605459745100234e+03 5.235033937751660815e-01
1.275435806840000168e+03 5.172132261676363196e-01
1.275266398391535631e+03 5.265015972549610401e-01
1.275096745486435566e+03 5.210341384226017114e-01
1.274927337037971256e+03 5.210901430319163641e-01
1.274757928589506719e+03 5.183988741317679949e-01
1.274588642369360059e+03 5.266243703800459475e-01
1.274419233920895522e+03 5.228624729589059772e-01
1.274250069929066740e+03 5.243986768259586428e-01
1.274080905937237731e+03 5.204205744618086715e-01
1.273911741945408949e+03 5.099378134728911327e-01
1.273742700181897817e+03 5.212887294885867329e-01
1.273573658418386685e+03 5.186043231060963876e-01
1.273404738883193431e+03 5.193587217179866933e-01
1.273404616654875554e+03 5.213356635614893042e-01
1.273235697119682300e+03 5.199290913567228278e-01
1.273235574891364422e+03 5.166345055090997285e-01
1.273066899812806696e+03 5.106286552043246552e-01
1.273066777584489046e+03 5.198516844868278364e-01
1.272897980277613442e+03 5.176931590256929061e-01
1.272897858049295792e+03 5.137415314836329960e-01
1.272729060742420188e+03 5.149444654078774164e-01
1.272728938514102310e+03 5.267960986839220761e-01
1.272560141207226934e+03 5.195057025739000522e-01
1.272391466128669208e+03 5.314960424656202109e-01
1.272222791050111482e+03 5.204079561285881450e-01
1.272054115971553756e+03 5.216681884425764526e-01
1.271885563121313908e+03 5.193392009490007677e-01
1.271717010271074059e+03 5.249849216029937038e-01
1.271548457420833984e+03 5.176005883202876579e-01
1.271380026798912013e+03 5.229696868334348103e-01
1.271211596176989815e+03 5.272017800362411855e-01
1.271043287783385495e+03 5.181775155152524848e-01
1.270874979389781174e+03 5.235103988526516039e-01
1.270706670996176854e+03 5.243264155041038599e-01
1.270538607059208061e+03 5.240948437077692645e-01
1.270370420893921619e+03 5.301460409150390296e-01
1.270202234728635176e+03 5.283767959851197737e-01
1.270034170791666384e+03 5.208555212367798060e-01
1.269866229083015469e+03 5.267471882969778640e-01
1.269698165146046676e+03 5.211805828437026111e-01
1.269530223437395762e+03 5.223869695968769156e-01
1.269362403957062497e+03 5.321842615036179724e-01
1.269194584476729460e+03 5.277460078942664001e-01
1.269026764996396423e+03 5.317439906797812865e-01
1.268858945516063159e+03 5.302795576112874221e-01
1.268691370492365650e+03 5.354782344561240803e-01
1.268523673240350263e+03 5.369257079053708637e-01
1.268355975988334876e+03 5.206160394502469257e-01
1.268188523192955245e+03 5.184368389665865440e-01
1.268020948169257736e+03 5.165256660845802816e-01
1.267853495373877877e+03 5.171364616813330928e-01
1.267686042578498245e+03 5.206515021725459658e-01
1.267518834239753915e+03 5.195221962913744163e-01
1.267351381444374283e+03 5.222647216801210579e-01
1.267184050877312302e+03 5.163520687250313657e-01
1.267016842538568199e+03 5.277369528283338829e-01
1.266849634199823868e+03 5.279809798551390321e-01
1.266682548089397642e+03 5.216932045560156439e-01
1.266515584207289066e+03 5.344758774024669368e-01
1.266348498096862613e+03 5.252515789304839089e-01
1.266181534214754038e+03 5.152410861800730268e-01
1.266014570332645462e+03 5.222494810387963149e-01
1.265847606450536887e+03 5.244250599085727993e-01
1.265680764796746189e+03 5.210765163845338943e-01
1.265513923142955491e+03 5.236694231497774910e-01
1.265347325945800321e+03 5.213802879951435765e-01
1.265180484292009396e+03 5.214173801365366012e-01
1.265013764866536576e+03 5.150262550775466242e-01
1.264847167669381179e+03 5.294389583511842634e-01
1.264680570472226009e+03 5.260811919836624329e-01
1.264514095503388717e+03 5.319677034535976734e-01
1.264347620534551424e+03 5.250200067492070133e-01
1.264181145565713905e+03 5.249699053266750903e-01
1.264014792825194263e+03 5.282800586813622967e-01
1.263848440084674849e+03 5.223909666818664643e-01
1.263682087344155207e+03 5.165417251525046272e-01
1.263515856831953442e+03 5.274140449091616611e-01
1.263349626319751678e+03 5.214665320149026728e-01
1.263183518035867564e+03 5.239642183284406451e-01
1.263017287523665800e+03 5.235045079484089703e-01
1.262851301468099564e+03 5.257941408694793983e-01
1.262685193184215450e+03 5.183303279587323509e-01
1.262519207128649441e+03 5.250290182055001864e-01
1.262353343301400855e+03 5.207785967160459828e-01
1.262187479474152497e+03 5.320705587492950972e-01
1.262021615646904138e+03 5.277070660997019713e-01
1.261855751819655779e+03 5.285020865352333397e-01
1.261690132449042949e+03 5.172835196933366353e-01
1.261524513078430118e+03 5.190069025894332722e-01
1.261358771479499410e+03 5.235259334489142935e-01
1.261193152108886579e+03 5.236533884810475881e-01
1.261027654966591626e+03 5.206248990355925033e-01
1.260862157824296673e+03 5.297479837301287686e-01
1.260696660682001493e+03 5.256594886196565009e-01
1.260531163539706540e+03 5.168920411888684452e-01
1.260365788625729238e+03 5.213961461399261310e-01
1.260200535940069813e+03 5.196465930964716540e-01
1.260035161026092737e+03 5.178029300189913586e-01
1.259870030568750963e+03 5.212396145780576751e-01
1.259704777883091538e+03 5.277365179839446085e-01
1.259539647425749990e+03 5.251722012656573346e-01
