# Wavelength, Reflectance
1.644376143472905824e+03 4.020280786638494863e-01
1.643510054605718324e+03 4.003222699984546051e-01
1.642644820230718324e+03 4.098672586060753131e-01
1.641780562418218324e+03 4.135812925406262552e-01
1.640917159097905824e+03 4.118877854778261183e-01
1.640054854410405824e+03 4.017595740637577850e-01
1.639193404215093324e+03 4.092296112142208009e-01
1.638332930582280824e+03 4.194979036652595195e-01
1.637473311441655824e+03 4.031342691506717424e-01
1.636614790933843324e+03 4.058973005228660447e-01
1.635757124918218324e+03 4.012947899562004372e-01
1.634900435465093324e+03 4.140099348467435880e-01
1.634044722574468324e+03 4.086166900886343267e-01
1.633189864176030824e+03 4.133015707385405135e-01
1.632335982340093324e+03 4.120004807772747468e-01
1.631482954996343324e+03 4.181062815175244363e-01
1.630630904215093324e+03 4.220076045469599579e-01
1.629779829996343324e+03 4.072556912184169819e-01
1.628929610269780824e+03 4.082372311158197209e-01
1.628080367105718324e+03 4.150171468314437506e-01
1.627231978433843324e+03 4.118513934610693039e-01
1.626384566324468324e+03 4.152434319655561867e-01
1.625538130777593324e+03 4.157475065168409478e-01
1.624692671793218324e+03 4.168126774596076500e-01
1.623847945230718324e+03 4.090006169362508937e-01
1.623004317301030824e+03 4.148138286318790446e-01
1.622161421793218324e+03 4.124947110903095515e-01
1.621319624918218324e+03 4.062235310093743612e-01
1.620478560465093324e+03 4.148654526436302836e-01
1.619638594644780824e+03 4.103946950709193575e-01
1.618799361246343324e+03 4.036449698923976759e-01
1.617961104410405824e+03 4.009409202238614078e-01
1.617123702066655824e+03 3.987154618288518138e-01
1.616287276285405824e+03 3.931539187421140835e-01
1.615451704996343324e+03 3.957219028131244154e-01
1.614617110269780824e+03 3.921933556470140747e-01
1.613783492105718324e+03 3.953404528041134514e-01
1.612950606363530824e+03 3.890556207476804085e-01
1.612118697183843324e+03 3.741689467732749463e-01
1.611287642496343324e+03 3.533939246457076799e-01
1.610457564371343324e+03 3.132285910824721964e-01
1.609628340738530824e+03 2.865106243176637202e-01
1.608799971597905824e+03 3.062517417208820425e-01
1.607972579019780824e+03 3.423281942293439073e-01
1.607145918863530824e+03 3.656182286106938184e-01
1.606320235269780824e+03 3.836267874681428824e-01
1.605495528238530824e+03 3.847285470799061136e-01
1.604671675699468324e+03 3.796902988794272349e-01
1.603848555582280824e+03 3.737602742316799564e-01
1.603026412027593324e+03 3.729125754938176773e-01
1.602205245035405824e+03 3.836076150665665430e-01
1.601384810465093324e+03 3.854563082323427814e-01
1.600565352457280824e+03 3.912217433317896620e-01
1.599746748941655824e+03 3.933898865657060595e-01
1.598928999918218324e+03 3.973295122774928023e-01
1.598112105386968324e+03 3.945023570277277347e-01
1.597295943277593324e+03 3.940227740105902154e-01
1.596481123941655824e+03 3.931616476035397767e-01
1.595666792886968324e+03 3.867052184471295728e-01
1.594853316324468324e+03 3.779889182401718895e-01
1.594040938394780824e+03 3.755627290243191974e-01
1.593229170816655824e+03 3.796595357745987664e-01
1.592418379801030824e+03 3.737268852861640456e-01
1.591608565347905824e+03 3.706715006960723535e-01
1.590799483316655824e+03 3.773323519380781810e-01
1.589991377847905824e+03 3.740897286946879285e-01
1.589183882730718324e+03 3.820799384538079435e-01
1.588377242105718324e+03 3.859332950120182848e-01
1.587571822183843324e+03 3.838447488034082977e-01
1.586767012613530824e+03 3.891495300132344348e-01
1.585963057535405824e+03 3.829818009483694219e-01
1.585160079019780824e+03 3.834812608618392016e-01
1.584357832926030824e+03 3.860432714826971257e-01
1.583556441324468324e+03 3.834422548204564629e-01
1.582756026285405824e+03 3.807659010558903656e-01
1.581956343668218324e+03 3.731412137555927822e-01
1.581157637613530824e+03 3.691853523894263467e-01
1.580359541910405824e+03 3.492602629790561020e-01
1.579562300699468324e+03 3.308511769142085668e-01
1.578766158121343324e+03 3.040357366751311186e-01
1.577970625894780824e+03 2.823024131296261729e-01
1.577176070230718324e+03 2.920730479922998835e-01
1.576382369058843324e+03 3.186995954485129512e-01
1.575589400308843324e+03 3.470793371027541263e-01
1.574797163980718324e+03 3.564792737588793337e-01
1.574005904215093324e+03 3.629111291833070352e-01
1.573215498941655824e+03 3.678658358484684920e-01
1.572425948160405824e+03 3.783562240729657633e-01
1.571637129801030824e+03 3.810772590893833356e-01
1.570849043863530824e+03 3.874004146238799740e-01
1.570062056558843324e+03 3.869969244018620080e-01
1.569275679605718324e+03 3.835266678389178119e-01
1.568490401285405824e+03 3.863983201470060358e-01
1.567705611246343324e+03 3.881665979279464995e-01
1.566921797769780824e+03 3.884011798364701562e-01
1.566138838785405824e+03 3.870605112844718310e-01
1.565356612222905824e+03 3.906908643082935284e-01
1.564575240152593324e+03 3.868638067974075057e-01
1.563794722574468324e+03 3.875786370113575297e-01
1.563015059488530824e+03 3.871909319379630565e-01
1.562236006754155824e+03 3.836471202942829950e-01
1.561457930582280824e+03 3.885577207552317058e-01
1.560680708902593324e+03 3.854250542207486308e-01
1.559904219644780824e+03 3.874256882644186439e-01
1.559128462808843324e+03 3.860411716512534563e-01
1.558353560465093324e+03 3.881733129743993316e-01
1.557579634683843324e+03 3.795237252553181895e-01
1.556806319254155824e+03 3.882709128977937518e-01
1.556033858316655824e+03 3.849603178358080857e-01
1.555262129801030824e+03 3.838199027664316865e-01
1.554491377847905824e+03 3.825876626083090093e-01
1.553721236246343324e+03 3.754287912833568219e-01
1.552952071207280824e+03 3.753851989939677170e-01
1.552951949136968324e+03 3.806291583498941367e-01
1.552695845621343324e+03 3.734355901968262059e-01
1.552439620035405824e+03 3.763040262724027807e-01
1.552183638590093324e+03 3.729787377401231896e-01
1.552183516519780824e+03 3.803926106117371253e-01
1.551927657144780824e+03 3.779694048981318555e-01
1.551415938394780824e+03 3.807634075503339433e-01
1.550649092691655824e+03 3.831776141003775948e-01
1.549882979410405824e+03 3.877848556653287204e-01
1.549117720621343324e+03 3.937823114223304444e-01
1.548353316324468324e+03 3.924762283444983013e-01
1.547589522379155824e+03 3.908451948271682852e-01
1.546826582926030824e+03 3.911757279270287602e-01
1.546064497965093324e+03 3.816447193253970638e-01
1.545303267496343324e+03 3.839217744943618227e-01
1.544542647379155824e+03 3.742988783394552432e-01
1.543782759683843324e+03 3.522104314143642001e-01
1.543023848551030824e+03 3.176123238450647701e-01
1.542265791910405824e+03 3.299427182669236736e-01
1.541508345621343324e+03 3.511829016638143286e-01
1.540751631754155824e+03 3.766003979788656308e-01
1.539995772379155824e+03 3.787912958170882027e-01
1.539240645426030824e+03 3.869138117378307928e-01
1.538486495035405824e+03 3.887354218233852188e-01
1.537732954996343324e+03 3.956194061504576531e-01
1.536980147379155824e+03 3.909997019191348566e-01
1.536228194254155824e+03 3.908706783224334957e-01
1.535476729410405824e+03 3.915886242995144095e-01
1.534726607340093324e+03 3.912710129704934925e-01
1.533976729410405824e+03 3.906251446964286722e-01
1.533227950113530824e+03 3.968612575707623491e-01
1.532479781168218324e+03 3.923103829025370026e-01
1.531732344644780824e+03 3.936867570995604693e-01
1.530985884683843324e+03 3.934888446900243197e-01
1.530240035074468324e+03 3.906853778283327916e-01
1.529494917886968324e+03 3.945904487839894115e-01
1.528750533121343324e+03 3.970787140239971369e-01
1.528007002847905824e+03 3.970389064929586431e-01
1.527263960855718324e+03 3.900647796630524744e-01
1.526522139566655824e+03 3.964270255413553379e-01
1.525780684488530824e+03 3.992524212838574060e-01
1.525040328043218324e+03 3.932569941422956461e-01
1.524300459879155824e+03 3.920854057898899847e-01
1.523561446207280824e+03 3.924590572093101248e-01
1.522823164957280824e+03 3.974172887104611696e-01
1.522085738199468324e+03 3.997604213727403710e-01
1.521348921793218324e+03 3.977096988312585624e-01
1.520612837808843324e+03 3.953749514310138102e-01
1.519877486246343324e+03 3.964185613925637064e-01
1.519142989176030824e+03 3.944661676145123086e-01
1.518409102457280824e+03 3.982899137711969906e-01
1.517675948160405824e+03 3.935672921148558046e-01
1.516943892496343324e+03 3.997722777779546544e-01
1.516212325113530824e+03 3.975592128708920203e-01
1.515481368082280824e+03 3.939798544940517067e-01
1.515238081949468324e+03 3.850099466538861592e-01
1.514994795816655824e+03 3.876988410949295805e-01
1.514751387613530824e+03 3.847125542925929897e-01
1.514751265543218324e+03 3.953311435873899660e-01
1.514508223551030824e+03 3.898341113533660418e-01
1.514265181558843324e+03 3.892923745199430297e-01
1.514021895426030824e+03 3.977978243032018191e-01
1.513293257730718324e+03 3.948843669438938941e-01
1.512565352457280824e+03 3.964325738906015473e-01
1.511838179605718324e+03 3.976302430637322916e-01
1.511111861246343324e+03 3.994835271197083593e-01
1.510386153238530824e+03 3.982706125018389831e-01
1.509661177652593324e+03 4.004843860065764871e-01
1.508936934488530824e+03 4.050876950968877455e-01
1.508213423746343324e+03 3.978739655624738414e-01
1.507490645426030824e+03 3.990746966717743649e-01
1.506768599527593324e+03 4.009928151944883723e-01
1.506047286051030824e+03 3.994295437255268588e-01
1.505326704996343324e+03 4.026982360280023654e-01
1.504606978433843324e+03 3.997264194617916599e-01
1.503887740152593324e+03 3.976646245596189844e-01
1.503169271676909148e+03 4.015320467852533937e-01
1.502450650277185332e+03 3.950942788662468730e-01
1.501732762164604310e+03 3.976523539228165594e-01
1.501015729553689653e+03 3.945250440716170925e-01
1.500299308015393763e+03 3.934483178731570940e-01
1.499583619764240211e+03 3.889156866873237361e-01
1.498868664800229453e+03 3.943041338331441104e-01
1.498154320908837690e+03 3.963570174868941698e-01
1.497440832519112064e+03 3.966487745939619169e-01
1.496727955202005205e+03 3.984176151516813924e-01
1.496015933386564711e+03 3.966335415610501292e-01
1.495304522643742985e+03 3.929543244333047469e-01
1.494593845188063824e+03 3.911748540143716313e-01
1.493883778805003658e+03 3.960772195752664815e-01
1.493174567923609629e+03 3.959827041508487411e-01
1.492465968114834595e+03 3.989951744502677200e-01
1.491758101593202127e+03 3.991630562592370923e-01
1.491050968358711998e+03 3.991855179224034211e-01
1.490344446196840863e+03 3.915896674201549965e-01
1.489638657322112294e+03 4.005442009940656245e-01
1.488933601734526292e+03 3.993285994926986660e-01
1.488229279434082855e+03 3.918274773234365904e-01
1.487525568206258185e+03 4.000532987945355501e-01
1.486822590265576082e+03 4.025269493389515008e-01
1.486120223397512973e+03 4.028179365647466814e-01
1.485418712031116002e+03 3.983778551191819450e-01
1.484717811737338025e+03 3.991385651272268964e-01
1.484017644730702386e+03 3.932371204323076852e-01
1.483318088796685743e+03 3.955949866437473150e-01
1.482619388364335464e+03 3.967440366571872157e-01
1.481921176790080153e+03 4.008922998205473043e-01
1.481223820717491208e+03 3.983467971989994583e-01
1.480527075717521029e+03 3.983152209382777031e-01
1.479830941790169618e+03 3.985089847327921153e-01
1.479135663364484572e+03 3.984617179101281326e-01
1.478440873796894721e+03 3.944928835160670388e-01
1.477746939730971008e+03 3.969752422214859466e-01
1.477053616737666289e+03 3.922087968392064528e-01
1.476361027031503909e+03 3.855913194927087506e-01
1.475669048397960523e+03 3.639159685824814860e-01
1.474977803051559704e+03 3.726078798137693049e-01
1.474287168777777651e+03 3.948308210948766050e-01
1.473597267791138165e+03 3.999899097638477397e-01
1.472907977877117673e+03 3.968239602676992828e-01
1.472219421250239520e+03 3.961486254368535853e-01
1.471531597910503933e+03 3.919998598042472304e-01
1.470844385643387341e+03 3.969520675712756574e-01
1.470157906663413314e+03 3.962604185810121304e-01
1.469472038756057827e+03 3.944491633059506452e-01
1.468786781921321335e+03 3.943425059241558728e-01
1.468102258373727636e+03 3.985481819554084759e-01
1.467418468113276276e+03 4.030636708648269173e-01
1.466735288925443683e+03 4.021982423518473682e-01
1.466052720810230085e+03 3.901700910477701179e-01
1.465370885982158825e+03 4.006700229945950320e-01
1.464689662226706560e+03 3.989130060151203083e-01
1.464009171758396860e+03 4.036167695841710312e-01
1.463329292362705928e+03 3.973309939812324498e-01
1.462650146254157562e+03 3.984537466205184675e-01
1.461971611218227963e+03 3.995907253648310897e-01
1.461293687254917131e+03 3.992571886186629393e-01
1.460616374364225294e+03 3.908248377520564532e-01
1.459939916975199822e+03 3.927499115136805496e-01
1.459263948444269090e+03 3.888989180097756626e-01
1.458588713200481152e+03 3.905699011779821261e-01
1.457914089029311981e+03 3.922258730997845722e-01
1.457240198145285603e+03 3.910755141467185392e-01
1.456566918333877766e+03 3.858277037128446940e-01
1.455894249595088922e+03 3.866415715961667998e-01
1.455222314143442418e+03 3.860144810440340191e-01
1.454550989764414908e+03 3.830029413650209436e-01
1.453880276458006165e+03 3.955208300136023314e-01
1.453210174224216189e+03 3.899990397267257269e-01
1.452540927492092578e+03 3.920696960217721627e-01
1.451872169618064163e+03 3.914570333377445088e-01
1.451204022816654287e+03 3.930511591607425692e-01
1.450536609302387205e+03 3.877148857763232925e-01
1.449869806860738890e+03 3.855347891916818814e-01
1.449203615491709343e+03 3.838848077322069563e-01
1.448538157409822361e+03 3.818581884225845657e-01
1.447873310400554374e+03 3.869050314654073897e-01
1.447208952249381127e+03 3.855026079015613227e-01
1.446545449599874473e+03 3.810291867598988858e-01
1.445882435808462787e+03 3.783706205232340580e-01
1.445220277518717239e+03 3.697814262341926894e-01
1.444558485872543315e+03 3.722145434789218554e-01
1.443897427513511730e+03 3.720812284638382872e-01
1.443237102441622937e+03 3.739203872215244862e-01
1.442577266227828886e+03 3.727460514721678830e-01
1.441918163301177628e+03 3.603095394765282178e-01
1.441259671447145138e+03 3.570256348215709030e-01
1.440601790665731414e+03 3.608308969905319463e-01
1.439944398742412886e+03 3.536508042302177190e-01
1.439287984535284295e+03 3.418474881788856612e-01
1.439287862320760496e+03 3.387211686713400560e-01
1.439069220537749516e+03 3.378703923408831744e-01
1.438850456540214509e+03 3.371785536476191170e-01
1.438631936971727100e+03 3.335715023473226348e-01
1.438631814757203301e+03 3.340130393747069992e-01
1.438413295188715892e+03 3.296105097313848931e-01
1.438194897834752283e+03 3.335074566716839106e-01
1.437976622695312471e+03 3.334729295390022608e-01
1.437976500480788673e+03 3.278334861491623009e-01
1.437758225341348862e+03 3.270097675513919389e-01
1.437540072416432622e+03 3.198085981106726372e-01
1.437321919491516610e+03 3.155208827255974735e-01
1.437321797276992811e+03 3.185144685250336782e-01
1.437103522137553000e+03 3.139533086168241893e-01
1.436885613641684358e+03 3.031408938801320452e-01
1.436667827360339516e+03 3.002176628574154682e-01
1.436667705145815717e+03 3.019350073644398447e-01
1.436449796649947302e+03 2.956112013444584519e-01
1.436231888154078661e+03 2.876386351816524467e-01
1.436014224087257617e+03 2.875294320829628880e-01
1.435796560020436573e+03 2.819107590413011954e-01
1.435578895953615529e+03 2.778951447557652110e-01
1.435361354101318057e+03 2.706392086437232058e-01
1.435143934463544610e+03 2.701899356764029814e-01
1.434926514825771164e+03 2.708707033221715577e-01
1.434709095187997491e+03 2.768347888717241356e-01
1.434491919979271643e+03 2.744474927635423001e-01
1.434274622556021768e+03 2.798791118730825089e-01
1.434057447347295692e+03 2.782733267258848397e-01
1.433840394353093416e+03 2.865541215723905744e-01
1.433623463573414938e+03 2.939663179454443664e-01
1.433406532793736460e+03 3.029903333319283742e-01
1.433189602014057982e+03 3.037865627436496796e-01
1.432972915663427102e+03 3.068336276938920526e-01
1.432756107098272423e+03 3.089202742810503999e-01
1.432539420747641543e+03 3.154023313118337057e-01
1.432322856611534235e+03 3.154770086900346437e-01
1.432106414689950725e+03 3.289742350726154174e-01
1.431889972768367443e+03 3.272273482260777411e-01
1.431673530846783933e+03 3.337333028231251886e-01
1.431457211139724222e+03 3.360472659670664108e-01
1.431241013647188311e+03 3.345879151301078269e-01
1.431024816154652399e+03 3.344574089607546541e-01
1.430808740876640286e+03 3.416537442772565880e-01
1.430592787813151972e+03 3.489124573901993820e-01
1.430376712535139859e+03 3.537852567478763643e-01
1.430160759471651318e+03 3.532433920388535764e-01
1.429944806408163004e+03 3.548803764375990100e-01
1.429729219988245859e+03 3.435784657661986041e-01
1.429513511353805143e+03 3.305060014726357576e-01
1.429297924933887998e+03 3.263741574779250865e-01
1.429082460728494652e+03 3.285883619425065127e-01
1.428866874308577508e+03 3.304888704777477759e-01
1.428651410103184162e+03 3.297310421430559302e-01
1.428436068112314615e+03 3.299340050333126051e-01
1.428220848335968867e+03 3.329964476363729831e-01
1.428005628559623119e+03 3.308905956127493608e-01
1.427790408783277144e+03 3.343695659573339696e-01
1.427575311221455195e+03 3.351647005735846618e-01
1.427360458088680616e+03 3.351364987541382567e-01
1.427145360526858667e+03 3.331443726159814545e-01
1.426930507394084088e+03 3.295039513465990444e-01
1.426715776475833309e+03 3.364107771350112741e-01
1.426501045557582529e+03 3.342335911331174025e-01
1.426286314639331749e+03 3.323843391949044546e-01
1.426071705935604768e+03 3.296746998350385538e-01
1.425857219446401587e+03 3.330811369017553925e-01
1.425642732957198405e+03 3.225985019168802759e-01
1.425428368682518794e+03 3.258129288229306697e-01
1.425214004407839411e+03 3.246438466553367430e-01
1.424999762347683600e+03 3.196370050159553222e-01
1.424785520287528016e+03 3.267490948545295204e-01
1.424571400441896003e+03 3.278090157359944135e-01
1.424357158381740419e+03 3.225804619547475438e-01
1.424143405179679576e+03 3.263845715351744725e-01
1.423929407548571589e+03 3.263820195584687389e-01
1.423715532131987175e+03 3.295267479428444224e-01
1.423501778929926331e+03 3.230947319042403176e-01
1.423288025727865715e+03 3.275805222793846672e-01
1.423074394740328898e+03 3.274331409661845882e-01
1.422860641538268283e+03 3.308479427429898978e-01
1.422647377194302635e+03 3.227887821878977492e-01
1.422433868421289390e+03 3.274238615500545957e-01
1.422220481862800170e+03 3.291529957582481902e-01
1.422007095304310724e+03 3.314045371176209676e-01
1.421793953174868875e+03 3.399858651007886534e-01
1.421580688830903227e+03 3.381318294125957302e-01
1.421367546701461379e+03 3.307345900393349747e-01
1.421154404572019530e+03 3.300578552425695311e-01
1.420941506871625279e+03 3.254860687285207055e-01
1.420728609171231028e+03 3.348031644410511820e-01
1.420515711470836550e+03 3.317700523891496389e-01
1.420303058199489897e+03 3.398045952166796613e-01
1.420090160499095418e+03 3.382051317396486123e-01
1.419877629442272564e+03 3.390567707375783946e-01
1.419664976170925684e+03 3.393067921354469552e-01
1.419452567328626401e+03 3.475400896693373043e-01
1.419240036271803319e+03 3.455328478240456969e-01
1.419027627429504037e+03 3.475609292903523717e-01
1.418815340801728553e+03 3.462801117200643986e-01
1.418603176388476868e+03 3.521398111796594788e-01
1.418391011975225183e+03 3.553714534292215510e-01
1.418178847561973271e+03 3.578714253412057511e-01
1.417966683148721586e+03 3.536551142424872451e-01
1.417754885379041070e+03 3.531108705949918547e-01
1.417542843180313184e+03 3.562337943313190758e-01
1.417330923196108870e+03 3.533623892200554728e-01
1.417119247640952153e+03 3.589729601875719656e-01
1.416907572085795664e+03 3.589283245759796737e-01
1.416695896530638947e+03 3.595933960183118061e-01
1.416484220975482231e+03 3.612453990114741220e-01
1.416272789849373112e+03 3.682338212999180516e-01
1.416061358723263766e+03 3.613474510662662564e-01
1.415849927597154647e+03 3.645200924039239121e-01
1.415638618685569327e+03 3.610753571269455509e-01
1.415427309773983779e+03 3.609536020754947616e-01
1.415216245291446057e+03 3.636743437655585165e-01
1.415005058594384309e+03 3.726468974587638927e-01
1.414793994111846359e+03 3.660340079995009210e-01
1.414582929629308637e+03 3.634532725267938247e-01
1.414372109575818286e+03 3.713672233313095039e-01
1.414161289522327934e+03 3.703424368921383603e-01
1.413950469468837582e+03 3.671431842631535103e-01
1.413739771629870802e+03 3.675549907696037399e-01
1.413529196005428048e+03 3.704460489833227288e-01
1.413318498166461495e+03 3.763093150949947119e-01
1.413107800327494942e+03 3.750182085865070847e-01
1.412897591346623358e+03 3.731339390756002738e-01
1.412687137936704175e+03 3.738790500963805608e-01
1.412476806741309019e+03 3.733257304727587989e-01
1.412266475545913636e+03 3.775244804196781767e-01
1.412056388779565850e+03 3.832962292263246695e-01
1.411846302013218065e+03 3.834424817919576123e-01
1.411636215246870279e+03 3.842835047091243683e-01
1.411426128480522493e+03 3.793932048107714339e-01
1.411216286143222305e+03 3.837234577741772124e-01
1.411006443805922117e+03 3.821103677924850839e-01
1.410796601468621702e+03 3.848317151259043056e-01
1.410586759131321514e+03 3.820549066297445062e-01
1.410377161223068697e+03 3.817244948379001634e-01
1.410167563314816107e+03 3.798286373601050259e-01
1.409958087621087088e+03 3.826496422618548832e-01
1.409748489712834271e+03 3.810179791101310220e-01
1.409539258448152850e+03 3.854653693861551100e-01
1.409329782754423832e+03 3.812203074253347479e-01
1.409120551489742411e+03 3.880491884162519667e-01
1.408911320225060990e+03 3.843743549610786903e-01
1.408702211174903368e+03 3.816857914283595665e-01
1.408493102124745747e+03 3.834080106833294144e-01
1.408284115289111696e+03 3.847679837978921769e-01
1.408075128453477873e+03 3.841923983660897046e-01
1.407866263832367622e+03 3.864506116591109319e-01
1.407657399211257598e+03 3.885652402787068693e-01
1.407448656804671145e+03 3.871381141784130397e-01
1.407239914398084693e+03 3.872095105078978694e-01
1.407031294206022039e+03 3.882241783388295508e-01
1.406822796228483185e+03 3.938707499371869036e-01
1.406614298250944330e+03 3.926666205288712463e-01
1.406405800273405475e+03 3.934971275698115334e-01
1.406197424510390420e+03 3.966259722697370038e-01
1.405989293176422734e+03 3.933079313831545076e-01
1.405780917413407678e+03 3.879648284760559007e-01
1.405572786079440220e+03 3.963503966143837043e-01
1.405364654745472535e+03 3.987827732855469542e-01
1.405156645626028649e+03 3.998212765643536781e-01
1.404948636506584990e+03 3.940057749339316850e-01
1.404740749601664902e+03 3.918256422470363098e-01
1.404532862696744814e+03 3.929427050216669492e-01
1.404325220220872325e+03 3.883277680432528634e-01
1.404117455530476036e+03 3.991972766862816879e-01
1.403909690840079747e+03 3.948279583938554826e-01
1.403702170578730829e+03 3.935092059491340222e-01
1.403494650317382138e+03 3.937213555211391269e-01
1.403287252270557019e+03 3.957091919118004841e-01
1.403079732009208328e+03 3.966271444271290969e-01
1.402872456176907008e+03 3.955718512477172100e-01
1.402665302559129714e+03 3.937614052237436990e-01
1.402458026726828393e+03 3.983137151647828667e-01
1.402250873109050872e+03 3.994891535973733032e-01
1.402043719491273350e+03 3.976071372474417331e-01
1.401836810302543427e+03 4.009496614845434737e-01
1.401629901113813503e+03 3.931776550577896767e-01
1.401422991925083579e+03 3.942722112837886428e-01
1.401216082736353655e+03 3.950785790463254288e-01
1.401009295762147303e+03 3.954368432513275522e-01
1.400802631002464977e+03 3.964112767535825643e-01
1.400596088457306223e+03 3.999354388665714577e-01
1.400389545912147696e+03 3.954312394415571696e-01
1.400183003366988942e+03 3.996141921033705691e-01
1.399976583036353986e+03 4.001393959723446581e-01
1.399770284920242830e+03 4.070669458532977236e-01
1.399563864589608102e+03 4.008475451838892645e-01
1.399357688688020517e+03 4.022883998840338649e-01
1.399151512786433159e+03 3.960281118726461935e-01
1.398945459099369600e+03 3.977237822153871782e-01
1.398739283197782242e+03 4.023198466994544198e-01
1.398533351725242483e+03 4.006400854565012049e-01
1.398327542467226294e+03 3.980386848304219294e-01
1.398121488780162736e+03 3.989198802012299261e-01
1.397915801736670346e+03 3.989569344103743864e-01
1.397709992478654158e+03 3.992705415871372066e-01
1.397504305435161996e+03 3.968677961245659636e-01
1.397298862820717204e+03 3.984653666339898481e-01
1.397093297991748614e+03 3.970862416647750193e-01
1.396887733162780023e+03 3.993578567491548048e-01
1.396682168333811433e+03 4.057892666225049738e-01
1.396477092362937810e+03 4.038367007805136466e-01
1.396271771963016818e+03 4.007053216871251933e-01
1.396066451563095825e+03 4.001588866971574898e-01
1.395861375592222203e+03 4.072915432464299101e-01
1.395656299621348808e+03 4.082294339923040472e-01
1.395451223650475185e+03 4.083140195503877079e-01
1.395246269894125589e+03 4.044309745094495367e-01
1.395041316137775766e+03 4.052521121462613896e-01
1.394836484595949742e+03 4.015647761192768228e-01
1.394631775268647516e+03 3.990762403899429378e-01
1.394427065941345290e+03 4.024740254788666260e-01
1.394222356614043065e+03 4.039775077582526408e-01
1.394017647286740839e+03 4.027449552033390279e-01
1.393813304603009783e+03 4.015015608053715268e-01
1.393608839704755155e+03 4.006422257372180828e-01
1.393404374806500527e+03 4.038394176377020917e-01
1.393200032122769471e+03 4.050822834688984631e-01
1.392995811653562441e+03 4.001589815031429964e-01
1.392791591184355184e+03 4.035442026921279846e-01
1.392587492929671726e+03 4.073433629197248940e-01
1.392383394674988267e+03 4.057445069711859142e-01
1.392179296420304809e+03 4.056058223129394014e-01
1.391975442594668948e+03 4.058626163105907292e-01
1.391771466554509288e+03 4.013330654735772218e-01
1.391567612728873428e+03 4.030555967615392921e-01
1.391363758903237567e+03 4.062027342351134385e-01
1.391160271721172876e+03 3.980928938338756939e-01
1.390956540110060814e+03 3.952539890958632895e-01
1.390752930713472551e+03 3.949721523564277970e-01
1.390549443531407860e+03 4.009708130200238529e-01
1.390345956349343169e+03 4.030672587034337950e-01
1.390142591381802504e+03 4.047867434108399776e-01
1.389939226414261611e+03 4.033139017470676602e-01
1.389735983661244518e+03 4.015808869866593356e-01
1.389532740908227424e+03 4.060113664069762152e-01
1.389329742584257929e+03 4.085059839971939000e-01
1.389126622045764634e+03 4.055598865926631214e-01
1.388923501507271112e+03 4.032775398131799305e-01
1.388720503183301616e+03 4.085398789336999181e-01
1.388517627073855920e+03 4.059140711021748671e-01
1.388314873178933794e+03 4.020356528081509562e-01
1.388112119284011897e+03 4.070690804091384729e-01
1.387909365389089771e+03 4.040495229331461102e-01
1.387706733708691445e+03 4.078357464725042569e-01
1.387504224242816917e+03 3.992768723838551748e-01
1.387301592562418818e+03 4.037370353703170212e-01
1.387099205311068090e+03 4.061994917792135507e-01
1.386896818059717361e+03 4.021594738940916791e-01
1.386694430808366405e+03 4.051739064342114172e-01
1.386492165771539476e+03 4.056421110379656580e-01
1.386290022949236345e+03 4.064442026009552067e-01
1.386087757912409415e+03 4.103392144175631584e-01
1.385885737304629856e+03 4.091646858452914204e-01
1.385683716696850524e+03 4.104143808525435033e-01
1.385481818303594764e+03 4.094749505691870906e-01
1.385279919910339004e+03 4.041269416283970739e-01
1.385078021517083243e+03 4.078433235647861976e-01
1.384876245338351509e+03 4.077319812594861204e-01
1.384674469159619548e+03 4.038608393068980340e-01
1.384472937409935184e+03 4.068954573221992832e-01
1.384271283445727022e+03 4.039424756727531540e-01
1.384069751696042431e+03 4.058125972555560734e-01
1.383868219946358067e+03 4.093145542362290890e-01
1.383666932625721302e+03 4.022425371894326473e-01
1.383465523090560509e+03 4.069425276597571361e-01
1.383264235769923744e+03 4.117789012291089845e-01
1.383062948449286750e+03 4.125224350379780303e-01
1.382861905557697355e+03 4.074485590953122460e-01
1.382660862666108187e+03 4.110717500988730899e-01
1.382459697559994993e+03 4.146933275550407916e-01
1.382258776882929396e+03 4.134334555485933982e-01
1.382057856205863800e+03 4.107835513866034960e-01
1.381857057743322002e+03 4.084121221077046116e-01
1.381656259280780205e+03 4.085805745343449868e-01
1.381455460818238407e+03 4.108167094088764348e-01
1.381254784570220181e+03 4.104855606908168753e-01
1.381054108322202183e+03 4.084540957948491480e-01
1.380853676503231554e+03 4.132612645040668609e-01
1.380653244684261153e+03 4.092806712162261329e-01
1.380452812865290525e+03 4.096350996094454966e-01
1.380252381046320124e+03 4.001760148491408375e-01
1.380052071441873295e+03 4.079535904985229777e-01
1.379851884051950265e+03 4.073680494767273341e-01
1.379651696662027234e+03 4.107773477562664532e-01
1.379451509272104204e+03 4.066026600255897017e-01
1.379251444096704972e+03 4.114235577580380721e-01
1.379051623350353111e+03 4.014075464416039241e-01
1.378851680389477679e+03 4.117838580296366846e-01
1.378651737428602246e+03 4.075018121682749128e-01
1.378451916682250385e+03 4.113481773562269184e-01
1.378252095935898751e+03 4.114595197673808213e-01
1.378052397404070689e+03 4.089259736679116131e-01
1.377852821086766653e+03 4.104032416298080688e-01
1.377653244769462390e+03 4.114262315998913344e-01
1.377453790666681925e+03 4.078423579796271459e-01
1.377254336563901461e+03 4.088775626158803744e-01
1.377055004675644795e+03 4.112540641427284704e-01
1.376855672787388130e+03 4.143542096542250919e-01
1.376656340899131465e+03 4.106038991002488592e-01
1.376457131225398598e+03 4.145458671731011013e-01
1.376257921551665731e+03 4.141860504683330668e-01
1.376058956306980235e+03 4.102209414808483112e-01
1.375859868847771168e+03 4.092562208559903936e-01
1.375660903603085671e+03 4.075101417047212737e-01
1.375461938358400403e+03 4.090985129026777911e-01
1.375263095328238705e+03 4.059419985678628939e-01
1.375064496727124606e+03 4.141273924116687377e-01
1.374865775911486708e+03 4.105491448273892452e-01
1.374667055095848809e+03 4.119301332645373681e-01
1.374468456494734710e+03 4.139658266067148817e-01
1.374269857893620610e+03 4.121718067184050316e-01
1.374071503721554109e+03 4.096243155207064945e-01
1.373873027334963581e+03 4.161550085228267748e-01
1.373674673162897079e+03 4.131670140412114778e-01
1.373476318990830578e+03 4.082077413254909248e-01
1.373278087033287648e+03 4.104093340137436319e-01
1.373079977290268744e+03 4.067811692100018472e-01
1.372881745332725814e+03 4.058314328954297223e-01
1.372683757804230481e+03 4.080162110549821475e-01
1.372485770275735149e+03 4.095828338682283021e-01
1.372287782747240044e+03 4.121415189104150611e-01
1.372090039647792310e+03 4.076502290016253971e-01
1.371892174333820776e+03 4.066543267691022923e-01
1.371694431234372814e+03 4.088876888907989615e-01
1.371496565920401281e+03 4.015136037110106915e-01
1.371299067250001144e+03 4.071789823520035601e-01
1.371101568579600780e+03 4.102325504513424925e-01
1.370904069909200643e+03 4.122841124519381339e-01
1.370706571238800507e+03 4.082961654023811726e-01
1.370509072568400143e+03 4.081170580352315724e-01
1.370311696112523578e+03 4.081454933301628119e-01
1.370114564085694838e+03 4.060532638809916106e-01
1.369917309844342071e+03 4.072126674640347832e-01
1.369720177817513104e+03 4.055028744391833695e-01
1.369523045790684137e+03 4.039826072279213975e-01
1.369326035978378968e+03 4.087686527992591690e-01
1.369129148380597599e+03 4.126896608495593810e-01
1.368932016353768631e+03 4.119842850785195854e-01
1.368735250970510833e+03 4.050314876020170707e-01
1.368538485587253263e+03 4.158203153154692022e-01
1.368341720203995465e+03 4.132726446237330875e-01
1.368145077035261693e+03 4.099969800288005839e-01
1.367948433866527694e+03 4.088403961658418351e-01
1.367751790697793922e+03 4.123343684333475867e-01
1.367555391958107521e+03 4.099283711790245865e-01
1.367358871003897320e+03 4.074137102293654000e-01
1.367162472264210919e+03 4.061225550700691134e-01
1.366966317953572116e+03 4.048876841135528037e-01
1.366769919213885714e+03 4.121310637631929730e-01
1.366573764903246911e+03 4.087583449266887214e-01
1.366377488378084308e+03 4.108268447113370692e-01
1.366181456281969076e+03 4.090736797370488897e-01
1.365985546400377871e+03 4.114528036589051863e-01
1.365789514304262639e+03 4.163729819017513156e-01
1.365593604422671433e+03 4.102715578419407483e-01
1.365397694541080000e+03 4.125292547569432977e-01
1.365201906874012593e+03 4.082841558397624082e-01
1.365006363635992557e+03 4.100241097746039065e-01
1.364810575968924923e+03 4.119840692251351966e-01
1.364615032730904886e+03 4.118527428003784241e-01
1.364419367278361051e+03 4.180386649524839848e-01
1.364223946254864813e+03 4.125044633122817439e-01
1.364028525231368576e+03 4.141784987254888972e-01
1.363833104207872111e+03 4.071991648369486794e-01
1.363637805398899673e+03 4.063042207038906617e-01
1.363442506589927234e+03 4.028251124570551012e-01
1.363247329995478367e+03 4.074470185721694726e-01
1.363052153401029727e+03 4.094737989124559441e-01
1.362857099021104659e+03 4.183812986253206967e-01
1.362662166855703390e+03 4.111550534410907676e-01
1.362466990261254750e+03 4.098623642169580972e-01
1.362272180310377280e+03 4.133492806517072293e-01
1.362077370359499810e+03 4.100676021914731462e-01
1.361882682623146138e+03 4.099883042546106360e-01
1.361687872672268668e+03 4.117808306616644876e-01
1.361493184935914769e+03 4.086420835074856539e-01
1.361298497199561098e+03 4.147978032058114994e-01
1.361103931677731225e+03 4.115793009216117682e-01
1.360909488370425152e+03 4.120470429656371003e-01
1.360715167277642649e+03 4.117919438223185402e-01
1.360520723970336348e+03 4.120514424935727282e-01
1.360326402877554074e+03 4.136800969484961121e-01
1.360132081784771572e+03 4.176689264621816222e-01
1.359937760691989297e+03 4.191346107192993609e-01
1.359743806242778192e+03 4.161577185513951060e-01
1.359549729579043287e+03 4.165503700176374502e-01
1.359355652915308383e+03 4.129088211747941606e-01
1.359161698466097278e+03 4.136879209029892257e-01
1.358967744016885945e+03 4.127221855900599645e-01
1.358773911782198638e+03 4.059561806817006402e-01
1.358580201762035131e+03 4.127091629446429932e-01
1.358386369527347597e+03 4.098773271098190563e-01
1.358192659507184089e+03 4.150401407574439983e-01
1.357999071701544153e+03 4.182367630893932819e-01
1.357805483895904445e+03 4.111372838282774667e-01
1.357612018304788307e+03 4.112960364914894917e-01
1.357418552713672170e+03 4.131537647864111373e-01
1.357225209337080059e+03 4.105031190125501550e-01
1.357031865960487721e+03 4.086872852444180526e-01
1.356838522583895383e+03 4.053204763536156774e-01
1.356645301421826844e+03 4.126761523571539914e-01
1.356452202474281876e+03 4.067813221542052049e-01
1.356259103526737135e+03 4.106193899242909229e-01
1.356066126793716194e+03 4.128671663131860403e-01
1.355873027846171453e+03 4.108063015264379891e-01
1.355680173327674083e+03 4.140827598124552367e-01
1.355487196594653142e+03 4.102886390268568051e-01
1.355294586505203370e+03 4.128379946750008189e-01
1.355101731986706000e+03 4.118059122225437574e-01
1.354908999682732656e+03 4.113791393881157665e-01
1.354716389593282884e+03 4.075983588647856815e-01
1.354523779503833111e+03 4.067520049741405463e-01
1.354331413843430937e+03 4.096901914082046736e-01
1.354138925968504964e+03 4.097341209984579624e-01
1.353946438093578990e+03 4.100975934737414730e-01
1.353754072433176589e+03 4.126567771027240816e-01
1.353561706772774414e+03 4.100246363354173029e-01
1.353369463326896039e+03 4.091443580241794220e-01
1.353177464310065034e+03 4.104315964788599058e-01
1.352985343078710457e+03 4.094858863428232354e-01
1.352793221847355653e+03 4.138874212687576049e-01
1.352601222830524875e+03 4.085339658051301281e-01
1.352409223813693870e+03 4.126405831161987781e-01
1.352217347011386664e+03 4.058172553881424505e-01
1.352025592423603257e+03 4.092995558678645951e-01
1.351833837835819850e+03 4.108775998154136633e-01
1.351642083248036442e+03 4.076609547726471883e-01
1.351450328660253035e+03 4.142235636189643966e-01
1.351258696286993427e+03 4.105252233208676049e-01
1.351067063913733818e+03 4.075223634243455018e-01
1.350875798184045379e+03 4.074836372942061691e-01
1.350684288025309570e+03 4.008458083696900820e-01
1.350492900081097559e+03 4.029464785848378972e-01
1.350301634351409120e+03 4.104919457430366014e-01
1.350110368621720681e+03 4.096273018299674828e-01
1.349919102892032470e+03 4.033337022488320267e-01
1.349728081591391629e+03 4.067573687045303865e-01
1.349536938076226988e+03 4.083107341644541810e-01
1.349345916775586147e+03 4.053634971282576438e-01
1.349154895474945306e+03 4.105817924321812362e-01
1.348963996388828264e+03 4.084651631469667366e-01
1.348773097302711221e+03 4.103893096235970983e-01
1.348582320431117978e+03 4.096678666389506063e-01
1.348391665774048306e+03 4.083208529694308253e-01
1.348200888902455063e+03 4.054930890790267028e-01
1.348010234245385391e+03 4.116549663316853569e-01
1.347819701802839745e+03 4.111574550845583098e-01
1.347629169360293872e+03 4.045173575936477639e-01
1.347438759132272025e+03 4.035132243537402075e-01
1.347248226689726152e+03 4.068363738687276743e-01
1.347057938676227877e+03 4.087500477041051128e-01
1.346867650662729602e+03 4.099091869094045881e-01
1.346677362649231327e+03 4.093119130330093447e-01
1.346487196850256851e+03 4.022871202017003212e-01
1.346297153265806173e+03 4.048457695178068194e-01
1.346107109681355496e+03 4.009290113459902383e-01
1.345917066096904819e+03 4.048328076603088799e-01
1.345727144726977713e+03 4.057047441877771332e-01
1.345537223357050834e+03 3.991714813641077386e-01
1.345347301987123728e+03 4.044829278509110004e-01
1.345157625046244448e+03 3.945029184059052341e-01
1.344967825890841141e+03 3.971301632586325403e-01
1.344778148949961633e+03 3.970890978846318697e-01
1.344588594223606151e+03 3.950409390418583855e-01
1.344398917282726643e+03 3.989386703593110761e-01
1.344209484770894733e+03 3.977755623775597327e-01
1.344019930044539024e+03 3.987388151586050422e-01
1.343830741961754711e+03 3.964670267208303955e-01
1.343641309449922801e+03 4.002749553183807540e-01
1.343451999152614690e+03 3.979443795728557776e-01
1.343262811069830150e+03 4.013168919409327851e-01
1.343073622987045837e+03 4.070392728795606541e-01
1.342884557118785096e+03 4.072079208901261405e-01
1.342695491250524583e+03 4.008557115065317089e-01
1.342506547596787641e+03 4.006771634274088334e-01
1.342317481728527127e+03 4.053008278242959395e-01
1.342128660289313984e+03 4.045969126195641530e-01
1.341939838850100841e+03 4.066693061231221318e-01
1.341751017410887698e+03 4.112949890626435567e-01
1.341562318186198354e+03 4.102513410944287342e-01
1.341373741176032809e+03 4.040446093243438841e-01
1.341185164165867263e+03 4.099355531885751081e-01
1.340996587155701718e+03 4.078982760751493908e-01
1.340808010145536173e+03 4.031941070380702374e-01
1.340619555349894199e+03 4.019714974963877752e-01
1.340431222768776252e+03 4.049784921398968396e-01
1.340242890187658077e+03 4.034868636855251101e-01
1.340054679821063928e+03 4.042376644328201651e-01
1.339866469454469552e+03 4.075167000165240139e-01
1.339678259087875404e+03 4.085904974824086655e-01
1.339490170935804827e+03 4.131130939905090504e-01
1.339302082783734249e+03 4.072014863731638346e-01
1.339113994631663672e+03 4.044984361420090879e-01
1.338926150908640693e+03 4.052271744258451047e-01
1.338738307185617714e+03 4.061626582260994822e-01
1.338550341248070936e+03 4.087588965490266957e-01
1.338362619739571755e+03 4.047902430728695933e-01
1.338174898231072575e+03 4.082015590505602143e-01
1.322236413329106426e+03 3.966282957999275882e-01
1.322053458187034039e+03 3.990695622442615442e-01
1.321870503044961424e+03 3.980782514434677566e-01
1.321687547902889037e+03 3.978820481804039022e-01
1.321504837189864020e+03 3.982084911475699540e-01
1.304732604806790050e+03 4.063388376251966250e-01
1.304554660460191826e+03 4.051426710008083631e-01
1.304376838328117174e+03 4.113853500607023705e-01
1.304199016196042749e+03 4.058384179979026563e-01
1.304021194063968323e+03 4.089162459395347948e-01
1.286845653752478029e+03 4.098417316741870264e-01
1.286672964630401566e+03 4.117713927736219581e-01
1.286500153293801304e+03 4.121597809718520189e-01
1.286327464171724841e+03 4.108131632655963039e-01
1.286154775049648379e+03 4.147753583209698447e-01
1.285982208142095715e+03 4.119707191550373016e-01
1.285809641234543051e+03 4.129109187996208852e-01
1.285637074326990387e+03 4.121387703437860428e-01
1.285464629633961522e+03 4.153513771275562649e-01
1.285292184940932430e+03 4.112540092817996706e-01
1.285119984676951162e+03 4.151588740902997232e-01
1.284947662198445869e+03 4.177189947823517491e-01
1.284775339719940803e+03 4.155619657738770512e-01
1.284603139455959308e+03 4.175796328621650400e-01
1.284430939191978041e+03 4.192073234951640970e-01
1.284258861142520345e+03 4.184908368718902594e-01
1.284086783093062650e+03 4.178561970721084706e-01
1.283914705043605181e+03 4.185398139004530838e-01
1.283742749208671285e+03 4.156946150305015353e-01
1.283570793373737388e+03 4.210218406525615409e-01
1.283398959753327290e+03 4.227301215373308607e-01
1.283227126132917192e+03 4.245931246658015135e-01
1.283055292512507094e+03 4.255503768296123313e-01
1.282883581106620568e+03 4.279955569081395628e-01
1.282711869700734269e+03 4.275787990459776755e-01
1.282540402723895568e+03 4.302530847017313476e-01
1.282368813532532840e+03 4.300360020734597666e-01
1.282197224341170340e+03 4.267845339464778620e-01
1.282025757364331412e+03 4.279280359674781375e-01
1.281854412602016509e+03 4.220529267956968367e-01
1.281682945625177581e+03 4.212542998979713627e-01
1.281511600862862451e+03 4.233084741795892225e-01
1.281340256100547549e+03 4.176878040517261192e-01
1.281169033552756218e+03 4.149304449978325482e-01
1.280997811004964888e+03 4.134971369410596620e-01
1.280826588457173557e+03 4.198678608558270020e-01
1.280655610338429824e+03 4.181227084446085818e-01
1.280484510005162292e+03 4.170641885942842908e-01
1.280313409671894760e+03 4.168655551712828755e-01
1.280142553767674826e+03 4.164455532827541218e-01
1.279971575648930866e+03 4.172167049981011511e-01
1.279800841959234731e+03 4.166579102540711177e-01
1.279629986055014570e+03 4.099317998214735970e-01
1.279459252365318434e+03 4.162855603565743245e-01
1.279288518675622299e+03 4.162638234031743600e-01
1.279117907200449736e+03 4.139703332388932067e-01
1.278947173510753373e+03 4.138311070830543170e-01
1.278776684250104836e+03 4.162990819797024455e-01
1.278606072774932272e+03 4.160721902536336780e-01
1.278435705728807307e+03 4.146777062748606135e-01
1.278265216468158542e+03 4.159785842771116515e-01
1.278094849422033576e+03 4.111332522989997185e-01
1.277924482375908610e+03 4.120849867428580948e-01
1.277754237544307443e+03 4.139075793381507551e-01
1.277583992712706277e+03 4.183834675793014490e-01
1.277413747881105110e+03 4.109176946320464152e-01
1.277243625264027514e+03 4.137711477736310539e-01
1.277073502646950146e+03 4.160675781652677374e-01
1.276903624458920149e+03 4.135908266144666112e-01
1.276733624056366580e+03 4.093377144825699476e-01
1.276563623653813011e+03 4.185374707605526434e-01
1.276393745465783013e+03 4.135294511931977834e-01
1.276223989492276814e+03 4.123659833316763446e-01
1.276054111304247044e+03 4.133614894197966128e-01
1.275884355330740846e+03 4.196643947669473906e-01
1.275714599357234647e+03 4.118605454502210494e-01
1.275544965598252247e+03 4.125545988364989758e-01
1.275375331839269847e+03 4.138100996872982051e-01
1.275205698080287448e+03 4.094586376954125750e-01
1.275036308750352646e+03 4.155078399489540164e-01
1.274866674991370246e+03 4.135958583235628816e-01
1.274697285661435444e+03 4.136409363812812434e-01
1.274527896331500415e+03 4.120039586457491798e-01
1.274358629216089412e+03 4.088349975993125218e-01
1.274189239886154610e+03 4.161152845102927267e-01
1.274020094985267178e+03 4.129137475183197181e-01
1.273850950084379974e+03 4.136355639822397734e-01
1.273681805183492543e+03 4.091085331679690795e-01
1.273512782497128910e+03 4.125841955580175080e-01
1.273343759810765505e+03 4.121924530636707495e-01
1.273174859338925671e+03 4.105026498654608114e-01
1.273174737124401872e+03 4.126215630297385140e-01
1.273005836652562039e+03 4.125514289909913423e-01
1.273005714438038240e+03 4.139637410437904674e-01
1.272837058395246004e+03 4.089597827205503910e-01
1.272836936180722205e+03 4.163737921587257196e-01
1.272668157923406170e+03 4.088159682465665745e-01
1.272668035708882371e+03 4.151686089938596003e-01
1.272499257451566336e+03 4.059024790053012421e-01
1.272499135237042537e+03 4.126066457508982821e-01
1.272330356979726503e+03 4.143320563904913656e-01
1.272161700936934267e+03 4.102046285612249710e-01
1.271993044894142031e+03 4.148763159414560753e-01
1.271824388851349795e+03 4.137711934751320819e-01
1.271655855023081131e+03 4.149000488191957881e-01
1.271487321194812694e+03 4.139745590686025878e-01
1.271318787366544029e+03 4.152647084870879080e-01
1.271150375752799391e+03 4.132342594880094588e-01
1.270981964139054526e+03 4.123986543166557883e-01
1.270813674739833687e+03 4.104312797040280958e-01
1.270645385340612620e+03 4.200098118119160451e-01
1.270477095941391553e+03 4.127230205246552597e-01
1.270309050971218085e+03 4.124063592362602337e-01
1.270140883786520817e+03 4.126857955901453434e-01
1.269972716601823549e+03 4.130120767906347856e-01
1.269804671631650081e+03 4.175954426049051649e-01
1.269636748876000411e+03 4.198422133473560525e-01
1.269468703905826942e+03 4.167778891160200394e-01
1.269300781150177272e+03 4.184523271654393972e-01
1.269132980609051401e+03 4.177575712068359315e-01
1.268965180067925303e+03 4.165035437686420150e-01
1.268797379526799432e+03 4.175469333370592784e-01
1.268629578985673561e+03 4.197283717569884609e-01
1.268462022873595060e+03 4.164366013436406888e-01
1.268294344546992988e+03 4.168672981196769878e-01
1.268126666220390689e+03 4.133736543702482558e-01
1.267959232322835987e+03 4.145217510480281864e-01
1.267791676210757714e+03 4.146000107258097644e-01
1.267624242313203013e+03 4.133054680930037805e-01
1.267456808415648311e+03 4.150581739665327730e-01
1.267289618947141207e+03 4.107707014180856930e-01
1.267122185049586506e+03 4.106718138838151844e-01
1.266954873366555603e+03 4.142558380245969230e-01
1.266787683898048499e+03 4.111328859340022124e-01
1.266620494429541395e+03 4.130835096613097446e-01
1.266453427175557863e+03 4.105010811770150592e-01
1.266286482136098357e+03 4.129006671061564715e-01
1.266119414882115052e+03 4.137829314054355945e-01
1.265952469842655319e+03 4.136743343618685675e-01
1.265785524803195813e+03 4.151547878175058659e-01
1.265618579763736079e+03 4.086924896083141134e-01
1.265451756938800372e+03 4.128079381618565136e-01
1.265284934113864438e+03 4.113383476351486490e-01
1.265118355717976101e+03 4.147192422059059469e-01
1.264951532893040394e+03 4.142120651009910115e-01
1.264784832282628258e+03 4.156668796170768232e-01
1.264618253886739922e+03 4.140272635930593026e-01
1.264451675490851585e+03 4.130419592253127825e-01
1.264285219309487047e+03 4.146402286756116218e-01
1.264118763128122509e+03 4.110194871836665986e-01
1.263952306946757972e+03 4.129962680991509094e-01
1.263785972979917005e+03 4.092369218215317073e-01
1.263619639013076267e+03 4.158040963119618016e-01
1.263453305046235528e+03 4.105617281457775714e-01
1.263287093293918360e+03 4.173262680979367700e-01
1.263120881541601420e+03 4.107739578787341084e-01
1.262954792003808052e+03 4.126383224843009900e-01
1.262788580251491112e+03 4.142824825743765538e-01
1.262622612928221542e+03 4.163314729808200165e-01
1.262456523390428401e+03 4.149909262439169799e-01
1.262290556067158832e+03 4.155324427647328345e-01
1.262124710958413061e+03 4.107964861387346511e-01
1.261958865849667291e+03 4.159848638604728976e-01
1.261793020740921520e+03 4.125982341594816027e-01
1.261627175632175749e+03 4.090712128982825213e-01
1.261461574952477577e+03 4.151029079377380193e-01
1.261295974272779404e+03 4.121887596594575598e-01
1.261130251378557432e+03 4.127965626293750301e-01
1.260964650698859259e+03 4.143216329991657454e-01
1.260799172233684658e+03 4.154506633340901423e-01
1.260633693768510284e+03 4.118744338443512953e-01
1.260468215303335683e+03 4.118176953608452262e-01
1.260302736838161309e+03 4.140827793735986639e-01
1.260137380587510734e+03 4.136229785613234622e-01
1.259972146551383730e+03 4.156162044081072038e-01
1.259806790300732928e+03 4.082795234545114060e-01
1.259641678479129723e+03 4.106857465120239414e-01
1.259476444443002947e+03 4.135948454663306295e-01
1.259311332621399742e+03 4.111848078676039742e-01
