# Wavelength, Reflectance
1.644686850747933249e+03 6.380740381279180751e-01
1.643820761880745749e+03 6.110304546833545958e-01
1.642955527505745749e+03 6.268871615677136244e-01
1.642091269693245749e+03 6.274098658664843953e-01
1.641227866372933249e+03 6.198608831971429423e-01
1.640365561685433249e+03 6.028129285121403003e-01
1.639504111490120749e+03 6.226568167021679923e-01
1.638643637857308249e+03 5.929398029351305999e-01
1.637784018716683249e+03 5.898286155022527399e-01
1.636925498208870749e+03 5.700258790830234901e-01
1.636067832193245749e+03 5.633369749538904570e-01
1.635211142740120749e+03 5.728554984567637565e-01
1.634355429849495749e+03 5.836690919044935644e-01
1.633500571451058249e+03 5.584369728498014274e-01
1.632646689615120749e+03 5.493500883146976710e-01
1.631793662271370749e+03 5.350810703934568702e-01
1.630941611490120749e+03 5.433323055251134681e-01
1.630090537271370749e+03 5.274234682866177915e-01
1.629240317544808249e+03 5.331590557336276515e-01
1.628391074380745749e+03 5.140205245245191845e-01
1.627542685708870749e+03 5.080379691823714294e-01
1.626695273599495749e+03 5.184619292479738517e-01
1.625848838052620749e+03 5.188989292537063980e-01
1.625003379068245749e+03 5.219275974339513402e-01
1.624158652505745749e+03 5.085413441333510587e-01
1.623315024576058249e+03 5.172870876538180340e-01
1.622472129068245749e+03 5.233282173837676687e-01
1.621630332193245749e+03 5.251498673734319445e-01
1.620789267740120749e+03 5.154883137340683374e-01
1.619949301919808249e+03 5.038357640574626650e-01
1.619110068521370749e+03 5.187651259244340229e-01
1.618271811685433249e+03 5.032425596302005921e-01
1.617434409341683249e+03 5.023692029774462497e-01
1.616597983560433249e+03 4.911297903922431374e-01
1.615762412271370749e+03 4.875708696311376600e-01
1.614927817544808249e+03 4.907548414348870680e-01
1.614094199380745749e+03 5.013152546710550883e-01
1.613261313638558249e+03 5.054630690597196052e-01
1.612429404458870749e+03 4.997862952636552003e-01
1.611598349771370749e+03 5.033437767233833737e-01
1.610768271646370749e+03 4.931628381558637586e-01
1.609939048013558249e+03 4.888651070549663302e-01
1.609110678872933249e+03 4.853173783355579918e-01
1.608283286294808249e+03 4.908933222574946575e-01
1.607456626138558249e+03 4.877839429889593847e-01
1.606630942544808249e+03 4.974748599306516583e-01
1.605806235513558249e+03 4.908410260233102007e-01
1.604982382974495749e+03 4.930902419134941539e-01
1.604159262857308249e+03 4.787973246091712376e-01
1.603337119302620749e+03 4.793054110222439435e-01
1.602515952310433249e+03 4.837211332315020651e-01
1.601695517740120749e+03 4.827378536102592266e-01
1.600876059732308249e+03 4.716094416001675449e-01
1.600057456216683249e+03 4.908495741248735666e-01
1.599239707193245749e+03 4.822734508472333315e-01
1.598422812661995749e+03 4.773027729403934716e-01
1.597606650552620749e+03 4.961167704112285914e-01
1.596791831216683249e+03 4.815622943948973389e-01
1.595977500161995749e+03 4.751003375275187901e-01
1.595164023599495749e+03 4.840208143802849361e-01
1.594351645669808249e+03 4.927391359935017756e-01
1.593539878091683249e+03 4.909617487170762629e-01
1.592729087076058249e+03 4.857693885883543339e-01
1.591919272622933249e+03 4.909975847499904456e-01
1.591110190591683249e+03 4.948997387582049767e-01
1.590302085122933249e+03 4.932404630360871511e-01
1.589494590005745749e+03 4.629958188032786692e-01
1.588687949380745749e+03 4.766769622175703880e-01
1.587882529458870749e+03 4.956443467171197104e-01
1.587077719888558249e+03 4.767670936677171900e-01
1.586273764810433249e+03 4.819056480988717084e-01
1.585470786294808249e+03 4.818361721627384964e-01
1.584668540201058249e+03 4.958647562542154441e-01
1.583867148599495749e+03 4.866388013332995088e-01
1.583066733560433249e+03 4.923580504639385458e-01
1.582267050943245749e+03 4.840959192161308766e-01
1.581468344888558249e+03 4.797988949819705917e-01
1.580670249185433249e+03 4.841611953305656746e-01
1.579873007974495749e+03 4.873283732166124871e-01
1.579076865396370749e+03 4.974796027260105502e-01
1.578281333169808249e+03 5.086042629077535127e-01
1.577486777505745749e+03 4.780107987961929039e-01
1.576693076333870749e+03 4.749821750609997673e-01
1.575900107583870749e+03 4.967637531156320341e-01
1.575107871255745749e+03 4.765496034410733883e-01
1.574316611490120749e+03 4.783131692624038589e-01
1.573526206216683249e+03 4.833809420273244561e-01
1.572736655435433249e+03 4.778996782441610192e-01
1.571947837076058249e+03 4.879954243370140388e-01
1.571159751138558249e+03 4.828442073345509677e-01
1.570372763833870749e+03 4.917492836692654579e-01
1.569586386880745749e+03 4.817136283396717955e-01
1.568801108560433249e+03 4.833890431013851963e-01
1.568016318521370749e+03 4.795382905479930180e-01
1.567232505044808249e+03 4.787593678938407149e-01
1.566449546060433249e+03 4.732901552633731468e-01
1.565667319497933249e+03 4.871589183555919966e-01
1.564885947427620749e+03 4.875242419025413443e-01
1.564105429849495749e+03 4.885981611491713172e-01
1.563325766763558249e+03 4.840488500264603644e-01
1.562546714029183249e+03 4.847672459892398145e-01
1.561768637857308249e+03 4.816474251180956623e-01
1.560991416177620749e+03 4.805598105080132187e-01
1.560214926919808249e+03 4.881577717188869125e-01
1.559439170083870749e+03 4.795614659551056813e-01
1.558664267740120749e+03 4.831743718517285124e-01
1.557890341958870749e+03 4.883190838191093230e-01
1.557117026529183249e+03 4.898215973615444030e-01
1.556344565591683249e+03 4.753324653151910772e-01
1.555572837076058249e+03 4.842065197057813242e-01
1.554802085122933249e+03 4.870911055587546779e-01
1.554031943521370749e+03 4.787834712514614788e-01
1.553262778482308249e+03 4.714638276902497482e-01
1.553262656411995749e+03 4.827074830656392090e-01
1.553006552896370749e+03 4.733428346023140776e-01
1.552750327310433249e+03 4.747025476476827710e-01
1.552494345865120749e+03 4.791598727536308666e-01
1.552494223794808249e+03 4.828998230456358898e-01
1.552238364419808249e+03 4.777590862913821401e-01
1.551726645669808249e+03 4.726141134919124576e-01
1.550959799966683249e+03 4.815079661619701690e-01
1.550193686685433249e+03 4.800829913099289858e-01
1.549428427896370749e+03 4.889370405879907011e-01
1.548664023599495749e+03 4.815095204565431053e-01
1.547900229654183249e+03 4.821091510645304501e-01
1.547137290201058249e+03 4.819713321138630047e-01
1.546375205240120749e+03 4.771238648022448348e-01
1.545613974771370749e+03 4.804080261275204822e-01
1.544853354654183249e+03 4.827151345118445569e-01
1.544093466958870749e+03 4.786232712636467324e-01
1.543334555826058249e+03 4.817630500389601944e-01
1.542576499185433249e+03 4.793206146669125589e-01
1.541819052896370749e+03 4.802503091348446218e-01
1.541062339029183249e+03 4.833514262008598572e-01
1.540306479654183249e+03 4.835177227068437888e-01
1.539551352701058249e+03 4.720743012843206521e-01
1.538797202310433249e+03 4.747484774205050773e-01
1.538043662271370749e+03 4.706524700793623395e-01
1.537290854654183249e+03 4.832536008676686645e-01
1.536538901529183249e+03 4.727204498941680044e-01
1.535787436685433249e+03 4.866749079892748742e-01
1.535037314615120749e+03 4.788498275813721783e-01
1.534287436685433249e+03 4.710780550040887249e-01
1.533538657388558249e+03 4.876087704856570393e-01
1.532790488443245749e+03 4.803961693256210141e-01
1.532043051919808249e+03 4.768582450360208669e-01
1.531296591958870749e+03 4.802483214374326237e-01
1.530550742349495749e+03 4.881849211505855379e-01
1.529805625161995749e+03 4.623595274904039321e-01
1.529061240396370749e+03 4.770616968612008679e-01
1.528317710122933249e+03 4.745050802348386165e-01
1.527574668130745749e+03 4.719876004546740278e-01
1.526832846841683249e+03 4.710984009187466626e-01
1.526091391763558249e+03 4.791826280881971156e-01
1.525351035318245749e+03 4.747999521317805560e-01
1.524611167154183249e+03 4.750085380234240762e-01
1.523872153482308249e+03 4.775587126367309421e-01
1.523133872232308249e+03 4.851763185514655352e-01
1.522396445474495749e+03 4.766404379592815155e-01
1.521659629068245749e+03 4.806355020711463033e-01
1.520923545083870749e+03 4.725027363034116079e-01
1.520188193521370749e+03 4.701232895258799505e-01
1.519453696451058249e+03 4.784854015837827768e-01
1.518719809732308249e+03 4.822256454633853107e-01
1.517986655435433249e+03 4.711046608335986430e-01
1.517254599771370749e+03 4.781788374640833506e-01
1.516523032388558249e+03 4.721675181521119424e-01
1.515792075357308249e+03 4.737319875286677417e-01
1.515548789224495749e+03 4.723527459963361430e-01
1.515305503091683249e+03 4.737051782854700410e-01
1.515062094888558249e+03 4.689394627730578691e-01
1.515061972818245749e+03 4.727928559887600302e-01
1.514818930826058249e+03 4.737519822842792272e-01
1.514575888833870749e+03 4.711366570007127219e-01
1.514332602701058249e+03 4.805830738117818912e-01
1.513603965005745749e+03 4.794958795371969118e-01
1.512876059732308249e+03 4.837933783427432743e-01
1.512148886880745749e+03 4.757446196406075467e-01
1.511422568521370749e+03 4.794669051781411673e-01
1.510696860513558249e+03 4.821890702065857459e-01
1.509971884927620749e+03 4.824785574635619967e-01
1.509247641763558249e+03 4.883357728521799390e-01
1.508524131021370749e+03 4.812247106740270008e-01
1.507801352701058249e+03 4.756391418167409957e-01
1.507079306802620749e+03 4.837366484627289576e-01
1.506357993326058249e+03 4.909644823685145321e-01
1.505637412271370749e+03 4.928548066300311170e-01
1.504917685708870749e+03 4.836928139063312315e-01
1.504198447427620749e+03 4.734170312864767194e-01
1.503480063638558249e+03 4.999422078730765828e-01
1.502761440798707099e+03 4.626357666804106761e-01
1.502043289608856867e+03 4.781030908379135247e-01
1.501325994234179916e+03 4.754153535938450692e-01
1.500609310156055471e+03 4.764748836664739473e-01
1.499893359633794034e+03 4.803351157786660552e-01
1.499178142667395605e+03 4.788531971189142200e-01
1.498463536997549681e+03 4.797792218070372483e-01
1.497749787142877040e+03 4.779354815173750270e-01
1.497036648584757131e+03 4.724537352385130284e-01
1.496324365841810504e+03 4.842836743313856940e-01
1.495612694395416383e+03 4.773377337356228822e-01
1.494901756504885270e+03 4.781871071381899041e-01
1.494191429910906663e+03 4.737683580421665486e-01
1.493481959132101565e+03 4.673336018472962761e-01
1.492773099649848973e+03 4.803938147714512663e-01
1.492064973723459161e+03 4.872560010977957101e-01
1.491357581352932357e+03 4.815574416169203786e-01
1.490650800278958059e+03 4.774568050935963370e-01
1.489944752760846768e+03 4.808281000196013566e-01
1.489239438798598485e+03 4.925510810067262324e-01
1.488534858392213209e+03 4.856203103853760639e-01
1.487830889282380213e+03 4.570682382992669601e-01
1.487127653728410451e+03 4.752772593032675852e-01
1.486425029470992968e+03 4.765960692661621034e-01
1.485723261028748993e+03 4.841379566752821439e-01
1.485022103883057525e+03 4.811978968348920027e-01
1.484321680293229065e+03 4.736189532248799017e-01
1.483621867999953110e+03 4.769026127095474799e-01
1.482922911521850438e+03 4.696696766571925030e-01
1.482224444080989997e+03 4.796978866970770805e-01
1.481526832455302838e+03 4.660098403760092878e-01
1.480829832126168185e+03 4.817856212276444561e-01
1.480133443093586038e+03 4.710533042041916696e-01
1.479437909876177400e+03 4.809202900548807946e-01
1.478742865696010767e+03 4.713618926220300986e-01
1.478048677331017416e+03 4.862053688488758851e-01
1.477355100262576570e+03 4.714806493262872489e-01
1.476662256749998960e+03 4.824688749937867671e-01
1.475970024533973628e+03 4.772310202158321357e-01
1.475278525873811304e+03 4.734334554877938084e-01
1.474587638510201486e+03 4.925169339971827154e-01
1.473897484702454449e+03 4.838044858965296902e-01
1.473207942191260145e+03 4.903790936658775079e-01
1.472519133235928621e+03 4.774084147823773883e-01
1.471831057836460332e+03 4.669166927880219475e-01
1.471143593733544321e+03 4.664287259336125646e-01
1.470456863186491319e+03 4.754358353822848993e-01
1.469770743935990595e+03 4.740885876237405094e-01
1.469085235982042605e+03 4.712118204331853244e-01
1.468400461583957622e+03 4.787293261302992819e-01
1.467716420741735419e+03 4.740624689388159285e-01
1.467032991196065723e+03 4.781075396379644848e-01
1.466350172946948760e+03 4.772943879836245018e-01
1.465668088253694577e+03 4.691039230973574892e-01
1.464986614856992674e+03 4.656084115409924173e-01
1.464305875016154005e+03 4.790059508139218880e-01
1.463625746471867842e+03 4.760256644723629416e-01
1.462946351483444460e+03 4.774372269109353750e-01
1.462267567791573811e+03 4.718820062878177901e-01
1.461589395396255441e+03 4.706305048809430458e-01
1.460911834297489577e+03 4.714240238602808164e-01
1.460235129013897222e+03 4.714915783052820442e-01
1.459558912767546644e+03 4.702425618212119907e-01
1.458883430077059302e+03 4.731798065362223804e-01
1.458208558683124465e+03 4.718857213125888794e-01
1.457534420845052409e+03 4.694310733318191042e-01
1.456860894303532859e+03 4.697144531209980767e-01
1.456187979058565816e+03 4.714089619114163465e-01
1.455515797369461779e+03 4.682653474157114637e-01
1.454844226976910250e+03 4.615129719062394109e-01
1.454173267880911226e+03 4.774894956208046159e-01
1.453502920081464481e+03 4.720758606062018803e-01
1.452833428097191472e+03 4.704510817623435148e-01
1.452164425150160241e+03 4.769453442999408432e-01
1.451496033499681516e+03 4.681612634492197111e-01
1.450828375405065799e+03 4.756955731004060550e-01
1.450161328607002588e+03 4.687270201879070730e-01
1.449494893105491883e+03 4.789045547829755556e-01
1.448829191159843958e+03 4.660457860200748481e-01
1.448164100510748767e+03 4.756818990697278537e-01
1.447499498898895354e+03 4.793064140802974493e-01
1.446835753102215449e+03 4.831950005289541439e-01
1.446172496342777549e+03 4.761399321655835903e-01
1.445510095398513158e+03 4.719590430280060644e-01
1.444848061232180271e+03 4.828846931888314264e-01
1.444186760621710391e+03 4.829109542746712336e-01
1.443526193567103292e+03 4.724099945546491042e-01
1.442866115549738424e+03 4.818881884642841062e-01
1.442206771088236337e+03 4.656018658887555173e-01
1.441548037923286756e+03 4.630984267157846612e-01
1.440889916054889682e+03 4.801826006664288715e-01
1.440232283223734612e+03 4.634928325311937214e-01
1.439575628467063552e+03 4.679743555483267259e-01
1.439575506207753051e+03 4.679760691276114160e-01
1.439356784301276548e+03 4.659840814134776354e-01
1.439137940135489771e+03 4.706466376365528448e-01
1.438919340488323769e+03 4.642966261544471673e-01
1.438919218229013268e+03 4.653759503014872623e-01
1.438700618581847493e+03 4.618820388806438859e-01
1.438482141193991993e+03 4.649533901317367546e-01
1.438263786065447221e+03 4.630850495153814306e-01
1.438263663806136719e+03 4.678446646734360503e-01
1.438045308677591720e+03 4.682099248239584566e-01
1.437827075808357449e+03 4.607966046902612911e-01
1.437608842939122951e+03 4.584931765023288475e-01
1.437608720679812450e+03 4.605850736704225068e-01
1.437390365551267678e+03 4.630740208354012233e-01
1.437172377200654182e+03 4.584089734480661926e-01
1.436954511109351415e+03 4.548442517556901543e-01
1.436954388850040914e+03 4.721938628320572207e-01
1.436736400499427418e+03 4.630325324748052473e-01
1.436518412148813923e+03 4.675074952139526285e-01
1.436300668316821657e+03 4.646746513084332730e-01
1.436082924484829164e+03 4.627509731438430030e-01
1.435865180652836671e+03 4.624424514946418041e-01
1.435647559080154906e+03 4.621283251826868166e-01
1.435430059766783415e+03 4.686561637564059524e-01
1.435212560453411925e+03 4.676907551815440711e-01
1.434995061140040434e+03 4.702367256162966469e-01
1.434777806345290173e+03 4.697492633851577670e-01
1.434560429291229184e+03 4.716272021958782812e-01
1.434343174496478696e+03 4.702169299277838554e-01
1.434126041961038709e+03 4.872715162434392289e-01
1.433909031684909451e+03 4.796879537097282209e-01
1.433692021408779965e+03 4.784475648770593059e-01
1.433475011132650479e+03 4.793174464610496233e-01
1.433258245375141996e+03 4.724083349955898736e-01
1.433041357358323012e+03 4.698172330065457092e-01
1.432824591600814529e+03 4.688305916129134610e-01
1.432607948102616547e+03 4.640158827804374830e-01
1.432391426863729293e+03 4.571329929499716171e-01
1.432174905624841813e+03 4.581574111066116783e-01
1.431958384385954332e+03 4.592215102100193902e-01
1.431741985406377353e+03 4.551477581778847203e-01
1.431525708686110875e+03 4.418554947735401917e-01
1.431309431965844396e+03 4.242454940789976425e-01
1.431093277504888420e+03 4.102801249842042974e-01
1.430877245303242944e+03 4.263732012353286804e-01
1.430661090842286967e+03 4.485907475507975861e-01
1.430445058640641491e+03 4.702625639385608625e-01
1.430229026438996016e+03 4.706109800285306899e-01
1.430013361015282044e+03 4.746468201237999396e-01
1.429797573332257571e+03 4.692536370660069789e-01
1.429581907908543371e+03 4.670609151749181565e-01
1.429366364744139901e+03 4.721408695125745569e-01
1.429150699320425929e+03 4.695933342503383900e-01
1.428935156156022458e+03 4.711887559381917057e-01
1.428719735250929489e+03 4.663204587278453883e-01
1.428504436605147021e+03 4.697513037307487482e-01
1.428289137959364552e+03 4.791614528654085103e-01
1.428073839313581857e+03 4.826049473289980019e-01
1.427858662927109890e+03 4.796118778953566419e-01
1.427643731059258926e+03 4.770898490871807729e-01
1.427428554672786959e+03 4.810958851795772429e-01
1.427213622804935994e+03 4.836556794578344975e-01
1.426998813196395304e+03 4.788692539115871893e-01
1.426784003587854841e+03 4.838940686950045089e-01
1.426569193979314377e+03 4.815137048341480708e-01
1.426354506630084188e+03 4.855893667938774860e-01
1.426139941540164727e+03 4.825509928241091817e-01
1.425925376450245267e+03 4.783271204428188872e-01
1.425710933619636080e+03 4.769306508744930451e-01
1.425496490789027121e+03 4.724449620380367643e-01
1.425282170217728662e+03 4.711675290978352693e-01
1.425067849646429977e+03 4.804396799924097183e-01
1.424853651334442020e+03 4.813423099882284117e-01
1.424639330763143334e+03 4.842315586031423758e-01
1.424425499229086881e+03 4.758144070690617511e-01
1.424211423176409426e+03 4.708583336800163388e-01
1.423997469383042244e+03 4.680019284616174780e-01
1.423783637848985791e+03 4.656036476688056869e-01
1.423569806314929110e+03 4.764055347395875217e-01
1.423356097040183158e+03 4.803847579606748130e-01
1.423142265506126478e+03 4.738314055750716958e-01
1.422928923009312030e+03 4.713138228271616659e-01
1.422715335993876351e+03 4.650649029484845154e-01
1.422501871237751175e+03 4.710989307924190461e-01
1.422288406481626225e+03 4.758970658673493115e-01
1.422075186244122051e+03 4.868816741269575421e-01
1.421861843747307603e+03 4.890109721282271393e-01
1.421648623509803429e+03 4.830536626301348280e-01
1.421435403272299254e+03 4.771236269738595159e-01
1.421222427553416310e+03 4.761940026184504071e-01
1.421009451834533138e+03 4.664093260085654391e-01
1.420796476115649966e+03 4.685293540965182468e-01
1.420583744915388024e+03 4.747954789384715157e-01
1.420370769196504853e+03 4.785758968292215254e-01
1.420158160255553184e+03 4.747772046875104457e-01
1.419945429055291243e+03 4.779094335932725368e-01
1.419732942373650076e+03 4.787373505068027724e-01
1.419520333432698408e+03 4.763627721308398288e-01
1.419307846751057241e+03 4.718205220493485452e-01
1.419095482328726803e+03 4.686354631107078617e-01
1.418883240165706638e+03 4.684087042377172994e-01
1.418670998002686474e+03 4.658132754081242832e-01
1.418458755839666310e+03 4.784803882055724267e-01
1.418246513676646146e+03 4.744152620580513458e-01
1.418034638291557485e+03 4.753922915592551091e-01
1.417822518387848049e+03 4.720828171582729937e-01
1.417610520743448888e+03 4.777139385434708285e-01
1.417398767617670728e+03 4.687310014737303687e-01
1.417187014491892569e+03 4.761216208152206919e-01
1.416975261366114410e+03 4.749682365470824230e-01
1.416763508240336250e+03 4.759877535953609962e-01
1.416551999633179094e+03 4.807214441413071304e-01
1.416340491026021937e+03 4.782438600849995836e-01
1.416128982418864780e+03 4.811336505788480489e-01
1.415917596071018124e+03 4.781820279403109497e-01
1.415706209723171469e+03 4.766488667434672921e-01
1.415495067893945816e+03 4.777322281009260818e-01
1.415283803805409661e+03 4.772208285190197019e-01
1.415072661976184008e+03 4.797367269608395768e-01
1.414861520146958355e+03 4.757627666787883625e-01
1.414650622836353705e+03 4.805741187717313956e-01
1.414439725525749054e+03 4.744552725234951751e-01
1.414228828215144404e+03 4.670220870236716504e-01
1.414018053163850254e+03 4.741870221638997407e-01
1.413807400371866606e+03 4.719207793254235339e-01
1.413596625320572230e+03 4.821693222512565269e-01
1.413385850269278080e+03 4.731902948960033384e-01
1.413175564255225936e+03 4.727516356810186338e-01
1.412965033722552789e+03 4.777171866905488007e-01
1.412754625449190144e+03 4.746174929250755459e-01
1.412544217175827498e+03 4.776471245571008994e-01
1.412334053421085628e+03 4.767588762213102460e-01
1.412123889666343985e+03 4.786568250300323180e-01
1.411913725911602342e+03 4.864953775597296026e-01
1.411703562156860698e+03 4.776140392318656280e-01
1.411493642920739831e+03 4.736639649949178077e-01
1.411283723684619190e+03 4.773595952634477335e-01
1.411073804448498549e+03 4.761411686059670578e-01
1.410863885212377681e+03 4.779012546588808363e-01
1.410654210494878043e+03 4.748649317794784719e-01
1.410444535777378405e+03 4.761075951727262723e-01
1.410234983319189041e+03 4.737591966668427412e-01
1.410025308601689403e+03 4.777780181626845590e-01
1.409816000662121269e+03 4.764658020791012194e-01
1.409606448203931905e+03 4.763451869664958038e-01
1.409397140264363770e+03 4.720103475688742778e-01
1.409187832324795409e+03 4.638874514956625172e-01
1.408978646644537776e+03 4.676922069278728888e-01
1.408769460964279915e+03 4.750409592258413305e-01
1.408560397543332783e+03 4.691747308553326223e-01
1.408351334122385424e+03 4.750064342059149292e-01
1.408142392960748793e+03 4.761413110907845581e-01
1.407933451799111936e+03 4.751512437935323518e-01
1.407724632896785806e+03 4.775638161002823123e-01
1.407515813994459450e+03 4.778209276115376047e-01
1.407307117351443821e+03 4.749663120551226303e-01
1.407098542967738467e+03 4.738971840266946733e-01
1.406889968584033340e+03 4.721461953721611815e-01
1.406681394200327986e+03 4.740512301603282963e-01
1.406472942075933361e+03 4.782806586696687901e-01
1.406264734470159510e+03 4.760239720080918224e-01
1.406056282345764657e+03 4.744350661401584568e-01
1.405848074739991034e+03 4.845652261177099684e-01
1.405639867134217184e+03 4.876430469277200364e-01
1.405431781787753835e+03 4.835279270627435566e-01
1.405223696441290713e+03 4.776006009364062166e-01
1.405015733354137865e+03 4.793315804452297213e-01
1.404807770266985017e+03 4.674082621923653091e-01
1.404600051698453171e+03 4.716343691325177723e-01
1.404392210870611052e+03 4.770726655994219079e-01
1.404184370042768705e+03 4.792454231941207232e-01
1.403976773733547361e+03 4.793915149404732734e-01
1.403769177424326017e+03 4.838843688531235809e-01
1.403561703374415401e+03 4.837100743078315834e-01
1.403354107065194057e+03 4.777713436525634627e-01
1.403146755274593716e+03 4.832360763807927451e-01
1.402939525743303875e+03 4.769312132722729469e-01
1.402732173952703533e+03 4.806601690233058277e-01
1.402524944421413693e+03 4.828381540134152328e-01
1.402317714890124080e+03 4.911401204525593922e-01
1.402110729877455242e+03 4.808928243010356374e-01
1.401903744864786404e+03 4.872043427185031028e-01
1.401696759852117566e+03 4.823680650072334486e-01
1.401489774839448728e+03 4.828668264748393613e-01
1.401282912086090391e+03 4.766024450964678194e-01
1.401076171592042556e+03 4.848385475383231724e-01
1.400869553357305222e+03 4.772211750743409198e-01
1.400662935122567887e+03 4.769313487138104879e-01
1.400456316887830553e+03 4.800847547081203981e-01
1.400249820912403720e+03 4.756384701458181707e-01
1.400043447196287389e+03 4.740811342570310782e-01
1.399836951220860556e+03 4.772206497335464426e-01
1.399630699764054725e+03 4.715430954381035211e-01
1.399424448307248895e+03 4.763632097406022559e-01
1.399218319109753565e+03 4.838600000179207328e-01
1.399012067652947735e+03 4.802754203178358217e-01
1.398806060714762907e+03 4.748044011479896631e-01
1.398600176035888580e+03 4.773759348170896755e-01
1.398394046838393251e+03 4.733967049721071185e-01
1.398188284418829198e+03 4.740599927595688379e-01
1.397982399739954872e+03 4.778900729737071695e-01
1.397776637320391046e+03 4.843405542148447873e-01
1.397571119419448223e+03 4.812271282080337054e-01
1.397365479259194899e+03 4.777250903294746887e-01
1.397159839098941347e+03 4.794353347312426128e-01
1.396954198938688023e+03 4.784540735150230040e-01
1.396749047815676704e+03 4.765075632958501450e-01
1.396543652174044382e+03 4.740007218696661861e-01
1.396338256532412061e+03 4.824947475128526508e-01
1.396133105409400514e+03 4.809007581808153464e-01
1.395927954286389195e+03 4.813978935719770424e-01
1.395722803163377876e+03 4.829310663370936507e-01
1.395517774299676830e+03 4.757375443014378313e-01
1.395312745435976012e+03 4.692451059277923942e-01
1.395107838831585696e+03 4.754589563050555245e-01
1.394903054486505653e+03 4.801656637948139017e-01
1.394698270141425837e+03 4.765748497899058855e-01
1.394493485796346022e+03 4.831098485883700833e-01
1.394288701451265979e+03 4.761319289751517747e-01
1.394084283884117667e+03 4.736736912531838151e-01
1.393879744057658627e+03 4.755316554080368241e-01
1.393675204231199814e+03 4.741603922042800789e-01
1.393470786664051275e+03 4.789311976931213688e-01
1.393266491356213464e+03 4.848450216625601605e-01
1.393062196048375654e+03 4.890633605501500947e-01
1.392858022999848117e+03 4.750329024614569629e-01
1.392653849951320808e+03 4.759388768149695470e-01
1.392449676902793271e+03 4.719414041831366813e-01
1.392245748372886965e+03 4.705071187125869914e-01
1.392041697583669929e+03 4.758826752407078753e-01
1.391837769053763395e+03 4.817822109105925898e-01
1.391633840523857089e+03 4.822553635331831012e-01
1.391430278771882058e+03 4.805872818191978535e-01
1.391226472501286253e+03 4.796492135956983982e-01
1.391022788490000721e+03 4.735404516252907925e-01
1.390819226738025918e+03 4.770674364544966184e-01
1.390615664986050888e+03 4.784988836843300786e-01
1.390412225493386359e+03 4.854171990526578440e-01
1.390208786000722057e+03 4.836740349560894048e-01
1.390005468767368029e+03 4.806129362273169892e-01
1.389802151534014001e+03 4.724709238416945345e-01
1.389599078819281203e+03 4.760342389333005464e-01
1.389395883845237677e+03 4.840532486620119368e-01
1.389192688871194150e+03 4.797453390368732751e-01
1.388989616156461125e+03 4.878070305752136293e-01
1.388786665701038828e+03 4.849812379394302098e-01
1.388583837504926805e+03 4.832707356298684975e-01
1.388381009308814782e+03 4.778435716622387863e-01
1.388178181112702759e+03 4.740347121946577591e-01
1.387975475175901465e+03 4.692606320766428696e-01
1.387772891498410445e+03 4.711136386903103657e-01
1.387570185561608923e+03 4.780953589755581601e-01
1.387367724143428404e+03 4.799309090347376183e-01
1.387165262725247885e+03 4.806139230284570130e-01
1.386962801307067366e+03 4.801080395897493469e-01
1.386760462148197576e+03 4.864441327213815947e-01
1.386558245248638059e+03 4.846997453164207381e-01
1.386355906089768041e+03 4.763549387862442419e-01
1.386153811449519026e+03 4.778717949724542446e-01
1.385951716809270010e+03 4.874783425351273958e-01
1.385749744428331496e+03 4.972812075578209590e-01
1.385547772047392982e+03 4.943916634317928605e-01
1.385345799666454468e+03 4.788666581629909547e-01
1.385143949544826455e+03 4.757516565631196848e-01
1.384942099423198442e+03 4.731700578580288474e-01
1.384740493820191432e+03 4.758177099970929969e-01
1.384538765957873920e+03 4.849148495455818941e-01
1.384337160354866910e+03 4.837232140971775007e-01
1.384135554751859900e+03 4.838338052044761639e-01
1.383934193667473892e+03 4.884322555325513182e-01
1.383732710323777383e+03 4.788834092541222054e-01
1.383531349239391375e+03 4.796957039462250716e-01
1.383329988155005367e+03 4.885739204178471962e-01
1.383128871589240362e+03 4.890464320641443319e-01
1.382927755023475129e+03 4.725302030549011212e-01
1.382726516198399622e+03 4.720335325079255129e-01
1.382525521891945118e+03 4.766167625183326262e-01
1.382324527585490614e+03 4.800865732755592585e-01
1.382123655538346611e+03 4.782678239528710407e-01
1.381922783491202608e+03 4.787242831535975518e-01
1.381721911444058605e+03 4.762340337650531885e-01
1.381521161656224876e+03 4.844428490680020571e-01
1.381320411868391375e+03 4.943401686504892978e-01
1.381119906599178876e+03 4.882547274800481119e-01
1.380919401329966377e+03 4.809444559057989288e-01
1.380718896060753650e+03 4.779762695611622370e-01
1.380518390791541151e+03 4.737462912976125318e-01
1.380318007781639153e+03 4.757289997130255688e-01
1.380117747031047429e+03 4.825200609014289599e-01
1.379917486280455933e+03 4.770439638847548958e-01
1.379717225529864436e+03 4.820687056317754515e-01
1.379517087038583441e+03 4.834206111666012329e-01
1.379317193065923220e+03 4.828647690312652396e-01
1.379117176833952726e+03 4.814017582964523756e-01
1.378917160601982005e+03 4.791115747244057421e-01
1.378717266629322012e+03 4.760465540964992082e-01
1.378517372656662019e+03 4.760401494106627496e-01
1.378317600943312300e+03 4.814765451520280903e-01
1.378117951489273310e+03 4.818566474081574791e-01
1.377918302035234092e+03 4.863741447145167318e-01
1.377718774840505603e+03 4.879859896430446820e-01
1.377519247645776886e+03 4.851081945851841160e-01
1.377319842710358898e+03 4.832735604913490080e-01
1.377120437774940683e+03 4.826573532960365953e-01
1.376921032839522695e+03 4.833814557457716266e-01
1.376721750163415209e+03 4.902406598939166860e-01
1.376522467487307495e+03 4.916389162846946936e-01
1.376323429329820783e+03 4.929806096817705430e-01
1.376124268913023798e+03 4.824292041623659544e-01
1.375925230755537086e+03 4.736404648578174670e-01
1.375726192598050602e+03 4.742558820759789628e-01
1.375527276699874392e+03 4.852149851013785042e-01
1.375328605320319411e+03 4.850396908563529563e-01
1.375129811681453702e+03 4.853645233999702713e-01
1.374931018042587993e+03 4.916845110542560904e-01
1.374732346663033013e+03 4.806007570660308370e-01
1.374533675283477805e+03 4.764026520046731883e-01
1.374335248422543600e+03 4.822297044430344237e-01
1.374136699302299121e+03 4.854142293309368639e-01
1.373938272441364916e+03 4.858099325733295504e-01
1.373739845580430710e+03 4.784209210361803355e-01
1.373541540978807234e+03 4.845015447438272282e-01
1.373343358636494031e+03 4.799025500761175400e-01
1.373145054034870327e+03 4.822230299492998862e-01
1.372946993951867626e+03 4.782902656943955888e-01
1.372748933868865151e+03 4.848877274529789227e-01
1.372550873785862450e+03 4.853030414788477853e-01
1.372353058221480751e+03 4.815833461783401437e-01
1.372155120397788551e+03 4.751558636126678725e-01
1.371957304833406852e+03 4.821916636023079183e-01
1.371759367009714879e+03 4.752731572920959602e-01
1.371561795963954182e+03 4.860110350173454385e-01
1.371364224918193486e+03 4.787986134692067131e-01
1.371166653872432789e+03 4.756429019608736097e-01
1.370969082826672093e+03 4.834249384339502353e-01
1.370771511780911396e+03 4.823401405631621008e-01
1.370574062994461201e+03 4.866674894727991418e-01
1.370376858726632008e+03 4.858782575492962552e-01
1.370179532199492542e+03 4.879339736040292919e-01
1.369982327931663349e+03 4.730024476110082365e-01
1.369785123663834156e+03 4.779557407924436840e-01
1.369588041655315465e+03 4.809839841042616304e-01
1.369391081906107274e+03 4.867055280399617545e-01
1.369193877638278082e+03 4.926816935082578008e-01
1.368997040148380393e+03 4.871726881770924722e-01
1.368800202658482704e+03 4.861330055072429768e-01
1.368603365168585015e+03 4.792642182523081940e-01
1.368406649937997827e+03 4.863112133295250938e-01
1.368209934707410639e+03 4.834562026235871279e-01
1.368013219476823451e+03 4.888941724396139721e-01
1.367816748764857039e+03 4.817282296919071505e-01
1.367620155793580352e+03 4.852742371526926335e-01
1.367423685081614167e+03 4.844820356921701321e-01
1.367227458888268984e+03 4.769849803966936252e-01
1.367030988176302799e+03 4.715195556077219075e-01
1.366834761982957616e+03 4.788483293391784246e-01
1.366638413530301932e+03 4.835362496650346675e-01
1.366442309596267251e+03 4.801231817468709084e-01
1.366246327921542843e+03 4.893681080036789144e-01
1.366050223987508161e+03 4.938450086539224460e-01
1.365854242312783981e+03 4.902163208437629871e-01
1.365658260638059801e+03 4.814258720715550166e-01
1.365462401222646122e+03 4.902569425751752141e-01
1.365266786325853218e+03 4.852586575329477792e-01
1.365070926910439539e+03 4.926583019442642430e-01
1.364875312013646862e+03 4.846202647189416512e-01
1.364679574857543685e+03 4.783576653199674844e-01
1.364484082220061282e+03 4.759737848562828333e-01
1.364288589582579107e+03 4.813012116781077987e-01
1.364093096945096931e+03 4.809380688199422216e-01
1.363897726566925030e+03 4.824830836079773699e-01
1.363702356188753356e+03 4.785106714019610186e-01
1.363507108069892183e+03 4.804086313929037955e-01
1.363311859951030783e+03 4.892692233345886099e-01
1.363116734091480112e+03 4.898139230482967954e-01
1.362921730491239941e+03 4.858270080056233398e-01
1.362726482372378541e+03 4.799321063109994179e-01
1.362531601031448872e+03 4.816026301199230475e-01
1.362336719690518976e+03 4.817641620963028504e-01
1.362141960608899808e+03 4.832653003497872080e-01
1.361947079267969912e+03 4.823036966397071801e-01
1.361752320186350744e+03 4.817896173260448056e-01
1.361557561104731576e+03 4.789514829173532884e-01
1.361362924282422682e+03 4.842071673126819853e-01
1.361168409719424517e+03 4.909912150037418765e-01
1.360974017415736625e+03 4.854724827197606229e-01
1.360779502852738460e+03 4.900740495995907775e-01
1.360585110549050569e+03 4.855930693569288636e-01
1.360390718245362677e+03 4.889351116608591785e-01
1.360196325941675013e+03 4.951122873898922694e-01
1.360002300415918626e+03 4.996544563682125961e-01
1.359808152630851964e+03 4.885227726026307726e-01
1.359614004845785075e+03 4.822162427888929681e-01
1.359419979320028915e+03 4.856295228922303808e-01
1.359225953794272527e+03 4.808622544328609583e-01
1.359032050527826641e+03 4.847435363252346474e-01
1.358838269520691483e+03 4.869659649961834980e-01
1.358644366254245597e+03 4.785193650129519471e-01
1.358450585247110212e+03 4.836191698907553183e-01
1.358256926499285555e+03 4.919144336341185753e-01
1.358063267751460671e+03 4.886038315034018087e-01
1.357869731262946289e+03 4.890461766871339599e-01
1.357676194774432133e+03 4.933822937829218103e-01
1.357482780545228252e+03 4.937498288045999439e-01
1.357289366316024370e+03 4.942596025945085181e-01
1.357095952086820489e+03 4.883261798763485761e-01
1.356902660116927336e+03 4.827434805533918349e-01
1.356709490406344457e+03 4.834651142225360743e-01
1.356516320695761578e+03 4.882871435336221810e-01
1.356323273244489201e+03 4.861553057289725865e-01
1.356130103533906549e+03 4.857489038830190564e-01
1.355937178341944673e+03 4.845916253780448990e-01
1.355744130890672295e+03 4.940149378065327723e-01
1.355551450217331421e+03 4.882823305233446320e-01
1.355358525025369545e+03 4.929034291792754319e-01
1.355165722092718170e+03 4.906321947934162986e-01
1.354973041419377296e+03 4.786191888248690907e-01
1.354780360746036649e+03 4.794268312564344825e-01
1.354587924591316778e+03 4.840460571189362238e-01
1.354395366177286405e+03 4.848693506414976095e-01
1.354202807763256033e+03 4.871841812386225601e-01
1.354010371608536161e+03 4.840033553556661872e-01
1.353817935453816290e+03 4.882185511150390900e-01
1.353625621558406920e+03 4.870099312302633154e-01
1.353433552181618552e+03 4.860651285951170242e-01
1.353241360545519683e+03 4.892880665273360297e-01
1.353049168909420814e+03 4.856280574803980010e-01
1.352857099532632446e+03 4.859581744944848070e-01
1.352665030155844079e+03 4.860310602992918838e-01
1.352473083038366212e+03 4.891212735959260538e-01
1.352281258180198847e+03 4.831095714574595856e-01
1.352089433322031482e+03 4.817002559669265604e-01
1.351897608463864117e+03 4.838227280504761030e-01
1.351705783605696752e+03 4.897378006429213837e-01
1.351514081006839888e+03 4.854451062611380152e-01
1.351322378407982796e+03 4.838948298501823397e-01
1.351131042587057436e+03 4.907692987041419319e-01
1.350939462247511074e+03 4.869630602452866830e-01
1.350748004167275212e+03 4.858079239251183457e-01
1.350556668346349852e+03 4.828581948684101954e-01
1.350365332525424492e+03 4.771852516677315137e-01
1.350173996704499132e+03 4.820674260242353570e-01
1.349982905402194547e+03 4.825972678301976293e-01
1.349791691840579688e+03 4.818493258040232319e-01
1.349600600538275330e+03 4.859165769940919088e-01
1.349409509235970972e+03 4.877814233886107464e-01
1.349218540192976889e+03 4.847991549773784659e-01
1.349027571149983032e+03 4.944389092291479604e-01
1.348836724366299677e+03 4.846900113790034714e-01
1.348645999841926823e+03 4.858939960151522630e-01
1.348455153058243241e+03 4.875149286328411269e-01
1.348264428533870387e+03 4.814365052023835134e-01
1.348073826268808034e+03 4.838919673711826741e-01
1.347883224003745454e+03 4.846392284221732183e-01
1.347692743997993603e+03 4.851660051922632166e-01
1.347502141732931250e+03 4.863529101371280583e-01
1.347311783986489672e+03 4.812877831941608786e-01
1.347121426240048322e+03 4.900621637729615787e-01
1.346931068493606972e+03 4.873532972295903654e-01
1.346740833006475896e+03 4.859059967733880825e-01
1.346550719778655548e+03 4.874895185672074582e-01
1.346360606550834973e+03 4.837161722913592143e-01
1.346170493323014625e+03 4.854527991907377493e-01
1.345980502354504779e+03 4.868847673175202284e-01
1.345790511385994705e+03 4.883127198854836926e-01
1.345600520417484859e+03 4.864184613837818638e-01
1.345410773967595787e+03 4.817281164097816371e-01
1.345220905258396442e+03 4.851500360026387848e-01
1.345031158808507371e+03 4.869686228023872299e-01
1.344841534617929028e+03 4.868323382104048358e-01
1.344651788168039957e+03 4.876018891041194459e-01
1.344462286236772115e+03 4.857599312532306923e-01
1.344272662046193545e+03 4.876908023581001395e-01
1.344083404633546706e+03 4.872517520354611165e-01
1.343893902702278638e+03 4.840929819316842075e-01
1.343704523030321070e+03 4.782421964390575209e-01
1.343515265617674231e+03 4.810315534315724451e-01
1.343326008205027165e+03 4.842983589807161593e-01
1.343136873051690827e+03 4.827151833238031986e-01
1.342947737898354262e+03 4.809944729915305306e-01
1.342758725004328198e+03 4.840233447028534086e-01
1.342569589850991861e+03 4.868646836435444603e-01
1.342380699216276298e+03 4.877475477277986027e-01
1.342191808581560736e+03 4.849151842660260892e-01
1.342002917946845400e+03 4.814149041691082598e-01
1.341814149571440339e+03 4.831769504851261554e-01
1.341625503455345779e+03 4.863806948142811448e-01
1.341436857339251446e+03 4.840970885959459125e-01
1.341248211223156886e+03 4.872068995687179327e-01
1.341059565107062326e+03 4.921392497783272924e-01
1.340871041250278267e+03 4.791334789723794563e-01
1.340682639652804937e+03 4.844153234174289335e-01
1.340494238055331380e+03 4.819198935376898252e-01
1.340305958717168323e+03 4.864886426156342925e-01
1.340117679379005267e+03 4.855720976556290869e-01
1.339929400040842211e+03 4.857377836528026238e-01
1.339741242961989883e+03 4.881374866304740712e-01
1.339553085883137328e+03 4.846137323691674936e-01
1.339364928804284773e+03 4.790025441816801455e-01
1.339177016244053220e+03 4.824666825469520748e-01
1.338989103683821668e+03 4.785575166309872785e-01
1.338801068864279614e+03 4.863581521654807838e-01
1.338613278563358563e+03 4.864612664488642824e-01
1.338425488262437511e+03 4.802280992263671666e-01
1.322481162543482469e+03 4.915310693614103887e-01
1.322298140355670739e+03 4.941025535916809819e-01
1.322115118167859009e+03 4.960558533215323473e-01
1.321932095980047279e+03 4.902126513659634810e-01
1.321749318310856552e+03 4.955629930928619475e-01
1.304970939575701323e+03 4.898621496303017797e-01
1.304792930019620144e+03 4.997666029410573474e-01
1.304615042722849239e+03 4.955219620421777993e-01
1.304437155426078334e+03 4.971218325222339085e-01
1.304259268129307429e+03 4.952491359574799357e-01
1.287077433669517177e+03 4.986920636958791508e-01
1.286904681263787097e+03 4.945112769229126348e-01
1.286731806598746516e+03 5.028749706296243849e-01
1.286559054193016436e+03 4.955553940700072602e-01
1.286386301787286357e+03 5.012934545370802963e-01
1.286213671640866778e+03 4.965535171442886919e-01
1.286041041494446972e+03 4.977177252338030322e-01
1.285868411348027394e+03 4.959052118244135499e-01
1.285695903460918316e+03 5.002814212894612922e-01
1.285523395573809239e+03 5.023128377494868735e-01
1.285351132205321164e+03 5.049032581473593684e-01
1.285178746577522588e+03 5.018580210708436518e-01
1.285006360949724012e+03 5.080658521072597411e-01
1.284834097581235937e+03 5.038113999523345932e-01
1.284661834212747863e+03 5.053062194869658574e-01
1.284489693103570062e+03 5.115201279630903208e-01
1.284317551994392488e+03 5.035474860997443125e-01
1.284145410885214915e+03 5.114989861185251785e-01
1.283973392035347842e+03 5.021180634379950325e-01
1.283801373185480770e+03 5.108331079695094257e-01
1.283629476594924199e+03 5.105712064901195557e-01
1.283457580004367401e+03 5.150412828259607334e-01
1.283285683413810830e+03 5.203102400364321145e-01
1.283113909082564760e+03 5.246681145177145567e-01
1.282942134751318690e+03 5.313236180562885824e-01
1.282770604938693396e+03 5.313741779286397238e-01
1.282598952866757827e+03 5.414300681482746569e-01
1.282427300794822258e+03 5.299192228858549125e-01
1.282255770982197191e+03 5.077988609193949676e-01
1.282084363428882398e+03 4.971400248675346134e-01
1.281912833616257331e+03 4.909980501212997117e-01
1.281741426062942764e+03 4.920838164581572971e-01
1.281570018509627971e+03 5.027368295168783696e-01
1.281398733215623906e+03 5.013008080075794792e-01
1.281227447921619842e+03 4.996273579496020023e-01
1.281056162627615549e+03 4.970791426093940091e-01
1.280885121852232487e+03 5.013688726690128661e-01
1.280713958817538924e+03 5.023651301573610617e-01
1.280542795782845133e+03 5.030537588486723166e-01
1.280371877266772572e+03 4.958980633032384344e-01
1.280200836491389282e+03 5.004426608994712034e-01
1.280030040234627222e+03 4.975743678732925668e-01
1.279859121718554661e+03 4.986391994829336705e-01
1.279688325461792374e+03 5.002513522177035599e-01
1.279517529205030314e+03 5.028904889900164266e-01
1.279346855207578528e+03 4.992218974086681804e-01
1.279176058950816468e+03 5.003891532587250168e-01
1.279005507212675184e+03 4.977239664959010046e-01
1.278834833215223625e+03 4.957051005407809852e-01
1.278664403736392842e+03 5.036433181900838996e-01
1.278493851998251785e+03 5.039323898430240201e-01
1.278323422519421001e+03 4.980087919690595610e-01
1.278152993040590445e+03 5.026737710837004824e-01
1.277982685821070163e+03 4.957558740090851068e-01
1.277812378601550108e+03 4.995011406700156087e-01
1.277642071382029826e+03 5.029988845665167574e-01
1.277471886421820273e+03 4.990874568278460544e-01
1.277301701461610492e+03 5.014708128551302879e-01
1.277131761020021713e+03 5.032352206606637290e-01
1.276961698319122661e+03 5.015116216155882656e-01
1.276791635618223381e+03 4.979950640031631237e-01
1.276621695176634830e+03 4.979525077157780366e-01
1.276451876994356553e+03 4.991397406429275985e-01
1.276281936552767775e+03 5.016694946439440583e-01
1.276112118370489725e+03 5.024528430936537893e-01
1.275942300188211448e+03 4.985425510227806112e-01
1.275772604265243672e+03 5.024287380253034119e-01
1.275602908342276123e+03 4.991957759738722133e-01
1.275433212419308347e+03 5.003730112269012542e-01
1.275263761014961574e+03 5.021409240161689436e-01
1.275094065091994025e+03 5.019724690892783947e-01
1.274924613687647252e+03 5.050661779343168512e-01
1.274755162283300479e+03 4.982822918681243385e-01
1.274585833138264206e+03 4.996137606455774427e-01
1.274416381733917660e+03 4.937265938409848842e-01
1.274247174848191889e+03 5.006964185390659905e-01
1.274077967962466118e+03 4.963869586508803389e-01
1.273908761076740348e+03 4.964960041951154146e-01
1.273739676450325305e+03 4.964334761846543875e-01
1.273570591823910036e+03 4.985503437635456225e-01
1.273401629456805267e+03 4.986434437255978791e-01
1.273401507197494766e+03 4.982108057080784080e-01
1.273232544830389998e+03 4.981272652626431152e-01
1.273232422571079496e+03 4.998569258268544813e-01
1.273063704722595730e+03 4.950277910910734214e-01
1.273063582463285229e+03 5.019458589278441574e-01
1.272894742355490962e+03 5.009061999347318439e-01
1.272894620096180461e+03 5.052284240402701299e-01
1.272725779988386421e+03 4.986355206382147576e-01
1.272725657729075920e+03 5.016604584236284969e-01
1.272556817621281652e+03 5.003184749504051565e-01
1.272388099772797887e+03 5.000177911340202286e-01
1.272219381924314121e+03 4.970942310333009706e-01
1.272050664075830355e+03 5.048209563610044359e-01
1.271882068486657090e+03 5.014545744818228457e-01
1.271713472897483825e+03 4.990309580198888928e-01
1.271544877308310561e+03 4.962985209529630071e-01
1.271376403978448025e+03 5.007182584587953622e-01
1.271207930648585261e+03 4.983977033947645241e-01
1.271039579578032999e+03 5.016048658296691221e-01
1.270871228507480737e+03 4.973468490768974681e-01
1.270702877436928475e+03 5.057108579532111348e-01
1.270534770884997215e+03 4.996333002809118518e-01
1.270366542073755454e+03 5.012393854039240981e-01
1.270198313262513693e+03 4.972938625258397360e-01
1.270030206710582434e+03 5.029013185781970874e-01
1.269862222417961675e+03 4.999920885826570904e-01
1.269694115866030415e+03 4.996997782754268314e-01
1.269526131573409657e+03 5.056585632660066665e-01
1.269358269540099400e+03 5.056782148238332386e-01
1.269190407506789143e+03 5.063289377876367681e-01
1.269022545473478885e+03 5.084764660767394640e-01
1.268854683440168628e+03 5.084861863566370044e-01
1.268687065925479146e+03 5.110809064807704249e-01
1.268519326151479390e+03 5.049548710725549894e-01
1.268351586377479634e+03 4.998184506345295097e-01
1.268184091122100881e+03 5.008307098586123329e-01
1.268016473607411626e+03 4.948468291924799645e-01
1.267848978352032873e+03 5.028792991557617942e-01
1.267681483096654119e+03 4.971875298581334701e-01
1.267514232359896369e+03 5.058836937947087664e-01
1.267346737104517388e+03 4.974986159444613754e-01
1.267179364108449136e+03 4.984115337829551073e-01
1.267012113371691385e+03 5.019882842991372218e-01
1.266844862634933634e+03 5.043825327100590616e-01
1.266677734157486384e+03 4.973048166024178762e-01
1.266510727939349636e+03 4.998080607526990682e-01
1.266343599461902159e+03 4.947838811152918681e-01
1.266176593243765410e+03 5.042821348093607936e-01
1.266009587025628662e+03 4.973833796507878824e-01
1.265842580807491913e+03 5.003768197581921484e-01
1.265675696848665439e+03 5.014571559363634190e-01
1.265508812889839191e+03 5.062342342726686706e-01
1.265342173449633947e+03 4.949856796727382102e-01
1.265175289490807700e+03 4.987987511370853277e-01
1.265008527791291726e+03 4.975591656303841037e-01
1.264841888351086482e+03 5.020925894275403145e-01
1.264675248910881237e+03 5.074615035193197343e-01
1.264508731729986266e+03 5.063365898221032779e-01
1.264342214549091523e+03 5.041196091303181692e-01
1.264175697368196779e+03 5.030136845835496695e-01
1.264009302446612310e+03 5.019357373490367369e-01
1.263842907525028068e+03 4.989975673255497290e-01
1.263676512603443825e+03 4.969530184808751416e-01
1.263510239941169857e+03 5.034611741603552959e-01
1.263343967278896116e+03 5.020541891084326913e-01
1.263177816875932649e+03 5.025749441577356258e-01
1.263011544213658908e+03 5.028337736093023702e-01
1.262845516070006170e+03 4.996518292659730687e-01
1.262679365667042703e+03 4.980258996295727769e-01
1.262513337523389964e+03 5.008699759030699195e-01
1.262347431639047500e+03 5.051668593312319544e-01
1.262181525754705262e+03 5.048823966034219346e-01
1.262015619870362798e+03 5.042913433326859929e-01
1.261849713986020561e+03 4.999810658421366405e-01
1.261684052620299099e+03 4.981155157144184220e-01
1.261518391254577864e+03 4.954993419287148093e-01
1.261352607629545901e+03 4.932158987806866679e-01
1.261186946263824666e+03 5.038213154730829535e-01
1.261021407157413705e+03 5.051991515122263854e-01
1.260855868051002972e+03 5.056369599899810385e-01
1.260690328944592011e+03 5.038154912797851992e-01
1.260524789838181277e+03 4.987163002165015402e-01
1.260359372991080818e+03 4.999203360320199074e-01
1.260194078403291087e+03 4.984562586373834092e-01
1.260028661556190627e+03 5.038347482170700831e-01
1.259863489227711170e+03 4.993732039216283725e-01
1.259698194639921439e+03 5.038031421507124241e-01
1.259533022311441982e+03 5.052157686661002955e-01
