# Wavelength, Reflectance
1.644684884789608986e+03 6.293417312924052265e-01
1.643818795922421486e+03 6.241613740764226925e-01
1.642953561547421486e+03 6.181816727139765044e-01
1.642089303734921486e+03 6.407851786917974080e-01
1.641225900414608986e+03 6.098124124749567665e-01
1.640363595727108986e+03 6.056492565339955947e-01
1.639502145531796486e+03 6.283568182001951774e-01
1.638641671898983986e+03 5.950393170378081020e-01
1.637782052758358986e+03 6.025542399113863468e-01
1.636923532250546486e+03 5.638365256396850045e-01
1.636065866234921486e+03 5.813793029444552785e-01
1.635209176781796486e+03 5.705994869333442798e-01
1.634353463891171486e+03 5.508240555505568015e-01
1.633498605492733986e+03 5.604879296462982330e-01
1.632644723656796486e+03 5.555533575956845826e-01
1.631791696313046486e+03 5.315409814539679978e-01
1.630939645531796486e+03 5.441394470535783068e-01
1.630088571313046486e+03 5.367609023264000578e-01
1.629238351586483986e+03 5.230807293030556027e-01
1.628389108422421486e+03 5.243020781608711545e-01
1.627540719750546486e+03 5.169625563059440099e-01
1.626693307641171486e+03 5.279325240021811583e-01
1.625846872094296486e+03 5.083743395074370452e-01
1.625001413109921486e+03 5.154620547644895856e-01
1.624156686547421486e+03 5.270097011274695875e-01
1.623313058617733986e+03 5.161380373484585338e-01
1.622470163109921486e+03 5.187712732876105237e-01
1.621628366234921486e+03 5.103150426638703996e-01
1.620787301781796486e+03 5.028891071628442955e-01
1.619947335961483986e+03 5.107548043245812019e-01
1.619108102563046486e+03 5.152056014422632391e-01
1.618269845727108986e+03 4.954498562152053753e-01
1.617432443383358986e+03 5.052084678356049130e-01
1.616596017602108986e+03 4.846371704569001349e-01
1.615760446313046486e+03 4.922923687851240016e-01
1.614925851586483986e+03 5.008431542007775183e-01
1.614092233422421486e+03 4.940884776282023494e-01
1.613259347680233986e+03 5.058174431000154181e-01
1.612427438500546486e+03 4.919486159022372074e-01
1.611596383813046486e+03 4.944598346347188755e-01
1.610766305688046486e+03 4.956807698461527245e-01
1.609937082055233986e+03 4.879732961843149530e-01
1.609108712914608986e+03 4.868621459440404253e-01
1.608281320336483986e+03 4.852444704232696249e-01
1.607454660180233986e+03 4.912842935875366135e-01
1.606628976586483986e+03 4.853499256950351004e-01
1.605804269555233986e+03 4.900765031382741110e-01
1.604980417016171486e+03 4.900540202567875703e-01
1.604157296898983986e+03 4.804159694046938878e-01
1.603335153344296486e+03 4.823020117749481916e-01
1.602513986352108986e+03 4.827178161802964107e-01
1.601693551781796486e+03 4.780407192110016634e-01
1.600874093773983986e+03 4.841850791798546494e-01
1.600055490258358986e+03 4.774294629590864480e-01
1.599237741234921486e+03 4.885928114492561480e-01
1.598420846703671486e+03 4.882578546917264450e-01
1.597604684594296486e+03 4.932533638404092979e-01
1.596789865258358986e+03 4.817391336370844268e-01
1.595975534203671486e+03 4.754004685615583203e-01
1.595162057641171486e+03 4.795493531868275650e-01
1.594349679711483986e+03 4.855155909931565539e-01
1.593537912133358986e+03 4.837764364373584036e-01
1.592727121117733986e+03 4.865121072105781930e-01
1.591917306664608986e+03 4.935944331840923516e-01
1.591108224633358986e+03 4.900581479060147072e-01
1.590300119164608986e+03 4.879292466258038918e-01
1.589492624047421486e+03 4.803435132176754885e-01
1.588685983422421486e+03 4.760912145119541306e-01
1.587880563500546486e+03 4.798809912225708296e-01
1.587075753930233986e+03 4.753779152854823997e-01
1.586271798852108986e+03 4.817863295151629255e-01
1.585468820336483986e+03 4.809359000662303263e-01
1.584666574242733986e+03 4.882054967638304599e-01
1.583865182641171486e+03 4.806359504709783459e-01
1.583064767602108986e+03 4.795326358453943505e-01
1.582265084984921486e+03 4.782816064422775182e-01
1.581466378930233986e+03 4.818415963197215102e-01
1.580668283227108986e+03 4.861368200814462082e-01
1.579871042016171486e+03 4.786340310029398859e-01
1.579074899438046486e+03 4.856378057597773301e-01
1.578279367211483986e+03 4.928302131469951552e-01
1.577484811547421486e+03 4.829410855030049077e-01
1.576691110375546486e+03 4.648098146835515920e-01
1.575898141625546486e+03 4.864068650271447525e-01
1.575105905297421486e+03 4.795924155174449144e-01
1.574314645531796486e+03 4.725517141931150911e-01
1.573524240258358986e+03 4.823507638941496034e-01
1.572734689477108986e+03 4.694331904725638216e-01
1.571945871117733986e+03 4.689914919026463291e-01
1.571157785180233986e+03 4.740117335595291914e-01
1.570370797875546486e+03 4.827645335798143589e-01
1.569584420922421486e+03 4.684017667391874862e-01
1.568799142602108986e+03 4.779495557134058048e-01
1.568014352563046486e+03 4.741399233017847825e-01
1.567230539086483986e+03 4.762603794021240677e-01
1.566447580102108986e+03 4.866895401194426540e-01
1.565665353539608986e+03 4.788572632745630164e-01
1.564883981469296486e+03 4.836413768095370602e-01
1.564103463891171486e+03 4.898301502638908178e-01
1.563323800805233986e+03 4.875146222216955594e-01
1.562544748070858986e+03 4.890612092028502333e-01
1.561766671898983986e+03 4.832574860546115514e-01
1.560989450219296486e+03 4.788595100058794518e-01
1.560212960961483986e+03 4.788022743540145121e-01
1.559437204125546486e+03 4.766493118931342532e-01
1.558662301781796486e+03 4.801704136054928962e-01
1.557888376000546486e+03 4.828911829466100425e-01
1.557115060570858986e+03 4.808413391120358038e-01
1.556342599633358986e+03 4.757604110459873747e-01
1.555570871117733986e+03 4.774137982911951239e-01
1.554800119164608986e+03 4.801714724574310256e-01
1.554029977563046486e+03 4.712620144064885164e-01
1.553260812523983986e+03 4.776196755529887317e-01
1.553260690453671486e+03 4.771170550949299649e-01
1.553004586938046486e+03 4.793613768706197487e-01
1.552748361352108986e+03 4.725871805185244967e-01
1.552492379906796486e+03 4.762477122285467823e-01
1.552492257836483986e+03 4.742415257755299152e-01
1.552236398461483986e+03 4.723812456339080423e-01
1.551724679711483986e+03 4.774592116417139542e-01
1.550957834008358986e+03 4.770655634624065278e-01
1.550191720727108986e+03 4.719475048686778140e-01
1.549426461938046486e+03 4.776427255137756789e-01
1.548662057641171486e+03 4.877052307355791982e-01
1.547898263695858986e+03 4.771656297262966695e-01
1.547135324242733986e+03 4.863293972077375460e-01
1.546373239281796486e+03 4.767966621571159691e-01
1.545612008813046486e+03 4.782751681124846610e-01
1.544851388695858986e+03 4.769757785611669076e-01
1.544091501000546486e+03 4.785019567412125974e-01
1.543332589867733986e+03 4.821686421305086401e-01
1.542574533227108986e+03 4.743418055892531515e-01
1.541817086938046486e+03 4.761867940695370116e-01
1.541060373070858986e+03 4.768828820560875315e-01
1.540304513695858986e+03 4.751821058525672048e-01
1.539549386742733986e+03 4.685501885497418417e-01
1.538795236352108986e+03 4.755669167257439711e-01
1.538041696313046486e+03 4.811066456781066814e-01
1.537288888695858986e+03 4.773118937562100261e-01
1.536536935570858986e+03 4.787228476112342368e-01
1.535785470727108986e+03 4.841729525875907991e-01
1.535035348656796486e+03 4.695284773561360647e-01
1.534285470727108986e+03 4.752849381570322107e-01
1.533536691430233986e+03 4.678195556760775253e-01
1.532788522484921486e+03 4.781011337176576670e-01
1.532041085961483986e+03 4.693218937573515603e-01
1.531294626000546486e+03 4.783855094328642865e-01
1.530548776391171486e+03 4.827778901864632211e-01
1.529803659203671486e+03 4.623273247601686897e-01
1.529059274438046486e+03 4.739348213144119470e-01
1.528315744164608986e+03 4.747238710749482893e-01
1.527572702172421486e+03 4.800801466013225327e-01
1.526830880883358986e+03 4.712039126904147834e-01
1.526089425805233986e+03 4.724141779584636325e-01
1.525349069359921486e+03 4.746800295993079954e-01
1.524609201195858986e+03 4.706274551416361751e-01
1.523870187523983986e+03 4.798931667884562269e-01
1.523131906273983986e+03 4.750811763735184323e-01
1.522394479516171486e+03 4.772397423855623821e-01
1.521657663109921486e+03 4.777132773423596324e-01
1.520921579125546486e+03 4.738560703138725017e-01
1.520186227563046486e+03 4.740792562769718943e-01
1.519451730492733986e+03 4.722455424246116973e-01
1.518717843773983986e+03 4.740353259815474618e-01
1.517984689477108986e+03 4.739786775935065366e-01
1.517252633813046486e+03 4.798815142774309761e-01
1.516521066430233986e+03 4.663296403342465646e-01
1.515790109398983986e+03 4.702963449123439554e-01
1.515546823266171486e+03 4.749339612809813094e-01
1.515303537133358986e+03 4.734847566578299083e-01
1.515060128930233986e+03 4.721786763534577824e-01
1.515060006859921486e+03 4.721791792071387550e-01
1.514816964867733986e+03 4.681545663862556883e-01
1.514573922875546486e+03 4.734499454564605747e-01
1.514330636742733986e+03 4.682445608675533943e-01
1.513601999047421486e+03 4.738503306912544288e-01
1.512874093773983986e+03 4.726093064772610153e-01
1.512146920922421486e+03 4.770222323853448021e-01
1.511420602563046486e+03 4.755404077811533625e-01
1.510694894555233986e+03 4.834516094374394224e-01
1.509969918969296486e+03 4.754801364036487787e-01
1.509245675805233986e+03 4.796813223267558657e-01
1.508522165063046486e+03 4.746273394484799568e-01
1.507799386742733986e+03 4.795751087053083950e-01
1.507077340844296486e+03 4.792714023350845287e-01
1.506356027367733986e+03 4.890335009261216337e-01
1.505635446313046486e+03 4.864870121578823703e-01
1.504915719750546486e+03 4.818623850382854346e-01
1.504196481469296486e+03 4.631081837231327269e-01
1.503478097680233986e+03 4.967731094271879977e-01
1.502759496639928784e+03 4.595064613157229805e-01
1.502041373942222208e+03 4.741820778322970997e-01
1.501324107025735429e+03 4.726290223216287889e-01
1.500607451381548117e+03 4.708385884323781911e-01
1.499891529264120663e+03 4.790468550986353158e-01
1.499176340673452842e+03 4.710933623687461047e-01
1.498461763355084713e+03 4.798058388748998038e-01
1.497748041817936155e+03 4.752570079509038092e-01
1.497034931553087290e+03 4.734346526633435026e-01
1.496322677069457995e+03 4.700272538342540884e-01
1.495611033858128394e+03 4.748950175072527702e-01
1.494900124173558652e+03 4.766202787059831691e-01
1.494189825761288375e+03 4.656215730710008827e-01
1.493480383130237897e+03 4.723939911367595057e-01
1.492771551771487111e+03 4.758342363535337238e-01
1.492063453939495957e+03 4.779778326840157243e-01
1.491356089634264436e+03 4.741850819873647538e-01
1.490649336601332607e+03 4.807476135070830048e-01
1.489943317095160410e+03 4.736722169418545736e-01
1.489238031115747845e+03 4.855882037668506346e-01
1.488533478663095138e+03 4.828744335299300361e-01
1.487829537482741898e+03 4.574621053889532662e-01
1.487126329829148517e+03 4.810711247819736691e-01
1.486423733447854829e+03 4.772646727636691844e-01
1.485721992847780712e+03 4.716589413338452830e-01
1.485020863520006287e+03 4.666416369861151048e-01
1.484320467718991495e+03 4.701950935597857817e-01
1.483620683190276395e+03 4.753539483140198918e-01
1.482921754442781094e+03 4.691761560761438243e-01
1.482223314713125319e+03 4.746974025018533827e-01
1.481525730764689342e+03 4.757243477092211736e-01
1.480828758088553059e+03 4.673522732768548016e-01
1.480132396684716468e+03 4.705205934676638946e-01
1.479436891062099448e+03 4.722763666116940318e-01
1.478741874457322183e+03 4.732657977156659035e-01
1.478047713633764488e+03 4.737983801148509255e-01
1.477354164082506486e+03 4.728046758938005412e-01
1.476661348058008343e+03 4.781765147164096508e-01
1.475969143305809666e+03 4.739496334496453023e-01
1.475277672080370849e+03 4.685567696580481556e-01
1.474586812127231724e+03 4.848947511078890993e-01
1.473896685700852004e+03 4.734301314970723040e-01
1.473207170546772204e+03 4.791966962321700940e-01
1.472518388919452264e+03 4.702603907988486265e-01
1.471830340818891727e+03 4.690080095122464710e-01
1.471142903990630884e+03 4.669126295871393606e-01
1.470456200689129901e+03 4.623690243197814964e-01
1.469770108659928383e+03 4.693079608375664846e-01
1.469084627903026785e+03 4.669592481281493179e-01
1.468399880672884819e+03 4.716489865703221707e-01
1.467715866969502258e+03 4.714545024163939169e-01
1.467032464538419617e+03 4.660653612709804716e-01
1.466349673379636670e+03 4.756668240651652502e-01
1.465667615747613581e+03 4.586742105736151265e-01
1.464986169387889959e+03 4.690847278744177395e-01
1.464305456554925968e+03 4.780323641658491551e-01
1.463625354994261897e+03 4.757733043836927522e-01
1.462945986960357459e+03 4.746813082320375798e-01
1.462267230198752486e+03 4.799561550978819757e-01
1.461589084709447434e+03 4.694057556634566031e-01
1.460911550492442075e+03 4.728638022444089373e-01
1.460234872056656286e+03 4.719659138227753625e-01
1.459558682638710479e+03 4.671716947958397537e-01
1.458883226747524077e+03 4.755541440411136245e-01
1.458208382128637368e+03 4.679857643673485668e-01
1.457534271036510518e+03 4.734398372907176467e-01
1.456860771216683133e+03 4.691965837921490690e-01
1.456187882669155670e+03 4.633642400764535485e-01
1.455515727648387838e+03 4.615946426503805822e-01
1.454844183899919699e+03 4.590509110217626532e-01
1.454173251423751253e+03 4.668365907884822197e-01
1.453502930219882501e+03 4.751585033654680545e-01
1.452833464797233319e+03 4.737448567428816926e-01
1.452164488392424119e+03 4.745915365497231919e-01
1.451496123259914384e+03 4.718426422101185680e-01
1.450828491654164509e+03 4.691615855184375627e-01
1.450161471320714327e+03 4.658150733800426324e-01
1.449495062259563610e+03 4.700448384330004892e-01
1.448829386725172753e+03 4.712605412267599214e-01
1.448164322463081589e+03 4.741438844587856916e-01
1.447499747218830180e+03 4.724818549504078424e-01
1.446836027755798568e+03 4.724163549396580564e-01
1.446172797310606484e+03 4.721482321054225051e-01
1.445510422646633970e+03 4.693410710415086839e-01
1.444848414746041499e+03 4.719114995459701700e-01
1.444187140372208660e+03 4.679248715376984613e-01
1.443526599525135225e+03 4.766261328664381791e-01
1.442866547695901772e+03 4.736894886711506825e-01
1.442207229393427951e+03 4.678907538476859695e-01
1.441548522363253824e+03 4.594428939588572902e-01
1.440890426605379616e+03 4.708624063539254001e-01
1.440232819865344936e+03 4.584142519310028252e-01
1.439576191160989765e+03 4.719461945298779604e-01
1.439576068906529827e+03 4.632827669350419453e-01
1.439357355677691430e+03 4.652560062928102758e-01
1.439138520194393095e+03 4.633406416995382027e-01
1.438919929220014637e+03 4.540208054527088977e-01
1.438919806965554699e+03 4.545256156900003841e-01
1.438701215991176241e+03 4.523272499566034499e-01
1.438482747271257495e+03 4.533600030848269902e-01
1.438264400805798914e+03 4.624010754543700918e-01
1.438264278551338975e+03 4.624004907162326816e-01
1.438045932085880395e+03 4.661280608101097678e-01
1.437827707874881753e+03 4.605539645799398007e-01
1.437609483663883111e+03 4.527757784988100109e-01
1.437609361409423173e+03 4.586532987721696486e-01
1.437391014943964592e+03 4.540970863223834364e-01
1.437173035241885827e+03 4.629958645067073775e-01
1.436955177794267001e+03 4.602034647477532547e-01
1.436955055539807063e+03 4.631563540403302315e-01
1.436737075837728298e+03 4.594154217041709898e-01
1.436519096135649534e+03 4.615712260834164971e-01
1.436301360942490646e+03 4.612932521675249253e-01
1.436083625749331759e+03 4.584701083445557046e-01
1.435865890556172872e+03 4.547019233238980274e-01
1.435648277617473923e+03 4.534149056094856078e-01
1.435430786933234913e+03 4.639145335187436214e-01
1.435213296248995903e+03 4.586697616877619121e-01
1.434995805564756893e+03 4.595660443144153895e-01
1.434778559389437760e+03 4.571631589907753646e-01
1.434561190959658688e+03 4.675395371117513910e-01
1.434343944784339556e+03 4.760299978599352166e-01
1.434126820863480361e+03 4.795991793779377788e-01
1.433909819197081106e+03 4.770785809346090312e-01
1.433692817530681850e+03 4.700077149632505558e-01
1.433475815864282595e+03 4.648120558519237555e-01
1.433259058706803444e+03 4.671922617284738899e-01
1.433042179294864127e+03 4.588382222722460213e-01
1.432825422137384749e+03 4.693237832242294627e-01
1.432608787234365309e+03 4.619364742706555949e-01
1.432392274585805808e+03 4.459881533357495376e-01
1.432175761937246307e+03 4.499534084421709101e-01
1.431959249288687033e+03 4.549224843505350613e-01
1.431742858894587471e+03 4.535696404095481693e-01
1.431526590754947847e+03 4.371630388858024907e-01
1.431310322615308223e+03 4.149838430727411098e-01
1.431094176730128765e+03 4.104631705652245222e-01
1.430878153099409019e+03 4.223848272630677525e-01
1.430662007214229334e+03 4.451506818721525649e-01
1.430445983583509587e+03 4.623487334841535623e-01
1.430229959952790068e+03 4.710541885497489534e-01
1.430014303085450138e+03 4.645565693718556877e-01
1.429798523963650268e+03 4.629838161357406889e-01
1.429582867096310565e+03 4.653897923172234385e-01
1.429367332483430573e+03 4.678947635857478859e-01
1.429151675616090643e+03 4.700341836118885341e-01
1.428936141003210878e+03 4.655197039937976067e-01
1.428720728644790825e+03 4.732529516102620959e-01
1.428505438540830937e+03 4.692847559859664175e-01
1.428290148436870822e+03 4.702162036951322843e-01
1.428074858332910708e+03 4.794894321043066676e-01
1.427859690483410759e+03 4.807456229678346293e-01
1.427644767142830460e+03 4.786441855121205124e-01
1.427429599293330512e+03 4.764124115900273404e-01
1.427214675952750213e+03 4.752395092717732750e-01
1.426999874866630080e+03 4.748897135757912946e-01
1.426785073780509720e+03 4.792265127334405794e-01
1.426570272694389587e+03 4.833149558239612786e-01
1.426355593862729165e+03 4.804084755009759289e-01
1.426141037285528910e+03 4.785017883437113762e-01
1.425926480708328427e+03 4.741015927405068942e-01
1.425712046385588110e+03 4.718058054440835702e-01
1.425497612062847566e+03 4.651523029867851156e-01
1.425283299994567187e+03 4.699679959204421942e-01
1.425068987926286582e+03 4.768750233374337011e-01
1.424854798112466142e+03 4.743573846446859643e-01
1.424640486044185536e+03 4.800000784082808503e-01
1.424426662993744912e+03 4.722276902797866716e-01
1.424212595434384411e+03 4.688722497536199629e-01
1.423998650129483622e+03 4.619415057068027020e-01
1.423784827079042998e+03 4.617409140871178708e-01
1.423571004028602374e+03 4.702040393174232169e-01
1.423357303232621462e+03 4.736670233627160997e-01
1.423143480182180838e+03 4.733950822220328591e-01
1.422930146149579969e+03 4.721835916495550345e-01
1.422716567608058995e+03 4.634175509526459735e-01
1.422503111320998187e+03 4.677505693897260897e-01
1.422289655033937379e+03 4.741924148208892520e-01
1.422076443255796221e+03 4.819361256353027478e-01
1.421863109223195352e+03 4.767657865823348162e-01
1.421649897445054421e+03 4.763568420414855953e-01
1.421436685666913490e+03 4.693094790093645385e-01
1.421223718397692210e+03 4.688375543378688892e-01
1.421010751128471156e+03 4.698082110033756642e-01
1.420797783859250103e+03 4.679771072107098973e-01
1.420585061098948927e+03 4.734862811572488894e-01
1.420372093829727874e+03 4.713051091957655703e-01
1.420159493323886409e+03 4.752969759935540828e-01
1.419946770563585233e+03 4.773696492099406830e-01
1.419734292312203934e+03 4.732987073233382858e-01
1.419521691806362696e+03 4.675354392821464145e-01
1.419309213554981397e+03 4.681206884121357770e-01
1.419096857558060037e+03 4.712115767058245308e-01
1.418884623815598616e+03 4.699899283221321555e-01
1.418672390073137194e+03 4.718249985964891868e-01
1.418460156330675545e+03 4.713749047438469120e-01
1.418247922588214124e+03 4.741129242344869765e-01
1.418036055609132518e+03 4.711005627305082655e-01
1.417823944121131035e+03 4.745794317187007061e-01
1.417611954887589491e+03 4.680262479113750373e-01
1.417400210162967824e+03 4.661185177799389012e-01
1.417188465438346157e+03 4.695797587208015988e-01
1.416976720713724490e+03 4.672573793539912534e-01
1.416764975989102822e+03 4.762023318346270684e-01
1.416553475773401033e+03 4.740470935340687642e-01
1.416341975557699243e+03 4.765051120429775744e-01
1.416130475341997453e+03 4.730097057190041365e-01
1.415919097380755602e+03 4.715668241622212320e-01
1.415707719419513751e+03 4.693312135285740982e-01
1.415496585967191777e+03 4.727020147052177768e-01
1.415285330260409864e+03 4.741314602815053236e-01
1.415074196808088118e+03 4.707911119351121942e-01
1.414863063355766144e+03 4.707150653563847986e-01
1.414652174412364047e+03 4.711522145093877678e-01
1.414441285468961951e+03 4.693094113793987443e-01
1.414230396525559854e+03 4.737461681532045277e-01
1.414019629836617696e+03 4.697915079340179711e-01
1.413808985402135477e+03 4.668502120946448897e-01
1.413598218713193319e+03 4.725058710210544577e-01
1.413387452024251388e+03 4.671849873678811660e-01
1.413177174353148985e+03 4.742689444815213484e-01
1.412966652173126704e+03 4.691359129144547779e-01
1.412756252247564362e+03 4.653764267546270927e-01
1.412545852322002020e+03 4.718895492886797105e-01
1.412335696905359782e+03 4.761831883033505464e-01
1.412125541488717317e+03 4.829678124698626451e-01
1.411915386072074853e+03 4.808139546427372957e-01
1.411705230655432388e+03 4.785276592773978210e-01
1.411495319747710028e+03 4.697061969591272979e-01
1.411285408839987440e+03 4.682483005507294127e-01
1.411075497932264852e+03 4.715214432612209738e-01
1.410865587024542492e+03 4.674650993106169716e-01
1.410655920625739782e+03 4.756309094921283287e-01
1.410446254226937072e+03 4.693250449716732664e-01
1.410236710082594527e+03 4.712081559436288591e-01
1.410027043683791817e+03 4.706630214247212174e-01
1.409817744048368922e+03 4.734776936540064929e-01
1.409608199904026378e+03 4.715312178462872095e-01
1.409398900268603484e+03 4.682139337901097820e-01
1.409189600633180589e+03 4.636102256641887465e-01
1.408980423252217861e+03 4.697866242858636521e-01
1.408771245871254905e+03 4.696112832980215424e-01
1.408562190744752115e+03 4.693794308247731806e-01
1.408353135618249098e+03 4.726680347682730710e-01
1.408144202746206247e+03 4.729215430705475121e-01
1.407935269874163168e+03 4.708116701174803742e-01
1.407726459256580256e+03 4.718804139448822266e-01
1.407517648638997116e+03 4.730740477067488237e-01
1.407308960275873915e+03 4.712159224253520406e-01
1.407100394167210879e+03 4.643028743841188799e-01
1.406891828058547617e+03 4.692681451883276567e-01
1.406683261949884582e+03 4.714529009240805424e-01
1.406474818095681485e+03 4.779951970985027998e-01
1.406266618750398038e+03 4.695894758088171028e-01
1.406058174896194942e+03 4.751183708353897694e-01
1.405849975550911495e+03 4.760404999955760164e-01
1.405641776205628275e+03 4.814860323811230303e-01
1.405433699114804767e+03 4.845683384624296930e-01
1.405225622023981487e+03 4.726367281177617508e-01
1.405017667187618144e+03 4.736324413665251587e-01
1.404809712351254575e+03 4.676530054834853178e-01
1.404602002023811110e+03 4.666880868808754856e-01
1.404394169441907479e+03 4.726249282225713499e-01
1.404186336860004076e+03 4.714591857387733231e-01
1.403978748787020550e+03 4.768348077449056643e-01
1.403771160714036796e+03 4.806958869144480340e-01
1.403563694895513208e+03 4.828212485737418680e-01
1.403356106822529682e+03 4.754320746083906535e-01
1.403148763258466033e+03 4.733806029259592929e-01
1.402941541948862096e+03 4.770546431967077061e-01
1.402734198384798447e+03 4.770323409307211660e-01
1.402526977075194736e+03 4.800248746205373340e-01
1.402319755765590799e+03 4.817372583366918981e-01
1.402112778964906965e+03 4.806655266447011354e-01
1.401905802164223132e+03 4.827189241084461901e-01
1.401698825363539299e+03 4.810294383006971652e-01
1.401491848562855466e+03 4.811608829538959742e-01
1.401284994016631344e+03 4.776320048049093603e-01
1.401078261724867389e+03 4.744853311096755566e-01
1.400871651687563372e+03 4.750949279686435545e-01
1.400665041650259354e+03 4.781307194834569230e-01
1.400458431612955337e+03 4.783644124345534654e-01
1.400251943830111259e+03 4.764104185975372441e-01
1.400045578301726891e+03 4.670240141527097766e-01
1.399839090518882813e+03 4.724029340680074296e-01
1.399632847244958612e+03 4.642056568358911006e-01
1.399426603971034410e+03 4.650581011083213534e-01
1.399220482951570148e+03 4.724865326741201077e-01
1.399014239677645946e+03 4.717397612494885206e-01
1.398808240912641622e+03 4.736170490703169311e-01
1.398602364402097237e+03 4.733667463711338508e-01
1.398396243382632974e+03 4.735240005461527901e-01
1.398190489126548528e+03 4.759047453333645206e-01
1.397984612616004142e+03 4.734551385034759807e-01
1.397778858359919695e+03 4.720989903153995915e-01
1.397573348612755126e+03 4.696375469975777595e-01
1.397367716611130618e+03 4.664288460562381888e-01
1.397162084609506110e+03 4.752494087155106905e-01
1.396956452607881602e+03 4.753222137292897331e-01
1.396751309624096848e+03 4.734672112735875960e-01
1.396545922131392217e+03 4.723607021316886256e-01
1.396340534638687586e+03 4.736419477387915911e-01
1.396135391654902833e+03 4.798492441470969538e-01
1.395930248671118079e+03 4.777873479724862316e-01
1.395725105687333325e+03 4.756562551785702420e-01
1.395520084958008511e+03 4.737168965251937758e-01
1.395315064228683696e+03 4.656719772063354079e-01
1.395110165753818819e+03 4.732144434912729514e-01
1.394905389533413882e+03 4.718579691459726666e-01
1.394700613313009171e+03 4.737925315385232428e-01
1.394495837092604233e+03 4.789860269812288296e-01
1.394291060872199296e+03 4.767990390264034151e-01
1.394086651415174174e+03 4.753057783838122163e-01
1.393882119703689114e+03 4.738935010345890486e-01
1.393677587992204053e+03 4.699350873401255679e-01
1.393473178535179159e+03 4.779540111499530064e-01
1.393268891332613975e+03 4.770565203565844126e-01
1.393064604130048792e+03 4.767337236046870208e-01
1.392860439181943548e+03 4.820335910516315714e-01
1.392656274233838303e+03 4.797125779585821870e-01
1.392452109285733286e+03 4.735211421760254225e-01
1.392248188846547919e+03 4.701416771864719846e-01
1.392044146152902613e+03 4.697322477310483801e-01
1.391840225713717473e+03 4.743712953338939942e-01
1.391636305274532106e+03 4.796816331250875476e-01
1.391432751598726554e+03 4.724811270981796318e-01
1.391228953414001126e+03 4.693915931352016790e-01
1.391025277483735863e+03 4.697616307666497848e-01
1.390821723807930312e+03 4.731666437734488584e-01
1.390618170132124760e+03 4.760159588076282033e-01
1.390414738710779375e+03 4.821618941089861332e-01
1.390211307289433762e+03 4.707223339558216924e-01
1.390007998122548315e+03 4.716799563474457502e-01
1.389804688955662641e+03 4.713385007867172405e-01
1.389601624297696844e+03 4.750976238693604969e-01
1.389398437385271336e+03 4.748066074814159543e-01
1.389195250472845601e+03 4.765012777285766443e-01
1.388992185814880031e+03 4.740570119016934703e-01
1.388789243411374173e+03 4.741436924358104488e-01
1.388586423262328481e+03 4.770965182009208605e-01
1.388383603113282561e+03 4.742634892506165656e-01
1.388180782964236641e+03 4.723352451111663686e-01
1.387978085069650888e+03 4.694509432627096968e-01
1.387775509429524845e+03 4.662369358713505663e-01
1.387572811534939092e+03 4.714850874694948013e-01
1.387370358149272988e+03 4.732576096568670287e-01
1.387167904763607112e+03 4.774740513592062308e-01
1.386965451377941008e+03 4.783718098636952076e-01
1.386763120246735070e+03 4.750502534638479935e-01
1.386560911369989071e+03 4.676808361617619814e-01
1.386358580238782906e+03 4.761299088045879979e-01
1.386156493616496846e+03 4.776098634236512486e-01
1.385954406994210558e+03 4.819370891909626198e-01
1.385752442626384436e+03 4.863882172521852842e-01
1.385550478258558087e+03 4.855682965412501662e-01
1.385348513890731965e+03 4.741138200818879045e-01
1.385146671777365782e+03 4.701322097551090540e-01
1.384944829663999371e+03 4.657088352954535937e-01
1.384743232059553065e+03 4.685080833898814801e-01
1.384541512200646821e+03 4.744385090121818749e-01
1.384339914596200288e+03 4.729764401314983102e-01
1.384138316991753982e+03 4.802814639758285487e-01
1.383936963896227553e+03 4.792581531524315319e-01
1.383735488546240958e+03 4.859860956499665319e-01
1.383534135450714530e+03 4.808543317172331300e-01
1.383332782355188101e+03 4.897056037536797191e-01
1.383131673768581550e+03 4.848866339028960470e-01
1.382930565181974771e+03 4.688408614803137309e-01
1.382729334340908281e+03 4.712717393443397462e-01
1.382528348008761668e+03 4.725635235354243013e-01
1.382327361676615055e+03 4.742985941413720430e-01
1.382126497598928154e+03 4.769440602955853925e-01
1.381925633521241480e+03 4.692168108271345117e-01
1.381724769443554806e+03 4.813902687071376363e-01
1.381524027620328070e+03 4.803206485402135573e-01
1.381323285797101107e+03 4.924852070300450579e-01
1.381122788482794249e+03 4.765472120180534454e-01
1.380922291168487391e+03 4.714663480917415384e-01
1.380721793854180532e+03 4.748752701443842428e-01
1.380521296539873674e+03 4.738555631315206074e-01
1.380320921480026755e+03 4.694215804362584232e-01
1.380120668674639774e+03 4.747925168706649268e-01
1.379920415869252565e+03 4.713065459743646102e-01
1.379720163063865584e+03 4.782059528880760468e-01
1.379520032512938542e+03 4.778731870700890783e-01
1.379320146470931377e+03 4.775686272291986278e-01
1.379120138174464273e+03 4.772262121847213323e-01
1.378920129877997169e+03 4.755083041424570944e-01
1.378720243835990004e+03 4.694147944285735341e-01
1.378520357793982839e+03 4.697312728508741819e-01
1.378320594006435613e+03 4.795888630152931320e-01
1.378120952473348325e+03 4.772275982081204404e-01
1.377921310940261037e+03 4.766064805100795332e-01
1.377721791661633688e+03 4.817404517016031784e-01
1.377522272383006339e+03 4.818760071169516657e-01
1.377322875358838928e+03 4.798098670296456203e-01
1.377123478334671518e+03 4.765063096828257017e-01
1.376924081310504107e+03 4.802216357096307786e-01
1.376724806540796635e+03 4.805197111226338080e-01
1.376525531771089163e+03 4.882886177607062561e-01
1.376326501510301568e+03 4.819628396273608617e-01
1.376127348995054035e+03 4.786638590842997587e-01
1.375928318734266441e+03 4.710138801481512649e-01
1.375729288473478846e+03 4.732292778287556789e-01
1.375530380467151417e+03 4.818786820083970635e-01
1.375331716969743638e+03 4.881478505109346222e-01
1.375132931217875921e+03 4.881228251091742076e-01
1.374934145466008204e+03 4.814561654978694594e-01
1.374735481968600425e+03 4.775420268925707479e-01
1.374536818471192646e+03 4.791438324663961912e-01
1.374338399482704745e+03 4.770396957413348127e-01
1.374139858239757132e+03 4.800452236851385224e-01
1.373941439251269230e+03 4.804802768105497779e-01
1.373743020262781329e+03 4.815187265995275467e-01
1.373544723528753366e+03 4.775521470607586028e-01
1.373346549049185342e+03 4.758112365041375358e-01
1.373148252315157606e+03 4.705102181833938912e-01
1.372950200090049520e+03 4.743222419054692884e-01
1.372752147864941435e+03 4.779699797638151670e-01
1.372554095639833349e+03 4.757706949119275275e-01
1.372356287923645368e+03 4.793980384870785150e-01
1.372158357952997221e+03 4.720066502326859537e-01
1.371960550236809013e+03 4.742286450783686491e-01
1.371762620266161093e+03 4.790265350256903698e-01
1.371565057058892762e+03 4.731188209678662826e-01
1.371367493851624431e+03 4.789043261281164532e-01
1.371169930644356327e+03 4.757580566646459341e-01
1.370972367437087996e+03 4.726933208790180529e-01
1.370774804229819665e+03 4.805306301940598934e-01
1.370577363277011500e+03 4.824955020846940501e-01
1.370380166833122985e+03 4.813813380469710856e-01
1.370182848134774531e+03 4.814819747329247002e-01
1.369985651690886243e+03 4.735073836899099109e-01
1.369788455246997728e+03 4.731914053599791115e-01
1.369591381057569151e+03 4.734443696521529743e-01
1.369394429122600741e+03 4.830130062586245887e-01
1.369197232678712226e+03 4.802534082451230257e-01
1.369000402998203754e+03 4.831182790563732787e-01
1.368803573317695054e+03 4.789372599170756972e-01
1.368606743637186582e+03 4.755622057738250197e-01
1.368410036211137822e+03 4.696907005301877991e-01
1.368213328785089288e+03 4.794680578249530534e-01
1.368016621359040528e+03 4.734391391329276777e-01
1.367820158441911872e+03 4.796382300163907209e-01
1.367623573270323050e+03 4.754339497092767708e-01
1.367427110353194394e+03 4.760406901515971678e-01
1.367230891944985387e+03 4.769831356008078505e-01
1.367034429027856731e+03 4.659889523173158521e-01
1.366838210619647725e+03 4.784850439907874509e-01
1.366641869956979008e+03 4.787990429618196875e-01
1.366445773803229940e+03 4.817287557022102429e-01
1.366249799903941039e+03 4.843372148899340313e-01
1.366053703750191971e+03 4.842310371887742493e-01
1.365857729850903070e+03 4.786489192948784610e-01
1.365661755951614168e+03 4.846417306263099967e-01
1.365465904306784978e+03 4.823249053874483772e-01
1.365270297170875892e+03 4.822572699437386867e-01
1.365074445526046929e+03 4.798658271371442630e-01
1.364878838390137616e+03 4.786352373797251314e-01
1.364683108999768592e+03 4.761789099202818343e-01
1.364487624118319445e+03 4.719130200124592167e-01
1.364292139236870071e+03 4.759447281480077563e-01
1.364096654355420924e+03 4.795277590232236431e-01
1.363901291728431715e+03 4.796366092713997831e-01
1.363705929101442280e+03 4.772692136148210529e-01
1.363510688728913010e+03 4.774437693252577275e-01
1.363315448356383740e+03 4.814902869744409064e-01
1.363120330238314182e+03 4.857513915769337554e-01
1.362925334374704789e+03 4.829268651822227754e-01
1.362730094002175520e+03 4.741686214526916188e-01
1.362535220393026066e+03 4.828156212339266284e-01
1.362340346783876385e+03 4.797381772312321879e-01
1.362145595429186869e+03 4.774934630155185933e-01
1.361950721820037415e+03 4.783003020855425835e-01
1.361755970465347900e+03 4.800103513657434373e-01
1.361561219110658385e+03 4.799491232917845740e-01
1.361366590010428581e+03 4.835626121017532753e-01
1.361172083164658943e+03 4.820067997850621677e-01
1.360977698573349244e+03 4.777353397513891542e-01
1.360783191727579606e+03 4.824472850539534008e-01
1.360588807136269907e+03 4.768823890271636223e-01
1.360394422544960207e+03 4.813997751423730875e-01
1.360200037953650508e+03 4.829115564560093055e-01
1.360006020125720397e+03 4.841385282301176041e-01
1.359811880043330575e+03 4.870979155877303013e-01
1.359617739960940753e+03 4.774068583326537274e-01
1.359423722133010870e+03 4.755649506644792912e-01
1.359229704305080986e+03 4.776041441525749609e-01
1.359035808731611041e+03 4.817123001650464031e-01
1.358842035412601035e+03 4.794180522287962987e-01
1.358648139839131090e+03 4.793900330232068185e-01
1.358454366520121084e+03 4.811571811652397002e-01
1.358260715455571017e+03 4.806228088480646310e-01
1.358067064391020949e+03 4.850576698556926525e-01
1.357873535580930820e+03 4.801947675589212094e-01
1.357680006770840691e+03 4.843276271618496831e-01
1.357486600215210501e+03 4.852324961923300539e-01
1.357293193659580311e+03 4.929466926205129385e-01
1.357099787103950121e+03 4.810302184578070794e-01
1.356906502802779869e+03 4.733954633045397431e-01
1.356713340756069556e+03 4.752805591887675485e-01
1.356520178709359243e+03 4.856657949299965638e-01
1.356327138917108869e+03 4.856503851135799410e-01
1.356133976870398556e+03 4.844384379093633619e-01
1.355941059332608120e+03 4.841733611802397363e-01
1.355748019540357745e+03 4.827436423573246982e-01
1.355555346511487187e+03 4.867659280466510863e-01
1.355362428973696979e+03 4.845054344094337773e-01
1.355169633690366481e+03 4.814814412480478145e-01
1.354976960661495923e+03 4.780384149129553450e-01
1.354784287632625364e+03 4.759190475609962889e-01
1.354591859112674683e+03 4.748496904210823266e-01
1.354399308338264063e+03 4.764674811735138404e-01
1.354206757563853444e+03 4.803577362587123645e-01
1.354014329043902990e+03 4.856267011062252448e-01
1.353821900523952309e+03 4.808634219066032500e-01
1.353629594258461566e+03 4.818871054934951714e-01
1.353437532501890701e+03 4.796693450317044971e-01
1.353245348490859897e+03 4.800931420197647181e-01
1.353053164479829320e+03 4.805871170641425327e-01
1.352861102723258455e+03 4.830672057036499156e-01
1.352669040966687589e+03 4.787662714270511377e-01
1.352477101464576663e+03 4.794400856659183918e-01
1.352285284216925902e+03 4.789645180921159318e-01
1.352093466969274914e+03 4.859289172981530180e-01
1.351901649721623926e+03 4.845249998322064822e-01
1.351709832473973165e+03 4.809354241296253663e-01
1.351518137480782116e+03 4.786024144899918564e-01
1.351326442487591066e+03 4.858384430153445122e-01
1.351135114257780060e+03 4.858821839915956065e-01
1.350943541519048949e+03 4.811297797449055613e-01
1.350752091034777777e+03 4.779149921735070805e-01
1.350560762804966771e+03 4.799519349863163309e-01
1.350369434575155537e+03 4.727756552518215249e-01
1.350178106345344304e+03 4.772277962460665934e-01
1.349987022624453175e+03 4.845840390276718868e-01
1.349795816649101880e+03 4.794716595004840931e-01
1.349604732928210524e+03 4.871484056324583145e-01
1.349413649207319395e+03 4.837175535459484199e-01
1.349222687740887977e+03 4.813596439038678731e-01
1.349031726274456787e+03 4.826240463360676469e-01
1.348840887062485308e+03 4.842353516192172136e-01
1.348650170104973995e+03 4.814966098890392510e-01
1.348459330893002516e+03 4.813343813720535325e-01
1.348268613935491203e+03 4.791388609868258430e-01
1.348078019232439601e+03 4.814464733514211003e-01
1.347887424529387999e+03 4.704221737345957166e-01
1.347696952080796564e+03 4.790485274343119770e-01
1.347506357377744962e+03 4.822457785094428906e-01
1.347316007183613465e+03 4.817859393330711781e-01
1.347125656989481968e+03 4.810362088460184427e-01
1.346935306795350243e+03 4.811462462473468649e-01
1.346745078855678685e+03 4.863134653725508794e-01
1.346554973170466837e+03 4.795814157391982691e-01
1.346364867485255218e+03 4.816496035730251091e-01
1.346174761800043370e+03 4.828317494456823566e-01
1.345984778369291689e+03 4.833055644789326366e-01
1.345794794938539781e+03 4.820457461646198705e-01
1.345604811507788099e+03 4.823947931089773711e-01
1.345415072585956295e+03 4.831324318650586092e-01
1.345225211409664325e+03 4.777049084955427016e-01
1.345035472487832521e+03 4.742501313600173130e-01
1.344845855820460656e+03 4.810465880680457329e-01
1.344656116898628625e+03 4.779011377878440991e-01
1.344466622485716698e+03 4.800749740102578378e-01
1.344277005818344605e+03 4.836402402971488601e-01
1.344087755914352556e+03 4.849829883522978613e-01
1.343898261501440629e+03 4.768180550545936813e-01
1.343708889342988641e+03 4.739269505669776450e-01
1.343519639438996364e+03 4.752377979163125432e-01
1.343330389535004315e+03 4.739647688084612231e-01
1.343141261885472204e+03 4.750603134603469391e-01
1.342952134235939866e+03 4.846619412637253599e-01
1.342763128840867694e+03 4.801568105406923137e-01
1.342574001191335583e+03 4.781202997455386572e-01
1.342385118050723349e+03 4.864160588012421127e-01
1.342196234910110888e+03 4.829554449328513077e-01
1.342007351769498655e+03 4.823185475910173325e-01
1.341818590883346360e+03 4.843893606398541052e-01
1.341629952251654004e+03 4.838370143290000036e-01
1.341441313619961647e+03 4.794359349738605558e-01
1.341252674988269064e+03 4.796728352319019062e-01
1.341064036356576707e+03 4.816752205024243949e-01
1.340875519979344290e+03 4.742266665843876128e-01
1.340687125856571811e+03 4.796388845292112180e-01
1.340498731733799332e+03 4.773229782856407422e-01
1.340310459865486791e+03 4.791071930913208821e-01
1.340122187997174024e+03 4.858825778060331668e-01
1.339933916128861483e+03 4.884752627831958627e-01
1.339745766515008881e+03 4.802048283722535338e-01
1.339557616901156280e+03 4.763927730287605411e-01
1.339369467287303678e+03 4.723329682270495655e-01
1.339181562182370953e+03 4.781234981537634821e-01
1.338993657077438229e+03 4.779365224936149570e-01
1.338805629718045566e+03 4.778241555089937642e-01
1.338617846867572780e+03 4.774579109383170761e-01
1.338430064017099994e+03 4.785515458377374021e-01
1.322486370878063781e+03 4.848660002919024659e-01
1.322303355951528829e+03 4.864433649330676679e-01
1.322120341024993877e+03 4.900268493857537488e-01
1.321937326098458698e+03 4.892793871923329374e-01
1.321754555680843623e+03 4.874278905818994478e-01
1.304976842616074919e+03 4.865201441861686793e-01
1.304798840122397451e+03 4.888413496978240569e-01
1.304620959883180149e+03 4.865168224397068419e-01
1.304443079643962847e+03 4.942038634251071372e-01
1.304265199404745317e+03 4.867046411165501518e-01
1.287084046622163896e+03 4.942713573300752117e-01
1.286911301070264017e+03 4.936408680037256969e-01
1.286738433263904426e+03 4.945154863221529751e-01
1.286565687712004546e+03 4.950408968714199442e-01
1.286392942160104894e+03 4.959345355075324147e-01
1.286220318862664953e+03 4.911007084876282680e-01
1.286047695565225240e+03 4.987935451838302336e-01
1.285875072267785299e+03 4.905251690898846939e-01
1.285702571224805524e+03 4.934373903404978279e-01
1.285530070181825522e+03 4.987072747991618815e-01
1.285357813647765624e+03 4.978683960153750254e-01
1.285185434859245561e+03 4.962995871397212211e-01
1.285013056070725725e+03 4.947015657149090861e-01
1.284840799536665600e+03 5.020316699198427157e-01
1.284668543002605702e+03 4.988938850488202625e-01
1.284496408723005516e+03 4.989018039011242078e-01
1.284324274443405557e+03 5.002692663045218424e-01
1.284152140163805370e+03 5.031908715578289337e-01
1.283980128138665350e+03 5.033467069900654511e-01
1.283808116113525102e+03 5.082804253593298238e-01
1.283636226342845021e+03 5.018336929475266661e-01
1.283464336572164711e+03 5.114557620869362164e-01
1.283292446801484630e+03 5.145274311032032033e-01
1.283120679285264487e+03 5.171619981958959222e-01
1.282948911769044116e+03 5.243082069490329067e-01
1.282777388761743850e+03 5.283418702088655827e-01
1.282605743499983419e+03 5.343842049214506673e-01
1.282434098238223214e+03 5.277936057717091956e-01
1.282262575230922948e+03 5.019158059884289980e-01
1.282091174478082394e+03 4.925522299499713874e-01
1.281919651470782128e+03 4.815117602827296284e-01
1.281748250717941801e+03 4.843721943226590998e-01
1.281576849965101246e+03 4.963443129715624513e-01
1.281405571466720858e+03 4.999789037183379747e-01
1.281234292968340469e+03 4.950890372229301839e-01
1.281063014469959853e+03 4.860654547998527475e-01
1.280891980480499342e+03 4.920726245680585031e-01
1.280720824236578892e+03 4.941783736975567942e-01
1.280549667992658215e+03 4.901254545052207146e-01
1.280378756257657642e+03 4.904438052127707004e-01
1.280207722268197131e+03 4.942095504210001211e-01
1.280036932787656497e+03 4.964475865603881766e-01
1.279866021052655697e+03 4.957473463878985798e-01
1.279695231572115063e+03 4.968137421810307486e-01
1.279524442091574429e+03 4.934539403682752234e-01
1.279353774865493733e+03 4.928559976542610799e-01
1.279182985384952872e+03 4.885483388971860186e-01
1.279012440413332115e+03 4.942584415537924492e-01
1.278841773187251420e+03 4.976958891699657661e-01
1.278671350470090601e+03 4.993687473558165446e-01
1.278500805498469845e+03 4.996094125990118706e-01
1.278330382781308799e+03 4.964736933678688957e-01
1.278159960064147981e+03 4.959058008261723050e-01
1.277989659601447102e+03 4.967598378207644383e-01
1.277819359138746222e+03 4.896300765482515804e-01
1.277649058676045343e+03 4.949586905088611544e-01
1.277478880467804402e+03 4.945608493894477764e-01
1.277308702259563461e+03 4.988302912028919622e-01
1.277138768560242170e+03 4.955611729609873950e-01
1.276968712606461168e+03 4.931081109017746988e-01
1.276798656652680165e+03 4.983779826546579916e-01
1.276628722953359102e+03 4.946624035227529248e-01
1.276458911508497977e+03 4.920981603298515417e-01
1.276288977809176913e+03 4.985247727416351471e-01
1.276119166364315788e+03 4.992315444204469266e-01
1.275949354919454663e+03 4.890278850794769205e-01
1.275779665729053477e+03 4.947089442860974629e-01
1.275609976538652290e+03 4.892435670079127163e-01
1.275440287348251104e+03 4.899541366017213240e-01
1.275270842666769795e+03 4.944662056893704416e-01
1.275101153476368609e+03 4.918573749846348875e-01
1.274931708794887072e+03 4.959851006418328212e-01
1.274762264113405763e+03 4.924987928748833510e-01
1.274592941686384393e+03 4.946101709705482130e-01
1.274423497004903084e+03 4.944081646325479973e-01
1.274254296832341652e+03 4.911238728323375491e-01
1.274085096659780220e+03 4.980217407827923770e-01
1.273915896487219015e+03 4.870773082068123871e-01
1.273746818569117522e+03 4.906507596089295098e-01
1.273577740651016029e+03 4.950704451129501749e-01
1.273408784987374474e+03 4.850147129095433995e-01
1.273408662732914536e+03 4.935391381078221285e-01
1.273239707069272981e+03 4.902096405266183621e-01
1.273239584814813043e+03 4.967033252589070913e-01
1.273070873660091365e+03 4.905439694686858920e-01
1.273070751405631427e+03 4.917612201587125975e-01
1.272901917996449811e+03 4.919953819882780244e-01
1.272901795741989872e+03 4.907781848248848333e-01
1.272732962332808256e+03 4.902652300377405292e-01
1.272732840078348318e+03 4.947264963681886063e-01
1.272564006669166702e+03 4.950870649794785194e-01
1.272395295514445024e+03 4.907550233456109412e-01
1.272226584359723347e+03 4.932900427653065245e-01
1.272057873205001670e+03 4.899908330353980324e-01
1.271889284304739931e+03 4.949287974888847974e-01
1.271720695404478420e+03 4.926413187178788067e-01
1.271552106504216681e+03 4.900699138231830454e-01
1.271383639858414881e+03 4.934126493202228292e-01
1.271215173212613081e+03 4.924636442169931794e-01
1.271046828821271220e+03 4.942659252902213973e-01
1.270878484429929358e+03 4.943286790360703620e-01
1.270710140038587497e+03 5.005640798461588048e-01
1.270542040156165740e+03 4.960993770220854526e-01
1.270373818019283817e+03 4.976468443694363475e-01
1.270205595882401894e+03 4.952107370681951837e-01
1.270037495999979910e+03 4.984577942214317714e-01
1.269869518372017865e+03 4.982058784420106412e-01
1.269701418489596108e+03 5.000346883173140133e-01
1.269533440861634062e+03 5.003701838654325273e-01
1.269365585488131956e+03 5.000015145383578385e-01
1.269197730114629849e+03 4.993914571082867515e-01
1.269029874741127969e+03 4.981757984370315251e-01
1.268862019367625862e+03 5.041078926050268638e-01
1.268694408503043633e+03 5.067034074859814163e-01
1.268526675384001464e+03 5.051230429743520656e-01
1.268358942264959524e+03 4.997607202046993047e-01
1.268191453654837233e+03 4.906147835729444129e-01
1.268023842790255003e+03 4.914557958672129412e-01
1.267856354180132939e+03 4.944528298401746902e-01
1.267688865570010648e+03 4.960427110553692898e-01
1.267521621468808235e+03 4.951869952009560483e-01
1.267354132858685944e+03 4.930092070541815530e-01
1.267186766503023819e+03 4.983573968588101422e-01
1.267019522401821405e+03 5.009011818856528020e-01
1.266852278300618991e+03 4.925387205233502375e-01
1.266685156453876743e+03 4.977604168091118164e-01
1.266518156861594207e+03 4.997442715372991118e-01
1.266351035014851959e+03 4.967015088806016054e-01
1.266184035422569423e+03 4.928958880310313484e-01
1.266017035830286886e+03 4.945927899867549882e-01
1.265850036238004577e+03 4.962184669034437889e-01
1.265683158900181979e+03 5.006368095430844267e-01
1.265516281562359609e+03 5.010738137606439713e-01
1.265349648733456888e+03 4.954562513959022141e-01
1.265182771395634290e+03 4.919286168183427677e-01
1.265016016312271859e+03 4.894547944946027185e-01
1.264849383483369138e+03 4.966285596014608505e-01
1.264682750654466645e+03 4.972829792071929988e-01
1.264516240080023863e+03 5.008909812614423807e-01
1.264349729505581308e+03 4.963390952319502447e-01
1.264183218931138526e+03 4.906579737433118260e-01
1.264016830611155910e+03 4.957559898760097727e-01
1.263850442291173067e+03 4.913569360463978519e-01
1.263684053971190451e+03 4.961228902539878138e-01
1.263517787905667547e+03 4.993798398351877443e-01
1.263351521840144869e+03 4.976199622349083973e-01
1.263185378029081903e+03 4.976561491526514946e-01
1.263019111963559226e+03 4.994955117766459729e-01
1.262853090406956198e+03 4.968682998474571177e-01
1.262686946595893460e+03 4.953012826211426467e-01
1.262520925039290432e+03 4.980065212826141896e-01
1.262355025737147571e+03 5.042718352936162995e-01
1.262189126435004482e+03 4.988074712926161003e-01
1.262023227132861621e+03 5.008398008389671752e-01
1.261857327830718759e+03 4.988124409491918043e-01
1.261691673037495548e+03 4.951891667564675137e-01
1.261526018244272564e+03 4.904828731928958518e-01
1.261360241196589413e+03 4.948255917842540597e-01
1.261194586403366429e+03 4.941253080851930601e-01
1.261029053864603384e+03 4.971012509555460812e-01
1.260863521325840111e+03 4.967099413315198553e-01
1.260697988787077065e+03 4.888319332184624666e-01
1.260532456248313792e+03 4.934653309463042370e-01
1.260367045964010686e+03 4.932962417358632279e-01
1.260201757934167517e+03 4.943244557488402635e-01
1.260036347649864183e+03 4.912098307172554357e-01
1.259871181874480953e+03 4.985099786509491482e-01
1.259705893844637785e+03 5.010602915901471999e-01
1.259540728069254328e+03 4.970667294287212656e-01
