# Wavelength, Reflectance
1.644355385339056966e+03 3.735682265823196957e-01
1.643489296471869466e+03 3.599543655307060330e-01
1.642624062096869466e+03 3.825953061260836119e-01
1.641759804284369466e+03 4.118581002260375823e-01
1.640896400964056966e+03 3.821466003654301336e-01
1.640034096276556966e+03 3.934050996178038440e-01
1.639172646081244466e+03 4.103895644039018964e-01
1.638312172448431966e+03 3.701857946537406852e-01
1.637452553307806966e+03 4.266864431762708576e-01
1.636594032799994466e+03 3.929979724174947897e-01
1.635736366784369466e+03 3.942026639544103928e-01
1.634879677331244466e+03 4.082869329660884228e-01
1.634023964440619466e+03 3.655352601720563421e-01
1.633169106042181966e+03 4.243325699816055674e-01
1.632315224206244466e+03 3.809959011691340103e-01
1.631462196862494466e+03 4.310629980730015243e-01
1.630610146081244466e+03 3.882565604784954938e-01
1.629759071862494466e+03 4.179737934424594958e-01
1.628908852135931966e+03 4.096045081874414295e-01
1.628059608971869466e+03 4.268771921353640142e-01
1.627211220299994466e+03 4.067773202533461752e-01
1.626363808190619466e+03 4.152591347296075708e-01
1.625517372643744466e+03 4.198505237245285238e-01
1.624671913659369466e+03 4.184120862389069107e-01
1.623827187096869466e+03 4.193439995079503713e-01
1.622983559167181966e+03 4.066400465253894314e-01
1.622140663659369466e+03 4.150699782841364982e-01
1.621298866784369466e+03 3.968443759444024721e-01
1.620457802331244466e+03 4.103515973396932859e-01
1.619617836510931966e+03 4.121126795308909241e-01
1.618778603112494466e+03 3.966399194429078290e-01
1.617940346276556966e+03 3.952382336049726219e-01
1.617102943932806966e+03 3.966957421991504917e-01
1.616266518151556966e+03 4.183667486939539604e-01
1.615430946862494466e+03 3.937983985422450761e-01
1.614596352135931966e+03 3.990693690947736405e-01
1.613762733971869466e+03 3.999145646973117363e-01
1.612929848229681966e+03 3.973191932700032014e-01
1.612097939049994466e+03 3.815679122741071905e-01
1.611266884362494466e+03 3.879586487937567996e-01
1.610436806237494466e+03 3.346559677313402648e-01
1.609607582604681966e+03 3.131985799538761217e-01
1.608779213464056966e+03 3.066614433875308188e-01
1.607951820885931966e+03 3.576212371044860672e-01
1.607125160729681966e+03 3.732587612994853754e-01
1.606299477135931966e+03 3.663012548747632824e-01
1.605474770104681966e+03 3.756808092871224414e-01
1.604650917565619466e+03 3.980453571051328909e-01
1.603827797448431966e+03 3.646209460897429921e-01
1.603005653893744466e+03 3.781446799363013533e-01
1.602184486901556966e+03 3.707047470988775739e-01
1.601364052331244466e+03 3.799121067384864103e-01
1.600544594323431966e+03 3.872107631542320849e-01
1.599725990807806966e+03 3.875086606371728193e-01
1.598908241784369466e+03 3.787270976220528107e-01
1.598091347253119466e+03 3.844241092800472770e-01
1.597275185143744466e+03 3.879422498910557460e-01
1.596460365807806966e+03 3.819947916599512050e-01
1.595646034753119466e+03 3.917981163430920288e-01
1.594832558190619466e+03 3.742463277347015116e-01
1.594020180260931966e+03 3.739205006953839616e-01
1.593208412682806966e+03 3.699825705439104828e-01
1.592397621667181966e+03 3.552011937175797440e-01
1.591587807214056966e+03 3.721207940072855380e-01
1.590778725182806966e+03 3.735508081610816600e-01
1.589970619714056966e+03 3.680861689554342231e-01
1.589163124596869466e+03 3.843140012108980375e-01
1.588356483971869466e+03 3.730503484995339458e-01
1.587551064049994466e+03 3.680790946337758052e-01
1.586746254479681966e+03 3.741444164810974193e-01
1.585942299401556966e+03 3.599067521471039366e-01
1.585139320885931966e+03 3.689323696358580151e-01
1.584337074792181966e+03 3.692385444653509263e-01
1.583535683190619466e+03 3.726432436771953127e-01
1.582735268151556966e+03 3.483615561132769600e-01
1.581935585534369466e+03 3.444638676953126755e-01
1.581136879479681966e+03 3.401239159449616634e-01
1.580338783776556966e+03 3.321947495761310987e-01
1.579541542565619466e+03 3.353302114363678199e-01
1.578745399987494466e+03 2.967957208736463071e-01
1.577949867760931966e+03 2.618908344821664347e-01
1.577155312096869466e+03 2.826612334150991890e-01
1.576361610924994466e+03 2.981937160019648703e-01
1.575568642174994466e+03 3.372176218662398250e-01
1.574776405846869466e+03 3.302951022945728732e-01
1.573985146081244466e+03 3.146221025020928264e-01
1.573194740807806966e+03 3.242114963304345010e-01
1.572405190026556966e+03 3.370848901005796261e-01
1.571616371667181966e+03 3.378949908770914612e-01
1.570828285729681966e+03 3.354636110506329927e-01
1.570041298424994466e+03 3.406832134696370917e-01
1.569254921471869466e+03 3.408797400874167827e-01
1.568469643151556966e+03 3.464556675815287368e-01
1.567684853112494466e+03 3.545275535064830175e-01
1.566901039635931966e+03 3.306038090668353968e-01
1.566118080651556966e+03 3.496328228234286684e-01
1.565335854089056966e+03 3.376980269900007881e-01
1.564554482018744466e+03 3.263145541164955143e-01
1.563773964440619466e+03 3.454996772049641618e-01
1.562994301354681966e+03 3.446935103069034834e-01
1.562215248620306966e+03 3.455133739009388916e-01
1.561437172448431966e+03 3.353644147843705681e-01
1.560659950768744466e+03 3.447520453267638452e-01
1.559883461510931966e+03 3.499956848458348757e-01
1.559107704674994466e+03 3.381423779125860007e-01
1.558332802331244466e+03 3.284219478498403011e-01
1.557558876549994466e+03 3.254932630491941259e-01
1.556785561120306966e+03 3.435904725336860199e-01
1.556013100182806966e+03 3.354072269460166011e-01
1.555241371667181966e+03 3.303878865445512569e-01
1.554470619714056966e+03 3.273903770673127767e-01
1.553700478112494466e+03 3.298093284659592839e-01
1.552931313073431966e+03 3.515199862936037034e-01
1.552931191003119466e+03 3.330946338111669403e-01
1.552675087487494466e+03 3.475307395992879855e-01
1.552418861901556966e+03 3.486066729695270205e-01
1.552162880456244466e+03 3.325173097321936777e-01
1.552162758385931966e+03 3.459950817957029856e-01
1.551906899010931966e+03 3.271906807966343811e-01
1.551395180260931966e+03 3.322148808841011713e-01
1.550628334557806966e+03 3.414454592354115858e-01
1.549862221276556966e+03 3.346370266330165877e-01
1.549096962487494466e+03 3.331406174221522298e-01
1.548332558190619466e+03 3.410270997373566759e-01
1.547568764245306966e+03 3.380812726327060980e-01
1.546805824792181966e+03 3.309354939461335854e-01
1.546043739831244466e+03 3.418501969351388503e-01
1.545282509362494466e+03 3.241652725977859917e-01
1.544521889245306966e+03 3.241710876466769586e-01
1.543762001549994466e+03 3.105857590855753969e-01
1.543003090417181966e+03 2.944431949561146511e-01
1.542245033776556966e+03 2.964421246027784118e-01
1.541487587487494466e+03 3.112827411869981131e-01
1.540730873620306966e+03 3.156285710092295860e-01
1.539975014245306966e+03 3.169982055064621274e-01
1.539219887292181966e+03 3.143442452767719053e-01
1.538465736901556966e+03 3.224589948875244416e-01
1.537712196862494466e+03 3.349405038569440718e-01
1.536959389245306966e+03 3.319306732134457150e-01
1.536207436120306966e+03 3.281083198422149461e-01
1.535455971276556966e+03 3.274913430014615434e-01
1.534705849206244466e+03 3.181992818094847020e-01
1.533955971276556966e+03 3.421460784920524190e-01
1.533207191979681966e+03 3.230259935590706899e-01
1.532459023034369466e+03 3.265692323608396230e-01
1.531711586510931966e+03 3.333958203487404348e-01
1.530965126549994466e+03 3.309941066796291409e-01
1.530219276940619466e+03 3.227326792527899224e-01
1.529474159753119466e+03 3.304984522877852382e-01
1.528729774987494466e+03 3.283115275603168959e-01
1.527986244714056966e+03 3.309096057322601370e-01
1.527243202721869466e+03 3.417049364546738688e-01
1.526501381432806966e+03 3.390512206866495015e-01
1.525759926354681966e+03 3.289706466041601440e-01
1.525019569909369466e+03 3.269347159874251840e-01
1.524279701745306966e+03 3.156644105172440873e-01
1.523540688073431966e+03 3.124164111280186007e-01
1.522802406823431966e+03 3.371646064954671451e-01
1.522064980065619466e+03 3.330475196830136597e-01
1.521328163659369466e+03 3.265160486767173520e-01
1.520592079674994466e+03 3.205155257637104516e-01
1.519856728112494466e+03 3.252708275668196314e-01
1.519122231042181966e+03 3.223686575537525467e-01
1.518388344323431966e+03 3.386530460775049600e-01
1.517655190026556966e+03 3.397016360979244198e-01
1.516923134362494466e+03 3.176736367571632580e-01
1.516191566979681966e+03 3.216117354056182709e-01
1.515460609948431966e+03 3.363821518221103424e-01
1.515217323815619466e+03 3.438358679646676963e-01
1.514974037682806966e+03 3.408311719951849783e-01
1.514730629479681966e+03 3.352264897751500161e-01
1.514730507409369466e+03 3.208681596018421733e-01
1.514487465417181966e+03 3.291615370676684305e-01
1.514244423424994466e+03 3.230935584202042077e-01
1.514001137292181966e+03 3.255567562860857134e-01
1.513272499596869466e+03 3.184057937679582451e-01
1.512544594323431966e+03 3.175659567695737762e-01
1.511817421471869466e+03 3.302414809527147721e-01
1.511091103112494466e+03 3.332184380806802459e-01
1.510365395104681966e+03 3.187545020347763991e-01
1.509640419518744466e+03 3.329464160304003717e-01
1.508916176354681966e+03 3.296966676436638433e-01
1.508192665612494466e+03 3.239429638568460113e-01
1.507469887292181966e+03 3.265723347644067798e-01
1.506747841393744466e+03 3.039697370684473210e-01
1.506026527917181966e+03 3.152012217944213934e-01
1.505305946862494466e+03 3.212814061746492866e-01
1.504586220299994466e+03 3.295083833293802611e-01
1.503866982018744466e+03 3.288632248440334638e-01
1.503148470567692584e+03 3.236945689521073533e-01
1.502429943644590139e+03 3.243289398664251921e-01
1.501712149912225414e+03 3.365399697164732085e-01
1.500995211569055073e+03 3.178121928660125883e-01
1.500278884218166013e+03 3.110830244086511542e-01
1.499563290058015127e+03 3.216931435922348315e-01
1.498848429088601733e+03 3.109275894266631535e-01
1.498134179111470075e+03 3.278047399127194672e-01
1.497420784523532575e+03 3.265392362933332571e-01
1.496708000927876810e+03 3.247680035492601092e-01
1.495996072721414976e+03 3.277308095118182107e-01
1.495284755507234649e+03 3.171648455276360190e-01
1.494574171483792270e+03 3.266671538735863023e-01
1.493864198452631626e+03 3.231910074925161691e-01
1.493155080810664913e+03 3.324938405736515556e-01
1.492446574160979708e+03 3.342633672150793211e-01
1.491738800702032677e+03 3.298303005488706918e-01
1.491031760433823138e+03 3.382909226873359043e-01
1.490325331157895334e+03 3.413051754534649485e-01
1.489619635072705478e+03 3.359021044354911223e-01
1.488914672178253340e+03 3.278167044296445565e-01
1.488210442474539150e+03 3.230452319187579469e-01
1.487506823763106468e+03 3.379711619926769606e-01
1.486803938242411505e+03 3.600506430532610658e-01
1.486101663713998278e+03 3.488967514564682570e-01
1.485400244574779208e+03 3.584832235987298055e-01
1.484699436427841647e+03 3.385648262361414806e-01
1.483999361471641805e+03 3.453278674767516487e-01
1.483299897507723699e+03 3.572147914122899004e-01
1.482601288932999751e+03 3.406051455255735827e-01
1.481903169152100872e+03 3.554170857736844158e-01
1.481205904760396379e+03 3.570859951258552045e-01
1.480509251360973394e+03 3.671223993244022710e-01
1.479813208953831918e+03 3.732534338433068366e-01
1.479118021935884599e+03 3.693630167370454132e-01
1.478423323711762578e+03 3.813008611191744945e-01
1.477729480876834486e+03 3.685199360437628746e-01
1.477036249034188131e+03 3.788940927548877791e-01
1.476343750382279723e+03 3.657544948831988330e-01
1.475651862722652822e+03 3.538155835359348411e-01
1.474960708253763642e+03 3.588834146219941346e-01
1.474270164777156197e+03 3.710242906297585574e-01
1.473580354491286471e+03 3.772209920679346906e-01
1.472891155197698481e+03 3.730102058502077766e-01
1.472202689094848211e+03 3.869747777855627180e-01
1.471514956182735659e+03 3.960596114897621534e-01
1.470827834262904844e+03 3.949881106708885703e-01
1.470141445533811975e+03 4.106952218320858994e-01
1.469455667797000388e+03 4.092841693525314239e-01
1.468770501052470536e+03 4.081230726454639912e-01
1.468086067498678631e+03 4.168862424481344919e-01
1.467402367135624445e+03 4.072624813778828456e-01
1.466719277764851768e+03 4.213026523427292336e-01
1.466036799386360599e+03 4.135612977468813845e-01
1.465355054198607377e+03 4.262565862917157555e-01
1.464673920003135891e+03 4.188766134816951370e-01
1.463993518998401896e+03 4.351129514682216537e-01
1.463313728985949638e+03 4.304887721244211041e-01
1.462634672164235326e+03 4.349874372549917267e-01
1.461956226334802523e+03 4.446515622230793330e-01
1.461278391497651228e+03 4.400554656203445880e-01
1.460601167652781442e+03 4.487060784783888367e-01
1.459924799197105813e+03 4.401422413366382069e-01
1.459248919535255482e+03 4.348173657696540739e-01
1.458573773064143097e+03 4.422479289148705806e-01
1.457899237585312221e+03 4.594194621661259470e-01
1.457225435297219065e+03 4.442462246119365243e-01
1.456552244001407644e+03 4.448010163899287495e-01
1.455879663697877504e+03 4.431549313143423041e-01
1.455207816585085538e+03 4.467432197915021663e-01
1.454536580464574854e+03 4.363823319290086045e-01
1.453865955336345905e+03 4.671782279511038638e-01
1.453195941200398465e+03 4.628673836606022052e-01
1.452526782453645183e+03 4.676819107795505137e-01
1.451858112500717198e+03 4.498921312102454051e-01
1.451190053540070494e+03 4.772569975658388364e-01
1.450522727770161964e+03 4.614839796284835871e-01
1.449856012992534943e+03 4.429558012798523459e-01
1.449189909207189430e+03 4.578686572073033534e-01
1.448524538612581637e+03 4.665580437074084430e-01
1.447859779010255579e+03 4.618457770861086886e-01
1.447195508201754592e+03 4.606120204068731017e-01
1.446532092782447990e+03 4.655707001406286238e-01
1.445869166156966457e+03 4.599387045023646259e-01
1.445207094920679083e+03 4.292262854334593647e-01
1.444545390279760795e+03 4.613944493280865422e-01
1.443884418829580227e+03 4.512113287236419468e-01
1.443224180570137605e+03 4.577109897895342838e-01
1.442564431104520054e+03 4.414993665992679173e-01
1.441905414829640449e+03 4.488887736612641732e-01
1.441247009547042580e+03 4.318222467093965622e-01
1.440589215256725993e+03 4.406582401385796821e-01
1.439931909760234930e+03 4.198712207815055719e-01
1.439275581851394008e+03 4.067338760015128396e-01
1.439275459652937798e+03 4.316813186276189929e-01
1.439056846614599181e+03 4.035253051009918268e-01
1.438838111377804580e+03 4.176719474751268701e-01
1.438619620537922174e+03 4.053382064513509353e-01
1.438619498339465963e+03 4.040876870335218807e-01
1.438401007499583784e+03 4.089045637972065772e-01
1.438182638858157816e+03 4.065636132088382149e-01
1.437964392415188286e+03 4.070739699744724271e-01
1.437964270216732075e+03 3.906729807403898080e-01
1.437746023773762545e+03 3.858528239583320918e-01
1.437527899529249225e+03 3.753000748324792912e-01
1.437309775284735906e+03 3.701416188131139706e-01
1.437309653086279695e+03 3.714118849302099346e-01
1.437091406643309938e+03 3.725197128896963195e-01
1.436873526795709495e+03 3.562321429711574061e-01
1.436655769146565035e+03 3.564920229783886119e-01
1.436655646948108824e+03 3.448773463503450598e-01
1.436437767100508154e+03 3.475194089834492406e-01
1.436219887252907483e+03 3.286047973353956042e-01
1.436002251802219462e+03 3.354297580853042859e-01
1.435784616351531440e+03 3.015512150279082704e-01
1.435566980900843419e+03 3.058299797892763405e-01
1.435349467648611608e+03 2.996610866281368413e-01
1.435132076594836235e+03 2.978804590654111073e-01
1.434914685541060862e+03 2.918425455672165048e-01
1.434697294487285490e+03 2.884533893869242194e-01
1.434480147830422766e+03 3.071294586172857444e-01
1.434262878975103604e+03 3.176287064062651155e-01
1.434045732318240880e+03 3.151460472366879872e-01
1.433828707859834367e+03 3.210925596581284958e-01
1.433611805599884292e+03 3.347639346630613133e-01
1.433394903339933990e+03 3.434316953885227508e-01
1.433178001079983915e+03 3.431058558100647526e-01
1.432961343216946261e+03 3.515494114429595918e-01
1.432744563155452397e+03 3.747367396178758470e-01
1.432527905292414971e+03 3.719623079716166125e-01
1.432311369627833756e+03 3.705729402001862183e-01
1.432094956161708751e+03 3.719123922831946150e-01
1.431878542695583747e+03 3.773158297458169552e-01
1.431662129229458969e+03 3.683640945225803986e-01
1.431445837961790403e+03 3.828686861056465052e-01
1.431229668892578047e+03 4.090440911787611711e-01
1.431013499823365692e+03 4.061616565859605954e-01
1.430797452952609774e+03 4.472493304977497863e-01
1.430581528280310067e+03 4.581610224390904040e-01
1.430365481409554150e+03 4.393880486679941910e-01
1.430149556737254443e+03 4.453064359572355690e-01
1.429933632064954736e+03 4.384680800260823408e-01
1.429718073988023889e+03 4.344615494186861437e-01
1.429502393712636831e+03 4.356989447777727120e-01
1.429286835635706211e+03 4.233978929715748740e-01
1.429071399757231575e+03 4.178893061815276422e-01
1.428855841680300955e+03 4.350293347937170818e-01
1.428640405801826546e+03 4.049369487693544878e-01
1.428425092121808348e+03 4.194001249657312580e-01
1.428209900640246587e+03 4.236166727819455913e-01
1.427994709158684600e+03 4.369568083769793110e-01
1.427779517677122840e+03 4.198082543686708079e-01
1.427564448394017290e+03 4.276667698238723614e-01
1.427349623507824390e+03 4.341983385534791129e-01
1.427134554224719068e+03 4.248892425679660634e-01
1.426919729338526167e+03 4.253076679799244197e-01
1.426705026650789478e+03 4.275251773854487625e-01
1.426490323963052788e+03 4.267544456796442121e-01
1.426275621275316325e+03 4.322078400409686827e-01
1.426061040786036074e+03 4.326394462987213640e-01
1.425846582495212033e+03 4.248447599448041956e-01
1.425632124204388219e+03 4.324188436808161784e-01
1.425417788112020389e+03 4.216481461313953405e-01
1.425203452019652786e+03 4.316550478719724526e-01
1.424989238125741394e+03 4.034444657800603240e-01
1.424775024231830230e+03 4.226528449584445180e-01
1.424560932536375049e+03 4.251552664696326977e-01
1.424346718642463657e+03 4.184895301364774944e-01
1.424132993542377562e+03 4.134279826011762471e-01
1.423919024045378819e+03 4.267338253739367815e-01
1.423705176746836514e+03 4.157818061531931564e-01
1.423491451646750420e+03 4.179154173770242009e-01
1.423277726546664326e+03 4.231359137763840983e-01
1.423064123645034442e+03 4.201322687638188724e-01
1.422850398544948348e+03 4.146985522834203963e-01
1.422637162238687552e+03 4.352028799781283430e-01
1.422423681535514106e+03 4.402477678943927941e-01
1.422210323030796872e+03 4.251654376590947026e-01
1.421996964526079637e+03 4.249430318408012330e-01
1.421783850418275051e+03 4.344003346275003841e-01
1.421570614112014255e+03 4.416695049375835014e-01
1.421357500004209669e+03 4.365749246834523811e-01
1.421144385896405083e+03 4.252265983760764589e-01
1.420931516185513146e+03 4.288824788322789239e-01
1.420718646474621210e+03 4.271353365524382384e-01
1.420505776763729273e+03 4.362839610350018882e-01
1.420293151449749985e+03 4.288497082128336912e-01
1.420080281738858048e+03 4.319940544314866959e-01
1.419867778623335198e+03 4.487041090713763114e-01
1.419655153309355910e+03 4.468190803939076639e-01
1.419442772392289044e+03 4.505423238442002321e-01
1.419230269276766194e+03 4.374699822791397463e-01
1.419017888359699327e+03 4.555709275796538393e-01
1.418805629641089126e+03 4.636947106909907745e-01
1.418593493120934909e+03 4.697715703105436180e-01
1.418381356600780919e+03 4.574587391412002768e-01
1.418169220080626701e+03 4.635989253444953717e-01
1.417957083560472711e+03 4.710128518220446647e-01
1.417745313635687580e+03 4.559592364967478550e-01
1.417533299313989801e+03 4.671805518656174105e-01
1.417321407190748459e+03 4.813119167555361400e-01
1.417109759464419540e+03 4.703802463537450351e-01
1.416898111738090620e+03 4.577873327784002244e-01
1.416686464011761927e+03 4.783102647007240193e-01
1.416474816285433008e+03 4.748034820187952976e-01
1.416263412956016737e+03 4.730189235686870775e-01
1.416052009626600693e+03 4.717876525937100274e-01
1.415840606297184422e+03 4.705121489593099282e-01
1.415629325166224589e+03 4.850510601962388924e-01
1.415418044035264529e+03 4.789388634963226976e-01
1.415207007301217345e+03 4.780641564530831444e-01
1.414995848368713723e+03 4.953845919362087624e-01
1.414784811634666312e+03 4.799342023764761045e-01
1.414573774900619128e+03 4.772658351672873223e-01
1.414362982563484366e+03 4.748670424276026369e-01
1.414152190226349830e+03 4.844996320465475015e-01
1.413941397889215068e+03 4.869810611582534032e-01
1.413730727750536744e+03 4.914841088698865823e-01
1.413520179810314630e+03 4.981014684813311333e-01
1.413309509671636306e+03 4.940896561085427741e-01
1.413098839532957982e+03 4.863834894141304543e-01
1.412888658188104955e+03 4.909899506244431167e-01
1.412678232446339280e+03 4.936702642310787370e-01
1.412467928903029815e+03 5.100663578505458817e-01
1.412257625359720350e+03 5.014397417436070592e-01
1.412047566213323535e+03 5.030788532211041275e-01
1.411837507066926719e+03 5.101424887838169608e-01
1.411627447920529903e+03 5.166029138310509472e-01
1.411417388774133087e+03 5.028591947094255277e-01
1.411207574024648920e+03 5.106309347186296366e-01
1.410997759275164753e+03 5.028347124620372588e-01
1.410787944525680587e+03 5.048571925110806324e-01
1.410578129776196420e+03 5.159720400798443185e-01
1.410368559423624902e+03 5.088752697656587776e-01
1.410158989071053156e+03 5.217606927553937179e-01
1.409949540916938076e+03 5.188706512184176889e-01
1.409739970564366331e+03 5.175673584320318321e-01
1.409530766807163673e+03 5.110255816851992927e-01
1.409321318653048593e+03 5.173531646532580908e-01
1.409112114895845934e+03 5.099044360137195975e-01
1.408902911138643276e+03 5.104910596069529571e-01
1.408693829579896828e+03 5.087706498441161296e-01
1.408484748021150608e+03 5.132795107587825312e-01
1.408275788660860599e+03 5.112827518564824203e-01
1.408066829300570589e+03 5.081764947114617570e-01
1.407857992138736790e+03 5.262006267954609795e-01
1.407649154976903219e+03 5.125114782300062011e-01
1.407440440013525858e+03 5.288147451152842571e-01
1.407231725050148270e+03 5.222961244320768470e-01
1.407023132285227348e+03 5.189081475033032742e-01
1.406814661718762409e+03 5.201009927903255115e-01
1.406606191152297697e+03 5.222506654373482160e-01
1.406397720585832985e+03 5.185402218878255587e-01
1.406189372217824484e+03 5.370803279217072346e-01
1.405981268246728632e+03 5.265363980385340259e-01
1.405772919878720131e+03 5.260242937112256101e-01
1.405564815907624279e+03 5.344629640550457861e-01
1.405356711936528427e+03 5.319476249402423917e-01
1.405148730163889013e+03 5.377424605492642229e-01
1.404940748391249372e+03 5.228563609160181702e-01
1.404732888817066168e+03 5.238350033023493335e-01
1.404525029242882965e+03 5.421922656849554878e-01
1.404317414065612411e+03 5.359401363623630399e-01
1.404109676689885418e+03 5.242015106510261591e-01
1.403901939314158426e+03 5.333072222515530258e-01
1.403694446335344310e+03 5.307343366630405956e-01
1.403486953356529966e+03 5.362673202027778974e-01
1.403279582576172061e+03 5.419141323211777994e-01
1.403072089597357717e+03 5.274136850881637750e-01
1.402864841015456022e+03 5.323906167455288996e-01
1.402657714632010538e+03 5.306405795802391356e-01
1.402450466050108844e+03 5.410063549880441691e-01
1.402243339666663587e+03 5.425031765282984919e-01
1.402036213283218103e+03 5.371212693699752849e-01
1.401829331296685496e+03 5.378024107160445100e-01
1.401622449310152660e+03 5.396747502472879487e-01
1.401415567323620053e+03 5.430309723154621571e-01
1.401208685337087218e+03 5.413298771351189309e-01
1.401001925549010821e+03 5.411259289902056180e-01
1.400795287959390635e+03 5.286193259356845031e-01
1.400588772568226887e+03 5.395889513844834839e-01
1.400382257177062911e+03 5.465968420828111185e-01
1.400175741785899163e+03 5.482116485575394549e-01
1.399969348593191626e+03 5.450568564213689182e-01
1.399763077598940527e+03 5.504903800620044585e-01
1.399556684406232989e+03 5.316127951144250519e-01
1.399350535610438101e+03 5.466145520043026451e-01
1.399144386814643212e+03 5.346997212073025807e-01
1.398938360217304535e+03 5.480936714596640336e-01
1.398732211421509646e+03 5.475850517736091660e-01
1.398526307022627407e+03 5.459202024062448366e-01
1.398320524822201605e+03 5.370800977331114945e-01
1.398114498224862928e+03 5.431295265931128657e-01
1.397908838222893337e+03 5.461164864966724375e-01
1.397703056022467308e+03 5.610117031617342098e-01
1.397497396020497717e+03 5.400887965152059156e-01
1.397291980415440776e+03 5.560423090600193907e-01
1.397086442611927396e+03 5.470872044856662786e-01
1.396880904808414016e+03 5.514212414453654176e-01
1.396675367004900636e+03 5.506024809150982247e-01
1.396470317995212554e+03 5.537767778248035011e-01
1.396265024588611823e+03 5.570987326174855481e-01
1.396059731182011092e+03 5.499088321666405488e-01
1.395854682172323010e+03 5.459301758609330646e-01
1.395649633162634927e+03 5.615004908978700193e-01
1.395444584152946845e+03 5.608784475834657224e-01
1.395239657341714974e+03 5.494159968252708692e-01
1.395034730530483330e+03 5.586038264621165927e-01
1.394829925917707897e+03 5.444868871258711218e-01
1.394625243503388674e+03 5.469736727608655036e-01
1.394420561089069452e+03 5.509735209853294791e-01
1.394215878674750229e+03 5.454219527884390795e-01
1.394011196260431234e+03 5.517988218246108190e-01
1.393806880441480871e+03 5.527065615888108185e-01
1.393602442424074297e+03 5.538703421554378448e-01
1.393398004406667724e+03 5.588747777468678901e-01
1.393193688587717588e+03 5.602137854765483205e-01
1.392989494967223663e+03 5.719086664738236570e-01
1.392785301346729739e+03 5.605391669533662524e-01
1.392581229924692025e+03 5.486478342132006247e-01
1.392377158502654538e+03 5.653269233669323546e-01
1.392173087080616824e+03 5.583219416098649246e-01
1.391969260055491759e+03 5.486821264027764711e-01
1.391765310831910483e+03 5.670019232285201660e-01
1.391561483806785645e+03 5.530616555215916996e-01
1.391357656781660580e+03 5.455801315054183975e-01
1.391154196351904375e+03 5.608136881939477236e-01
1.390950491525235748e+03 5.507144335483479258e-01
1.390746908897023332e+03 5.642113603779035369e-01
1.390543448467267353e+03 5.578994688306219141e-01
1.390339988037511375e+03 5.582411988120398183e-01
1.390136649806211608e+03 5.631760579343106921e-01
1.389933311574911841e+03 5.632515380024147866e-01
1.389730095542068284e+03 5.609302100223669818e-01
1.389526879509224955e+03 5.558543736065235663e-01
1.389323907873294047e+03 5.622858513580689666e-01
1.389120814038906929e+03 5.687776743907797528e-01
1.388917720204519810e+03 5.615951203339070164e-01
1.388714748568588902e+03 5.659591935600506440e-01
1.388511899131114433e+03 5.656277224788026636e-01
1.388309171892096174e+03 5.522427877926161521e-01
1.388106444653077915e+03 5.579578656126721325e-01
1.387903717414059884e+03 5.665585462356556024e-01
1.387701112373497836e+03 5.594278667675411931e-01
1.387498629531392226e+03 5.709946021285690065e-01
1.387296024490830405e+03 5.742080598480132636e-01
1.387093663847181233e+03 5.592289436500624822e-01
1.386891303203531834e+03 5.596103940040032532e-01
1.386688942559882662e+03 5.594030404593109962e-01
1.386486704114689701e+03 5.652778462006810001e-01
1.386284587867952951e+03 5.718242400475178622e-01
1.386082349422759989e+03 5.606565910389199603e-01
1.385880355374479677e+03 5.648302404736018634e-01
1.385678361326199365e+03 5.597348507793281636e-01
1.385476489476375264e+03 5.628894977712056713e-01
1.385274617626551162e+03 5.699661857068267778e-01
1.385072745776727061e+03 5.627613382450781243e-01
1.384870996125359397e+03 5.609156316569984257e-01
1.384669246473991734e+03 5.610566053592257463e-01
1.384467741219536492e+03 5.634307227655828143e-01
1.384266113766625267e+03 5.641385212203117172e-01
1.384064608512170025e+03 5.719790307010556019e-01
1.383863103257715011e+03 5.669803154482049301e-01
1.383661842400172418e+03 5.703513983247083807e-01
1.383460459344173614e+03 5.605115999444432173e-01
1.383259198486631249e+03 5.674824221257692702e-01
1.383057937629088656e+03 5.554243277456683003e-01
1.382856921168458939e+03 5.818840447399838967e-01
1.382655904707828995e+03 5.699459946651452835e-01
1.382454766048742840e+03 5.702821245100974101e-01
1.382253871786569334e+03 5.761339530145994647e-01
1.382052977524395601e+03 5.700177160194017656e-01
1.381852205460678533e+03 5.772965237980850484e-01
1.381651433396961238e+03 5.574891495940272890e-01
1.381450661333243943e+03 5.751322553909804514e-01
1.381250011467983086e+03 5.650987680521104561e-01
1.381049361602722001e+03 5.639105755626254712e-01
1.380848956134373793e+03 5.672185935030756854e-01
1.380648550666025358e+03 5.626459774938116221e-01
1.380448145197677150e+03 5.628008977349207020e-01
1.380247739729328714e+03 5.600420773351322268e-01
1.380047456459436717e+03 5.720724714149397760e-01
1.379847295388001157e+03 5.635453788124452634e-01
1.379647134316565371e+03 5.769891676714715700e-01
1.379446973245129584e+03 5.730579813358893659e-01
1.379246934372150236e+03 5.542788951754891169e-01
1.379047139896083536e+03 5.637991198470159171e-01
1.378847223221560398e+03 5.731533149711752761e-01
1.378647306547037260e+03 5.736803119392314132e-01
1.378447512070970561e+03 5.683831155685795666e-01
1.378247717594903861e+03 5.705124474348601815e-01
1.378048045317293372e+03 5.697413998003754143e-01
1.377848495238139094e+03 5.783296326213608340e-01
1.377648945158985043e+03 5.594690866836691256e-01
1.377449517278287203e+03 5.754242734000535320e-01
1.377250089397589363e+03 5.753880107310078706e-01
1.377050783715347734e+03 5.709346561200016046e-01
1.376851478033106332e+03 5.758552637253133710e-01
1.376652172350864703e+03 5.770118690646396375e-01
1.376452988867079512e+03 5.718841913022923995e-01
1.376253805383294321e+03 5.821629084324509984e-01
1.376054866296421778e+03 5.662796741411270096e-01
1.375855805011092798e+03 5.640052917817378608e-01
1.375656865924220256e+03 5.804662724730269563e-01
1.375457926837347713e+03 5.734361477647071936e-01
1.375259109948931382e+03 5.794190021292833226e-01
1.375060537457427699e+03 5.638097443755324401e-01
1.374861842767467806e+03 5.761211986173150335e-01
1.374663148077507685e+03 5.742481121689646528e-01
1.374464575586004003e+03 5.779088957661605575e-01
1.374266003094500320e+03 5.736754146781228858e-01
1.374067674999909286e+03 5.751659437253988649e-01
1.373869224706862042e+03 5.793818436293257657e-01
1.373670896612271008e+03 5.705342897137011260e-01
1.373472568517679974e+03 5.738390622489712989e-01
1.373274362621545151e+03 5.754874478257406833e-01
1.373076278923866766e+03 5.727416945391501368e-01
1.372878073027731944e+03 5.703954871309819818e-01
1.372680111528509769e+03 5.751436685747538524e-01
1.372482150029287823e+03 5.720042768233215558e-01
1.372284188530065649e+03 5.740940203351881932e-01
1.372086471427756123e+03 5.696230432508004871e-01
1.371888632126990387e+03 5.715428104120533481e-01
1.371690915024680862e+03 5.667868463114315025e-01
1.371493075723914899e+03 5.561477386408325563e-01
1.371295603018518023e+03 5.684942613808214862e-01
1.371098130313121146e+03 5.611662634302311270e-01
1.370900657607724270e+03 5.864345223658193884e-01
1.370703184902327394e+03 5.754282806512146520e-01
1.370505712196930517e+03 5.819682301633285482e-01
1.370308361689990079e+03 5.700251739358258574e-01
1.370111255579962062e+03 5.597248881699197209e-01
1.369914027271477835e+03 5.581798495524157300e-01
1.369716921161449818e+03 5.772094630134333437e-01
1.369519815051421801e+03 5.693040381275339401e-01
1.369322831139850223e+03 5.897993495276661058e-01
1.369125969426734855e+03 5.759140507764271000e-01
1.368928863316707066e+03 5.896000939888885739e-01
1.368732123802047909e+03 5.769404567395223227e-01
1.368535384287388979e+03 5.767907122401235709e-01
1.368338644772729822e+03 5.789673411231023303e-01
1.368142027456527103e+03 5.698267260492219100e-01
1.367945410140324384e+03 5.724844258277566045e-01
1.367748792824121892e+03 5.587790886915412480e-01
1.367552419904831595e+03 5.674873898990996368e-01
1.367355924787085314e+03 5.697210669762508006e-01
1.367159551867795244e+03 5.759808063294964420e-01
1.366963423345417823e+03 5.642501480063891739e-01
1.366767050426127753e+03 5.698185978724330525e-01
1.366570921903750104e+03 5.824733698224964229e-01
1.366374671182916472e+03 5.807140632438787531e-01
1.366178664858995262e+03 5.583733875031274829e-01
1.365982780733530490e+03 5.617449372099411198e-01
1.365786774409609279e+03 5.790255762535310158e-01
1.365590890284144280e+03 5.631860745325361073e-01
1.365395006158679507e+03 5.789556501233169561e-01
1.365199244231670946e+03 5.699791825815935242e-01
1.365003726701575033e+03 5.835547156122744550e-01
1.364807964774566472e+03 5.712821522932773899e-01
1.364612447244470559e+03 5.825346488054996552e-01
1.364416807515918435e+03 5.718515843696110323e-01
1.364221412184278734e+03 5.843836541856310962e-01
1.364026016852639032e+03 5.632328258568394252e-01
1.363830621520999557e+03 5.672023129611559744e-01
1.363635348387816293e+03 5.599194271969094583e-01
1.363440075254633030e+03 5.791031423725596650e-01
1.363244924319905977e+03 5.696954059941202742e-01
1.363049773385178923e+03 5.677108993752081334e-01
1.362854744648908309e+03 5.758483987049975994e-01
1.362659838111093904e+03 5.748443674737727660e-01
1.362464687176366851e+03 5.652092935226992187e-01
1.362269902837008885e+03 5.771054448979652252e-01
1.362075118497650692e+03 5.747032148677484464e-01
1.361880456356748937e+03 5.718192165150354223e-01
1.361685672017390971e+03 5.764601094998195174e-01
1.361491009876489215e+03 5.769894918999957101e-01
1.361296347735587460e+03 5.822417360562038846e-01
1.361101807793141916e+03 5.703836105793983480e-01
1.360907390049152809e+03 5.799182698357006061e-01
1.360713094503620141e+03 5.765365665035454557e-01
1.360518676759631035e+03 5.780527758686778705e-01
1.360324381214098139e+03 5.787823714043138779e-01
1.360130085668565243e+03 5.691082523412815952e-01
1.359935790123032575e+03 5.711499601895134726e-01
1.359741861172868539e+03 5.787544937981174975e-01
1.359547810024248292e+03 5.739046529224727244e-01
1.359353758875628273e+03 5.751374719850929074e-01
1.359159829925464237e+03 5.897183277387769706e-01
1.358965900975300428e+03 5.727881345779429756e-01
1.358772094223592831e+03 5.828510172358901675e-01
1.358578409670341443e+03 5.735821553049127441e-01
1.358384602918634073e+03 5.782008065042045786e-01
1.358190918365382686e+03 5.715076334035247285e-01
1.357997356010587737e+03 5.815705167224936023e-01
1.357803793655792788e+03 5.734670809851136752e-01
1.357610353499454050e+03 5.712897060628218115e-01
1.357416913343115539e+03 5.755365393977689425e-01
1.357223595385233011e+03 5.672141823323852972e-01
1.357030277427350711e+03 5.755406272035210602e-01
1.356836959469468411e+03 5.749910507035996821e-01
1.356643763710042322e+03 5.741235152981197798e-01
1.356450690149072670e+03 5.737638285673336558e-01
1.356257616588103019e+03 5.925588975347051424e-01
1.356064665225589579e+03 5.836331309117769317e-01
1.355871591664619928e+03 5.837921011374064273e-01
1.355678762500562698e+03 5.854311105777683100e-01
1.355485811138049257e+03 5.863452878405057689e-01
1.355293226370904904e+03 5.762106267702630236e-01
1.355100397206847674e+03 5.783181197490698811e-01
1.354907690241246883e+03 5.693814566456740778e-01
1.354715105474102529e+03 5.856362428364702000e-01
1.354522520706957948e+03 5.806525229701025026e-01
1.354330180336726016e+03 5.918799503082627922e-01
1.354137717768037874e+03 5.831461619023761145e-01
1.353945255199349731e+03 5.823860986418170071e-01
1.353752914829117799e+03 5.809977764649120191e-01
1.353560574458886094e+03 5.606134582526943744e-01
1.353368356287110601e+03 5.783125494139121914e-01
1.353176382512247528e+03 5.781857584579312981e-01
1.352984286538928245e+03 5.738648701500317362e-01
1.352792190565608962e+03 5.756773451389950447e-01
1.352600216790746117e+03 5.787766500028065364e-01
1.352408243015883272e+03 5.766538463885243493e-01
1.352216391439476638e+03 5.794375152406263663e-01
1.352024662061526215e+03 5.678674391135546395e-01
1.351832932683576018e+03 5.674961041584144494e-01
1.351641203305625595e+03 5.771799531151482476e-01
1.351449473927675399e+03 5.780896009992679829e-01
1.351257866748181414e+03 5.754697518139323398e-01
1.351066259568687428e+03 5.711563480684921368e-01
1.350875018984562303e+03 5.670834668116280231e-01
1.350683534003524528e+03 5.841636324344352538e-01
1.350492171220943192e+03 5.735409240114706098e-01
1.350300930636818066e+03 5.814934769856711094e-01
1.350109690052692940e+03 5.834947629837001770e-01
1.349918449468568042e+03 5.698652097686617291e-01
1.349727453281355565e+03 5.700062857780774372e-01
1.349536334895686650e+03 5.782714347464629201e-01
1.349345338708474401e+03 5.733921265034325199e-01
1.349154342521261924e+03 5.827496890968664189e-01
1.348963468532505658e+03 5.783034539599339885e-01
1.348772594543749619e+03 5.597148955621973343e-01
1.348581842753449791e+03 5.735616027451043708e-01
1.348391213161606174e+03 5.778718530287134669e-01
1.348200461371306346e+03 5.712194472908954657e-01
1.348009831779462957e+03 5.772877903831918900e-01
1.347819324386075550e+03 5.713688367479431429e-01
1.347628816992688371e+03 5.746984417582042814e-01
1.347438431797757403e+03 5.841661778838543873e-01
1.347247924404370224e+03 5.735745461827226332e-01
1.347057661407895694e+03 5.779296929132052840e-01
1.346867398411421163e+03 5.736533198749705909e-01
1.346677135414946633e+03 5.575740748225517240e-01
1.346486994616928314e+03 5.853891788914494798e-01
1.346296976017366205e+03 5.766420159316547611e-01
1.346106957417804324e+03 5.830789892782616279e-01
1.345916938818242215e+03 5.618893788223124908e-01
1.345727042417136545e+03 5.694689865438765652e-01
1.345537146016031102e+03 5.625677985384339719e-01
1.345347249614925431e+03 5.479038971958507531e-01
1.345157597610732182e+03 5.540833129653784939e-01
1.344967823408082950e+03 5.540220297950110284e-01
1.344778171403889928e+03 5.471440836188357082e-01
1.344588641598153117e+03 5.521899410094966987e-01
1.344398989593960096e+03 5.592670862314400582e-01
1.344209581986679723e+03 5.663744988294329152e-01
1.344020052180942912e+03 5.580585473560106813e-01
1.343830888970575188e+03 5.711506309202865062e-01
1.343641481363294815e+03 5.722229547017396722e-01
1.343452195954470653e+03 5.677174120107519872e-01
1.343263032744102702e+03 5.607631391129295206e-01
1.343073869533734978e+03 5.685758250681248738e-01
1.342884828521823465e+03 5.603706872389210281e-01
1.342695787509911952e+03 5.646371656043830400e-01
1.342506868696456877e+03 5.715687009605315838e-01
1.342317827684545364e+03 5.544403734600913403e-01
1.342129031069546500e+03 5.707615853236156500e-01
1.341940234454547635e+03 5.694465392112914026e-01
1.341751437839548771e+03 5.608446917256040276e-01
1.341562763423006118e+03 5.705766256494174682e-01
1.341374211204919902e+03 5.805409249841673169e-01
1.341185658986833687e+03 5.634874192854475439e-01
1.340997106768747472e+03 5.821907841580022946e-01
1.340808554550661256e+03 5.728591398943625457e-01
1.340620124531031252e+03 5.646368106268554454e-01
1.340431816709857458e+03 5.719100355266427682e-01
1.340243508888683891e+03 5.796890266697450889e-01
1.340055323265966535e+03 5.734108071860469780e-01
1.339867137643249180e+03 5.746673822333100423e-01
1.339678952020532051e+03 5.656897306233841238e-01
1.339490888596270906e+03 5.738388353215887472e-01
1.339302825172009989e+03 5.622243497112245914e-01
1.339114761747748844e+03 5.641808693827657928e-01
1.338926942720400575e+03 5.786662969983880078e-01
1.338739123693052079e+03 5.689880822783082159e-01
1.338551182467247372e+03 5.665466636543543544e-01
1.338363485638355314e+03 5.792674301432566564e-01
1.338175788809463256e+03 5.615403318044686065e-01
1.322239399328257377e+03 5.424384250333205149e-01
1.322056468239161404e+03 5.593143323725949800e-01
1.321873537150065431e+03 5.524581984093180909e-01
1.321690606060969458e+03 5.481943137146424450e-01
1.321507919368785906e+03 5.541248217662680942e-01
1.304737892018633602e+03 5.859759475171435472e-01
1.304559971066246362e+03 5.714541202474247017e-01
1.304382172312315333e+03 5.734689308624024706e-01
1.304204373558384304e+03 5.701051570968105331e-01
1.304026574804453503e+03 5.647983096660731395e-01
1.286853292548478066e+03 5.742838379004941984e-01
1.286680626129712209e+03 5.845219221512791830e-01
1.286507837512489914e+03 5.755568295340007801e-01
1.286335171093724057e+03 5.847339497950809761e-01
1.286162504674957972e+03 5.803018862876246908e-01
1.285989960454648326e+03 5.849066640730574695e-01
1.285817416234338680e+03 5.882632787514042727e-01
1.285644872014029033e+03 5.756365681794057831e-01
1.285472449992175825e+03 5.857410373634454048e-01
1.285300027970322390e+03 5.840347620275012641e-01
1.285127850345381603e+03 5.829588535864899113e-01
1.284955550521984605e+03 5.840429493465099098e-01
1.284783250698587608e+03 5.978305770092434690e-01
1.284611073073646821e+03 5.895386957781145743e-01
1.284438895448706262e+03 5.765389057909023895e-01
1.284266840022221686e+03 5.960613303004365093e-01
1.284094784595737337e+03 5.911744951927245806e-01
1.283922729169252989e+03 5.850429209298600997e-01
1.283750795941224851e+03 5.945395684386634017e-01
1.283578862713196713e+03 5.871444732262933730e-01
1.283407051683625014e+03 6.022382985927220433e-01
1.283235240654053086e+03 5.950233608201058733e-01
1.283063429624481387e+03 5.835692166678598802e-01
1.282891740793365898e+03 6.026959509574535412e-01
1.282720051962250409e+03 6.052634107002980990e-01
1.282548607528047569e+03 6.082710135669472384e-01
1.282377040895388291e+03 5.971671029836650435e-01
1.282205474262729240e+03 6.088352344230375524e-01
1.282034029828526400e+03 6.012793145659484084e-01
1.281862707592779770e+03 5.908866485351332853e-01
1.281691263158576930e+03 6.010961071134864886e-01
1.281519940922830301e+03 5.874108651471438014e-01
1.281348618687083899e+03 5.850269234811398267e-01
1.281177418649793481e+03 5.837055679078144710e-01
1.281006218612503289e+03 5.837355774483173887e-01
1.280835018575213098e+03 5.989178552842501224e-01
1.280664062934835556e+03 5.856427178505012598e-01
1.280492985096001576e+03 6.016527896715092583e-01
1.280321907257167595e+03 5.930995683345440250e-01
1.280151073815246264e+03 5.980749335364717867e-01
1.279980118174868721e+03 5.808038729648781207e-01
1.279809406931403601e+03 5.775070733579819038e-01
1.279638573489482496e+03 5.939139182339537859e-01
1.279467862246017376e+03 5.799955455690487538e-01
1.279297151002552482e+03 5.829595613859968051e-01
1.279126561957543800e+03 5.887857882838841705e-01
1.278955850714078679e+03 5.905845573043119190e-01
1.278785383867526207e+03 5.930564131189814958e-01
1.278614794822517524e+03 5.896767273147086597e-01
1.278444450174421490e+03 5.871890558767008939e-01
1.278273983327869246e+03 5.854618242652912530e-01
1.278103638679772985e+03 5.956803900305168709e-01
1.277933294031676951e+03 5.879801437544015519e-01
1.277763071582037355e+03 5.895381187670164502e-01
1.277592849132397532e+03 5.773185527274937723e-01
1.277422626682757709e+03 5.833289286869715040e-01
1.277252526431574324e+03 5.863006171926283816e-01
1.277082426180390939e+03 5.759979242973390923e-01
1.276912570326119976e+03 5.904710932122797518e-01
1.276742592273392802e+03 5.720238283105576471e-01
1.276572614220665628e+03 5.919368115593806046e-01
1.276402758366394892e+03 5.968596709737713502e-01
1.276233024710580366e+03 5.906972871433716632e-01
1.276063168856309630e+03 5.950397507058350355e-01
1.275893435200495105e+03 6.013940586389647791e-01
1.275723701544680580e+03 6.028579510765657012e-01
1.275554090087322265e+03 5.839669749728654269e-01
1.275384478629964178e+03 5.852357591721316643e-01
1.275214867172605864e+03 5.935523338546537797e-01
1.275045500112160198e+03 5.845751456518010203e-01
1.274875888654802111e+03 5.883593422278295959e-01
1.274706521594356445e+03 5.954232807308382780e-01
1.274537154533910780e+03 5.881997947095397583e-01
1.274367909671921552e+03 6.081969137787434088e-01
1.274198542611476114e+03 6.073708226229369567e-01
1.274029419947943097e+03 5.957856639696090806e-01
1.273860297284410080e+03 5.971955233583037259e-01
1.273691174620877064e+03 6.027764166128466439e-01
1.273522174155800485e+03 5.863421386273091063e-01
1.273353173690723679e+03 5.883009918977036845e-01
1.273184295424103311e+03 5.903728841332689381e-01
1.273184173225647100e+03 5.903727602158439502e-01
1.273015294959026733e+03 5.972087174596677484e-01
1.273015172760570522e+03 6.031629033646758176e-01
1.272846538890862803e+03 6.090144729560179604e-01
1.272846416692406365e+03 5.891695374442522670e-01
1.272677660624242435e+03 5.889546464264142633e-01
1.272677538425785997e+03 6.028408607743730441e-01
1.272508782357622067e+03 5.947739329300714139e-01
1.272508660159165629e+03 6.017155880042317495e-01
1.272339904091001699e+03 5.858020511586293777e-01
1.272171270221293980e+03 5.968740038147877236e-01
1.272002636351586261e+03 5.999604289112663302e-01
1.271834002481878542e+03 5.998617713451738220e-01
1.271665490810627034e+03 5.964545066845542420e-01
1.271496979139375526e+03 6.011119870057458625e-01
1.271328467468124245e+03 5.930228475665272336e-01
1.271160077995329175e+03 5.931784535294867267e-01
1.270991688522533877e+03 5.915059182142908822e-01
1.270823421248195245e+03 5.936938125235637909e-01
1.270655153973856386e+03 6.056502720750966962e-01
1.270486886699517527e+03 5.860360020704095119e-01
1.270318863822091316e+03 5.895945103650302999e-01
1.270150718746208895e+03 5.825765187058257188e-01
1.269982573670326474e+03 6.093947521824523150e-01
1.269814550792900263e+03 6.068600818721274770e-01
1.269646650113930264e+03 6.115882628930296994e-01
1.269478627236504053e+03 6.128877201351704551e-01
1.269310726557534281e+03 6.313093583141115017e-01
1.269142948077020719e+03 6.498446806316274804e-01
1.268975169596507158e+03 6.823102110602006221e-01
1.268807391115993596e+03 6.771884811858037700e-01
1.268639612635480034e+03 6.855561829245396810e-01
1.268472078551879122e+03 6.649160932585548300e-01
1.268304422269821771e+03 6.392236476815450485e-01
1.268136765987764647e+03 6.303485431371714798e-01
1.267969354102619945e+03 6.199748862044766051e-01
1.267801820019019033e+03 6.171524925662751349e-01
1.267634408133874331e+03 6.224020604139601787e-01
1.267466996248729856e+03 5.988466501289742006e-01
1.267299828760497803e+03 6.072772077029657822e-01
1.267132416875353101e+03 5.866793386458677428e-01
1.266965127188664837e+03 6.107600386613101229e-01
1.266797959700432784e+03 6.059338173943978889e-01
1.266630792212200731e+03 6.212557194280666772e-01
1.266463746922425116e+03 6.126920082752076446e-01
1.266296823831105712e+03 6.077527363139606509e-01
1.266129778541329870e+03 6.217564053466586582e-01
1.265962855450010466e+03 6.038552763849508453e-01
1.265795932358691289e+03 6.177483979814958337e-01
1.265629009267371885e+03 6.139129701990285737e-01
1.265462208374508691e+03 6.019569998281012468e-01
1.265295407481645725e+03 5.980150384505287242e-01
1.265128850985695180e+03 6.085378441209514655e-01
1.264962050092831987e+03 6.021375879262418351e-01
1.264795371398425232e+03 6.114561170061106887e-01
1.264628814902474915e+03 6.111633462139738349e-01
1.264462258406524370e+03 6.151052328104199551e-01
1.264295824109030264e+03 6.117633915842712877e-01
1.264129389811536157e+03 6.058958510095661110e-01
1.263962955514041823e+03 5.992484982955651462e-01
1.263796643415004155e+03 5.900584252710345812e-01
1.263630331315966259e+03 5.944687617004451585e-01
1.263464019216928364e+03 5.931709914396799954e-01
1.263297829316346906e+03 5.998711015449075257e-01
1.263131639415765221e+03 5.858906160045850298e-01
1.262965571713640202e+03 5.969373943357130230e-01
1.262799381813058517e+03 5.985812464418568402e-01
1.262633436309389708e+03 6.084051487228004929e-01
1.262467368607264461e+03 6.075740925717760810e-01
1.262301423103595425e+03 6.016783885715948355e-01
1.262135599798382827e+03 5.843315607456903704e-01
1.261969776493170230e+03 5.967276098971857623e-01
1.261803953187957632e+03 5.983515284609980389e-01
1.261638129882745034e+03 5.965902104879636791e-01
1.261472550974445085e+03 5.819668313233080648e-01
1.261306972066145136e+03 5.932546267864236000e-01
1.261141270959388748e+03 5.888118414241477749e-01
1.260975692051088799e+03 5.981530377276508270e-01
1.260810235341245289e+03 5.801168427063545519e-01
1.260644778631401550e+03 5.784608671449481543e-01
1.260479321921557812e+03 5.913391091790037857e-01
1.260313865211714074e+03 5.842642236627982877e-01
1.260148530700326774e+03 5.845131644063474852e-01
1.259983318387395684e+03 5.863847210562026513e-01
1.259817983876008384e+03 5.866500733591828443e-01
1.259652893761533733e+03 5.774777409599963773e-01
1.259487681448602643e+03 5.909524689729502844e-01
1.259322591334127765e+03 6.010536692776625722e-01
