# Wavelength, Reflectance
1.644058469817415016e+03 1.604876827651778026e-01
1.643192380950227516e+03 1.404988910782675737e-01
1.642327146575227516e+03 1.799780068869551719e-01
1.641462888762727516e+03 1.641443561444609900e-01
1.640599485442415016e+03 1.495549365861695013e-01
1.639737180754915016e+03 1.556554717220390571e-01
1.638875730559602516e+03 1.449047702447820718e-01
1.638015256926790016e+03 1.744711868900806206e-01
1.637155637786165016e+03 1.757306673933723695e-01
1.636297117278352516e+03 1.683517399206938547e-01
1.635439451262727516e+03 1.668198293013089806e-01
1.634582761809602516e+03 1.836271242711275953e-01
1.633727048918977516e+03 1.591927397431956437e-01
1.632872190520540016e+03 1.429598760014583747e-01
1.632018308684602516e+03 1.676776640435916899e-01
1.631165281340852516e+03 1.705135734501939948e-01
1.630313230559602516e+03 1.834115708840779457e-01
1.629462156340852516e+03 1.593439073659479177e-01
1.628611936614290016e+03 1.641495570883370891e-01
1.627762693450227516e+03 1.529850095707909752e-01
1.626914304778352516e+03 1.612307429716988705e-01
1.626066892668977516e+03 1.528064915769896392e-01
1.625220457122102516e+03 1.764472241586636791e-01
1.624374998137727516e+03 1.645610085009317214e-01
1.623530271575227516e+03 1.705776759391439690e-01
1.622686643645540016e+03 1.698257823861663574e-01
1.621843748137727516e+03 1.699246118348262946e-01
1.621001951262727516e+03 1.665652354426052639e-01
1.620160886809602516e+03 1.609317149627465804e-01
1.619320920989290016e+03 1.678449270712529529e-01
1.618481687590852516e+03 1.785927261806648791e-01
1.617643430754915016e+03 1.572053286827759799e-01
1.616806028411165016e+03 1.793010829071726153e-01
1.615969602629915016e+03 1.673727781385222491e-01
1.615134031340852516e+03 1.604418072594960554e-01
1.614299436614290016e+03 1.723125164491580985e-01
1.613465818450227516e+03 1.696095096747658737e-01
1.612632932708040016e+03 1.655433198894345204e-01
1.611801023528352516e+03 1.686305714852884552e-01
1.610969968840852516e+03 1.670122839441915419e-01
1.610139890715852516e+03 1.684290158657498759e-01
1.609310667083040016e+03 1.593344329492844269e-01
1.608482297942415016e+03 1.672537486455600020e-01
1.607654905364290016e+03 1.536741249598972681e-01
1.606828245208040016e+03 1.667196998360614968e-01
1.606002561614290016e+03 1.689124203877873376e-01
1.605177854583040016e+03 1.668634637308188118e-01
1.604354002043977516e+03 1.638054357509978742e-01
1.603530881926790016e+03 1.684277206107495095e-01
1.602708738372102516e+03 1.572428561111140766e-01
1.601887571379915016e+03 1.567718226678418425e-01
1.601067136809602516e+03 1.516036214881502364e-01
1.600247678801790016e+03 1.699435809232483774e-01
1.599429075286165016e+03 1.740759118759655222e-01
1.598611326262727516e+03 1.640930466375346286e-01
1.597794431731477516e+03 1.660805853503669605e-01
1.596978269622102516e+03 1.572296477833529105e-01
1.596163450286165016e+03 1.853646205036245387e-01
1.595349119231477516e+03 1.702527608801559234e-01
1.594535642668977516e+03 1.754534099288844462e-01
1.593723264739290016e+03 1.789482592889103940e-01
1.592911497161165016e+03 1.653787126671529828e-01
1.592100706145540016e+03 1.697463901617964344e-01
1.591290891692415016e+03 1.621364891749101367e-01
1.590481809661165016e+03 1.626327729567156044e-01
1.589673704192415016e+03 1.631768650158381961e-01
1.588866209075227516e+03 1.682732450016641845e-01
1.588059568450227516e+03 1.617742918071455038e-01
1.587254148528352516e+03 1.786659296040159772e-01
1.586449338958040016e+03 1.648257556085584163e-01
1.585645383879915016e+03 1.573184689782899381e-01
1.584842405364290016e+03 1.636691186077201821e-01
1.584040159270540016e+03 1.694283550386893877e-01
1.583238767668977516e+03 1.719274425051936783e-01
1.582438352629915016e+03 1.573374555489225057e-01
1.581638670012727516e+03 1.733287218846925049e-01
1.580839963958040016e+03 1.619657630650017388e-01
1.580041868254915016e+03 1.671663392801272519e-01
1.579244627043977516e+03 1.589500748874883018e-01
1.578448484465852516e+03 1.621833093859730290e-01
1.577652952239290016e+03 1.530941205187126009e-01
1.576858396575227516e+03 1.491928471080504470e-01
1.576064695403352516e+03 1.653879579091816487e-01
1.575271726653352516e+03 1.578138984407107537e-01
1.574479490325227516e+03 1.630319969558608750e-01
1.573688230559602516e+03 1.666039635866177482e-01
1.572897825286165016e+03 1.571399858283947515e-01
1.572108274504915016e+03 1.606723365347946797e-01
1.571319456145540016e+03 1.743825565555043589e-01
1.570531370208040016e+03 1.731387988700298641e-01
1.569744382903352516e+03 1.496701711690675007e-01
1.568958005950227516e+03 1.597400924504572273e-01
1.568172727629915016e+03 1.727644490539277933e-01
1.567387937590852516e+03 1.603071566503034562e-01
1.566604124114290016e+03 1.668633316307407966e-01
1.565821165129915016e+03 1.647622650896454488e-01
1.565038938567415016e+03 1.676790744632843111e-01
1.564257566497102516e+03 1.709405635753963870e-01
1.563477048918977516e+03 1.713842096336091747e-01
1.562697385833040016e+03 1.625628923932776748e-01
1.561918333098665016e+03 1.702341079859858997e-01
1.561140256926790016e+03 1.771989253034242096e-01
1.560363035247102516e+03 1.700944609669402252e-01
1.559586545989290016e+03 1.718059626822938113e-01
1.558810789153352516e+03 1.646989595008046536e-01
1.558035886809602516e+03 1.655624236788036108e-01
1.557261961028352516e+03 1.597533791073884046e-01
1.556488645598665016e+03 1.643982635730686648e-01
1.555716184661165016e+03 1.647509228024607031e-01
1.554944456145540016e+03 1.682637842298244923e-01
1.554173704192415016e+03 1.659280631614717949e-01
1.553403562590852516e+03 1.622493271482035315e-01
1.552634397551790016e+03 1.670555762484085549e-01
1.552634275481477516e+03 1.652253991286005141e-01
1.552378171965852516e+03 1.678601030090019486e-01
1.552121946379915016e+03 1.586887085450950641e-01
1.551865964934602516e+03 1.586535644026716985e-01
1.551865842864290016e+03 1.650437065287702343e-01
1.551609983489290016e+03 1.584824305992073024e-01
1.551098264739290016e+03 1.707422436428693013e-01
1.550331419036165016e+03 1.605069996930069409e-01
1.549565305754915016e+03 1.736366716736111038e-01
1.548800046965852516e+03 1.633633297244707905e-01
1.548035642668977516e+03 1.644364107749074211e-01
1.547271848723665016e+03 1.611156064332558702e-01
1.546508909270540016e+03 1.796100764446706410e-01
1.545746824309602516e+03 1.787997600032886769e-01
1.544985593840852516e+03 1.667157303217842723e-01
1.544224973723665016e+03 1.685524332090868049e-01
1.543465086028352516e+03 1.690036989690083535e-01
1.542706174895540016e+03 1.680324663843085764e-01
1.541948118254915016e+03 1.648199377623195960e-01
1.541190671965852516e+03 1.567695867944952082e-01
1.540433958098665016e+03 1.661765972851319551e-01
1.539678098723665016e+03 1.653535688618723298e-01
1.538922971770540016e+03 1.654703073009332059e-01
1.538168821379915016e+03 1.716441229999573215e-01
1.537415281340852516e+03 1.713020203366912853e-01
1.536662473723665016e+03 1.680580692657464292e-01
1.535910520598665016e+03 1.630347555710003893e-01
1.535159055754915016e+03 1.715942168237665211e-01
1.534408933684602516e+03 1.723363635835883645e-01
1.533659055754915016e+03 1.777908209612683588e-01
1.532910276458040016e+03 1.696093455843867559e-01
1.532162107512727516e+03 1.675842075076699189e-01
1.531414670989290016e+03 1.619586443037993873e-01
1.530668211028352516e+03 1.688254862814799195e-01
1.529922361418977516e+03 1.624262004044274288e-01
1.529177244231477516e+03 1.517968808561029059e-01
1.528432859465852516e+03 1.673134561401420362e-01
1.527689329192415016e+03 1.612563937989492102e-01
1.526946287200227516e+03 1.607309518387648462e-01
1.526204465911165016e+03 1.629257380860819060e-01
1.525463010833040016e+03 1.621854645396765549e-01
1.524722654387727516e+03 1.675961916988420175e-01
1.523982786223665016e+03 1.623656579992916182e-01
1.523243772551790016e+03 1.665424529579925261e-01
1.522505491301790016e+03 1.741522962887687431e-01
1.521768064543977516e+03 1.691863767412005726e-01
1.521031248137727516e+03 1.738305235433345586e-01
1.520295164153352516e+03 1.734936353923423880e-01
1.519559812590852516e+03 1.568407950417409491e-01
1.518825315520540016e+03 1.559676185198708431e-01
1.518091428801790016e+03 1.684542160460410776e-01
1.517358274504915016e+03 1.595857502265567163e-01
1.516626218840852516e+03 1.727250085199514562e-01
1.515894651458040016e+03 1.682815817995681473e-01
1.515163694426790016e+03 1.670283382278291706e-01
1.514920408293977516e+03 1.641555902080238938e-01
1.514677122161165016e+03 1.684063025917511003e-01
1.514433713958040016e+03 1.659007418265578682e-01
1.514433591887727516e+03 1.617891664119700812e-01
1.514190549895540016e+03 1.670116857366844010e-01
1.513947507903352516e+03 1.656602917849827883e-01
1.513704221770540016e+03 1.715704760510750049e-01
1.512975584075227516e+03 1.693044150286416583e-01
1.512247678801790016e+03 1.640287600707827642e-01
1.511520505950227516e+03 1.667253201609319169e-01
1.510794187590852516e+03 1.706549688551097232e-01
1.510068479583040016e+03 1.731660834928978876e-01
1.509343503997102516e+03 1.819120606881688695e-01
1.508619260833040016e+03 1.654495651908529652e-01
1.507895750090852516e+03 1.748902305540283864e-01
1.507172971770540016e+03 1.657595715119414559e-01
1.506450925872102516e+03 1.682556365710477786e-01
1.505729612395540016e+03 1.780840106518210286e-01
1.505009031340852516e+03 1.561049346033397400e-01
1.504289304778352516e+03 1.822688342354061020e-01
1.503570066497102516e+03 1.790375613569097357e-01
1.502851676628295763e+03 1.706420977364327685e-01
1.502133842314671028e+03 1.710656775470378865e-01
1.501416740485040009e+03 1.653761071825234630e-01
1.500700493220067756e+03 1.692132551402723561e-01
1.499984856358423713e+03 1.800307186511790336e-01
1.499269951980772930e+03 1.618452685581886763e-01
1.498555780087115636e+03 1.607523620236783746e-01
1.497842218596786324e+03 1.788169352849437177e-01
1.497129511671116234e+03 1.760024823466163069e-01
1.496417415148773898e+03 1.656896505714988699e-01
1.495706173191090556e+03 1.733663663634857910e-01
1.494995541636735197e+03 1.761334177000036805e-01
1.494285642566373326e+03 1.644469312785453163e-01
1.493576353899339438e+03 1.597882506405458869e-01
1.492867919796964543e+03 1.619117310672869292e-01
1.492160096097917631e+03 1.633968328170576356e-01
1.491453004882864207e+03 1.852718068608210089e-01
1.490746646151804271e+03 1.750083879534451992e-01
1.490040897824072317e+03 1.686165388821740940e-01
1.489335881980333852e+03 1.678589226329261774e-01
1.488631598620588647e+03 1.583352739061128223e-01
1.487928047744837158e+03 1.727704429042042356e-01
1.487225107272413652e+03 1.730697847353604990e-01
1.486522899283983406e+03 1.753541187137083179e-01
1.485821301698881143e+03 1.749339347862763350e-01
1.485120558678438101e+03 1.691904484856571467e-01
1.484420426061322814e+03 1.741654154911487229e-01
1.483721025928201016e+03 1.731698338702686302e-01
1.483022236198407199e+03 1.689250191142223634e-01
1.482324301033272377e+03 1.700885799160579692e-01
1.481626854190800032e+03 1.744094108602996240e-01
1.480930261912986680e+03 1.696716302870109050e-01
1.480234280038501311e+03 1.678892315376443456e-01
1.479538908567343697e+03 1.766030447886412502e-01
1.478844391660845304e+03 1.683324572062542823e-01
1.478150363077009160e+03 1.723975064355944553e-01
1.477457189057832238e+03 1.792813124382848233e-01
1.476764625441983071e+03 1.707835829007861017e-01
1.476072794310127392e+03 1.704810005960307184e-01
1.475381573581599696e+03 1.716902227486290233e-01
1.474691085337065488e+03 1.798777310103300275e-01
1.474001207495859035e+03 1.785179584069161718e-01
1.473312062138646297e+03 1.759301652910748026e-01
1.472623527184761315e+03 1.739910711301745350e-01
1.471935724714870048e+03 1.677908454109023340e-01
1.471248654728972042e+03 1.674708749380043604e-01
1.470562195146402019e+03 1.644643428487679304e-01
1.469876468047825483e+03 1.665115605454561554e-01
1.469191351352576930e+03 1.603302533632068594e-01
1.468506845060656360e+03 1.697488713473376543e-01
1.467823071252729051e+03 1.817772565315285971e-01
1.467140029928795457e+03 1.646206723184134579e-01
1.466457599008189618e+03 1.773871887747910936e-01
1.465775778490911762e+03 1.735487391089617359e-01
1.465094690457627394e+03 1.771262141587588712e-01
1.464414212827670781e+03 1.646218141682132541e-01
1.463734467681707883e+03 1.734022414538006762e-01
1.463055332939072741e+03 1.810250553040303190e-01
1.462376930680431315e+03 1.668023314606217333e-01
1.461699138825117643e+03 1.705968931355401064e-01
1.461021957373131954e+03 1.713579847971728742e-01
1.460345386324474021e+03 1.760244505566707085e-01
1.459669669840475308e+03 1.665089572248957539e-01
1.458994441679138845e+03 1.676972731247261539e-01
1.458319946001795870e+03 1.735124800350418273e-01
1.457646060727780878e+03 1.711172701515819017e-01
1.456972907937759373e+03 1.632700475034085386e-01
1.456300365551065852e+03 1.757870891654097489e-01
1.455628433567700085e+03 1.670139286760064234e-01
1.454957234068327807e+03 1.709756424812423070e-01
1.454286644972283511e+03 1.751139998421969435e-01
1.453616666279567198e+03 1.714016717364828524e-01
1.452947297990178640e+03 1.659782672194747288e-01
1.452278784265449303e+03 1.722576395749278733e-01
1.451610758863382216e+03 1.635667670503552218e-01
1.450943343864643111e+03 1.699584504676642238e-01
1.450276661349897495e+03 1.630055979267255317e-01
1.449610589238479861e+03 1.640561856890573600e-01
1.448945127530389982e+03 1.736773297624474299e-01
1.448280398306293591e+03 1.700960084659765559e-01
1.447616279485525183e+03 1.789766963607915540e-01
1.446952648987419025e+03 1.720467752602677369e-01
1.446289873053972087e+03 1.678469213066836330e-01
1.445627585443187400e+03 1.732569914497021912e-01
1.444966152397061705e+03 1.732286754829949205e-01
1.444305085592932983e+03 1.706974043513076189e-01
1.443644751272797521e+03 1.593302797737154164e-01
1.442985149436655774e+03 1.676774850720811061e-01
1.442326035923176050e+03 1.684427020747236714e-01
1.441667654893690042e+03 1.574764496671778313e-01
1.441009884267532016e+03 1.493029117088213176e-01
1.440352724044701745e+03 1.666368194339351572e-01
1.439696052144533951e+03 1.630679732170429996e-01
1.439040356889690656e+03 1.651271528270097655e-01
1.439040234809024923e+03 1.573084971348865935e-01
1.438821832498298136e+03 1.714489103745253651e-01
1.438603308106905615e+03 1.705235201523948585e-01
1.438385027876844106e+03 1.609796332934723129e-01
1.438384905796178600e+03 1.687967561339237810e-01
1.438166625566117091e+03 1.520254990448266508e-01
1.437948467416721314e+03 1.608334966004620892e-01
1.437730431347991043e+03 1.702461132059039650e-01
1.437730309267325538e+03 1.721752990023678320e-01
1.437512273198595267e+03 1.489277263140011132e-01
1.437294359210530729e+03 1.617542313002965082e-01
1.437076445222465964e+03 1.461957972846566201e-01
1.437076323141800458e+03 1.615530561358243244e-01
1.436858287073070187e+03 1.587968612015448755e-01
1.436640617246336888e+03 1.600934403530093197e-01
1.436423069500268866e+03 1.519369746290888945e-01
1.436422947419603361e+03 1.635432877237166238e-01
1.436205277592869834e+03 1.546085319582184980e-01
1.435987607766136307e+03 1.706991123534308263e-01
1.435770182100734019e+03 1.693832088547717052e-01
1.435552756435331730e+03 1.631273571461844263e-01
1.435335330769929442e+03 1.690036441523273814e-01
1.435118027185192659e+03 1.586333776946524665e-01
1.434900845681121609e+03 1.668460933269517443e-01
1.434683664177050332e+03 1.631550852493295345e-01
1.434466482672979282e+03 1.648877012120130992e-01
1.434249545330239243e+03 1.689617326431677446e-01
1.434032485906833699e+03 1.666953791080461322e-01
1.433815548564093660e+03 1.546598504691492348e-01
1.433598733302019355e+03 1.538247193438383176e-01
1.433382040120610554e+03 1.686892109605885870e-01
1.433165346939201754e+03 1.477291468325381552e-01
1.432948653757792954e+03 1.547231001594003008e-01
1.432732204737715165e+03 1.528784834767831780e-01
1.432515633636972098e+03 1.522873543428862886e-01
1.432299184616894308e+03 1.507841156597838073e-01
1.432082857677482252e+03 1.448379456632262752e-01
1.431866652818735929e+03 1.453944242425536104e-01
1.431650447959989378e+03 1.409103219570614907e-01
1.431434243101242828e+03 1.543266209140055079e-01
1.431218160323162010e+03 1.480412445311269920e-01
1.431002199625746698e+03 1.574315975844782223e-01
1.430786238928331386e+03 1.675698583457537194e-01
1.430570400311581579e+03 1.530384351566524415e-01
1.430354683775497506e+03 1.575585825953432495e-01
1.430138845158747699e+03 1.608656180285744086e-01
1.429923128622663626e+03 1.684000057754337643e-01
1.429707412086579325e+03 1.733896898850952606e-01
1.429492061792491995e+03 1.752228451960703703e-01
1.429276589417738933e+03 1.687595287616436568e-01
1.429061239123651603e+03 1.809708360377742520e-01
1.428846010910229779e+03 1.672958697769571790e-01
1.428630660616142450e+03 1.638442380532452447e-01
1.428415432402720626e+03 1.704260552028102615e-01
1.428200326269964307e+03 1.696697701591776686e-01
1.427985342217873722e+03 1.688307518594932832e-01
1.427770358165782909e+03 1.759531114894648529e-01
1.427555374113692324e+03 1.658063094520253189e-01
1.427340512142267244e+03 1.654045536579068498e-01
1.427125894332173402e+03 1.759023472145799516e-01
1.426911032360748322e+03 1.688956031428404114e-01
1.426696414550654254e+03 1.878873606263618268e-01
1.426481918821225918e+03 1.690219441054590654e-01
1.426267423091797582e+03 1.752799154214058908e-01
1.426052927362369246e+03 1.811398151049242178e-01
1.425838553713606643e+03 1.827825341658524672e-01
1.425624302145509319e+03 1.771806751140461988e-01
1.425410050577412221e+03 1.731081821880746108e-01
1.425195921089980629e+03 1.791711004954804898e-01
1.424981791602549038e+03 1.752157938643338075e-01
1.424767784195783179e+03 1.719658040542270117e-01
1.424553776789017093e+03 1.785755165176010906e-01
1.424339891462916739e+03 1.752488235705286224e-01
1.424125884056150653e+03 1.768709630465233051e-01
1.423912364972047044e+03 1.688137898259212955e-01
1.423698601726612196e+03 1.743623794462921262e-01
1.423484960561842854e+03 1.713327280021962329e-01
1.423271441477739245e+03 1.616562007347475682e-01
1.423057922393635636e+03 1.633836185579734257e-01
1.422844525390197532e+03 1.726614150698237427e-01
1.422631006306093923e+03 1.668033004243020812e-01
1.422417975544652563e+03 1.710012103574148068e-01
1.422204700621879965e+03 1.734741104699938086e-01
1.421991547779773100e+03 1.729707148485337687e-01
1.421778394937666008e+03 1.657535561474600960e-01
1.421565486256890381e+03 1.730533222199160392e-01
1.421352455495449021e+03 1.624693757499363345e-01
1.421139546814673167e+03 1.687084109703788359e-01
1.420926638133897541e+03 1.736253979432790528e-01
1.420713973614452925e+03 1.745899765630431200e-01
1.420501309095008310e+03 1.667400050914445986e-01
1.420288644575563694e+03 1.714010806359246575e-01
1.420076224217450317e+03 1.686731004453977667e-01
1.419863559698005702e+03 1.744397283534172560e-01
1.419651261420557830e+03 1.769962773395575284e-01
1.419438841062444453e+03 1.721560902951908278e-01
1.419226664865662087e+03 1.705739264896506679e-01
1.419014366588214216e+03 1.753334394476250835e-01
1.418802190391432077e+03 1.751037992757618622e-01
1.418590136275315444e+03 1.761588727742524341e-01
1.418378204239864317e+03 1.707644382516292636e-01
1.418166272204413190e+03 1.821984755779795795e-01
1.417954340168962062e+03 1.728083387537184268e-01
1.417742408133510935e+03 1.725318690722769943e-01
1.417530842340056552e+03 1.732643009891590424e-01
1.417319032385271157e+03 1.741815144753015854e-01
1.417107344511151268e+03 1.757133904458292040e-01
1.416895900798362391e+03 1.722468972601231274e-01
1.416684457085573513e+03 1.770204507312219677e-01
1.416473013372784862e+03 1.782980462558972079e-01
1.416261569659995985e+03 1.781317934115683455e-01
1.416050370108538573e+03 1.662268393699904423e-01
1.415839170557080934e+03 1.682891489062738055e-01
1.415627971005623294e+03 1.732924731294756548e-01
1.415416893534831161e+03 1.787411680254182567e-01
1.415205816064039254e+03 1.680233480957170622e-01
1.414994982754578359e+03 1.632712316007130238e-01
1.414784027364451958e+03 1.705651549558973579e-01
1.414573194054991063e+03 1.685915904879414506e-01
1.414362360745530168e+03 1.804161242917101948e-01
1.414151771597400511e+03 1.801329325832637107e-01
1.413941182449270855e+03 1.719771105843752035e-01
1.413730593301141198e+03 1.769403147715745972e-01
1.413520126233677047e+03 1.748756415334271896e-01
1.413309781246878401e+03 1.672476869768095842e-01
1.413099314179414478e+03 1.693100088220155786e-01
1.412888847111950327e+03 1.733925615303350265e-01
1.412678868367148425e+03 1.658777719322078736e-01
1.412468645461015512e+03 1.725322385322602958e-01
1.412258544635548105e+03 1.725298239819280932e-01
1.412048443810080926e+03 1.659585232276957201e-01
1.411838587145944530e+03 1.730217956511485855e-01
1.411628730481808361e+03 1.736915480868888861e-01
1.411418873817672193e+03 1.708887122270509318e-01
1.411209017153536024e+03 1.746596853203937205e-01
1.410999404650731094e+03 1.811041402245998633e-01
1.410789792147925937e+03 1.666655076926092105e-01
1.410580179645121007e+03 1.706144754498690463e-01
1.410370567142315849e+03 1.779574950220251250e-01
1.410161198800841930e+03 1.762535469165042445e-01
1.409951830459368239e+03 1.786236662254704344e-01
1.409742584198559825e+03 1.710556005183924977e-01
1.409533215857085906e+03 1.774659289794711103e-01
1.409324213757608959e+03 1.737133349533969695e-01
1.409114967496800546e+03 1.734499517065232199e-01
1.408905965397323598e+03 1.806435940872496704e-01
1.408696963297846423e+03 1.616449041187797420e-01
1.408488083279034754e+03 1.807521054084837153e-01
1.408279203260223312e+03 1.774869913172792135e-01
1.408070445322077376e+03 1.694025246919101668e-01
1.407861687383931439e+03 1.726041034983027134e-01
1.407653051526451009e+03 1.696810358049293255e-01
1.407444415668970578e+03 1.737456506692897917e-01
1.407235901892155880e+03 1.756625606231594916e-01
1.407027388115340955e+03 1.836007501603909575e-01
1.406818996419191762e+03 1.751386106890517047e-01
1.406610726803708303e+03 1.717388208529420091e-01
1.406402457188224616e+03 1.743808903323751658e-01
1.406194187572740930e+03 1.836712299265517156e-01
1.405986040037922976e+03 1.751414246944107689e-01
1.405778136664436033e+03 1.718833883043370814e-01
1.405569989129618079e+03 1.778547856803396054e-01
1.405362085756131137e+03 1.758035481159570812e-01
1.405154182382644194e+03 1.750592961055846553e-01
1.404946401089822984e+03 1.733020581515122838e-01
1.404738619797001547e+03 1.824060055382812073e-01
1.404530960584845843e+03 1.697858954209745808e-01
1.404323301372690139e+03 1.798333977783887483e-01
1.404115886321865673e+03 1.697268354499725518e-01
1.403908349190375475e+03 1.677360880555806011e-01
1.403700812058885504e+03 1.759366562280229029e-01
1.403493519088726543e+03 1.793138754172325100e-01
1.403286226118567583e+03 1.708525259226109649e-01
1.403079055229074129e+03 1.690057385726759231e-01
1.402871762258915169e+03 1.753072830615970690e-01
1.402664713450087220e+03 1.762626001346128679e-01
1.402457786721925004e+03 1.826160322586746210e-01
1.402250737913097282e+03 1.752061342734153870e-01
1.402043811184935066e+03 1.683275147208193323e-01
1.401836884456772850e+03 1.730067639823598402e-01
1.401630201889941873e+03 1.842426470445707176e-01
1.401423519323110668e+03 1.794136572362417525e-01
1.401216836756279690e+03 1.821383281214147276e-01
1.401010154189448713e+03 1.731012842086482872e-01
1.400803593703283241e+03 1.803201401741043319e-01
1.400597155297783274e+03 1.705242185414815315e-01
1.400390838972949041e+03 1.806367609065581137e-01
1.400184522648114580e+03 1.864587835360601020e-01
1.399978206323280347e+03 1.700969583589379830e-01
1.399772012079111619e+03 1.706950265897707042e-01
1.399565939915608396e+03 1.712191459668145344e-01
1.399359745671439669e+03 1.765202329354957356e-01
1.399153795588602179e+03 1.707619528710874468e-01
1.398947845505764690e+03 1.780622210839920838e-01
1.398742017503592706e+03 1.772869392428286783e-01
1.398536067420755217e+03 1.739030704858040011e-01
1.398330361499248738e+03 1.675281193847185102e-01
1.398124777658407993e+03 1.744997436917153366e-01
1.397918949656236009e+03 1.709829441058460242e-01
1.397713487896060769e+03 1.686107202642934677e-01
1.397507904055219797e+03 1.770216535594019980e-01
1.397302442295044557e+03 1.719842938953234646e-01
1.397097224696200556e+03 1.761418578867346152e-01
1.396891885016690821e+03 1.889127989047386935e-01
1.396686545337181315e+03 1.779183224174798739e-01
1.396481205657671580e+03 1.772287683976457584e-01
1.396276354300824323e+03 1.715430360987496017e-01
1.396071258782645828e+03 1.798869261521105767e-01
1.395866163264467332e+03 1.761610334389515642e-01
1.395661311907620075e+03 1.663035967238162549e-01
1.395456460550772817e+03 1.813715080592629703e-01
1.395251609193925333e+03 1.762218633419761760e-01
1.395046879917743581e+03 1.797744767438239355e-01
1.394842150641561830e+03 1.679086313207264203e-01
1.394637543446045811e+03 1.825692180327277980e-01
1.394433058331195298e+03 1.716357794899835698e-01
1.394228573216344557e+03 1.810739340270014486e-01
1.394024088101494044e+03 1.734249701989447612e-01
1.393819602986643531e+03 1.722531593398535787e-01
1.393615484113789762e+03 1.687274903842487239e-01
1.393411243160270260e+03 1.825925486650285812e-01
1.393207002206750758e+03 1.693818246834157271e-01
1.393002883333896989e+03 1.734058542724411511e-01
1.392798886541708725e+03 1.825192723343917189e-01
1.392594889749520462e+03 1.827119603286684046e-01
1.392391015037997931e+03 1.760557771339620881e-01
1.392187140326475173e+03 1.810985675554582508e-01
1.391983265614952643e+03 1.796747895930701500e-01
1.391779635064761123e+03 1.752475693409880353e-01
1.391575882433904098e+03 1.830078752505002182e-01
1.391372251883712579e+03 1.769041115168079326e-01
1.391168621333521060e+03 1.837156609198403734e-01
1.390965357025326284e+03 1.762168623834522441e-01
1.390761848555800270e+03 1.824851534687439991e-01
1.390558462166939989e+03 1.686512496267360273e-01
1.390355197858745214e+03 1.754420334370016543e-01
1.390151933550550439e+03 1.702383863608576686e-01
1.389948791323021396e+03 1.678630280597980251e-01
1.389745649095492126e+03 1.757301969767038896e-01
1.389542628948628590e+03 1.785565108923881095e-01
1.389339608801765053e+03 1.740101707999839320e-01
1.389136832816232527e+03 1.727366013537070810e-01
1.388933934750034723e+03 1.712657340612744328e-01
1.388731036683836692e+03 1.756678998472500919e-01
1.388528260698304166e+03 1.700220618744915091e-01
1.388325606793437373e+03 1.790934471979191700e-01
1.388123074969236086e+03 1.722677028299648694e-01
1.387920543145034799e+03 1.704293219760476541e-01
1.387718011320833511e+03 1.818183533487530423e-01
1.387515601577297957e+03 1.798251510885645610e-01
1.387313313914427908e+03 1.698571278797819384e-01
1.387110904170892127e+03 1.639510544842026352e-01
1.386908738588687584e+03 1.801856538120008566e-01
1.386706573006483268e+03 1.837721502751357150e-01
1.386504407424278725e+03 1.753686754492431166e-01
1.386302363922739687e+03 1.825265296944742488e-01
1.386100442501866382e+03 1.703011143474950084e-01
1.385898399000327572e+03 1.789345489320637306e-01
1.385696599660119773e+03 1.783757073838640739e-01
1.385494800319911974e+03 1.787946510597443750e-01
1.385293123060369908e+03 1.753287841492786325e-01
1.385091445800827614e+03 1.763149232618983486e-01
1.384889768541285548e+03 1.836393247182425692e-01
1.384688213362408760e+03 1.792685087456867832e-01
1.384486658183532199e+03 1.760545136045748305e-01
1.384285347165986877e+03 1.765541858122885444e-01
1.384083914067775822e+03 1.777849916308956446e-01
1.383882603050230500e+03 1.852969780261855270e-01
1.383681292032684951e+03 1.756756017464062569e-01
1.383480225176470640e+03 1.804914897417231601e-01
1.383279036239590823e+03 1.813680670277780793e-01
1.383077969383376512e+03 1.798088204998656847e-01
1.382876902527162429e+03 1.905482070327473298e-01
1.382676079832279129e+03 1.829083219200174637e-01
1.382475257137396056e+03 1.801926955068690051e-01
1.382274312361847478e+03 1.863193920257313618e-01
1.382073611747629911e+03 1.856603692994109045e-01
1.381872911133412344e+03 1.908032566105919425e-01
1.381672332599860511e+03 1.776683176446812173e-01
1.381471754066308677e+03 1.848024131561052663e-01
1.381271175532756615e+03 1.774644027732257268e-01
1.381070719079870287e+03 1.820301360455547635e-01
1.380870262626983958e+03 1.847483650690775747e-01
1.380670050335428641e+03 1.827250601769755955e-01
1.380469838043873551e+03 1.775872707886129720e-01
1.380269625752318461e+03 1.832110572956735794e-01
1.380069413460763144e+03 1.790945959118620257e-01
1.379869323249873560e+03 1.814278922888035994e-01
1.379669355119649481e+03 1.853103763779646584e-01
1.379469386989425630e+03 1.867266488945147906e-01
1.379269418859201551e+03 1.848532792851224626e-01
1.379069572809642978e+03 1.754586053678130475e-01
1.378869970921415870e+03 1.724407411571409754e-01
1.378670246952523030e+03 1.818884967439368672e-01
1.378470522983630190e+03 1.852131195638804240e-01
1.378270921095402855e+03 1.851678668847719922e-01
1.378071319207175520e+03 1.831773163979827923e-01
1.377871839399613918e+03 1.830403876199843682e-01
1.377672481672717822e+03 1.744597981940317621e-01
1.377473123945821726e+03 1.748990322567381406e-01
1.377273888299591135e+03 1.885283925985829501e-01
1.377074652653360545e+03 1.819775159892222383e-01
1.376875539087795687e+03 1.837841400173404194e-01
1.376676425522230602e+03 1.859662057114964406e-01
1.376477311956665744e+03 1.786918879195658894e-01
1.376278320471766392e+03 1.724353528391193435e-01
1.376079328986867040e+03 1.918732506955337924e-01
1.375880581663298926e+03 1.869887928515868991e-01
1.375681712259065080e+03 1.788436917712415974e-01
1.375482964935496966e+03 1.784756332310190041e-01
1.375284217611928625e+03 1.741003351512748210e-01
1.375085592369026017e+03 1.804808443809103047e-01
1.374887211287454647e+03 1.729279406037360356e-01
1.374688708125217545e+03 1.827046981416045879e-01
1.374490204962980442e+03 1.781756271178918105e-01
1.374291823881409073e+03 1.807650635161810460e-01
1.374093442799837703e+03 1.858359648345720705e-01
1.373895305879597345e+03 1.809001168639209067e-01
1.373697046878691481e+03 1.737208007845193747e-01
1.373498909958451122e+03 1.942040795664038977e-01
1.373300773038210991e+03 1.745810232842744669e-01
1.373102758198636138e+03 1.802310720244994502e-01
1.372904865439727018e+03 1.773272176474090522e-01
1.372706850600152393e+03 1.754819092095441235e-01
1.372509079921908778e+03 1.823133079463499784e-01
1.372311309243665391e+03 1.866244653611380533e-01
1.372113538565421777e+03 1.730260712315894178e-01
1.371916012048509401e+03 1.798796739877923101e-01
1.371718363450931520e+03 1.819394638788263685e-01
1.371520836934019144e+03 1.811946292532908842e-01
1.371323188336441035e+03 1.709308233176962399e-01
1.371125905980859898e+03 1.800132838127190549e-01
1.370928623625278760e+03 1.754199592880730518e-01
1.370731341269697396e+03 1.742681493125057268e-01
1.370534058914116258e+03 1.801840492610471411e-01
1.370336776558535121e+03 1.859731406950213828e-01
1.370139616283619489e+03 1.869401480038314911e-01
1.369942700170035096e+03 1.902434374430551911e-01
1.369745661975784969e+03 1.820129122753962880e-01
1.369548745862200576e+03 1.822095833653511188e-01
1.369351829748615955e+03 1.769256769390716577e-01
1.369155035715697068e+03 1.858708048282148306e-01
1.368958363763443913e+03 1.785101879094075639e-01
1.368761447649859520e+03 1.759677102793184011e-01
1.368564897778271643e+03 1.865757558517856241e-01
1.368368347906683994e+03 1.900346192151557423e-01
1.368171798035096344e+03 1.691182459605518329e-01
1.367975370244174201e+03 1.867047313546826570e-01
1.367778942453252057e+03 1.786593061135741400e-01
1.367582514662329913e+03 1.827115093352439656e-01
1.367386331032739008e+03 1.722086221130124106e-01
1.367190025322482370e+03 1.772328801892230354e-01
1.366993841692891465e+03 1.772216662456738701e-01
1.366797902224631571e+03 1.850634679224086587e-01
1.366601718595040666e+03 1.836399714205652900e-01
1.366405779126780772e+03 1.825952646949204616e-01
1.366209717577855372e+03 1.839048126044657283e-01
1.366013900190261211e+03 1.861391090230172796e-01
1.365818204883332555e+03 1.909063452651239556e-01
1.365622387495738394e+03 1.776052104772439244e-01
1.365426692188809739e+03 1.821776179587210887e-01
1.365230996881881083e+03 1.783306752417272989e-01
1.365035423655618160e+03 1.892405814970583855e-01
1.364840094590686249e+03 1.830855251103209180e-01
1.364644521364423099e+03 1.832570574079475656e-01
1.364449192299491187e+03 1.859123575526667738e-01
1.364253741153893770e+03 1.847499861950438194e-01
1.364058534169627364e+03 1.858334743258619470e-01
1.363863327185361186e+03 1.792589452243872339e-01
1.363668120201094780e+03 1.868931509293727256e-01
1.363473035297494107e+03 1.731297411175679590e-01
1.363277950393893434e+03 1.860952159296534458e-01
1.363082987570958267e+03 1.749221421031905421e-01
1.362888024748023099e+03 1.745947513460270051e-01
1.362693184005753437e+03 1.817695475148580209e-01
1.362498465344149508e+03 1.823195259372941968e-01
1.362303502521214341e+03 1.802082420983190103e-01
1.362108905940275918e+03 1.681730424832625082e-01
1.361914309359337722e+03 1.748327707255940555e-01
1.361719834859064804e+03 1.838697326639255059e-01
1.361525238278126380e+03 1.807209908756443051e-01
1.361330763777853690e+03 1.925495189122607420e-01
1.361136289277580772e+03 1.839686478804419545e-01
1.360941936857973587e+03 1.838786161752644366e-01
1.360747706519031908e+03 1.768769294414082038e-01
1.360553598260755962e+03 1.699009778073599375e-01
1.360359367921814282e+03 1.792050255702389849e-01
1.360165259663538109e+03 1.747886060148665099e-01
1.359971151405262162e+03 1.920618022844079453e-01
1.359777043146985989e+03 1.805714878647391997e-01
1.359583301130706786e+03 1.890400298310530025e-01
1.359389437033761851e+03 1.865184521137636942e-01
1.359195572936816916e+03 1.826976809841121541e-01
1.359001830920537486e+03 1.762131598719429149e-01
1.358808088904258284e+03 1.731524989241193524e-01
1.358614468968644587e+03 1.797710659521686016e-01
1.358420971113696396e+03 1.808510972554094043e-01
1.358227351178082699e+03 1.904373216460481799e-01
1.358033853323134508e+03 1.770850288855439492e-01
1.357840477548851823e+03 1.860760691709514580e-01
1.357647101774569364e+03 1.767758135307623824e-01
1.357453848080952412e+03 1.769580012258359369e-01
1.357260594387335459e+03 1.815098747414683744e-01
1.357067462774384012e+03 1.736272727737747101e-01
1.356874331161432565e+03 1.793519991359769916e-01
1.356681199548481118e+03 1.765409394131539911e-01
1.356488190016195404e+03 1.768978548699658981e-01
1.356295302564575195e+03 1.790344049178068109e-01
1.356102415112954759e+03 1.781339154797829116e-01
1.355909649742000283e+03 1.852393901907974649e-01
1.355716762290380075e+03 1.776735029464693583e-01
1.355524119000090877e+03 1.878820375535320830e-01
1.355331353629136174e+03 1.913815833088609863e-01
1.355138954500178443e+03 1.763885945276773559e-01
1.354946311209889245e+03 1.785816693624937002e-01
1.354753790000265781e+03 1.795812760453365797e-01
1.354561390871307822e+03 1.889343247689872496e-01
1.354368991742349863e+03 1.842609239381087782e-01
1.354176836774723142e+03 1.776245935520645025e-01
1.353984559726430916e+03 1.901105250088214182e-01
1.353792282678138463e+03 1.860560550083214804e-01
1.353600127710511742e+03 1.843378060652543504e-01
1.353407972742885022e+03 1.868014291161045337e-01
1.353215939855923807e+03 1.788876228216127462e-01
1.353024151130293831e+03 1.740231636056078779e-01
1.352832240323998349e+03 1.818861999969984822e-01
1.352640329517702639e+03 1.778969747905180809e-01
1.352448540792072663e+03 1.802035235036028027e-01
1.352256752066442687e+03 1.769776186954113706e-01
1.352065085421478216e+03 1.790814037219327359e-01
1.351873540857179478e+03 1.805375064100278315e-01
1.351681996292880740e+03 1.753359386088176042e-01
1.351490451728581775e+03 1.837455328035815794e-01
1.351298907164283037e+03 1.830707810718272821e-01
1.351107484680649804e+03 1.782385934821323625e-01
1.350916062197016572e+03 1.704894827550664238e-01
1.350725005955380084e+03 1.758197932128799934e-01
1.350533705552412357e+03 1.750149048488126580e-01
1.350342527230110136e+03 1.747250554495241026e-01
1.350151470988473648e+03 1.748183152344419677e-01
1.349960414746837159e+03 1.824474159923600014e-01
1.349769358505200671e+03 1.747289681957019669e-01
1.349578546424895421e+03 1.806966281022314991e-01
1.349387612263924439e+03 1.803486158081313850e-01
1.349196800183619189e+03 1.841197327838975939e-01
1.349005988103313712e+03 1.747804277023154162e-01
1.348815298103673967e+03 1.788822859384420483e-01
1.348624608104034223e+03 1.727150587571569529e-01
1.348434040185059985e+03 1.741952024247476749e-01
1.348243594346751479e+03 1.727892913163982247e-01
1.348053026427777240e+03 1.754441047944433896e-01
1.347862580589468735e+03 1.813288465334342014e-01
1.347672256831825734e+03 1.760294288564893117e-01
1.347481933074182734e+03 1.768390289353016509e-01
1.347291731397205240e+03 1.742780056067693983e-01
1.347101407639562240e+03 1.717329460789013829e-01
1.346911328043250478e+03 1.757680060501880526e-01
1.346721248446938489e+03 1.809441735298685794e-01
1.346531168850626727e+03 1.777089408307935270e-01
1.346341211334980471e+03 1.782311125267874163e-01
1.346151375899999721e+03 1.769422868281535222e-01
1.345961540465019198e+03 1.676446961064957664e-01
1.345771705030038447e+03 1.803830337878189194e-01
1.345581991675723430e+03 1.829321808392196103e-01
1.345392278321408185e+03 1.744840323207091648e-01
1.345202564967093167e+03 1.824214252930658753e-01
1.345013095774109161e+03 1.808676595624645334e-01
1.344823504500459649e+03 1.668345565155646415e-01
1.344634035307475870e+03 1.789618862225247076e-01
1.344444688195157369e+03 1.786802810625293947e-01
1.344255219002173590e+03 1.815574733222968251e-01
1.344065993970520822e+03 1.654118031602749006e-01
1.343876646858202321e+03 1.934531370491636149e-01
1.343687665987880791e+03 1.804683180399368481e-01
1.343498440956228023e+03 1.728387529239518994e-01
1.343309338005240761e+03 1.691761975488815239e-01
1.343120357134919232e+03 1.781195858173093005e-01
1.342931376264597702e+03 1.752532464219773711e-01
1.342742517474941678e+03 1.762685488132462730e-01
1.342553658685285654e+03 1.732685662189422660e-01
1.342364921976295136e+03 1.696632989774883304e-01
1.342176063186639112e+03 1.728020278894036033e-01
1.341987448558314327e+03 1.824755167689480762e-01
1.341798833929989314e+03 1.840698570363363262e-01
1.341610219301664529e+03 1.790396884343105621e-01
1.341421726754005249e+03 1.689400484002732961e-01
1.341233356287011702e+03 1.784463397642093441e-01
1.341044985820017928e+03 1.774505186055631012e-01
1.340856615353024154e+03 1.771601180455993629e-01
1.340668244886030607e+03 1.779848772382898181e-01
1.340479996499702338e+03 1.870625794596541269e-01
1.340291870194039802e+03 1.797442209893890253e-01
1.340103743888377267e+03 1.740426723436146739e-01
1.339915739663380464e+03 1.767439533417204389e-01
1.339727735438383434e+03 1.722162758943891203e-01
1.339539731213386631e+03 1.820643894237950755e-01
1.339351849069055106e+03 1.816155728501045730e-01
1.339163966924723809e+03 1.792042431127811308e-01
1.338976084780392512e+03 1.722644449529204258e-01
1.338788446797392226e+03 1.775793817079551473e-01
1.338600808814392167e+03 1.810022216973938836e-01
1.338413048750726375e+03 1.815418633959233752e-01
1.338225532848391595e+03 1.850188929043755925e-01
1.338038016946057041e+03 1.731875692410674850e-01
1.322116989024789973e+03 1.712356329575857594e-01
1.321934234268413093e+03 1.788894182062951144e-01
1.321751479512036212e+03 1.835619855797085698e-01
1.321568724755659332e+03 1.786762141208362575e-01
1.321386214160613463e+03 1.854455275580259854e-01
1.304632351938743113e+03 1.769587708922375491e-01
1.304454602489655144e+03 1.868290660874993292e-01
1.304276975121232681e+03 1.777459649536450859e-01
1.304099347752810218e+03 1.820655782122111155e-01
1.303921720384387754e+03 1.844751369427296284e-01
1.286764991966095295e+03 1.724792780375331291e-01
1.286592491985627476e+03 1.904376585928598264e-01
1.286419869924493923e+03 1.874315685879503202e-01
1.286247369944025877e+03 1.956646910985991583e-01
1.286074869963557830e+03 1.905883491553598819e-01
1.285902492063755517e+03 1.832548215845057338e-01
1.285730114163953203e+03 1.825760506942293582e-01
1.285557736264150662e+03 1.819354230822088914e-01
1.285385480445013854e+03 1.792205547023407453e-01
1.285213224625877046e+03 1.886290654541317169e-01
1.285041212968071477e+03 1.873952568314246336e-01
1.284869079229600175e+03 1.922462418827971253e-01
1.284696945491129100e+03 1.730341768173062900e-01
1.284524933833323303e+03 1.865643352723688753e-01
1.284352922175517733e+03 1.817060418924915932e-01
1.284181032598377669e+03 1.798153230908165201e-01
1.284009143021237605e+03 1.917192435021010111e-01
1.283837253444097541e+03 1.886246332334959031e-01
1.283665485947622983e+03 1.855632234599009500e-01
1.283493718451148652e+03 1.881013314185407959e-01
1.283322073035339599e+03 1.943169157321981422e-01
1.283150427619530774e+03 1.933338940373252324e-01
1.282978782203721948e+03 1.892087764464985555e-01
1.282807258868578629e+03 1.819396449929035209e-01
1.282635735533435309e+03 1.837996858410582968e-01
1.282464456359623000e+03 1.925395658563616719e-01
1.282293055105145413e+03 1.869273480521331521e-01
1.282121653850667599e+03 1.908248382387955910e-01
1.281950374676855517e+03 1.849432005481016217e-01
1.281779217583708942e+03 1.868642627258929878e-01
1.281607938409896860e+03 1.870966956205291076e-01
1.281436781316750285e+03 1.862289636093187595e-01
1.281265624223603709e+03 1.796409150663071108e-01
1.281094589211122639e+03 1.865875335382965461e-01
1.280923554198641568e+03 1.908046949720687002e-01
1.280752519186160725e+03 1.873943105494521311e-01
1.280581728335010894e+03 1.861190381644425573e-01
1.280410815403195556e+03 1.807101180041237876e-01
1.280239902471379992e+03 1.769164777626903162e-01
1.280069233700895893e+03 1.922065409989020257e-01
1.279898442849746061e+03 1.869969252873559529e-01
1.279727896159927241e+03 1.827909445360891005e-01
1.279557227389443142e+03 1.885472145641862440e-01
1.279386680699624549e+03 1.792420877175103511e-01
1.279216134009805728e+03 1.796413360564547146e-01
1.279045709400652640e+03 1.799918780998585599e-01
1.278875162710834047e+03 1.773500712190260453e-01
1.278704860182346465e+03 1.898974405193364634e-01
1.278534435573193605e+03 1.897621765334956134e-01
1.278364255125371528e+03 1.851086586893491981e-01
1.278193952596884174e+03 1.818800979912452154e-01
1.278023772149062097e+03 1.883320271090470344e-01
1.277853591701240248e+03 1.858652336591848642e-01
1.277683533334083904e+03 1.872025118408849054e-01
1.277513474966927561e+03 1.848875265926975542e-01
1.277343416599771217e+03 1.811560584751754910e-01
1.277173480313280606e+03 1.841129490854576667e-01
1.277003544026789768e+03 1.869812614328278666e-01
1.276833851901630169e+03 1.815993299966347230e-01
1.276664037695805064e+03 1.866394600049258723e-01
1.276494223489979959e+03 1.814114981830529660e-01
1.276324531364820359e+03 1.888122165163424182e-01
1.276154961320326265e+03 1.835499527598578318e-01
1.275985269195166666e+03 1.870527540405380884e-01
1.275815699150672799e+03 1.831459573117595885e-01
1.275646129106178705e+03 1.881618942689364804e-01
1.275476681142350344e+03 1.822330033018431106e-01
1.275307233178521983e+03 1.778650646110364331e-01
1.275137785214693622e+03 1.964984934892047286e-01
1.274968581412196272e+03 1.838826716756263302e-01
1.274799133448367911e+03 1.882597729271489051e-01
1.274629929645870561e+03 1.801274727078287508e-01
1.274460725843373439e+03 1.833167488751633045e-01
1.274291644121541822e+03 1.813981403215051968e-01
1.274122440319044472e+03 1.866510453395930913e-01
1.273953480677878360e+03 1.805151230653071204e-01
1.273784521036712249e+03 1.918901131046337472e-01
1.273615561395546138e+03 1.825708174033602305e-01
1.273446723835045759e+03 1.860910584023727776e-01
1.273277886274545153e+03 1.831226663615261041e-01
1.273109170794710280e+03 1.801889672298435385e-01
1.273109048714044775e+03 1.838833172412236983e-01
1.272940333234209675e+03 1.801499501756498312e-01
1.272940211153544169e+03 1.934474898712424396e-01
1.272771739835040535e+03 1.793756181820547468e-01
1.272771617754374802e+03 1.823301311202345509e-01
1.272603024355205434e+03 1.822584633975778690e-01
1.272602902274539929e+03 1.829967792768143475e-01
1.272434308875370562e+03 1.881189375626364513e-01
1.272434186794705056e+03 1.888571241326618966e-01
1.272265593395535689e+03 1.851474275974220596e-01
1.272097122077032054e+03 1.778106305310767354e-01
1.271928650758528192e+03 1.844862854460342372e-01
1.271760179440024331e+03 1.933133126081209852e-01
1.271591830202186202e+03 1.887424847781440096e-01
1.271423480964348073e+03 1.893825432469612713e-01
1.271255131726509944e+03 1.878523395637128057e-01
1.271086904569337321e+03 1.864229308394926288e-01
1.270918677412164698e+03 1.887307982880631063e-01
1.270750572335657807e+03 1.880542339038096256e-01
1.270582467259150690e+03 1.769934257290818880e-01
1.270414362182643799e+03 1.903442632225116893e-01
1.270246501267467920e+03 1.964450314137983489e-01
1.270078518271626535e+03 1.863900278330669347e-01
1.269910535275784923e+03 1.889069373156179732e-01
1.269742674360609271e+03 1.890468924314261945e-01
1.269574935526098898e+03 1.848139429998346961e-01
1.269407074610923019e+03 1.889262334105500929e-01
1.269239335776412872e+03 1.975572398269880570e-01
1.269071719022568232e+03 2.014377857993495946e-01
1.268904102268723364e+03 2.105095647494790445e-01
1.268736485514878723e+03 2.163486810209638567e-01
1.268568868761034082e+03 2.147091014595256531e-01
1.268401496168520680e+03 2.151441320399209156e-01
1.268234001495341545e+03 2.029378727592014153e-01
1.268066506822162410e+03 1.922369937021038144e-01
1.267899256310314513e+03 1.894166941371958623e-01
1.267731883717800883e+03 1.960195176978901388e-01
1.267564633205952987e+03 1.980168209390626433e-01
1.267397382694105090e+03 1.926305629600480185e-01
1.267230376343588432e+03 1.864984734603322980e-01
1.267063125831740535e+03 1.937452281737227777e-01
1.266895997400558144e+03 1.893287975783507771e-01
1.266728991050041259e+03 1.968254936191573823e-01
1.266561984699524601e+03 1.954510682601018901e-01
1.266395100429673448e+03 1.836833204154029453e-01
1.266228338240487801e+03 1.944659506081780898e-01
1.266061453970636649e+03 1.910401482404181506e-01
1.265894691781451002e+03 1.910759514879944998e-01
1.265727929592265355e+03 1.902536982486467965e-01
1.265561167403079708e+03 1.958378375646632752e-01
1.265394527294559794e+03 1.852485717656700281e-01
1.265227887186039652e+03 1.855899425792328361e-01
1.265061491238850977e+03 1.869092077062853019e-01
1.264894851130330835e+03 1.869208606702322251e-01
1.264728333102476427e+03 1.841398977575911255e-01
1.264561937155287524e+03 1.928893448717667880e-01
1.264395541208098848e+03 2.001594769890822079e-01
1.264229267341575451e+03 1.866714014784092712e-01
1.264062993475052281e+03 1.852277059156659522e-01
1.263896719608528883e+03 1.844354046563798089e-01
1.263730567822671219e+03 1.905475468160717778e-01
1.263564416036813554e+03 1.981912116775285393e-01
1.263398264250955890e+03 1.836942806348017543e-01
1.263232234545763731e+03 1.876653408127942069e-01
1.263066204840571572e+03 1.798757764272974902e-01
1.262900297216045146e+03 1.848156878188824959e-01
1.262734267510852987e+03 1.888950224086790031e-01
1.262568481966992067e+03 1.862523388406958080e-01
1.262402574342465641e+03 1.852428729856138434e-01
1.262236788798604721e+03 1.983256444589174272e-01
1.262071125335409306e+03 1.898010919857900658e-01
1.261905461872213891e+03 1.835654784942772066e-01
1.261739798409018476e+03 1.855813115929963453e-01
1.261574134945823289e+03 1.781948486425478928e-01
1.261408715643958885e+03 1.919286645336035491e-01
1.261243296342094709e+03 1.861833229692711755e-01
1.261077754959565027e+03 1.849925583497664117e-01
1.260912335657700851e+03 1.828531717231851594e-01
1.260747038436502180e+03 1.854382224193486250e-01
1.260581741215303509e+03 1.840646254835937301e-01
1.260416443994105066e+03 1.817638406426123898e-01
1.260251146772906395e+03 1.851928930700726117e-01
1.260085971632373457e+03 1.824114718484960151e-01
1.259920918572506025e+03 1.887681119534488638e-01
1.259755743431972860e+03 1.866280531540605025e-01
1.259590812452770933e+03 1.816823852225373792e-01
1.259425759392903501e+03 1.810809596903261431e-01
1.259260828413701802e+03 1.796163238538069640e-01
