# Wavelength, Reflectance
1.644169786569968664e+03 1.732298595364691884e-01
1.643303697702781164e+03 2.015863979534946449e-01
1.642438463327781164e+03 1.658641495480941697e-01
1.641574205515281164e+03 1.731361585735261555e-01
1.640710802194968664e+03 1.941091543959758969e-01
1.639848497507468664e+03 1.507187772588378105e-01
1.638987047312156164e+03 1.656421760202969329e-01
1.638126573679343664e+03 1.805801189884010116e-01
1.637266954538718664e+03 1.794215290980704924e-01
1.636408434030906164e+03 1.922065411401757684e-01
1.635550768015281164e+03 2.089214641759080393e-01
1.634694078562156164e+03 1.773785628224835709e-01
1.633838365671531164e+03 1.886201455612334654e-01
1.632983507273093664e+03 2.045187240115024230e-01
1.632129625437156164e+03 1.809915713661820469e-01
1.631276598093406164e+03 1.927213432398019732e-01
1.630424547312156164e+03 2.018197478453274685e-01
1.629573473093406164e+03 1.907068005514742648e-01
1.628723253366843664e+03 1.968829097012625706e-01
1.627874010202781164e+03 1.914676935608359554e-01
1.627025621530906164e+03 1.958297651304088949e-01
1.626178209421531164e+03 2.075501855294478726e-01
1.625331773874656164e+03 1.994561710484469286e-01
1.624486314890281164e+03 1.967828073322802629e-01
1.623641588327781164e+03 1.837651026376403707e-01
1.622797960398093664e+03 2.012980071906280699e-01
1.621955064890281164e+03 1.999731486812725556e-01
1.621113268015281164e+03 2.056033179090747121e-01
1.620272203562156164e+03 1.905427251274304512e-01
1.619432237741843664e+03 2.165011183822349305e-01
1.618593004343406164e+03 1.974693869201891716e-01
1.617754747507468664e+03 2.051350808782546331e-01
1.616917345163718664e+03 2.070998580623491236e-01
1.616080919382468664e+03 1.989707808641541786e-01
1.615245348093406164e+03 1.710318939165464125e-01
1.614410753366843664e+03 2.044354714294479569e-01
1.613577135202781164e+03 1.874638067342442316e-01
1.612744249460593664e+03 1.907978668919791676e-01
1.611912340280906164e+03 2.160484873162966946e-01
1.611081285593406164e+03 1.836663181007333334e-01
1.610251207468406164e+03 1.976384709071821177e-01
1.609421983835593664e+03 1.988102903721584713e-01
1.608593614694968664e+03 1.838961980826133435e-01
1.607766222116843664e+03 1.892621635696975224e-01
1.606939561960593664e+03 2.032861872407914772e-01
1.606113878366843664e+03 2.049034615599033826e-01
1.605289171335593664e+03 1.828075130461639108e-01
1.604465318796531164e+03 1.874702687274838464e-01
1.603642198679343664e+03 1.806676224970580336e-01
1.602820055124656164e+03 1.891712089514384909e-01
1.601998888132468664e+03 1.799299801652937958e-01
1.601178453562156164e+03 1.790554424744305595e-01
1.600358995554343664e+03 1.857559072183601057e-01
1.599540392038718664e+03 1.895498718708867047e-01
1.598722643015281164e+03 1.959614365485321530e-01
1.597905748484031164e+03 1.874895836651478964e-01
1.597089586374656164e+03 1.948795141029130151e-01
1.596274767038718664e+03 1.959416972072839935e-01
1.595460435984031164e+03 1.911074053635507253e-01
1.594646959421531164e+03 1.949538958031625246e-01
1.593834581491843664e+03 1.983273142575885939e-01
1.593022813913718664e+03 2.052454678720087577e-01
1.592212022898093664e+03 1.911759545022364004e-01
1.591402208444968664e+03 1.964273791021160231e-01
1.590593126413718664e+03 1.914172983103822612e-01
1.589785020944968664e+03 1.937427741095892331e-01
1.588977525827781164e+03 1.957758581580137380e-01
1.588170885202781164e+03 1.900116994361235323e-01
1.587365465280906164e+03 1.907797126578536506e-01
1.586560655710593664e+03 1.902040482168912694e-01
1.585756700632468664e+03 2.049148486305996109e-01
1.584953722116843664e+03 1.954821781845401951e-01
1.584151476023093664e+03 1.766662884988526860e-01
1.583350084421531164e+03 1.965926922157833767e-01
1.582549669382468664e+03 2.006533668466149445e-01
1.581749986765281164e+03 1.887549371939690190e-01
1.580951280710593664e+03 2.002024893889809698e-01
1.580153185007468664e+03 1.907096388519629315e-01
1.579355943796531164e+03 1.920637065614106964e-01
1.578559801218406164e+03 1.945169467635115279e-01
1.577764268991843664e+03 1.898445767240427851e-01
1.576969713327781164e+03 1.816645993041612894e-01
1.576176012155906164e+03 1.873987896112974672e-01
1.575383043405906164e+03 1.982074144745205324e-01
1.574590807077781164e+03 1.965595007485019252e-01
1.573799547312156164e+03 1.935128594236562583e-01
1.573009142038718664e+03 1.863594532494068645e-01
1.572219591257468664e+03 1.957823019989428370e-01
1.571430772898093664e+03 1.802956884985099650e-01
1.570642686960593664e+03 1.919497103304995400e-01
1.569855699655906164e+03 1.973054416794727539e-01
1.569069322702781164e+03 1.964610168273183688e-01
1.568284044382468664e+03 1.908017064962838905e-01
1.567499254343406164e+03 2.022618043116387876e-01
1.566715440866843664e+03 1.998262212495319767e-01
1.565932481882468664e+03 1.929873721415449328e-01
1.565150255319968664e+03 2.049845455349602885e-01
1.564368883249656164e+03 1.908695024039856469e-01
1.563588365671531164e+03 2.066763669690645233e-01
1.562808702585593664e+03 1.873910754030982118e-01
1.562029649851218664e+03 1.962121718866828568e-01
1.561251573679343664e+03 1.952018296108803952e-01
1.560474351999656164e+03 1.977115629708811329e-01
1.559697862741843664e+03 1.896635451393195171e-01
1.558922105905906164e+03 1.979046064378315595e-01
1.558147203562156164e+03 1.828940467241073065e-01
1.557373277780906164e+03 1.903124377788577570e-01
1.556599962351218664e+03 2.019260525180996968e-01
1.555827501413718664e+03 2.017282551266318391e-01
1.555055772898093664e+03 1.922883347035952428e-01
1.554285020944968664e+03 1.908756935164470092e-01
1.553514879343406164e+03 1.985363691058504854e-01
1.552745714304343664e+03 1.822744612324108671e-01
1.552745592234031164e+03 1.897841894319916567e-01
1.552489488718406164e+03 1.662080596212630879e-01
1.552233263132468664e+03 1.736705797932040496e-01
1.551977281687156164e+03 1.811187385052614729e-01
1.551977159616843664e+03 1.914204403253044473e-01
1.551721300241843664e+03 1.696933478990873823e-01
1.551209581491843664e+03 1.934228796142710982e-01
1.550442735788718664e+03 1.877770059970831351e-01
1.549676622507468664e+03 1.935716097496105459e-01
1.548911363718406164e+03 1.930419372116914667e-01
1.548146959421531164e+03 1.961218818932266850e-01
1.547383165476218664e+03 1.879516309379590799e-01
1.546620226023093664e+03 1.976357342393333383e-01
1.545858141062156164e+03 1.857716799367763461e-01
1.545096910593406164e+03 1.935234298228183381e-01
1.544336290476218664e+03 1.898932338154014077e-01
1.543576402780906164e+03 1.995491757912356834e-01
1.542817491648093664e+03 1.913877605454719355e-01
1.542059435007468664e+03 1.881195659299165213e-01
1.541301988718406164e+03 1.872688596373225656e-01
1.540545274851218664e+03 1.934958001776417302e-01
1.539789415476218664e+03 1.843720840483652756e-01
1.539034288523093664e+03 1.982238275179552256e-01
1.538280138132468664e+03 2.007902035749489777e-01
1.537526598093406164e+03 1.936829791173196591e-01
1.536773790476218664e+03 1.977045063677725090e-01
1.536021837351218664e+03 2.112073588343070518e-01
1.535270372507468664e+03 1.894964669347788400e-01
1.534520250437156164e+03 1.930692836524941502e-01
1.533770372507468664e+03 1.949476554905360537e-01
1.533021593210593664e+03 1.817281283802916758e-01
1.532273424265281164e+03 1.915228793735544721e-01
1.531525987741843664e+03 1.892384581955773581e-01
1.530779527780906164e+03 1.936078447106501510e-01
1.530033678171531164e+03 1.896095893990446257e-01
1.529288560984031164e+03 1.841439351385221468e-01
1.528544176218406164e+03 1.917135344546837816e-01
1.527800645944968664e+03 1.862700500964140637e-01
1.527057603952781164e+03 1.777372044260992212e-01
1.526315782663718664e+03 1.907243465232544566e-01
1.525574327585593664e+03 1.817775173771413455e-01
1.524833971140281164e+03 1.954477518331440011e-01
1.524094102976218664e+03 1.906276743676117713e-01
1.523355089304343664e+03 1.913468401086617643e-01
1.522616808054343664e+03 1.931585266199467577e-01
1.521879381296531164e+03 1.959591455016045924e-01
1.521142564890281164e+03 2.085137798114146401e-01
1.520406480905906164e+03 1.914399651528481683e-01
1.519671129343406164e+03 1.861750656236002832e-01
1.518936632273093664e+03 1.902264661722239958e-01
1.518202745554343664e+03 1.938161256852853342e-01
1.517469591257468664e+03 1.880414194868122724e-01
1.516737535593406164e+03 1.947945382521283630e-01
1.516005968210593664e+03 1.893532295089597473e-01
1.515275011179343664e+03 1.853379853122853194e-01
1.515031725046531164e+03 1.731491779822853794e-01
1.514788438913718664e+03 1.682310070557961057e-01
1.514545030710593664e+03 1.724108290226505358e-01
1.514544908640281164e+03 1.935032168939112840e-01
1.514301866648093664e+03 1.710185533169464311e-01
1.514058824655906164e+03 1.653978508729774533e-01
1.513815538523093664e+03 1.884026990618378750e-01
1.513086900827781164e+03 1.826120040962610491e-01
1.512358995554343664e+03 1.925064968628787676e-01
1.511631822702781164e+03 1.933873674420685529e-01
1.510905504343406164e+03 1.940422938290024824e-01
1.510179796335593664e+03 1.917236639219360717e-01
1.509454820749656164e+03 1.981866374316668677e-01
1.508730577585593664e+03 1.821449351672525252e-01
1.508007066843406164e+03 1.959566131720654469e-01
1.507284288523093664e+03 1.999183769590691662e-01
1.506562242624656164e+03 2.102212853424289263e-01
1.505840929148093664e+03 1.909465148462887174e-01
1.505120348093406164e+03 1.925900560041411691e-01
1.504400621530906164e+03 1.875395982639089243e-01
1.503681383249656164e+03 1.956853933974279092e-01
1.502962990526867088e+03 1.979935702442238155e-01
1.502245127636481357e+03 1.919956233731242301e-01
1.501527997259249105e+03 1.778431853881395630e-01
1.500811721480695724e+03 1.959261900752612418e-01
1.500096056129770432e+03 1.985615557020798672e-01
1.499381123291998392e+03 1.908532977480019432e-01
1.498666922967379833e+03 1.839999086498088632e-01
1.497953333070389363e+03 1.924096666726990978e-01
1.497240597772077763e+03 1.862378717192417488e-01
1.496528472901394025e+03 1.961491853724410539e-01
1.495817202629389385e+03 1.869478187127234514e-01
1.495106542785012380e+03 1.938010932397152275e-01
1.494396615453789082e+03 1.927534454197442071e-01
1.493687298550193645e+03 1.920906958851805735e-01
1.492978836245277307e+03 1.882182527870378541e-01
1.492270984367988603e+03 1.905531012568145999e-01
1.491563865003853607e+03 1.963930612710417245e-01
1.490857478152871863e+03 1.941330862319712303e-01
1.490151701729518209e+03 1.918473928506698734e-01
1.489446657819317807e+03 1.935857420949465557e-01
1.488742346422270884e+03 1.908646685180955815e-01
1.488038767538377670e+03 1.887691505317513896e-01
1.487335799082112089e+03 1.987200726068080459e-01
1.486633563138999989e+03 1.956082785901825383e-01
1.485931937623515751e+03 1.957781297570659329e-01
1.485231166706710610e+03 1.955388755950133728e-01
1.484531006217533331e+03 1.922868826759157879e-01
1.483831578241509533e+03 1.913335045524401368e-01
1.483132760693113596e+03 1.979987041607564613e-01
1.482434797743396530e+03 1.956997060782438569e-01
1.481737323135781935e+03 1.926152721218348240e-01
1.481040703126846438e+03 1.902915316277630497e-01
1.480344693545538803e+03 1.934833101894084251e-01
1.479649294391858803e+03 1.931745049166402051e-01
1.478954749836858127e+03 1.997167201642084111e-01
1.478260693623959696e+03 1.932678685597826462e-01
1.477567492009740135e+03 1.936059756925797015e-01
1.476874900823148664e+03 1.982687270240959532e-01
1.476183042149710445e+03 1.879140900347992249e-01
1.475491793903900088e+03 1.985309522364490931e-01
1.474801278171243439e+03 1.957960314993942852e-01
1.474111372866214424e+03 1.980720973627958237e-01
1.473422200074339116e+03 1.988428248613383909e-01
1.472733637710091443e+03 1.908423864692083971e-01
1.472045807858997250e+03 1.879027489387605776e-01
1.471358710521056537e+03 1.891027086839494331e-01
1.470672223610743913e+03 1.959830904569441479e-01
1.469986469213584542e+03 1.950454031218132600e-01
1.469301325244053032e+03 1.958564331900313205e-01
1.468616791702149385e+03 1.932742857643911516e-01
1.467932990673399445e+03 1.926720372767673217e-01
1.467249922157802757e+03 1.945587473399736922e-01
1.466567464069833932e+03 2.018614896165571160e-01
1.465885616409492968e+03 1.957150355394870478e-01
1.465204501262305484e+03 1.928116143764116164e-01
1.464523996542745863e+03 2.009441245619699445e-01
1.463844224336339948e+03 2.045730719795885166e-01
1.463165062557561669e+03 1.910821844342783793e-01
1.462486633291936869e+03 1.960641021963783481e-01
1.461808814453939931e+03 1.909960881051047110e-01
1.461131606043570855e+03 2.037398784682409592e-01
1.460455008060829641e+03 1.964717983614985009e-01
1.459779264676767525e+03 1.931458256245029426e-01
1.459104009634807881e+03 1.934430710205966020e-01
1.458429487106001488e+03 2.001705687583238136e-01
1.457755575004822958e+03 1.929445377998379729e-01
1.457082395416797908e+03 1.908138075636388875e-01
1.456409826256400720e+03 1.880853519769825899e-01
1.455737867523631394e+03 1.900024017797364018e-01
1.455066641304015775e+03 1.823360970810252724e-01
1.454396025512027791e+03 1.916407790670901778e-01
1.453726020147667668e+03 2.017590351065445264e-01
1.453056625210935408e+03 1.912188165571661325e-01
1.452388084872882246e+03 1.985193893831463663e-01
1.451720032876931555e+03 1.933597946113640720e-01
1.451052591308608498e+03 1.804040692021722236e-01
1.450385882253438922e+03 1.896897248889854448e-01
1.449719783625897435e+03 1.980486871026289064e-01
1.449054295425983582e+03 1.910929257549566218e-01
1.448389539739223437e+03 1.942777982273525827e-01
1.447725394480090927e+03 1.983815597133533337e-01
1.447061737563060888e+03 1.940900649028099723e-01
1.446398935244709719e+03 1.916708772883015111e-01
1.445736621268461022e+03 1.865652935094428977e-01
1.445075161890891195e+03 1.945928286689812547e-01
1.444414068769898222e+03 1.879060512537213401e-01
1.443753708162058729e+03 1.936776567020569162e-01
1.443094080067372488e+03 1.889168082620019951e-01
1.442434940314788719e+03 1.920275047555115577e-01
1.441776533075358429e+03 1.923810472743799627e-01
1.441118736263555775e+03 2.024650896843617487e-01
1.440461549879381209e+03 1.827531049352119907e-01
1.439804851837308888e+03 1.828722112658095755e-01
1.439149130479441283e+03 1.760095634252644425e-01
1.439149008393915665e+03 2.009282948783078782e-01
1.438930597388660544e+03 1.955380036173160474e-01
1.438712064297879806e+03 1.915996081177144539e-01
1.438493775378150303e+03 1.997567185838983184e-01
1.438493653292624685e+03 1.937747180417175585e-01
1.438275364372895183e+03 1.915145860021277013e-01
1.438057197538691298e+03 1.943818658292487955e-01
1.437839152790012804e+03 1.834888936727824549e-01
1.437839030704487186e+03 1.913746496487742643e-01
1.437620985955808919e+03 1.824020726175277773e-01
1.437403063292656043e+03 1.906684438854170938e-01
1.437185140629503167e+03 1.933192540137027848e-01
1.437185018543977549e+03 1.805577519382580987e-01
1.436966973795299282e+03 1.660166901971839026e-01
1.436749295303197641e+03 1.949720561994864321e-01
1.436531738896621391e+03 1.827945764691122910e-01
1.436531616811095773e+03 1.788367644798938005e-01
1.436313938318994133e+03 1.865116851769870188e-01
1.436096259826892492e+03 1.773159472905536937e-01
1.435878825505842087e+03 1.789660427806533671e-01
1.435661391184791455e+03 1.814276826286136957e-01
1.435443956863741050e+03 1.815305864419184401e-01
1.435226644628216036e+03 1.874705524694061376e-01
1.435009454478216639e+03 1.948813365364182870e-01
1.434792264328217243e+03 1.832245515084542087e-01
1.434575074178217847e+03 1.886129106530007316e-01
1.434358128199269686e+03 1.811806925392969170e-01
1.434141060134795907e+03 1.835591610842079169e-01
1.433924114155847747e+03 1.847583098614530850e-01
1.433707290262424976e+03 1.846038812505879367e-01
1.433490588454528051e+03 1.884938358395710500e-01
1.433273886646630899e+03 1.673708892722446939e-01
1.433057184838733747e+03 1.800379843655302015e-01
1.432840727201887830e+03 1.731863824024635068e-01
1.432624147479516523e+03 1.662964132932851780e-01
1.432407689842670607e+03 1.761808133168766555e-01
1.432191354291350081e+03 1.704196844868964555e-01
1.431975140825555400e+03 1.653151105533522125e-01
1.431758927359760719e+03 1.642684633541505179e-01
1.431542713893965811e+03 1.685858234382955900e-01
1.431326622513696748e+03 1.671039858272478085e-01
1.431110653218953075e+03 1.715875565163157146e-01
1.430894683924209403e+03 1.758190766418990247e-01
1.430678836714991348e+03 1.850884730095627984e-01
1.430463111591298912e+03 1.811325056736904915e-01
1.430247264382080857e+03 1.891073880466394852e-01
1.430031539258388420e+03 1.835902584822744210e-01
1.429815814134695984e+03 1.930984218053894419e-01
1.429600455267580401e+03 1.896806672776677194e-01
1.429384974314938972e+03 1.881204734844398041e-01
1.429169615447823162e+03 1.860727086057606117e-01
1.428954378666233197e+03 1.899067461385242905e-01
1.428739019799117386e+03 1.948467276216356570e-01
1.428523783017527194e+03 1.912931398771458014e-01
1.428308668321462619e+03 1.895116291073583870e-01
1.428093675710923662e+03 1.843960587144278240e-01
1.427878683100384706e+03 1.883847091341767366e-01
1.427663690489845521e+03 2.000311652186523015e-01
1.427448819964832182e+03 1.980279299306030305e-01
1.427234193610869852e+03 1.875848193941782871e-01
1.427019323085856513e+03 1.970959260752722098e-01
1.426804696731894182e+03 1.839902536613039485e-01
1.426590192463457470e+03 1.889265450571210037e-01
1.426375688195020757e+03 2.029650222201792031e-01
1.426161183926584044e+03 2.005593763304052701e-01
1.425946801743672950e+03 1.980003582911440685e-01
1.425732541646287473e+03 2.040343948156874143e-01
1.425518281548901768e+03 1.872146299504869327e-01
1.425304143537041909e+03 1.950968112175324731e-01
1.425090005525181823e+03 1.951450119104416736e-01
1.424875989598847582e+03 1.983182838568615658e-01
1.424661973672513113e+03 1.951520784077014070e-01
1.424448079831704263e+03 1.942600948273607853e-01
1.424234063905369794e+03 1.935091524394917939e-01
1.424020536321137797e+03 1.978699971853016548e-01
1.423806764565854564e+03 2.026719221886337519e-01
1.423593114896096949e+03 1.868955754300648808e-01
1.423379587311864725e+03 2.008352652457099097e-01
1.423166059727632728e+03 1.935871772108004318e-01
1.422952654228926122e+03 1.958213630922841231e-01
1.422739126644694124e+03 1.899217102524989875e-01
1.422526087402564372e+03 1.941811515761579510e-01
1.422312803989383383e+03 1.907925294979380126e-01
1.422099642661728012e+03 1.828393763301044417e-01
1.421886481334072641e+03 2.011167863248727317e-01
1.421673564177468279e+03 1.929405624863837765e-01
1.421460524935338526e+03 1.945563115175293900e-01
1.421247607778734391e+03 1.999468424551250068e-01
1.421034690622130256e+03 1.875309018755202117e-01
1.420822017636577129e+03 1.884771556988656671e-01
1.420609344651024003e+03 1.788003290995198169e-01
1.420396671665470876e+03 1.926421481791948109e-01
1.420184242850968985e+03 1.981347558727727109e-01
1.419971569865416086e+03 1.826118883477380883e-01
1.419759263136439586e+03 1.942896898116600046e-01
1.419546834321937695e+03 1.925942450424698860e-01
1.419334649678487040e+03 2.033247368219160411e-01
1.419122342949510539e+03 1.833922229700662987e-01
1.418910158306059884e+03 1.963678258382489106e-01
1.418698095748134619e+03 1.916935356858379680e-01
1.418486155275734973e+03 1.894801466045173133e-01
1.418274214803335553e+03 1.971120874337471685e-01
1.418062274330935907e+03 1.988849435681447897e-01
1.417850333858536260e+03 1.887732088678590880e-01
1.417638759642713467e+03 1.976668627349523200e-01
1.417426941255839438e+03 1.929318496848548559e-01
1.417215244954490800e+03 2.026789264709964455e-01
1.417003792824193624e+03 2.031871910567343842e-01
1.416792340693896222e+03 1.975004876082712135e-01
1.416580888563599046e+03 1.955933223222081907e-01
1.416369436433301644e+03 1.979410460974924402e-01
1.416158228474055477e+03 1.931401051170445193e-01
1.415947020514809310e+03 1.984781375889955179e-01
1.415735812555563143e+03 1.928674794357458644e-01
1.415524726681842594e+03 1.886042761080025387e-01
1.415313640808122045e+03 1.882426765624429232e-01
1.415102799105452505e+03 1.998721233916798956e-01
1.414891835317257573e+03 1.884343385484343047e-01
1.414680993614588260e+03 1.963697761888120452e-01
1.414470151911918720e+03 1.918751724590001539e-01
1.414259554380300415e+03 1.932576572984144314e-01
1.414048956848682110e+03 1.956712109774722819e-01
1.413838359317063805e+03 1.974257725736379143e-01
1.413627883870971118e+03 1.961498313551325312e-01
1.413417530510404049e+03 1.842975926935955522e-01
1.413207055064311362e+03 1.881537322011172519e-01
1.412996579618218675e+03 1.907278648299627621e-01
1.412786592514228232e+03 1.929304367921476637e-01
1.412576361239186781e+03 1.864400088172140091e-01
1.412366252049670720e+03 1.888795284879306313e-01
1.412156142860154887e+03 1.913081609797089855e-01
1.411946277841690062e+03 2.004278978834785896e-01
1.411736412823225237e+03 2.029144777073141337e-01
1.411526547804760412e+03 2.016627333182750004e-01
1.411316682786295587e+03 1.928556900123684914e-01
1.411107061938881770e+03 1.993205886770526847e-01
1.410897441091468181e+03 1.992392563834294861e-01
1.410687820244054592e+03 1.909745851411146500e-01
1.410478199396640775e+03 1.787967361666680799e-01
1.410268822720278422e+03 1.827911202984092987e-01
1.410059446043915841e+03 1.975215132805290819e-01
1.409850191453078878e+03 1.922221521225647989e-01
1.409640814776716297e+03 1.822552057547993098e-01
1.409431804356930570e+03 2.073876470122510418e-01
1.409222549766093607e+03 1.955007170034424036e-01
1.409013539346307880e+03 1.946062326536845688e-01
1.408804528926521925e+03 1.981853546502633512e-01
1.408595640592261816e+03 1.988752617515578136e-01
1.408386752258001707e+03 1.955530288704931952e-01
1.408177986009266988e+03 2.045374925205326599e-01
1.407969219760532269e+03 1.905799233393277448e-01
1.407760575597323168e+03 1.859484262928877141e-01
1.407551931434114294e+03 1.859798251087498855e-01
1.407343409356430811e+03 1.945739348813764202e-01
1.407134887278747328e+03 2.018633595401901348e-01
1.406926487286589236e+03 1.931990351016731611e-01
1.406718209379956988e+03 1.922152507864751669e-01
1.406509931473324741e+03 1.833583380718469269e-01
1.406301653566692266e+03 1.970439756931953168e-01
1.406093497745585637e+03 1.940622713675770883e-01
1.405885586095530016e+03 1.955838952797350760e-01
1.405677430274423159e+03 2.008220479402435532e-01
1.405469518624367538e+03 2.012456443749404134e-01
1.405261606974311917e+03 1.981718949224814674e-01
1.405053817409781914e+03 1.990068422649063917e-01
1.404846027845251911e+03 1.973887308642581773e-01
1.404638360366247525e+03 1.886385618467492920e-01
1.404430692887242913e+03 2.013650550525019622e-01
1.404223269579289763e+03 1.959713641424018493e-01
1.404015724185810768e+03 1.988864162313236372e-01
1.403808178792332001e+03 1.898920727816412191e-01
1.403600877569904242e+03 1.834869653838617498e-01
1.403393576347476483e+03 1.995767256809104773e-01
1.403186397210574341e+03 1.944434073955467746e-01
1.402979095988146582e+03 1.859868718035083690e-01
1.402772038936770059e+03 2.034607338242520047e-01
1.402565103970918926e+03 1.844456539475650692e-01
1.402358046919542403e+03 1.858848567732939161e-01
1.402151111953691498e+03 1.977320598760343995e-01
1.401944176987840365e+03 1.877174853656322639e-01
1.401737486193040468e+03 1.876150124065338876e-01
1.401530795398240798e+03 1.976105063524996597e-01
1.401324104603440901e+03 1.929554299816179652e-01
1.401117413808641004e+03 1.921558814239053836e-01
1.400910845099366725e+03 1.987486731375095739e-01
1.400704398475618063e+03 1.895307829379221931e-01
1.400498073937395020e+03 1.973345475253308612e-01
1.400291749399171749e+03 2.016537296239745980e-01
1.400085424860948706e+03 1.951837460423888893e-01
1.399879222408251053e+03 1.992183770793206632e-01
1.399673142041079245e+03 1.886320009265862740e-01
1.399466939588381592e+03 1.972858833032336279e-01
1.399260981306735175e+03 2.011957208432626765e-01
1.399055023025088758e+03 2.052315136934060591e-01
1.398849186828967959e+03 1.953799355018302764e-01
1.398643228547321542e+03 1.935275472619265857e-01
1.398437514436726360e+03 2.000448182889104365e-01
1.398231922411656797e+03 1.932851000277958919e-01
1.398026086215535770e+03 1.953791779807542428e-01
1.397820616275991824e+03 2.011082812215844173e-01
1.397615024250922033e+03 1.901633923587110753e-01
1.397409554311378088e+03 1.874450534041236516e-01
1.397204328542885150e+03 1.900592979898521606e-01
1.396998980688866595e+03 1.924462862044498124e-01
1.396793632834848040e+03 1.952492440600439028e-01
1.396588284980829485e+03 1.971005234908535797e-01
1.396383425468913401e+03 1.979455014975231020e-01
1.396178321785945855e+03 1.931252215122107041e-01
1.395973218102978535e+03 1.859594203600495044e-01
1.395768358591062452e+03 2.008202000489912320e-01
1.395563499079146141e+03 1.954950587334968737e-01
1.395358639567230057e+03 1.961451447632594769e-01
1.395153902140839364e+03 1.980984004731272674e-01
1.394949164714448671e+03 1.967126639978248326e-01
1.394744549373583595e+03 1.917552317299020814e-01
1.394540056118244138e+03 1.962968188004511338e-01
1.394335562862904681e+03 1.993539269681346426e-01
1.394131069607565223e+03 1.890179431205939453e-01
1.393926576352225766e+03 1.853158782012820638e-01
1.393722449353462935e+03 1.915455634721318079e-01
1.393518200269174486e+03 1.917926813175594714e-01
1.393313951184886264e+03 1.905316481374417503e-01
1.393109824186123433e+03 1.905701412921266547e-01
1.392905819272886220e+03 1.925240381561418856e-01
1.392701814359649234e+03 1.910290186667850387e-01
1.392497931531937638e+03 2.034526221410850877e-01
1.392294048704225816e+03 2.010872643805166893e-01
1.392090165876514220e+03 1.904144842626700473e-01
1.391886527219853861e+03 1.974024336624881915e-01
1.391682766477667883e+03 1.922078752715220273e-01
1.391479127821007296e+03 1.949133793030733697e-01
1.391275489164346936e+03 1.986668587556020826e-01
1.391072216764263203e+03 1.942482174066025025e-01
1.390868700193128234e+03 1.932973186748133954e-01
1.390665305707519110e+03 1.921708834281716238e-01
1.390462033307435377e+03 1.983894105276892972e-01
1.390258760907351643e+03 1.907219278652602656e-01
1.390055610592793300e+03 2.040864824970626268e-01
1.389852460278235185e+03 1.930951893443683953e-01
1.389649432049202687e+03 1.967377164381738930e-01
1.389446403820170190e+03 1.887308709127363537e-01
1.389243619762188700e+03 1.979617630019082641e-01
1.389040713618681593e+03 1.948266295908361034e-01
1.388837807475174714e+03 1.960959698258322170e-01
1.388635023417193224e+03 2.099960985172354688e-01
1.388432361444737353e+03 1.906099568455443538e-01
1.388229821557807099e+03 1.885912481676468300e-01
1.388027281670876846e+03 1.875784250878032577e-01
1.387824741783946592e+03 1.951002109146036667e-01
1.387622323982541957e+03 1.938987244470068705e-01
1.387420028266662712e+03 1.992367660503797655e-01
1.387217610465258076e+03 1.956082128563286227e-01
1.387015436834904449e+03 1.909937689307573405e-01
1.386813263204551049e+03 1.889183316492302755e-01
1.386611089574197422e+03 1.868609011918069274e-01
1.386409038029369412e+03 1.958108272686296669e-01
1.386207108570067021e+03 1.996664856166179003e-01
1.386005057025239012e+03 1.961669133634177664e-01
1.385803249651462238e+03 1.956242623641955558e-01
1.385601442277685464e+03 1.870272355305493406e-01
1.385399756989434309e+03 2.001606547424203963e-01
1.385198071701182926e+03 1.920131636084178306e-01
1.384996386412931770e+03 2.011580104689729975e-01
1.384794823210206005e+03 1.974552274532890006e-01
1.384593260007480467e+03 1.907995856366164478e-01
1.384391940975805937e+03 1.978879100412109515e-01
1.384190499858605790e+03 1.934263422285444067e-01
1.383989180826931261e+03 2.094402686591465557e-01
1.383787861795256731e+03 1.988231244429029543e-01
1.383586786934633437e+03 2.012601921985266440e-01
1.383385589988484526e+03 1.863288629667749774e-01
1.383184515127861232e+03 1.921919137316492332e-01
1.382983440267237711e+03 1.928986361548736539e-01
1.382782609577665653e+03 1.901392168171298358e-01
1.382581778888093368e+03 1.865254124478257780e-01
1.382380826112995464e+03 1.954436765654374020e-01
1.382180117508949024e+03 2.007406901581586522e-01
1.381979408904902357e+03 2.043245026610682191e-01
1.381778822386381307e+03 2.042275736866333846e-01
1.381578235867860258e+03 1.965232270356480349e-01
1.381377649349339208e+03 1.997543073849689099e-01
1.381177184916343549e+03 1.945142491489967873e-01
1.380976720483348117e+03 1.998033665110034440e-01
1.380776500221403694e+03 1.884616959532310343e-01
1.380576279959459498e+03 2.059240073013822170e-01
1.380376059697515075e+03 1.923363079775158857e-01
1.380175839435570879e+03 1.947964791233280646e-01
1.379975741259152073e+03 1.922282812014282916e-01
1.379775765168258886e+03 1.921063806389358419e-01
1.379575789077365698e+03 1.870356387736311632e-01
1.379375812986472511e+03 1.908385722918337080e-01
1.379175958981104941e+03 1.926551499865845063e-01
1.378976349146788380e+03 1.962377093118504723e-01
1.378776617226946428e+03 1.859463590783078935e-01
1.378576885307104476e+03 1.918674125133036645e-01
1.378377275472787915e+03 1.893889449039863893e-01
1.378177665638471581e+03 1.907538802844612191e-01
1.377978177889680637e+03 1.956035301846030527e-01
1.377778812226415312e+03 1.991148816789658771e-01
1.377579446563149986e+03 1.978669978111462502e-01
1.377380202985410278e+03 2.003355649281488848e-01
1.377180959407670571e+03 2.052251867258404472e-01
1.376981837915456481e+03 1.996480859241646921e-01
1.376782716423242164e+03 2.052284206046161574e-01
1.376583594931028074e+03 2.002522731263790268e-01
1.376384595524339602e+03 1.980132334897256319e-01
1.376185596117650903e+03 2.055035996400799703e-01
1.375986840882013439e+03 2.080846657520390997e-01
1.375787963560850585e+03 1.888284115282825859e-01
1.375589208325213121e+03 1.934173301166412229e-01
1.375390453089575658e+03 1.888855215161877321e-01
1.375191819939463812e+03 1.979057000384732423e-01
1.374993430960403202e+03 1.977116371767873304e-01
1.374794919895816975e+03 1.919065682230205461e-01
1.374596408831230519e+03 1.939355155520255947e-01
1.374398019852169909e+03 1.990132524010901627e-01
1.374199630873109300e+03 1.934487976002822462e-01
1.374001486065099698e+03 1.941248697247237864e-01
1.373803219171564479e+03 2.055714299851902904e-01
1.373605074363555104e+03 2.012248051302616969e-01
1.373406929555545503e+03 1.893093709472010999e-01
1.373208906833061519e+03 1.843993380899795753e-01
1.373011006196103153e+03 2.010879612616660039e-01
1.372812983473619170e+03 1.959122796157029833e-01
1.372615204922186422e+03 1.873790546775756516e-01
1.372417426370753446e+03 1.909577336487200405e-01
1.372219647819320699e+03 1.935811541354601761e-01
1.372022113438938959e+03 2.006341274355782911e-01
1.371824456973031829e+03 1.936269140447481329e-01
1.371626922592650089e+03 1.879054317645182104e-01
1.371429266126742959e+03 1.965571536398279529e-01
1.371231975917412456e+03 2.118931506326634795e-01
1.371034685708081952e+03 2.013100709188793969e-01
1.370837395498751448e+03 1.941618056677430482e-01
1.370640105289420944e+03 1.926790626802531992e-01
1.370442815080090440e+03 1.903434715312770087e-01
1.370245646956285327e+03 1.938201432912249889e-01
1.370048723003531677e+03 1.980374988169356087e-01
1.369851676965252182e+03 2.004820209686490884e-01
1.369654753012498531e+03 1.997667285834144602e-01
1.369457829059744654e+03 1.893367721266621673e-01
1.369261027192516394e+03 1.927199605573820529e-01
1.369064347410813753e+03 1.984624054703102991e-01
1.368867423458060102e+03 1.942652554415258970e-01
1.368670865761883078e+03 1.925296100658424880e-01
1.368474308065705827e+03 1.960570015142824862e-01
1.368277750369528803e+03 1.929560375813740014e-01
1.368081314758877397e+03 1.834788148885680426e-01
1.367884879148225991e+03 2.018641222127191270e-01
1.367688443537574358e+03 2.010338941170849714e-01
1.367492252097974188e+03 1.911365907822966115e-01
1.367295938572848172e+03 1.938126118218622407e-01
1.367099747133247774e+03 1.938056285286962055e-01
1.366903799864698613e+03 1.943352854866227108e-01
1.366707608425098442e+03 1.994882326749490564e-01
1.366511661156549280e+03 1.983754903704352535e-01
1.366315591802474501e+03 2.046098477171522378e-01
1.366119766619450729e+03 1.937921146452881160e-01
1.365924063521952803e+03 1.855104745261359211e-01
1.365728238338929259e+03 2.056808842444068364e-01
1.365532535241431106e+03 1.871786323692531395e-01
1.365336832143933179e+03 1.898532920959926928e-01
1.365141251131960644e+03 1.943577976856804279e-01
1.364945914291039344e+03 1.955375280079415523e-01
1.364750333279067036e+03 2.016068288853899437e-01
1.364554996438145736e+03 1.942490710666632259e-01
1.364359537511698818e+03 1.947712101447514055e-01
1.364164322756303136e+03 1.884580947620831670e-01
1.363969108000907227e+03 2.023339126069582383e-01
1.363773893245511545e+03 1.961580883697068289e-01
1.363578800575641480e+03 1.927396829836662828e-01
1.363383707905771189e+03 1.929047739676525985e-01
1.363188737321426743e+03 2.012782827141236242e-01
1.362993766737082069e+03 2.068914697547405424e-01
1.362798918238263241e+03 1.993125417236082386e-01
1.362604191824969803e+03 1.973554064181385070e-01
1.362409221240625129e+03 1.934968816066636454e-01
1.362214616912857309e+03 2.054337506724888684e-01
1.362020012585089489e+03 1.937881762210025005e-01
1.361825530342847287e+03 2.021707616314884770e-01
1.361630926015079467e+03 1.922870388531445485e-01
1.361436443772837038e+03 1.961299510463308526e-01
1.361241961530594835e+03 1.923157095570170172e-01
1.361047601373878024e+03 1.938863715321040293e-01
1.360853363302687058e+03 2.032329021828407911e-01
1.360659247317021482e+03 1.903499744033310959e-01
1.360465009245830288e+03 1.965679703507638987e-01
1.360270893260164712e+03 1.985972803437696110e-01
1.360076777274499364e+03 1.899412603364971641e-01
1.359882661288833788e+03 1.996640769093681878e-01
1.359688911559744838e+03 1.992235170611459660e-01
1.359495039745130498e+03 1.974831266547048825e-01
1.359301167930516158e+03 2.001827631383816253e-01
1.359107418201427436e+03 1.950761170609976169e-01
1.358913668472338486e+03 1.918770733988829635e-01
1.358720040828775382e+03 1.847525516642577470e-01
1.358526535270737668e+03 1.948754453564173206e-01
1.358332907627174336e+03 1.924250491861903833e-01
1.358139402069136622e+03 1.852813042742270933e-01
1.357946018596624526e+03 2.018521167773708047e-01
1.357752635124112430e+03 1.964230766400971717e-01
1.357559373737125952e+03 1.941517928879720745e-01
1.357366112350139474e+03 2.029893274863968089e-01
1.357172973048678614e+03 2.000086856129447421e-01
1.356979833747217754e+03 1.976596287315409151e-01
1.356786694445756666e+03 1.980998469541800089e-01
1.356593677229821424e+03 2.033242742655272939e-01
1.356400782099411572e+03 1.840431970696248809e-01
1.356207886969001720e+03 1.970434434395776924e-01
1.356015113924117486e+03 1.985556066641416539e-01
1.355822218793707862e+03 1.883349220228043019e-01
1.355629567834349245e+03 2.029548611904344879e-01
1.355436794789465011e+03 1.933077928286162372e-01
1.355244388001157404e+03 2.027570932063504916e-01
1.355051737041798788e+03 1.916896855098728369e-01
1.354859208167965789e+03 2.018062925764499693e-01
1.354666801379658409e+03 1.964223411784422335e-01
1.354474394591350801e+03 1.916803432052925082e-01
1.354282231974094429e+03 2.012325123778838099e-01
1.354089947271312667e+03 1.937088980253594550e-01
1.353897662568530677e+03 2.017646596285303240e-01
1.353705499951274305e+03 1.951276343315912487e-01
1.353513337334017933e+03 1.919625820324272480e-01
1.353321296802287179e+03 1.887367616953892768e-01
1.353129500441607661e+03 1.918709836185286122e-01
1.352937581995402525e+03 1.909950288950832686e-01
1.352745663549197388e+03 1.925395806318764280e-01
1.352553867188517643e+03 1.932668255448739270e-01
1.352362070827838124e+03 1.931971704533000933e-01
1.352170396552683997e+03 1.929375233143290624e-01
1.351978844363055714e+03 1.791202670401286501e-01
1.351787292173427204e+03 1.947568350126646364e-01
1.351595739983798694e+03 2.009682358851105632e-01
1.351404187794170412e+03 1.986816829894292868e-01
1.351212757690067519e+03 1.897138418190230935e-01
1.351021327585964627e+03 1.947373252847473535e-01
1.350830263738438362e+03 2.010406979563886531e-01
1.350638955719861087e+03 1.741882700323216238e-01
1.350447769786809431e+03 1.820160471370684541e-01
1.350256705939283165e+03 1.943676641151163287e-01
1.350065642091757127e+03 1.908042118671219867e-01
1.349874578244230861e+03 1.942894533901895204e-01
1.349683758567756058e+03 1.882542636395320435e-01
1.349492816805755410e+03 1.903170263409780794e-01
1.349301997129280380e+03 1.893413552396814026e-01
1.349111177452805350e+03 1.942572813666904319e-01
1.348920479861855938e+03 1.799206355570280580e-01
1.348729782270906526e+03 1.993489410457857380e-01
1.348539206765482731e+03 1.895688163398399073e-01
1.348348753345584555e+03 1.832933739314681898e-01
1.348158177840160533e+03 1.916404481378491398e-01
1.347967724420262357e+03 1.839655441841122341e-01
1.347777393085889571e+03 1.898232862548759337e-01
1.347587061751517012e+03 1.971181545109398636e-01
1.347396852502669844e+03 1.872699031104362033e-01
1.347206521168297058e+03 1.838770427826691978e-01
1.347016434004975736e+03 1.960417404215556991e-01
1.346826346841654185e+03 1.933277820782686729e-01
1.346636259678332635e+03 1.924472936041096149e-01
1.346446294600536476e+03 1.946257329509105960e-01
1.346256451608266161e+03 1.844315363162117583e-01
1.346066608615995847e+03 1.886323098693970524e-01
1.345876765623725305e+03 1.895686534807847490e-01
1.345687044716980608e+03 1.824914396276133000e-01
1.345497323810235685e+03 1.907967415504282782e-01
1.345307602903490988e+03 1.884486684522926891e-01
1.345118126167797300e+03 1.965349597104094903e-01
1.344928527346577994e+03 1.950203955944824208e-01
1.344739050610884533e+03 1.961832532629746439e-01
1.344549695960716235e+03 1.894480655157249060e-01
1.344360219225022774e+03 1.899718201143563712e-01
1.344170986660380095e+03 1.960632472017146133e-01
1.343981632010212024e+03 1.859991935657011042e-01
1.343792643616620808e+03 1.897094879560462799e-01
1.343603411051978128e+03 1.802878363369074810e-01
1.343414300572861293e+03 1.870847323088997982e-01
1.343225312179269849e+03 1.889659196239612537e-01
1.343036323785678633e+03 1.957552261748682632e-01
1.342847457477612807e+03 1.935519561346039641e-01
1.342658591169546980e+03 1.937056799185361000e-01
1.342469846947006772e+03 1.964899548771845417e-01
1.342280980638940946e+03 1.875942651168945041e-01
1.342092358501926356e+03 1.934826705466298202e-01
1.341903736364911765e+03 1.951320680050895873e-01
1.341715114227897175e+03 1.907930803644647122e-01
1.341526614176407975e+03 1.935055382971380689e-01
1.341338236210444620e+03 1.901672912660927472e-01
1.341149858244481038e+03 1.915734454327946978e-01
1.340961480278517683e+03 1.961100223919712005e-01
1.340773102312554101e+03 1.896409246769081014e-01
1.340584846432116365e+03 1.916629843721836535e-01
1.340396712637204018e+03 1.938664440532542055e-01
1.340208578842291672e+03 1.945218497850509376e-01
1.340020567132904944e+03 1.916760532531363304e-01
1.339832555423518215e+03 1.912296065141194656e-01
1.339644543714131260e+03 1.931746938151505943e-01
1.339456654090270149e+03 2.026996465086641497e-01
1.339268764466409039e+03 1.977015346269099527e-01
1.339080874842547928e+03 1.962821892935144308e-01
1.338893229389737826e+03 1.827761152286550561e-01
1.338705583936927724e+03 1.772666769597219250e-01
1.338517816398592231e+03 1.966877231666467329e-01
1.338330293031307747e+03 1.904047358097789022e-01
1.338142769664023263e+03 1.872610109942800805e-01
1.322221107931579354e+03 1.828188405383646964e-01
1.322038345899792375e+03 1.914776169197866251e-01
1.321855583868005397e+03 1.826441580789580910e-01
1.321672821836218418e+03 1.816398069414408567e-01
1.321490303975482448e+03 1.853657228577486604e-01
1.304735774787560331e+03 1.852713567935232175e-01
1.304558018262322094e+03 1.923188693236417834e-01
1.304380383822609247e+03 1.930139239597025713e-01
1.304202749382896400e+03 1.881974951479346569e-01
1.304025114943183553e+03 1.945296356019617090e-01
1.286867703520861141e+03 1.927781615684725780e-01
1.286695196673222654e+03 1.997104092695911604e-01
1.286522567740058321e+03 1.912622493123900258e-01
1.286350060892419833e+03 1.897415373857887222e-01
1.286177554044781118e+03 1.891298597207757837e-01
1.286005169282668021e+03 1.900532199024677904e-01
1.285832784520555151e+03 1.978161697747670700e-01
1.285660399758442054e+03 2.010156079159108600e-01
1.285488137081854575e+03 1.920911314859564123e-01
1.285315874405267095e+03 1.940386226995694796e-01
1.285143855899730852e+03 1.981912570275497221e-01
1.284971715308668763e+03 1.954280554848344120e-01
1.284799574717606902e+03 1.920370648639785904e-01
1.284627556212070658e+03 1.997263501962272536e-01
1.284455537706534415e+03 1.971038794663212690e-01
1.284283641286523562e+03 1.944006941337398653e-01
1.284111744866512936e+03 1.995782826993387771e-01
1.283939848446502083e+03 1.885479585701627936e-01
1.283768074112016848e+03 1.980222411889493439e-01
1.283596299777531840e+03 1.990777787834112911e-01
1.283424647528572223e+03 1.999071717285487715e-01
1.283252995279612605e+03 2.045608891457164347e-01
1.283081343030652988e+03 2.036659540877698016e-01
1.282909812867218989e+03 2.054194568168757340e-01
1.282738282703784989e+03 2.026260240209972197e-01
1.282566996711401998e+03 2.068047479111602971e-01
1.282395588633493617e+03 1.923934978519353245e-01
1.282224180555585235e+03 2.090479052193518761e-01
1.282052894563202244e+03 2.037425810821781036e-01
1.281881730656345098e+03 1.879821972196327462e-01
1.281710444663962107e+03 1.984106793179822859e-01
1.281539280757104962e+03 2.031882556612522039e-01
1.281368116850247588e+03 1.946788754655636722e-01
1.281197075028915833e+03 1.984676162821405465e-01
1.281026033207584078e+03 2.099340736240525862e-01
1.280854991386252550e+03 2.063002815330679807e-01
1.280684193735971803e+03 2.033222531556960477e-01
1.280513274000165893e+03 1.930074099794386600e-01
1.280342354264359756e+03 1.843903327422608540e-01
1.280171678699604627e+03 1.961691439596988940e-01
1.280000881049324107e+03 1.954898402794167656e-01
1.279830327570094596e+03 1.865137892976689027e-01
1.279659652005339694e+03 1.931953049525248212e-01
1.279489098526110183e+03 2.037594015893346155e-01
1.279318545046880899e+03 1.956400095522016769e-01
1.279148113653177006e+03 1.959763220902764336e-01
1.278977560173947722e+03 2.024712586865255737e-01
1.278807250865769447e+03 1.968864431595310494e-01
1.278636819472065554e+03 1.952103578858618294e-01
1.278466632249412896e+03 2.027133678456073673e-01
1.278296322941234621e+03 1.955532304981147662e-01
1.278126135718581963e+03 1.952718096606070597e-01
1.277955948495929306e+03 1.957968711052103516e-01
1.277785883358802039e+03 1.902885957574279585e-01
1.277615818221674999e+03 1.970796848016015401e-01
1.277445753084547960e+03 1.970708978007735812e-01
1.277275810032946310e+03 1.993406951394884608e-01
1.277105866981344889e+03 1.900622689231532270e-01
1.276936168100794475e+03 1.891189973586622497e-01
1.276766347134718444e+03 1.958125143393473766e-01
1.276596526168642640e+03 2.011200974501934913e-01
1.276426827288092227e+03 2.018520609518594799e-01
1.276257250493067431e+03 2.101668342175689597e-01
1.276087551612517018e+03 2.068868156672911129e-01
1.275917974817492222e+03 1.998215636202145540e-01
1.275748398022467427e+03 2.019186396462178401e-01
1.275578943312968249e+03 1.889974398740187911e-01
1.275409488603468844e+03 2.004812611335377304e-01
1.275240033893969667e+03 1.952684849754618146e-01
1.275070823355521725e+03 1.960169613033635738e-01
1.274901368646022320e+03 1.951823069487830797e-01
1.274732158107574378e+03 1.959660853492162791e-01
1.274562947569126209e+03 1.923983831886689200e-01
1.274393859116203885e+03 1.950149461115369964e-01
1.274224648577755715e+03 1.965913353632571525e-01
1.274055682210358782e+03 1.948653030292145649e-01
1.273886715842961848e+03 1.966254433621655306e-01
1.273717749475564915e+03 1.999617359531277727e-01
1.273548905193693599e+03 1.921922933440119441e-01
1.273380060911822284e+03 1.974842870331489086e-01
1.273211338715476359e+03 2.005406122173753469e-01
1.273211216629950968e+03 1.922015555654797703e-01
1.273042494433605043e+03 1.944341774694510472e-01
1.273042372348079425e+03 2.065615852934896413e-01
1.272873894322784963e+03 2.042481818555117734e-01
1.272873772237259345e+03 1.966695886717708674e-01
1.272705172126439038e+03 1.996230376198794565e-01
1.272705050040913648e+03 2.026533179161147946e-01
1.272536449930093340e+03 1.897271166830993838e-01
1.272536327844567722e+03 1.980588762635461242e-01
1.272367727733747643e+03 1.965245540385944789e-01
1.272199249708452953e+03 1.980901270332365016e-01
1.272030771683158264e+03 1.958492805079317944e-01
1.271862293657863802e+03 1.996013456083355064e-01
1.271693937718094730e+03 2.039959949363161773e-01
1.271525581778325659e+03 1.970802474564025131e-01
1.271357225838556587e+03 1.985356361531037395e-01
1.271188991984313134e+03 1.925300640128848328e-01
1.271020758130069680e+03 1.979271712335314570e-01
1.270852646361351844e+03 2.002642089141149495e-01
1.270684534592633781e+03 1.980067132923636897e-01
1.270516422823915946e+03 1.942814065831685033e-01
1.270348555226249346e+03 1.929541598159173199e-01
1.270180565543056900e+03 2.031372360078969874e-01
1.270012575859864683e+03 1.943236203893783376e-01
1.269844708262197855e+03 1.929442810686398946e-01
1.269676962750056646e+03 2.000372308110672237e-01
1.269509095152390046e+03 2.134478737724976039e-01
1.269341349640248836e+03 2.116259598547172438e-01
1.269173726213633245e+03 2.110157070170718685e-01
1.269006102787017653e+03 2.279935589117690620e-01
1.268838479360402062e+03 2.255593908841596884e-01
1.268670855933786470e+03 2.370560937779327693e-01
1.268503476678221887e+03 2.235876507052912687e-01
1.268335975337131913e+03 2.258439181432269904e-01
1.268168473996041939e+03 2.109149451555414889e-01
1.268001216826003201e+03 2.079271711254626342e-01
1.267833837570438618e+03 2.031530315968310962e-01
1.267666580400399880e+03 2.036694380486974987e-01
1.267499323230360915e+03 2.042555934433207820e-01
1.267332310231373185e+03 2.055922549143907874e-01
1.267165053061334447e+03 2.023339143035681742e-01
1.266997917976821100e+03 1.978022890146911295e-01
1.266830904977833370e+03 2.032037567227928943e-01
1.266663891978845641e+03 1.941569932765633832e-01
1.266497001065383529e+03 2.019460229516255589e-01
1.266330232237447035e+03 2.076713575775911147e-01
1.266163341323984923e+03 1.964993277536220273e-01
1.265996572496048202e+03 2.019036950483306947e-01
1.265829803668111708e+03 1.941595043545167876e-01
1.265663034840175214e+03 1.991214746409156744e-01
1.265496388097764111e+03 2.036690373513156682e-01
1.265329741355353235e+03 1.940082801770618426e-01
1.265163338783993368e+03 2.115581762288908096e-01
1.264996692041582264e+03 2.038088353573392075e-01
1.264830167384697006e+03 2.070505019312842976e-01
1.264663764813337139e+03 1.999439284855719368e-01
1.264497362241977271e+03 2.035497763059468668e-01
1.264331081756143021e+03 2.083438892192673586e-01
1.264164801270308772e+03 1.967680265005800344e-01
1.263998520784474522e+03 2.021153600797780114e-01
1.263832362384165890e+03 2.006309909574597039e-01
1.263666203983857258e+03 2.023045804790020441e-01
1.263500045583548399e+03 1.967126589322309715e-01
1.263334009268765385e+03 1.945991570464039033e-01
1.263167972953982371e+03 1.935661523168527298e-01
1.263002058724724748e+03 1.901250617850658575e-01
1.262836022409941734e+03 1.973907061656109407e-01
1.262670230266209728e+03 2.046657066509124101e-01
1.262504316036952105e+03 1.974709006461407568e-01
1.262338523893220099e+03 1.955273557000816453e-01
1.262172853835013711e+03 1.882791503149068013e-01
1.262007183776807551e+03 1.919704387357926700e-01
1.261841513718601163e+03 1.932672658766582952e-01
1.261675843660394776e+03 1.942530907384118211e-01
1.261510417773239396e+03 1.951088725635994059e-01
1.261344991886084244e+03 1.907625720838490579e-01
1.261179443913403475e+03 1.918405259262866702e-01
1.261014018026248323e+03 1.919468657255210264e-01
1.260848714224618561e+03 1.999847043037191185e-01
1.260683410422989027e+03 2.008875812806823757e-01
1.260518106621359266e+03 1.954479945296333510e-01
1.260352802819729504e+03 1.912766050337204038e-01
1.260187621103625588e+03 1.922436169887073998e-01
1.260022561473047062e+03 1.987548327680399851e-01
1.259857379756942919e+03 2.019089356457239581e-01
1.259692442211890011e+03 1.922594771401220370e-01
1.259527382581311485e+03 1.977723062129699283e-01
1.259362445036258578e+03 1.863164564826352287e-01
