# Wavelength, Reflectance
1.644481726999090824e+03 2.163125213456566220e-01
1.643615638131903324e+03 1.743683891148721243e-01
1.642750403756903324e+03 1.875386410713478780e-01
1.641886145944403324e+03 1.944070641139065136e-01
1.641022742624090824e+03 2.068575226547567925e-01
1.640160437936590824e+03 1.977080754770690896e-01
1.639298987741278324e+03 2.321035299577062228e-01
1.638438514108465824e+03 2.152871920935728878e-01
1.637578894967840824e+03 1.641716447513211496e-01
1.636720374460028324e+03 2.127598914583029854e-01
1.635862708444403324e+03 2.225767244519086530e-01
1.635006018991278324e+03 1.983986307454575215e-01
1.634150306100653324e+03 1.889496714346443895e-01
1.633295447702215824e+03 2.254215419920648500e-01
1.632441565866278324e+03 2.108691190961793360e-01
1.631588538522528324e+03 2.313299919205486499e-01
1.630736487741278324e+03 2.048304009352010790e-01
1.629885413522528324e+03 2.202589874239769818e-01
1.629035193795965824e+03 2.156476034373485950e-01
1.628185950631903324e+03 2.217855439416403229e-01
1.627337561960028324e+03 2.055203018780942803e-01
1.626490149850653324e+03 2.075862450440990326e-01
1.625643714303778324e+03 1.928296873397732925e-01
1.624798255319403324e+03 2.243153498368462839e-01
1.623953528756903324e+03 2.186613332624629535e-01
1.623109900827215824e+03 2.219060619269496437e-01
1.622267005319403324e+03 2.205841988910299811e-01
1.621425208444403324e+03 2.262407661635051914e-01
1.620584143991278324e+03 2.138986812886121136e-01
1.619744178170965824e+03 2.138880516896462525e-01
1.618904944772528324e+03 2.174281657076312102e-01
1.618066687936590824e+03 1.976705007596837038e-01
1.617229285592840824e+03 2.180077877895503780e-01
1.616392859811590824e+03 2.247059210003705676e-01
1.615557288522528324e+03 2.119643564212095599e-01
1.614722693795965824e+03 2.134481024240724722e-01
1.613889075631903324e+03 2.210235630310109223e-01
1.613056189889715824e+03 2.144407030767024602e-01
1.612224280710028324e+03 2.028598313652417995e-01
1.611393226022528324e+03 2.329169043073817114e-01
1.610563147897528324e+03 2.128164637394062975e-01
1.609733924264715824e+03 2.356579933294181972e-01
1.608905555124090824e+03 2.104934196153339931e-01
1.608078162545965824e+03 1.949124154298090827e-01
1.607251502389715824e+03 2.005599601477081051e-01
1.606425818795965824e+03 2.039509621474691614e-01
1.605601111764715824e+03 2.080769817017201206e-01
1.604777259225653324e+03 2.124561452322086264e-01
1.603954139108465824e+03 2.186488912435944898e-01
1.603131995553778324e+03 2.022694760517833035e-01
1.602310828561590824e+03 2.101711342034143781e-01
1.601490393991278324e+03 2.094354785065800917e-01
1.600670935983465824e+03 2.066634001206895110e-01
1.599852332467840824e+03 2.099547083568988615e-01
1.599034583444403324e+03 2.044448678309223333e-01
1.598217688913153324e+03 2.061971824632908845e-01
1.597401526803778324e+03 2.254870421415441362e-01
1.596586707467840824e+03 2.085268280392223728e-01
1.595772376413153324e+03 2.094582798711934202e-01
1.594958899850653324e+03 1.997323339349092175e-01
1.594146521920965824e+03 1.947858421377862970e-01
1.593334754342840824e+03 2.199043391034256056e-01
1.592523963327215824e+03 2.042993304233669816e-01
1.591714148874090824e+03 2.242475921892156943e-01
1.590905066842840824e+03 2.145305655367072406e-01
1.590096961374090824e+03 2.097895156324292298e-01
1.589289466256903324e+03 2.056889212090272923e-01
1.588482825631903324e+03 2.162825207553095430e-01
1.587677405710028324e+03 2.060250952175834427e-01
1.586872596139715824e+03 2.264160987088957022e-01
1.586068641061590824e+03 2.111166551362339550e-01
1.585265662545965824e+03 2.187219937244940793e-01
1.584463416452215824e+03 2.187573420356428988e-01
1.583662024850653324e+03 2.083916098806033179e-01
1.582861609811590824e+03 2.185993991564773864e-01
1.582061927194403324e+03 2.062996566335182080e-01
1.581263221139715824e+03 2.273897334309253337e-01
1.580465125436590824e+03 2.107123603088112695e-01
1.579667884225653324e+03 2.171557120822592002e-01
1.578871741647528324e+03 2.199280158601157331e-01
1.578076209420965824e+03 2.030397805946997092e-01
1.577281653756903324e+03 2.103896422588054094e-01
1.576487952585028324e+03 2.169498166460550881e-01
1.575694983835028324e+03 2.078643933082906792e-01
1.574902747506903324e+03 2.216198517160970771e-01
1.574111487741278324e+03 1.941106966580659621e-01
1.573321082467840824e+03 1.841204054472358187e-01
1.572531531686590824e+03 2.151292236418914927e-01
1.571742713327215824e+03 1.902937710557914552e-01
1.570954627389715824e+03 2.069318459347083139e-01
1.570167640085028324e+03 2.123678566762727260e-01
1.569381263131903324e+03 2.007236360800406794e-01
1.568595984811590824e+03 2.155486820603925713e-01
1.567811194772528324e+03 2.090143104879219338e-01
1.567027381295965824e+03 2.088245784311953956e-01
1.566244422311590824e+03 2.102625771874704896e-01
1.565462195749090824e+03 2.132103278242696576e-01
1.564680823678778324e+03 2.130390630006594732e-01
1.563900306100653324e+03 2.253664824359231655e-01
1.563120643014715824e+03 2.116432051376930246e-01
1.562341590280340824e+03 2.093660692701682091e-01
1.561563514108465824e+03 2.204181285098565091e-01
1.560786292428778324e+03 2.087632938403201077e-01
1.560009803170965824e+03 2.096459376172672695e-01
1.559234046335028324e+03 2.220007238776725844e-01
1.558459143991278324e+03 2.121529546415763245e-01
1.557685218210028324e+03 2.207080669451741695e-01
1.556911902780340824e+03 2.149729712854359098e-01
1.556139441842840824e+03 2.158661923253495929e-01
1.555367713327215824e+03 2.059995802303080659e-01
1.554596961374090824e+03 2.143798546707343933e-01
1.553826819772528324e+03 2.084960731772385334e-01
1.553057654733465824e+03 2.109997648985948993e-01
1.553057532663153324e+03 2.061765722766374376e-01
1.552801429147528324e+03 2.069905455473900757e-01
1.552545203561590824e+03 2.088570026286440673e-01
1.552289222116278324e+03 2.222630212313987108e-01
1.552289100045965824e+03 2.078283097105549926e-01
1.552033240670965824e+03 2.047021006657422093e-01
1.551521521920965824e+03 2.136544713486090430e-01
1.550754676217840824e+03 2.205315107410368014e-01
1.549988562936590824e+03 2.118687919155380073e-01
1.549223304147528324e+03 2.017262967615819358e-01
1.548458899850653324e+03 2.125159881138668216e-01
1.547695105905340824e+03 2.087893819066737600e-01
1.546932166452215824e+03 2.318984937346022512e-01
1.546170081491278324e+03 2.244271068333431318e-01
1.545408851022528324e+03 2.115658186188245915e-01
1.544648230905340824e+03 2.078211873477869842e-01
1.543888343210028324e+03 2.130443705670030385e-01
1.543129432077215824e+03 2.123361801967817986e-01
1.542371375436590824e+03 2.147104588399134650e-01
1.541613929147528324e+03 2.100219991542960629e-01
1.540857215280340824e+03 2.195295598055685415e-01
1.540101355905340824e+03 2.016221249447774921e-01
1.539346228952215824e+03 2.127673460084559820e-01
1.538592078561590824e+03 2.297367712625587866e-01
1.537838538522528324e+03 2.079787616067181044e-01
1.537085730905340824e+03 2.168056052481735219e-01
1.536333777780340824e+03 2.022177831384822655e-01
1.535582312936590824e+03 2.151735666253822565e-01
1.534832190866278324e+03 2.217407619645749561e-01
1.534082312936590824e+03 2.218104451109604580e-01
1.533333533639715824e+03 2.116705242219143468e-01
1.532585364694403324e+03 2.111968892017356270e-01
1.531837928170965824e+03 2.143337611513577434e-01
1.531091468210028324e+03 2.132579758012733140e-01
1.530345618600653324e+03 2.077002912316704142e-01
1.529600501413153324e+03 2.096950388467672954e-01
1.528856116647528324e+03 2.019353715539836114e-01
1.528112586374090824e+03 2.090837174400970444e-01
1.527369544381903324e+03 2.103944272116553826e-01
1.526627723092840824e+03 2.127870117167922348e-01
1.525886268014715824e+03 2.079768254342669043e-01
1.525145911569403324e+03 2.011798639463110161e-01
1.524406043405340824e+03 2.115551200439263202e-01
1.523667029733465824e+03 2.203170710791674813e-01
1.522928748483465824e+03 2.097537071417309995e-01
1.522191321725653324e+03 2.126538071424116383e-01
1.521454505319403324e+03 2.085007881133718599e-01
1.520718421335028324e+03 2.096278433874596003e-01
1.519983069772528324e+03 2.137419716425892069e-01
1.519248572702215824e+03 2.134194404571511106e-01
1.518514685983465824e+03 2.128234550555243576e-01
1.517781531686590824e+03 2.059672690187825117e-01
1.517049476022528324e+03 2.147135068225927701e-01
1.516317908639715824e+03 2.143487834496661526e-01
1.515586951608465824e+03 2.125722213541696437e-01
1.515343665475653324e+03 1.992340130951958110e-01
1.515100379342840824e+03 2.002695095835703987e-01
1.514856971139715824e+03 2.062916712531666086e-01
1.514856849069403324e+03 2.062917289935051190e-01
1.514613807077215824e+03 2.049099465188444213e-01
1.514370765085028324e+03 2.009247511431208055e-01
1.514127478952215824e+03 2.254588920220250703e-01
1.513398841256903324e+03 2.071510893647017792e-01
1.512670935983465824e+03 2.131202430565535821e-01
1.511943763131903324e+03 2.173447193905857777e-01
1.511217444772528324e+03 2.059342308366888252e-01
1.510491736764715824e+03 2.192791754620140032e-01
1.509766761178778324e+03 2.146363983703885869e-01
1.509042518014715824e+03 2.217205843510136609e-01
1.508319007272528324e+03 2.113964247599428026e-01
1.507596228952215824e+03 2.016251870904319787e-01
1.506874183053778324e+03 2.156575716837251522e-01
1.506152869577215824e+03 2.117232783288932885e-01
1.505432288522528324e+03 2.209094752257038941e-01
1.504712561960028324e+03 2.152627409347512288e-01
1.503993323678778324e+03 2.088508239556114143e-01
1.503274830626666017e+03 2.106926636853170554e-01
1.502556050566683552e+03 2.105645272367282217e-01
1.501838003955741669e+03 2.139452114824877405e-01
1.501120813035347737e+03 2.164735823080837784e-01
1.500404233322487471e+03 2.182550114269347918e-01
1.499688387058668241e+03 2.034446592334433201e-01
1.498973274243889819e+03 2.112495570113874788e-01
1.498258772636645290e+03 2.139045319703963000e-01
1.497545126719948257e+03 2.106336707076664760e-01
1.496832092010785573e+03 2.072804618113534003e-01
1.496119912992170157e+03 2.120344604965991864e-01
1.495408345181088862e+03 2.117093090285264434e-01
1.494697510819048375e+03 2.218706550913061570e-01
1.493987287664541782e+03 2.012654072266015781e-01
1.493277920200582912e+03 2.032337402101810908e-01
1.492569163944157935e+03 2.116089987896630498e-01
1.491861141136773995e+03 2.117280070895886102e-01
1.491153851778430635e+03 2.067600701375121863e-01
1.490447173627621169e+03 2.242178773814284265e-01
1.489741228925852738e+03 2.199957175597521408e-01
1.489036017673125116e+03 2.148546538706460896e-01
1.488331539869438075e+03 2.171139800723776159e-01
1.487627673273285154e+03 2.081649790602790873e-01
1.486924540126173042e+03 2.197191708238830921e-01
1.486222018186594823e+03 2.204716932707115051e-01
1.485520351937564328e+03 2.132330500933277140e-01
1.484819296896067954e+03 2.055894353996500501e-01
1.484118975303612160e+03 2.123219512152047239e-01
1.483419264918690487e+03 2.167473651853756289e-01
1.482720410224316311e+03 2.194210124315328359e-01
1.482022044495969340e+03 2.230490574450894048e-01
1.481324534458170092e+03 2.130106171544660920e-01
1.480627635627904738e+03 2.136884748974627046e-01
1.479931348005173277e+03 2.124806843958346736e-01
1.479235916072989539e+03 2.166727449108832027e-01
1.478540973106833007e+03 2.162639110589485991e-01
1.477846885831224199e+03 2.261586259675003596e-01
1.477153409763149057e+03 2.161746286645689352e-01
1.476460667144114950e+03 2.107293094138466827e-01
1.475768535732614737e+03 2.104815085493772497e-01
1.475077137770155559e+03 2.127260425562954305e-01
1.474386351015230048e+03 2.083405541544997852e-01
1.473696297709345572e+03 2.081974005964196128e-01
1.473006855610994990e+03 2.262603727442260293e-01
1.472318146961685216e+03 2.135944309872330193e-01
1.471630171761416250e+03 2.163525882744642415e-01
1.470942807768681405e+03 2.223728256345249010e-01
1.470256177224987141e+03 2.109244075950420794e-01
1.469570157888826998e+03 2.208797228182435568e-01
1.468884749760200975e+03 2.182231889632011701e-01
1.468200075080615534e+03 2.186109262320883595e-01
1.467516133850070901e+03 2.178825736215168063e-01
1.466832803827060388e+03 2.186284649613252362e-01
1.466150085011583769e+03 2.091096743136188207e-01
1.465468099645147959e+03 2.145456981972699850e-01
1.464786725486246269e+03 2.085969303318344070e-01
1.464106084776385387e+03 2.232914638068555779e-01
1.463426055274058399e+03 2.220674737649725727e-01
1.462746759220772219e+03 2.128190216412438329e-01
1.462068074375019933e+03 2.176780655931636888e-01
1.461390000736801767e+03 2.180920344036322289e-01
1.460712538306117722e+03 2.281828870727914127e-01
1.460035931565980945e+03 2.130500713034675642e-01
1.459359813791871602e+03 2.141191344025862586e-01
1.458684429466803067e+03 2.185227709853155842e-01
1.458009656349268425e+03 2.185850354971155818e-01
1.457335616680774820e+03 2.191501998796446249e-01
1.456662188219814880e+03 2.178934629018431102e-01
1.455989370966389060e+03 2.118142196540146460e-01
1.455317287162004050e+03 2.146788930217863600e-01
1.454645814565153159e+03 2.091974816678790206e-01
1.453974953175836163e+03 2.186232744414857154e-01
1.453304702994053059e+03 2.196062551799216334e-01
1.452635308502817679e+03 2.177519253324942672e-01
1.451966402977609505e+03 2.161365224552157238e-01
1.451298108659935451e+03 2.167234026140946734e-01
1.450630547791301979e+03 2.133840513034453990e-01
1.449963598130202627e+03 2.234602061583982890e-01
1.449297259676637168e+03 2.147554959287032716e-01
1.448631654672112518e+03 2.163112708460142863e-01
1.447966660875121988e+03 2.189072460621315497e-01
1.447302156044158664e+03 2.164544252560483550e-01
1.446638506903742837e+03 2.113646696055038188e-01
1.445975346729354214e+03 2.097975067280166694e-01
1.445313042245513088e+03 2.143780570135078445e-01
1.444651104486192480e+03 2.266088755980689151e-01
1.443989900175912680e+03 2.251442012567175521e-01
1.443329429314673689e+03 2.218686161407736335e-01
1.442669447419461903e+03 2.276974014901182730e-01
1.442010198973290926e+03 2.130866798631756431e-01
1.441351561734653842e+03 2.163890148534623747e-01
1.440693535703550879e+03 2.220765263855040694e-01
1.440035998638474894e+03 2.208471406015191929e-01
1.439379439505453547e+03 2.179882977259693932e-01
1.439379317263946859e+03 2.128999268029772296e-01
1.439160627208281994e+03 2.176418455747693159e-01
1.438941814911110441e+03 2.013104656784167057e-01
1.438723247096952491e+03 2.127743555635068229e-01
1.438723124855445803e+03 2.148104060656769454e-01
1.438504557041287853e+03 2.237137033199884384e-01
1.438286111468636591e+03 2.145112659116214793e-01
1.438067788137492244e+03 2.317252200040439691e-01
1.438067665895985556e+03 2.135718274190527288e-01
1.437849342564841209e+03 2.154878465680112321e-01
1.437631141475203549e+03 2.038312744211787375e-01
1.437412940385566117e+03 2.075948207571552406e-01
1.437412818144059202e+03 2.075942265189202329e-01
1.437194494812914854e+03 2.129478501480420172e-01
1.436976538206291025e+03 2.104373914791706768e-01
1.436758703841173883e+03 2.010463120675696214e-01
1.436758581599666968e+03 2.233476307788962723e-01
1.436540624993043139e+03 2.119532219411280893e-01
1.436322668386419082e+03 2.015473635646967132e-01
1.436104956262808855e+03 2.184202296048421976e-01
1.435887244139198401e+03 2.188815296657383724e-01
1.435669532015588175e+03 2.168686420816551552e-01
1.435451942133484636e+03 2.158604814770166691e-01
1.435234474492887784e+03 2.154537888376439059e-01
1.435017006852291161e+03 2.212881749453524671e-01
1.434799539211694309e+03 2.106843379141600803e-01
1.434582316054111288e+03 2.221704686195178080e-01
1.434364970655021352e+03 2.187543334065835954e-01
1.434147747497438104e+03 2.135537191495912035e-01
1.433930646581361771e+03 2.140385692995992462e-01
1.433713667906792352e+03 2.166015567373751338e-01
1.433496689232222707e+03 2.165489072935195825e-01
1.433279710557653289e+03 2.045182147912948945e-01
1.433062976366097246e+03 2.230909638513628168e-01
1.432846119933034515e+03 2.046212689259291340e-01
1.432629385741478472e+03 2.004775737086991472e-01
1.432412773791429345e+03 1.983392607371781968e-01
1.432196284082887132e+03 1.932408056763447179e-01
1.431979794374344692e+03 2.053482522956441569e-01
1.431763304665802252e+03 1.956050601990053095e-01
1.431546937198766727e+03 1.819143704399817651e-01
1.431330691973238117e+03 2.058356069579251879e-01
1.431114446747709280e+03 2.185355187963654577e-01
1.430898323763687358e+03 2.186621982782125939e-01
1.430682323021172124e+03 2.210735395987812324e-01
1.430466200037150202e+03 2.107902134207028100e-01
1.430250199294635195e+03 2.140763154129025347e-01
1.430034198552119960e+03 2.175643140383081708e-01
1.429818564534125244e+03 2.148430055295978136e-01
1.429602808274623612e+03 2.200975914683827861e-01
1.429387174256628896e+03 2.178528863062287046e-01
1.429171662480141094e+03 2.226016429646723027e-01
1.428956028462146151e+03 2.154198277256646477e-01
1.428740516685658349e+03 2.307836440116212973e-01
1.428525127150677235e+03 2.114065929815404088e-01
1.428309859857202810e+03 2.283345438534861438e-01
1.428094592563728384e+03 2.282721244093396107e-01
1.427879325270254185e+03 2.292693898039822042e-01
1.427664180218286447e+03 2.212127099571253586e-01
1.427449279649332539e+03 2.285730375237666478e-01
1.427234134597365028e+03 2.235081333068643650e-01
1.427019234028411120e+03 2.125942825577220308e-01
1.426804455700963899e+03 2.375867187089412136e-01
1.426589677373516906e+03 2.262506446263442272e-01
1.426374899046069686e+03 2.159928701360547543e-01
1.426160242960129381e+03 2.306043805841228589e-01
1.425945709115695763e+03 2.203579229531173467e-01
1.425731175271262146e+03 2.247101425829304555e-01
1.425516763668335443e+03 2.310101989422685964e-01
1.425302352065408741e+03 2.145769430131639621e-01
1.425088062703988726e+03 2.152002812679348065e-01
1.424873773342568711e+03 2.178525717057429589e-01
1.424659606222655611e+03 2.186919066340018425e-01
1.424445316861235597e+03 2.274758479696074864e-01
1.424231516465843015e+03 2.217097347545210206e-01
1.424017471587436603e+03 2.283137456314172364e-01
1.423803548950537106e+03 2.162386439125366100e-01
1.423589748555144297e+03 2.219030152622552821e-01
1.423375948159751488e+03 2.238444527570526699e-01
1.423162270005865594e+03 2.212253149941932340e-01
1.422948469610472785e+03 2.135701616374120204e-01
1.422735158181107181e+03 2.247496339174605007e-01
1.422521602268728202e+03 2.159842465375921561e-01
1.422308168597855683e+03 2.187690991203981306e-01
1.422094734926983392e+03 2.325871313367317283e-01
1.421881545739124704e+03 2.131960804810901222e-01
1.421668234309759100e+03 2.276558493471721734e-01
1.421455045121900412e+03 2.151726337230601971e-01
1.421241855934041723e+03 2.259095779140843918e-01
1.421028911229196410e+03 2.183640003892499126e-01
1.420815966524351325e+03 2.218916779438069309e-01
1.420603021819506239e+03 2.236036401359512982e-01
1.420390321597674529e+03 2.352388637797703241e-01
1.420177376892829443e+03 2.142359424516907529e-01
1.419964798912504648e+03 2.185797421275100516e-01
1.419752098690673165e+03 2.193326963003407459e-01
1.419539642951855285e+03 2.201242750749322907e-01
1.419327064971530490e+03 2.225174882681122679e-01
1.419114609232712382e+03 2.273530369181445687e-01
1.418902275735401417e+03 2.149522181261798448e-01
1.418690064479596913e+03 2.261864220675411929e-01
1.418477853223792636e+03 2.155034191440257929e-01
1.418265641967988358e+03 2.265108410861114141e-01
1.418053430712183854e+03 2.219265403062130881e-01
1.417841586180899867e+03 2.201758941706853101e-01
1.417629497166602505e+03 2.212098183590621991e-01
1.417417530393811603e+03 2.203568342493845145e-01
1.417205808104034531e+03 2.242336273208773156e-01
1.416994085814257232e+03 2.259354697352823071e-01
1.416782363524480161e+03 2.223718565066897801e-01
1.416570641234703089e+03 2.172891619466888191e-01
1.416359163427939393e+03 2.191208025852806884e-01
1.416147685621175924e+03 2.119167493355801068e-01
1.415936207814412455e+03 2.312574614773064696e-01
1.415724852249155674e+03 2.226113757318520237e-01
1.415513496683898893e+03 2.205874062075512121e-01
1.415302385601655715e+03 2.275308405559267333e-01
1.415091152277905621e+03 2.277240971590130947e-01
1.414880041195662670e+03 2.248494914137953160e-01
1.414668930113419492e+03 2.219686445307829381e-01
1.414458063514189917e+03 2.199710953990585138e-01
1.414247196914960341e+03 2.181741996886717994e-01
1.414036330315730766e+03 2.334964915515059802e-01
1.413825585958007878e+03 2.203764180608127898e-01
1.413614963841792132e+03 2.176380119755466080e-01
1.413404219484069245e+03 2.157981051511617954e-01
1.413193475126346584e+03 2.244566157236164983e-01
1.412983219734650902e+03 2.156308640054201142e-01
1.412772719859941844e+03 2.308633824709738491e-01
1.412562342226739474e+03 2.163966625007432143e-01
1.412351964593537105e+03 2.266398531458435339e-01
1.412141831443348337e+03 2.345856631175203544e-01
1.411931698293159570e+03 2.174843866868628184e-01
1.411721565142970803e+03 2.290691644837430929e-01
1.411511431992782036e+03 2.224166972687804944e-01
1.411301543325606872e+03 2.211921438953494690e-01
1.411091654658431708e+03 2.252449052246610073e-01
1.410881765991256543e+03 2.192941044057388766e-01
1.410671877324081379e+03 2.211666949363859658e-01
1.410462233139919817e+03 2.235499326624508509e-01
1.410252588955758256e+03 2.293593280144144431e-01
1.410043067013103609e+03 2.146148692611329900e-01
1.409833422828942048e+03 2.230462900636147050e-01
1.409624145369300777e+03 2.301448731507702017e-01
1.409414623426646131e+03 2.289821431187177847e-01
1.409205345967004860e+03 2.212633403062946591e-01
1.408996068507363816e+03 2.232676269062568164e-01
1.408786913289229460e+03 2.121938365440692864e-01
1.408577758071095104e+03 2.223040561662441017e-01
1.408368725094467436e+03 2.231115692726155508e-01
1.408159692117839768e+03 2.197685650125201229e-01
1.407950781382719015e+03 2.260241141676812837e-01
1.407741870647598262e+03 2.202027710813123373e-01
1.407533082153984424e+03 2.316502383502929419e-01
1.407324293660370358e+03 2.220294009152999903e-01
1.407115627408263208e+03 2.191372455475895931e-01
1.406907083397662973e+03 2.232387153170226901e-01
1.406698539387062510e+03 2.260675903810559217e-01
1.406489995376462275e+03 2.214486049409878643e-01
1.406281573607368500e+03 2.107449882642951633e-01
1.406073396321288556e+03 2.181604461010228091e-01
1.405864974552195008e+03 2.268343981801194398e-01
1.405656797266115063e+03 2.281568142156045198e-01
1.405448619980035119e+03 2.208792202791449721e-01
1.405240564935462089e+03 2.295803628808772145e-01
1.405032509890888832e+03 2.244889149024102415e-01
1.404824577087822490e+03 2.291963553400111764e-01
1.404616644284756148e+03 2.318206647517958852e-01
1.404408955964703409e+03 2.219964541482847553e-01
1.404201145403143755e+03 2.232822206031742363e-01
1.403993334841584101e+03 2.326954603063160487e-01
1.403785768763038277e+03 2.142284647157801925e-01
1.403578202684492226e+03 2.257267343133786963e-01
1.403370758847453089e+03 2.247609186063773135e-01
1.403163192768907038e+03 2.228555713306121233e-01
1.402955871173374817e+03 2.178493704640473982e-01
1.402748671819349283e+03 2.320455446345073836e-01
1.402541350223816835e+03 2.208609119833161438e-01
1.402334150869791301e+03 2.195534719608564778e-01
1.402126951515765768e+03 2.236590945234012417e-01
1.401919996644753837e+03 2.227476197615802789e-01
1.401713041773741679e+03 2.279702491186479385e-01
1.401506086902729749e+03 2.242206454742050881e-01
1.401299132031717818e+03 2.304495621955860718e-01
1.401092299402212802e+03 2.251903639379856659e-01
1.400885589014214247e+03 2.243616801494238977e-01
1.400679000867722834e+03 2.297493072799781377e-01
1.400472412721231194e+03 2.299458153194202936e-01
1.400265824574739554e+03 2.347678069259096223e-01
1.400059358669754829e+03 2.249598552697812670e-01
1.399853015006276792e+03 2.261499815827806015e-01
1.399646549101292067e+03 2.261224593607836508e-01
1.399440327679320944e+03 2.257065489485659548e-01
1.399234106257349822e+03 2.264007527047919299e-01
1.399028007076885388e+03 2.196252332694647591e-01
1.398821785654914265e+03 2.202175229851413840e-01
1.398615808715956746e+03 2.193303852349134941e-01
1.398409954018505914e+03 2.257851219924335295e-01
1.398203854838041480e+03 2.195469467903210792e-01
1.397998122382097563e+03 2.220893339145950662e-01
1.397792267684646731e+03 2.326709323222831971e-01
1.397586535228702814e+03 2.341434263451454834e-01
1.397381047255772501e+03 2.242096492724182932e-01
1.397175437041335272e+03 2.250475603513327483e-01
1.396969826826898043e+03 2.357176258848830142e-01
1.396764216612461041e+03 2.258177533946589821e-01
1.396559095364051018e+03 2.360938844403387693e-01
1.396353729632627392e+03 2.225176517812546273e-01
1.396148363901203766e+03 2.269905613340764405e-01
1.395943242652793970e+03 2.286857690033074209e-01
1.395738121404383946e+03 2.190544791604000230e-01
1.395533000155973923e+03 2.172053463579408650e-01
1.395328001149070815e+03 2.312510940648664637e-01
1.395123002142167707e+03 2.237109079149318669e-01
1.394918125376771286e+03 2.219760801618104185e-01
1.394713370852881781e+03 2.181304840379115484e-01
1.394508616328992048e+03 2.246746529130931314e-01
1.394303861805102542e+03 2.326667078017499168e-01
1.394099107281213037e+03 2.237060119860080354e-01
1.393894719481843822e+03 2.275037146443255331e-01
1.393690209440967919e+03 2.234945346425218082e-01
1.393485699400091789e+03 2.230161724767007192e-01
1.393281311600722574e+03 2.155045261920449096e-01
1.393077046042860275e+03 2.243127882942640150e-01
1.392872780484997975e+03 2.246265207706912848e-01
1.392668637168642363e+03 2.220496468004661828e-01
1.392464493852286751e+03 2.290860095599512036e-01
1.392260350535931138e+03 2.393898088154083614e-01
1.392056451702589357e+03 2.259146832926838822e-01
1.391852430627740432e+03 2.246412967575713016e-01
1.391648531794398423e+03 2.257173390730736195e-01
1.391444632961056641e+03 2.195844393478927903e-01
1.391241100852234922e+03 2.175679668919453247e-01
1.391037324260399828e+03 2.207537193678549003e-01
1.390833669910071421e+03 2.287921732884483916e-01
1.390630137801249930e+03 2.151429550658712775e-01
1.390426605692428211e+03 2.200448391902029288e-01
1.390223195825113407e+03 2.313213929934062330e-01
1.390019785957798831e+03 2.217078672469715017e-01
1.389816498331990715e+03 2.185569482539063968e-01
1.389613210706182826e+03 2.336816354706996168e-01
1.389410167563388313e+03 2.263459175546611579e-01
1.389207002179087112e+03 2.306447781647457951e-01
1.389003836794786139e+03 2.294703821679386080e-01
1.388800793651991626e+03 2.261356631568099129e-01
1.388597872750704028e+03 2.307463580005129355e-01
1.388395074090923345e+03 2.254361583471630182e-01
1.388192275431142662e+03 2.390182266619398088e-01
1.387989476771361751e+03 2.236613178956892156e-01
1.387786800353087756e+03 2.156134403784458198e-01
1.387584246176320676e+03 2.202187764429130723e-01
1.387381569758046680e+03 2.290847148139187883e-01
1.387179137822786288e+03 2.201820811217640450e-01
1.386976705887525895e+03 2.273460937778350732e-01
1.386774273952265503e+03 2.303367141660344897e-01
1.386571964258512025e+03 2.208991225659564239e-01
1.386369776806265236e+03 2.332086113410218042e-01
1.386167467112511531e+03 2.262064211641486577e-01
1.385965401901771656e+03 2.307585243917129880e-01
1.385763336691031554e+03 2.382512038533406429e-01
1.385561393721798368e+03 2.272366890037795795e-01
1.385359450752565408e+03 2.326888713410066312e-01
1.385157507783332221e+03 2.317010414938781848e-01
1.384955687055605722e+03 2.243624862194332770e-01
1.384753866327879450e+03 2.309914185457024871e-01
1.384552290083166554e+03 2.322563659881068943e-01
1.384350591596946970e+03 2.311282498578499656e-01
1.384149015352234301e+03 2.298608698477351553e-01
1.383947439107521404e+03 2.275433011428131258e-01
1.383746107345822338e+03 2.223622797111670379e-01
1.383544653342616357e+03 2.258129232428077726e-01
1.383343321580917063e+03 2.285486761100316289e-01
1.383141989819217997e+03 2.470761580722660722e-01
1.382940902540532306e+03 2.278954584391749971e-01
1.382739815261846843e+03 2.233297731560498489e-01
1.382538605741654465e+03 2.313708814242322054e-01
1.382337640704475689e+03 2.236164855345403879e-01
1.382136675667296913e+03 2.246760462770204525e-01
1.381935832871624825e+03 2.331191663569148753e-01
1.381734990075952965e+03 2.200483268765279221e-01
1.381534147280280877e+03 2.343563576330244258e-01
1.381333426726115704e+03 2.315840408850645959e-01
1.381132706171950531e+03 2.423581419663755065e-01
1.380932230100798961e+03 2.343310845636286111e-01
1.380731754029647391e+03 2.349259500836948789e-01
1.380531277958495821e+03 2.295203071892676361e-01
1.380330801887344251e+03 2.310141919112487507e-01
1.380130448057699368e+03 2.342412910475183963e-01
1.379930216469561401e+03 2.247120413111107773e-01
1.379729984881423434e+03 2.202527090329595427e-01
1.379529753293285466e+03 2.257890355770972302e-01
1.379329643946654414e+03 2.260395005366042376e-01
1.379129779083036738e+03 2.273135554924347046e-01
1.378929791977912373e+03 2.297158546182174188e-01
1.378729804872788009e+03 2.238212671134279241e-01
1.378529940009170332e+03 2.272403716101763782e-01
1.378330075145552883e+03 2.319719779831297402e-01
1.378130332523442121e+03 2.309507267340257519e-01
1.377930712142838047e+03 2.370176700226068467e-01
1.377731091762234200e+03 2.272326477631574360e-01
1.377531593623136814e+03 2.348468215402751136e-01
1.377332095484039655e+03 2.247000718361917559e-01
1.377132719586449412e+03 2.267122163706994931e-01
1.376933343688858940e+03 2.350128307944357176e-01
1.376733967791268697e+03 2.281770580593654729e-01
1.376534714135184913e+03 2.344266841713907312e-01
1.376335460479101357e+03 2.345726933634295630e-01
1.376136451306031404e+03 2.278096815786147256e-01
1.375937319891454763e+03 2.286591244708700288e-01
1.375738310718384582e+03 2.305239780739395117e-01
1.375539301545314629e+03 2.273877576816337176e-01
1.375340414613751591e+03 2.265517498595246704e-01
1.375141772165201928e+03 2.375682227445606587e-01
1.374943007475145578e+03 2.368732020499914603e-01
1.374744242785089227e+03 2.260359600821050807e-01
1.374545600336539565e+03 2.217425012364850345e-01
1.374346957887989902e+03 2.327857090128860607e-01
1.374148559922454069e+03 2.383839358025073574e-01
1.373950039715411322e+03 2.241416448975718789e-01
1.373751641749875262e+03 2.382046766490389378e-01
1.373553243784339202e+03 2.319056448519494495e-01
1.373354968060310057e+03 2.293663585561590834e-01
1.373156814577787600e+03 2.279072451031751712e-01
1.372958538853758455e+03 2.376915331741870641e-01
1.372760507612742913e+03 2.349176824358721050e-01
1.372562476371727371e+03 2.142705120232835381e-01
1.372364445130711829e+03 2.433833072506524642e-01
1.372166658372709662e+03 2.276982692622515903e-01
1.371968749373201035e+03 2.247667761992300228e-01
1.371770962615199096e+03 2.299945584185850989e-01
1.371573053615690242e+03 2.339048148098359925e-01
1.371375511340701905e+03 2.334251828243306681e-01
1.371177969065713341e+03 2.286275775839866076e-01
1.370980426790725005e+03 2.341141919013776385e-01
1.370782884515736669e+03 2.315721973498648945e-01
1.370585342240748332e+03 2.291318488352177551e-01
1.370387922207266683e+03 2.294317965893034605e-01
1.370190746656798638e+03 2.330143578309391006e-01
1.369993448864823904e+03 2.337923931067809602e-01
1.369796273314355858e+03 2.209386131193512293e-01
1.369599097763888039e+03 2.135429880419436044e-01
1.369402044454926681e+03 2.280212419443303218e-01
1.369205113387472466e+03 2.221503708485392525e-01
1.369007937837004420e+03 2.325718892349905309e-01
1.368811129011056892e+03 2.342015109119180705e-01
1.368614320185109136e+03 2.333929025383810474e-01
1.368417511359161608e+03 2.249756646663357007e-01
1.368220824774720768e+03 2.262956961325826577e-01
1.368024138190280155e+03 2.298003623085174418e-01
1.367827451605839315e+03 2.409163088192363689e-01
1.367631009504412077e+03 2.282487055481370042e-01
1.367434445161478152e+03 2.413029437619119422e-01
1.367238003060050914e+03 2.284751148982904767e-01
1.367041805441637280e+03 2.281199727088003559e-01
1.366845363340210042e+03 2.213950946693468702e-01
1.366649165721796635e+03 2.303445037347265079e-01
1.366452845861876085e+03 2.358055585896079720e-01
1.366256770484969365e+03 2.356196836185673327e-01
1.366060817349569334e+03 2.449409699853493383e-01
1.365864741972662614e+03 2.327964115019368896e-01
1.365668788837262582e+03 2.470132885591922733e-01
1.365472835701862550e+03 2.216735259910705413e-01
1.365277004807969433e+03 2.288624495703318329e-01
1.365081418397089919e+03 2.258952946446564358e-01
1.364885587503196575e+03 2.347881964350787831e-01
1.364690001092317061e+03 2.307419427719581695e-01
1.364494292439930632e+03 2.320319899567188926e-01
1.364298828270557806e+03 2.253100620002743415e-01
1.364103364101184980e+03 2.259090305633235374e-01
1.363907899931812381e+03 2.313440962661458544e-01
1.363712558003946242e+03 2.354201526819757195e-01
1.363517216076080331e+03 2.339630378742126038e-01
1.363321996389721107e+03 2.350825001031451034e-01
1.363126776703361884e+03 2.239132217632430477e-01
1.362931679258509575e+03 2.282076706010542633e-01
1.362736704055163955e+03 2.305385430168357397e-01
1.362541484368804731e+03 2.213628792488785135e-01
1.362346631406966026e+03 2.421330732507832317e-01
1.362151778445127093e+03 2.283777866747623009e-01
1.361957047724795075e+03 2.334771814331850770e-01
1.361762194762956369e+03 2.351561967548856935e-01
1.361567464042624351e+03 2.280236957729436797e-01
1.361372733322292333e+03 2.308336899398940878e-01
1.361178124843467231e+03 2.189249758212685748e-01
1.360983638606148816e+03 2.260189788554302359e-01
1.360789274610337316e+03 2.306463555337961713e-01
1.360594788373018901e+03 2.302087170500737856e-01
1.360400424377207173e+03 2.254813911195737985e-01
1.360206060381395673e+03 2.267500067149142984e-01
1.360011696385584173e+03 2.343570940381843049e-01
1.359817699114292964e+03 2.246368335787886361e-01
1.359623579601494839e+03 2.314219638754341224e-01
1.359429460088696942e+03 2.306289891690547211e-01
1.359235462817405732e+03 2.403401380137415999e-01
1.359041465546114523e+03 2.251446070224064067e-01
1.358847590516330001e+03 2.296002113674469602e-01
1.358653837728052622e+03 2.257520895125255667e-01
1.358459962698268100e+03 2.316628417175851939e-01
1.358266209909990494e+03 2.293925292388928061e-01
1.358072579363219802e+03 2.287027530750906090e-01
1.357878948816448883e+03 2.408329592899372262e-01
1.357685440511184879e+03 2.334667402822972471e-01
1.357491932205920875e+03 2.299549624502372769e-01
1.357298546142163786e+03 2.261968571103871450e-01
1.357105160078406470e+03 2.333074561432567917e-01
1.356911774014649382e+03 2.234908998581782436e-01
1.356718510192398981e+03 2.312951083317916490e-01
1.356525368611655267e+03 2.248207806139568832e-01
1.356332227030911781e+03 2.263627021541908813e-01
1.356139207691674983e+03 2.271420601657050120e-01
1.355946066110931497e+03 2.346210990487112291e-01
1.355753169013201386e+03 2.325608815943456531e-01
1.355560149673964588e+03 2.285822893602146022e-01
1.355367497059248308e+03 2.314725968097159081e-01
1.355174599961518197e+03 2.260297640831173960e-01
1.354981825105295002e+03 2.261228667923979863e-01
1.354789172490578721e+03 2.298114606792932280e-01
1.354596519875862214e+03 2.365761413626804865e-01
1.354404111744159536e+03 2.295511348905723004e-01
1.354211581370949943e+03 2.360439344586869326e-01
1.354019050997740351e+03 2.343028569941432160e-01
1.353826642866037446e+03 2.291374239544915203e-01
1.353634234734334541e+03 2.350470482397615801e-01
1.353441948844138551e+03 2.367433997920607158e-01
1.353249907436956164e+03 2.274556731554027433e-01
1.353057743788267089e+03 2.265242169055234067e-01
1.352865580139577787e+03 2.305418144921592138e-01
1.352673538732395400e+03 2.378957737869670519e-01
1.352481497325213013e+03 2.311684910200823284e-01
1.352289578159537541e+03 2.259068248126356038e-01
1.352097781235368757e+03 2.332379000475207353e-01
1.351905984311199973e+03 2.327573838191181743e-01
1.351714187387030961e+03 2.250753042173802565e-01
1.351522390462862177e+03 2.318984767643368639e-01
1.351330715780200308e+03 2.318493315147183709e-01
1.351139041097538211e+03 2.212706676505722392e-01
1.350947733139396632e+03 2.335968916309346388e-01
1.350756180698241451e+03 2.177647454859178988e-01
1.350564750498593185e+03 2.275321361757350891e-01
1.350373442540451379e+03 2.352087496049664050e-01
1.350182134582309800e+03 2.348847231127321467e-01
1.349990826624168221e+03 2.275575080541731854e-01
1.349799763149040245e+03 2.279622230718812148e-01
1.349608577432405582e+03 2.241957430739750234e-01
1.349417513957277379e+03 2.281138822928457932e-01
1.349226450482149403e+03 2.273544239654496368e-01
1.349035509248528342e+03 2.366053904130252239e-01
1.348844568014907054e+03 2.283890728964716177e-01
1.348653749022792681e+03 2.348231594806300115e-01
1.348463052272184996e+03 2.192898812679907050e-01
1.348272233280070623e+03 2.377878911994040778e-01
1.348081536529463165e+03 2.316003829886834897e-01
1.347890962020362394e+03 2.252084969395259928e-01
1.347700387511261397e+03 2.434584137195610343e-01
1.347509935243667542e+03 2.291993641921326041e-01
1.347319360734566771e+03 2.289868455263080749e-01
1.347129030708479604e+03 2.365289884844413715e-01
1.346938700682392209e+03 2.247052317198340310e-01
1.346748370656305042e+03 2.213872043461844186e-01
1.346558162871724790e+03 2.261685073687093039e-01
1.346368077328650998e+03 2.190431067226905337e-01
1.346177991785577433e+03 2.225240559288780007e-01
1.345987906242503868e+03 2.284430210061748900e-01
1.345797942940936991e+03 2.336135814451935355e-01
1.345607979639370342e+03 2.263991118296260208e-01
1.345418016337803465e+03 2.347497075764258812e-01
1.345228297519250191e+03 2.306005279261014451e-01
1.345038456459190229e+03 2.281956308914043774e-01
1.344848737640637182e+03 2.335330667220805734e-01
1.344659141063590596e+03 2.299603063168893236e-01
1.344469422245037549e+03 2.280418720026160251e-01
1.344279947909497878e+03 2.276827336559126280e-01
1.344090351332451519e+03 2.265332940079355095e-01
1.343901121479925450e+03 2.279131215742012662e-01
1.343711647144385779e+03 2.249346051751622277e-01
1.343522295050353023e+03 2.277787122818219767e-01
1.343333065197826954e+03 2.322170764314999136e-01
1.343143835345301113e+03 2.300263526839387562e-01
1.342954727734281960e+03 2.235913343431596978e-01
1.342765620123262579e+03 2.320488189348206276e-01
1.342576634753750341e+03 2.249355903229464382e-01
1.342387527142730960e+03 2.292026931986148319e-01
1.342198664014725409e+03 2.270150327830641468e-01
1.342009800886719859e+03 2.287795329472996908e-01
1.341820937758714308e+03 2.285496168465409317e-01
1.341632196872215445e+03 2.287989126734752410e-01
1.341443578227223497e+03 2.303386052562430564e-01
1.341254959582231322e+03 2.233365562864570719e-01
1.341066340937239374e+03 2.329075742768852986e-01
1.340877722292247427e+03 2.311722230920202625e-01
1.340689225888762167e+03 2.324032636332935831e-01
1.340500851726783822e+03 2.263779114838429252e-01
1.340312477564805477e+03 2.220992950198072136e-01
1.340124225644333819e+03 2.360059725668802733e-01
1.339935973723862162e+03 2.198662688844070789e-01
1.339747721803390505e+03 2.262966071919823852e-01
1.339559592124425762e+03 2.344807135065105630e-01
1.339371462445461020e+03 2.224738628361790926e-01
1.339183332766496051e+03 2.336180129393867766e-01
1.338995447570544911e+03 2.280557021118668481e-01
1.338807562374593772e+03 2.257273200040949002e-01
1.338619554937135717e+03 2.271486820756933589e-01
1.338431791982691266e+03 2.273944760973523049e-01
1.338244029028247041e+03 2.291376009358998267e-01
1.322302025160465064e+03 2.206680358640843165e-01
1.322119029624785981e+03 2.312426039514400844e-01
1.321936034089106670e+03 2.238724323043043973e-01
1.321753038553427587e+03 2.269868106332834923e-01
1.321570287500761879e+03 2.225717962881382794e-01
1.304794352073592336e+03 2.352928712597876504e-01
1.304616368439691769e+03 2.307240670233637603e-01
1.304438507047298344e+03 2.361994766756625452e-01
1.304260645654904692e+03 2.344067388913772532e-01
1.304082784262511041e+03 2.354310645421152925e-01
1.286903451862902330e+03 2.316675626075712924e-01
1.286730724613794109e+03 2.309281079484400701e-01
1.286557875123179429e+03 2.332803890275802483e-01
1.286385147874071208e+03 2.380325664558749499e-01
1.286212420624963215e+03 2.374493033364778738e-01
1.286039815617362137e+03 2.400224083522154161e-01
1.285867210609760832e+03 2.298571955045317083e-01
1.285694605602159527e+03 2.387022391253361964e-01
1.285522122836065137e+03 2.327587633584907445e-01
1.285349640069970746e+03 2.364298429239152233e-01
1.285177401786889732e+03 2.343981742335020935e-01
1.285005041262302257e+03 2.459574638510913791e-01
1.284832680737714554e+03 2.354074370866424404e-01
1.284660442454633767e+03 2.362135328509449017e-01
1.284488204171552979e+03 2.400049651694867447e-01
1.284316088129978880e+03 2.324656608043835782e-01
1.284143972088404780e+03 2.394618544935615267e-01
1.283971856046830680e+03 2.379435651876841418e-01
1.283799862246763496e+03 2.413515336020953250e-01
1.283627868446696311e+03 2.360977971248886809e-01
1.283455996888135815e+03 2.339068621490799638e-01
1.283284125329575318e+03 2.406537700898331023e-01
1.283112253771015048e+03 2.367148243071881264e-01
1.282940504453961239e+03 2.363021002720582242e-01
1.282768755136907657e+03 2.468857217623844080e-01
1.282597250302867678e+03 2.558833947752190974e-01
1.282425623227320784e+03 2.414533314879878656e-01
1.282253996151773890e+03 2.451550763000697186e-01
1.282082491317733911e+03 2.356620494956623291e-01
1.281911108725200620e+03 2.400102798011262417e-01
1.281739603891160641e+03 2.355491681479043586e-01
1.281568221298627350e+03 2.407613219402651716e-01
1.281396838706094286e+03 2.333969527676424960e-01
1.281225578355067682e+03 2.469689646621833212e-01
1.281054318004041306e+03 2.409963183940780351e-01
1.280883057653014930e+03 2.394701045345372925e-01
1.280712041785001929e+03 2.313662428932069526e-01
1.280540903675482468e+03 2.335882098604638579e-01
1.280369765565962780e+03 2.414806374298409386e-01
1.280198871939456694e+03 2.229522622132218690e-01
1.280027856071443921e+03 2.341629774795858654e-01
1.279857084686444523e+03 2.384163375158013798e-01
1.279686191059938665e+03 2.404440674117319376e-01
1.279515419674939267e+03 2.377371024397171295e-01
1.279344648289940096e+03 2.396577969643127470e-01
1.279173999146447613e+03 2.383407605270370655e-01
1.279003227761448443e+03 2.307161476036150016e-01
1.278832700859462648e+03 2.431189248547276638e-01
1.278662051715970392e+03 2.421637102613141412e-01
1.278491647055491512e+03 2.340703273044236199e-01
1.278321120153505717e+03 2.518872654021744872e-01
1.278150715493027064e+03 2.428774428131624252e-01
1.277980310832548184e+03 2.425841549352326099e-01
1.277810028413575992e+03 2.368942705056328035e-01
1.277639745994604027e+03 2.344403935396578709e-01
1.277469463575632062e+03 2.281532804643811030e-01
1.277299303398166785e+03 2.344108086785985923e-01
1.277129143220701508e+03 2.303540585822193010e-01
1.276959227526249833e+03 2.348432521161634978e-01
1.276789189590291471e+03 2.369904518203413135e-01
1.276619151654333109e+03 2.408769108208223819e-01
1.276449235959881435e+03 2.377097944313334710e-01
1.276279442506936448e+03 2.446803150396006932e-01
1.276109526812484773e+03 2.444082469798314339e-01
1.275939733359540014e+03 2.394599715143841401e-01
1.275769939906595255e+03 2.376821262450551642e-01
1.275600268695157183e+03 2.283090140125926537e-01
1.275430597483719112e+03 2.268464077144879132e-01
1.275260926272281040e+03 2.347918124026656950e-01
1.275091499543856571e+03 2.457237551887083149e-01
1.274921828332418499e+03 2.417263577298885135e-01
1.274752401603994031e+03 2.378495708636982897e-01
1.274582974875569562e+03 2.412742509737184349e-01
1.274413670388652008e+03 2.518796975884795564e-01
1.274244243660227539e+03 2.448884075830745910e-01
1.274075061414816673e+03 2.352377261249868345e-01
1.273905879169405807e+03 2.361731899039085369e-01
1.273736696923994941e+03 2.379647341020590112e-01
1.273567636920090990e+03 2.354036888554828788e-01
1.273398576916187039e+03 2.423990158024361685e-01
1.273229639153789776e+03 2.439883480717629505e-01
1.273229516912282861e+03 2.439882968568292121e-01
1.273060579149885598e+03 2.400433479064487119e-01
1.273060456908378910e+03 2.338118138400916424e-01
1.272891763628995250e+03 2.423345685205019751e-01
1.272891641387488335e+03 2.446709384469565873e-01
1.272722825866597987e+03 2.399059354691970014e-01
1.272722703625091071e+03 2.344560005197887098e-01
1.272553888104200723e+03 2.289507326176217772e-01
1.272553765862694036e+03 2.359562058287109076e-01
1.272384950341803460e+03 2.343772878776545499e-01
1.272216257062419800e+03 2.414454488982903935e-01
1.272047563783036139e+03 2.336990310155430961e-01
1.271878870503652479e+03 2.422215917095633109e-01
1.271710299465775734e+03 2.521577953573238551e-01
1.271541728427898761e+03 2.426971358098948262e-01
1.271373157390022016e+03 2.387399442642025582e-01
1.271204708593651958e+03 2.349108533060415838e-01
1.271036259797281900e+03 2.474800936593119505e-01
1.270867933242418758e+03 2.374433171683184574e-01
1.270699606687555388e+03 2.413544953524490444e-01
1.270531280132692245e+03 2.305317838803702668e-01
1.270363198060842478e+03 2.346553205144527587e-01
1.270194993747486023e+03 2.381512819318249707e-01
1.270026789434129569e+03 2.377423952298971521e-01
1.269858707362280029e+03 2.347884985849584549e-01
1.269690747531937177e+03 2.515250084714550360e-01
1.269522665460087410e+03 2.449882409753759704e-01
1.269354705629744558e+03 2.478957822107517583e-01
1.269186868040908621e+03 2.575304610485577572e-01
1.269019030452072457e+03 2.876078137666135959e-01
1.268851192863236520e+03 2.797253485401636208e-01
1.268683355274400355e+03 2.838927104838526727e-01
1.268515762168578021e+03 2.806725256831667514e-01
1.268348046821248772e+03 2.645858539505763773e-01
1.268180331473919523e+03 2.483060411065231010e-01
1.268012860609603877e+03 2.473903254561253262e-01
1.267845267503781315e+03 2.580694998535905671e-01
1.267677796639465669e+03 2.436060720447708883e-01
1.267510325775150022e+03 2.418222110474572695e-01
1.267343099393847979e+03 2.455193768173516700e-01
1.267175628529532332e+03 2.484059800261960715e-01
1.267008279906723601e+03 2.563006681596740055e-01
1.266841053525421557e+03 2.367709469199844596e-01
1.266673827144119514e+03 2.541677967009586259e-01
1.266506723004324158e+03 2.574999937122157134e-01
1.266339741106035717e+03 2.438035573001843259e-01
1.266172636966240589e+03 2.544305028872607122e-01
1.266005655067952148e+03 2.473827267333995605e-01
1.265838673169663707e+03 2.449259850047799392e-01
1.265671691271375266e+03 2.493225959564822625e-01
1.265504831614593513e+03 2.391081572787304155e-01
1.265337971957811760e+03 2.474887034527880336e-01
1.265171356784043837e+03 2.424882891279717401e-01
1.265004497127262084e+03 2.494285207281196626e-01
1.264837759711987246e+03 2.439844359160397991e-01
1.264671144538219323e+03 2.438745752158576197e-01
1.264504529364451173e+03 2.549784621791765238e-01
1.264338036432189938e+03 2.513299722971559791e-01
1.264171543499928703e+03 2.586106674989891441e-01
1.264005050567667467e+03 2.439883920412192486e-01
1.263838679876912920e+03 2.391657380463223515e-01
1.263672309186158600e+03 2.416992319024502123e-01
1.263505938495404052e+03 2.265118454138883020e-01
1.263339690046156420e+03 2.386922910149011923e-01
1.263173441596908788e+03 2.391688753619786723e-01
1.263007315389167843e+03 2.339729955144341511e-01
1.262841066939920211e+03 2.350185217128938353e-01
1.262675062973686181e+03 2.376886467011046222e-01
1.262508936765945464e+03 2.428790548576499064e-01
1.262342932799711434e+03 2.456980035746442470e-01
1.262177051074984092e+03 2.409263464348920802e-01
1.262011169350256750e+03 2.426578353283956879e-01
1.261845287625529636e+03 2.569642785036923005e-01
1.261679405900802294e+03 2.393845564359204925e-01
1.261513768659088782e+03 2.336052366424511695e-01
1.261348131417375043e+03 2.352390360736143771e-01
1.261182371934154617e+03 2.315258779183314575e-01
1.261016734692440878e+03 2.355937302093590591e-01
1.260851219692234054e+03 2.447125554986364082e-01
1.260685704692027230e+03 2.361838069958900610e-01
1.260520189691820406e+03 2.329535472600864909e-01
1.260354674691613582e+03 2.278219827550123644e-01
1.260189281932913445e+03 2.381560438012057801e-01
1.260024011415720224e+03 2.345687567888709302e-01
1.259858618657020088e+03 2.425340813051880262e-01
1.259693470381333782e+03 2.350274298724384925e-01
1.259528199864140561e+03 2.367877966890180597e-01
1.259363051588454027e+03 2.376107958091163430e-01
