# Wavelength, Reflectance
1.644480076893931937e+03 3.613544082545551706e-01
1.643613988026744437e+03 3.557645082480200283e-01
1.642748753651744437e+03 3.330294324810591511e-01
1.641884495839244437e+03 3.196034954754006785e-01
1.641021092518931937e+03 3.615297590253654381e-01
1.640158787831431937e+03 3.493039319698379996e-01
1.639297337636119437e+03 3.381812891992121983e-01
1.638436864003306937e+03 3.531974929864031276e-01
1.637577244862681937e+03 3.403371766772308460e-01
1.636718724354869437e+03 3.847466259155307711e-01
1.635861058339244437e+03 3.796777717072792879e-01
1.635004368886119437e+03 3.697590243411426614e-01
1.634148655995494437e+03 3.666896477763224027e-01
1.633293797597056937e+03 3.877151180349707738e-01
1.632439915761119437e+03 3.544500782593239530e-01
1.631586888417369437e+03 3.788561051629681375e-01
1.630734837636119437e+03 3.657747810878459460e-01
1.629883763417369437e+03 3.723472168814592753e-01
1.629033543690806937e+03 3.899194918524410691e-01
1.628184300526744437e+03 3.978462628488348973e-01
1.627335911854869437e+03 3.751727029330007013e-01
1.626488499745494437e+03 3.948686391273491525e-01
1.625642064198619437e+03 4.009517875364134731e-01
1.624796605214244437e+03 3.686995446498942397e-01
1.623951878651744437e+03 3.965599427039006031e-01
1.623108250722056937e+03 3.865486754820912085e-01
1.622265355214244437e+03 3.889329145362745987e-01
1.621423558339244437e+03 3.850791100194062566e-01
1.620582493886119437e+03 3.866641471241581973e-01
1.619742528065806937e+03 4.010934561749579519e-01
1.618903294667369437e+03 3.631955590341880979e-01
1.618065037831431937e+03 3.746038869021554585e-01
1.617227635487681937e+03 3.669798226000548502e-01
1.616391209706431937e+03 3.606685867442963045e-01
1.615555638417369437e+03 3.662487524443726050e-01
1.614721043690806937e+03 3.660698330396017219e-01
1.613887425526744437e+03 3.547768865329385957e-01
1.613054539784556937e+03 3.468563960752762965e-01
1.612222630604869437e+03 3.584746709515467256e-01
1.611391575917369437e+03 3.236809846273969726e-01
1.610561497792369437e+03 3.127088764478380134e-01
1.609732274159556937e+03 2.997396112638133769e-01
1.608903905018931937e+03 3.110243220885689497e-01
1.608076512440806937e+03 3.118193311815611879e-01
1.607249852284556937e+03 3.422668490103108474e-01
1.606424168690806937e+03 3.529746834156248236e-01
1.605599461659556937e+03 3.547172473896487155e-01
1.604775609120494437e+03 3.333576401946371504e-01
1.603952489003306937e+03 3.268359067083961844e-01
1.603130345448619437e+03 3.624865375783702381e-01
1.602309178456431937e+03 3.419573494283785209e-01
1.601488743886119437e+03 3.526313772511113220e-01
1.600669285878306937e+03 3.350256607700726197e-01
1.599850682362681937e+03 3.380401912785586105e-01
1.599032933339244437e+03 3.472788357398238213e-01
1.598216038807994437e+03 3.588154212724266601e-01
1.597399876698619437e+03 3.372554911834788616e-01
1.596585057362681937e+03 3.374075391255618728e-01
1.595770726307994437e+03 3.444990177930871145e-01
1.594957249745494437e+03 3.458415157407016549e-01
1.594144871815806937e+03 3.355650804149359900e-01
1.593333104237681937e+03 3.433019541805332753e-01
1.592522313222056937e+03 3.451012419752929605e-01
1.591712498768931937e+03 3.279995164845173061e-01
1.590903416737681937e+03 3.319364645122048763e-01
1.590095311268931937e+03 3.220068527140494408e-01
1.589287816151744437e+03 3.367383218468835704e-01
1.588481175526744437e+03 3.262424435859723748e-01
1.587675755604869437e+03 3.235500416950752856e-01
1.586870946034556937e+03 3.334859284272035929e-01
1.586066990956431937e+03 3.340541721061135449e-01
1.585264012440806937e+03 3.370664329090824474e-01
1.584461766347056937e+03 3.344635156937224574e-01
1.583660374745494437e+03 3.306573249719029772e-01
1.582859959706431937e+03 3.277426509459193116e-01
1.582060277089244437e+03 3.411446207569946432e-01
1.581261571034556937e+03 3.187067167943638535e-01
1.580463475331431937e+03 3.056144805164622280e-01
1.579666234120494437e+03 2.954657527616849078e-01
1.578870091542369437e+03 2.882695058361594564e-01
1.578074559315806937e+03 2.695252571909185768e-01
1.577280003651744437e+03 2.906930822784885571e-01
1.576486302479869437e+03 3.045215136510793230e-01
1.575693333729869437e+03 2.976382735823187575e-01
1.574901097401744437e+03 2.983985579899050555e-01
1.574109837636119437e+03 3.017688401235967266e-01
1.573319432362681937e+03 3.124142642784891177e-01
1.572529881581431937e+03 3.113174917737832059e-01
1.571741063222056937e+03 3.068462749473376272e-01
1.570952977284556937e+03 3.022924887759013135e-01
1.570165989979869437e+03 3.173192825301100473e-01
1.569379613026744437e+03 3.009169951798593146e-01
1.568594334706431937e+03 3.226710194795364695e-01
1.567809544667369437e+03 3.170455502651682300e-01
1.567025731190806937e+03 3.171749338558070286e-01
1.566242772206431937e+03 3.146945396064321221e-01
1.565460545643931937e+03 3.207777415714403446e-01
1.564679173573619437e+03 3.039377506314308586e-01
1.563898655995494437e+03 3.181231044992040013e-01
1.563118992909556937e+03 2.917299840790106291e-01
1.562339940175181937e+03 3.230621376410509060e-01
1.561561864003306937e+03 3.172119373411129706e-01
1.560784642323619437e+03 3.175644989554612940e-01
1.560008153065806937e+03 3.091958105688505376e-01
1.559232396229869437e+03 2.994774798590137954e-01
1.558457493886119437e+03 2.965482909305587889e-01
1.557683568104869437e+03 2.949933009469304368e-01
1.556910252675181937e+03 3.024478896218094071e-01
1.556137791737681937e+03 3.052885599345611101e-01
1.555366063222056937e+03 3.147512014790691537e-01
1.554595311268931937e+03 2.909608272663437578e-01
1.553825169667369437e+03 3.060724121619131100e-01
1.553056004628306937e+03 2.908421601288609382e-01
1.553055882557994437e+03 3.011594319701337286e-01
1.552799779042369437e+03 3.100690975997733578e-01
1.552543553456431937e+03 3.053670828720734254e-01
1.552287572011119437e+03 3.120981980521380095e-01
1.552287449940806937e+03 3.029497698113272075e-01
1.552031590565806937e+03 3.185472688074946213e-01
1.551519871815806937e+03 3.129589922825637971e-01
1.550753026112681937e+03 2.998138348964514144e-01
1.549986912831431937e+03 2.970662088857578542e-01
1.549221654042369437e+03 3.127093523162990385e-01
1.548457249745494437e+03 2.986195545401752471e-01
1.547693455800181937e+03 2.836619424132797995e-01
1.546930516347056937e+03 3.063128381572938208e-01
1.546168431386119437e+03 2.896356048593495269e-01
1.545407200917369437e+03 2.944286646066447966e-01
1.544646580800181937e+03 2.966695564457214607e-01
1.543886693104869437e+03 2.884465730240043935e-01
1.543127781972056937e+03 2.744781945470296525e-01
1.542369725331431937e+03 2.797114059057216329e-01
1.541612279042369437e+03 2.935242352638761654e-01
1.540855565175181937e+03 2.987087346434376123e-01
1.540099705800181937e+03 2.895590803887321818e-01
1.539344578847056937e+03 3.179238750770115862e-01
1.538590428456431937e+03 3.049842616413355190e-01
1.537836888417369437e+03 3.065268754880457469e-01
1.537084080800181937e+03 2.969538091512321509e-01
1.536332127675181937e+03 2.888196052185966201e-01
1.535580662831431937e+03 2.859877740279330172e-01
1.534830540761119437e+03 3.035795703353307284e-01
1.534080662831431937e+03 2.953389431192972037e-01
1.533331883534556937e+03 2.947867094812858801e-01
1.532583714589244437e+03 2.993019613184471073e-01
1.531836278065806937e+03 2.881347542974252995e-01
1.531089818104869437e+03 3.123528107122677810e-01
1.530343968495494437e+03 2.932082355622823155e-01
1.529598851307994437e+03 3.003203624307205777e-01
1.528854466542369437e+03 2.942998411675500359e-01
1.528110936268931937e+03 2.968567462286398895e-01
1.527367894276744437e+03 2.950831185678187696e-01
1.526626072987681937e+03 3.033743609330289415e-01
1.525884617909556937e+03 3.047633491818820817e-01
1.525144261464244437e+03 2.973619075297437298e-01
1.524404393300181937e+03 2.815004882080455184e-01
1.523665379628306937e+03 3.102225745443295546e-01
1.522927098378306937e+03 2.971120263142424944e-01
1.522189671620494437e+03 2.942917045731593406e-01
1.521452855214244437e+03 3.031319227632198743e-01
1.520716771229869437e+03 2.996439328633748733e-01
1.519981419667369437e+03 2.978155842212821813e-01
1.519246922597056937e+03 2.972036568682641100e-01
1.518513035878306937e+03 3.061237597398248078e-01
1.517779881581431937e+03 2.936380135677607583e-01
1.517047825917369437e+03 2.886122801664924298e-01
1.516316258534556937e+03 2.891735423824998152e-01
1.515585301503306937e+03 2.835651337058561761e-01
1.515342015370494437e+03 2.976567864101051786e-01
1.515098729237681937e+03 3.082320210958170992e-01
1.514855321034556937e+03 2.957884784923200394e-01
1.514855198964244437e+03 2.885734086879651050e-01
1.514612156972056937e+03 3.035216678038665794e-01
1.514369114979869437e+03 2.916464761193445776e-01
1.514125828847056937e+03 3.011830100435552993e-01
1.513397191151744437e+03 2.904253222017084690e-01
1.512669285878306937e+03 3.019998204586764046e-01
1.511942113026744437e+03 3.035277887269054453e-01
1.511215794667369437e+03 2.960652024899548262e-01
1.510490086659556937e+03 2.948360169112551610e-01
1.509765111073619437e+03 2.956265033904921791e-01
1.509040867909556937e+03 2.967476828757744656e-01
1.508317357167369437e+03 3.038182779680719259e-01
1.507594578847056937e+03 2.898742144299709667e-01
1.506872532948619437e+03 2.934222304030453254e-01
1.506151219472056937e+03 2.915054354323186048e-01
1.505430638417369437e+03 2.936887101597850935e-01
1.504710911854869437e+03 2.966974531620910072e-01
1.503991673573619437e+03 2.955833122491348663e-01
1.503273102836238195e+03 2.867250835195374048e-01
1.502554166460104170e+03 2.989056233278298280e-01
1.501835963692516998e+03 3.041976154103998575e-01
1.501118616801568351e+03 2.889380667324956131e-01
1.500401881251075565e+03 3.000727949695783936e-01
1.499685879309129632e+03 2.957133256378484676e-01
1.498970610975731006e+03 2.856758187503373736e-01
1.498255953982788242e+03 2.973014152548305034e-01
1.497542152866483548e+03 2.926350825736533379e-01
1.496828963090634943e+03 3.057733860052849750e-01
1.496116629191424408e+03 2.959457164360869141e-01
1.495404906632669963e+03 3.027794471084370165e-01
1.494693917682462597e+03 2.962550035420543071e-01
1.493983540072710866e+03 3.043476593641645245e-01
1.493274018339597660e+03 2.998760313532869426e-01
1.492565107946940316e+03 2.903857205403743147e-01
1.491856931162830051e+03 2.951839877913141064e-01
1.491149487987266639e+03 2.839147297535528636e-01
1.490442656152159316e+03 3.110242110366780999e-01
1.489736557925599072e+03 3.090466826567446756e-01
1.489031193307585909e+03 3.045603971766876472e-01
1.488326562298119825e+03 3.134800413426883647e-01
1.487622542629109603e+03 3.004108691579385204e-01
1.486919256568646460e+03 3.120013649002163492e-01
1.486216581848639180e+03 3.203156100210918789e-01
1.485514763005270197e+03 3.111725385218324091e-01
1.484813555502357076e+03 3.188445457946031958e-01
1.484113081607991035e+03 3.090308568348512641e-01
1.483413219054080855e+03 3.199946335552335541e-01
1.482714212376808973e+03 3.248019214497759322e-01
1.482015694771901963e+03 3.205111207855872446e-01
1.481318033043633022e+03 3.179908722865391613e-01
1.480620982655819944e+03 3.294959155707807286e-01
1.479924543608462955e+03 3.291358866235228886e-01
1.479228960437744036e+03 3.355152788956288767e-01
1.478533866339389760e+03 3.311151952450914204e-01
1.477839628117674010e+03 3.376544069784108704e-01
1.477146001236413895e+03 3.442014827810185307e-01
1.476453107963701086e+03 3.288130042079339121e-01
1.475760826031444140e+03 3.196686096721284565e-01
1.475069277707734045e+03 3.235077705345330012e-01
1.474378340724480040e+03 3.407904754914752310e-01
1.473688137349773115e+03 3.466809939344144831e-01
1.472998545315522051e+03 3.511511214578895701e-01
1.472309686889818067e+03 3.592941531682180001e-01
1.471621562072661163e+03 3.505528628140544556e-01
1.470934048595960121e+03 3.649417389208886586e-01
1.470247268727806158e+03 3.614067807321938997e-01
1.469561100200108058e+03 3.652852779173023090e-01
1.468875543012866046e+03 3.737356472230316529e-01
1.468190719434170887e+03 3.699542830668697269e-01
1.467506629464022808e+03 3.760154785851555492e-01
1.466823150834330818e+03 3.763174293552863370e-01
1.466140283545094462e+03 3.677849189525285722e-01
1.465458149864405414e+03 3.808263874731423471e-01
1.464776627524172227e+03 3.857518631018123645e-01
1.464095838792485893e+03 3.938279153570879987e-01
1.463415661401255647e+03 4.027925497666187127e-01
1.462736217618572482e+03 3.828302207399874590e-01
1.462057385176345178e+03 3.828227851284371486e-01
1.461379164074573737e+03 3.976264562163708272e-01
1.460701554313258384e+03 3.900504899014450855e-01
1.460024800428581102e+03 4.076054124125248479e-01
1.459348535616268464e+03 3.975917804299620162e-01
1.458673004412503133e+03 4.025652592914885086e-01
1.457998084549193436e+03 4.028890382029357009e-01
1.457323898294431046e+03 4.132625599513169434e-01
1.456650323380124519e+03 4.019592863253447224e-01
1.455977359806273853e+03 4.184325352852933388e-01
1.455305129840970267e+03 3.971804289555893597e-01
1.454633511216122542e+03 4.121090907069697717e-01
1.453962503931730680e+03 4.028322543929842570e-01
1.453292107987794680e+03 4.101057247105066028e-01
1.452622567920496977e+03 4.187281550531191110e-01
1.451953516925564145e+03 4.110629905515263416e-01
1.451285077271086948e+03 4.187975868246028854e-01
1.450617371225157058e+03 4.300466766027739030e-01
1.449950276519683030e+03 4.131805686845395620e-01
1.449283793154664863e+03 4.106516427785305567e-01
1.448618043398193549e+03 4.188805478933235737e-01
1.447952904982178325e+03 4.235794403947600317e-01
1.447288255638527971e+03 4.235481724966219108e-01
1.446624462171515688e+03 4.292341867141972189e-01
1.445961157776868049e+03 4.123143392666745455e-01
1.445298709258858935e+03 4.115206707513804907e-01
1.444636627545123247e+03 4.143497022288430975e-01
1.443975279439934411e+03 4.156593820091732949e-01
1.443314664943292883e+03 4.132614193310504835e-01
1.442654539519015998e+03 4.140195347429466155e-01
1.441995147703286193e+03 4.033221517642615606e-01
1.441336367228012250e+03 4.131839026235480383e-01
1.440678198093194396e+03 4.119464501711081472e-01
1.440020518030740959e+03 4.115650755116137538e-01
1.439363816113017265e+03 3.891025173053199171e-01
1.439363693844926047e+03 3.714923107810821912e-01
1.439144956229806212e+03 3.876312277442394150e-01
1.438926096346595386e+03 3.749291633142838309e-01
1.438707480999566997e+03 3.864084338884188896e-01
1.438707358731475779e+03 3.734588949890891851e-01
1.438488743384447162e+03 3.796945383739042112e-01
1.438270250305509762e+03 3.887826393427626370e-01
1.438051879494663581e+03 3.714797594783267876e-01
1.438051757226572590e+03 3.939585994069855768e-01
1.437833386415726409e+03 3.740037829413980774e-01
1.437615137872971218e+03 3.734287381136058848e-01
1.437396889330216254e+03 3.573958686005301311e-01
1.437396767062125036e+03 3.764070298629060840e-01
1.437178396251278855e+03 3.533523030366321760e-01
1.436960392244706327e+03 3.608083373549239026e-01
1.436742510506224789e+03 3.454473468362492250e-01
1.436742388238133799e+03 3.695570086002435417e-01
1.436524384231561044e+03 3.562594649373478362e-01
1.436306380224988516e+03 3.553565925816014603e-01
1.436088620754598196e+03 3.326097140896442372e-01
1.435870861284207876e+03 3.563926835094147205e-01
1.435653101813817557e+03 3.335550925164882385e-01
1.435435464611518455e+03 3.515359023806707839e-01
1.435217949677310571e+03 3.246059578293970516e-01
1.435000434743102687e+03 3.425689273435890136e-01
1.434782919808894803e+03 3.525844256127149690e-01
1.434565649410869128e+03 3.607183617680577159e-01
1.434348256744752462e+03 3.404372177814962708e-01
1.434130986346726786e+03 3.549475964421545116e-01
1.433913838216792556e+03 3.439921590104130233e-01
1.433696812354949316e+03 3.553887353329773791e-01
1.433479786493106076e+03 3.492601564261463287e-01
1.433262760631262836e+03 3.677136345416762153e-01
1.433045979305602032e+03 3.448436873929585644e-01
1.432829075711850010e+03 3.575272011225714697e-01
1.432612294386189205e+03 3.389219650677408047e-01
1.432395635328619619e+03 3.590468586272277385e-01
1.432179098539141023e+03 3.510018589296821090e-01
1.431962561749662655e+03 3.397734101557164932e-01
1.431746024960184059e+03 3.450714290345500146e-01
1.431529610438796681e+03 3.657222975958505651e-01
1.431313318185500748e+03 3.630833977978544236e-01
1.431097025932204588e+03 3.874171006088634184e-01
1.430880855946999645e+03 4.124086969377679934e-01
1.430664808229885921e+03 4.107013790703271106e-01
1.430448638244680978e+03 4.197899287349264874e-01
1.430232590527567027e+03 4.102902822281200290e-01
1.430016542810453302e+03 4.218984730909297043e-01
1.429800861897613004e+03 4.157911694217995002e-01
1.429585058716681715e+03 3.988823022834975807e-01
1.429369377803841417e+03 4.060401131414836939e-01
1.429153819159092336e+03 4.029594878789166668e-01
1.428938138246252265e+03 3.941459749190405759e-01
1.428722579601503185e+03 4.062487594520620693e-01
1.428507143224845322e+03 4.011755596847925154e-01
1.428291829116278677e+03 4.000268981496130083e-01
1.428076515007711805e+03 3.952417309509949073e-01
1.427861200899145160e+03 4.232162993991943623e-01
1.427646009058669733e+03 4.049445103655974210e-01
1.427431061754376515e+03 4.161084194543069881e-01
1.427215869913901088e+03 3.961146904636637101e-01
1.427000922609607869e+03 4.055688193371524974e-01
1.426786097573405868e+03 3.974212880435363249e-01
1.426571272537203868e+03 4.130795882772312355e-01
1.426356447501001867e+03 4.038591979176954228e-01
1.426141744732891084e+03 4.033036263344775274e-01
1.425927164232871519e+03 3.960716158613459270e-01
1.425712583732851954e+03 4.041837887220415815e-01
1.425498125500923607e+03 4.145179957801375381e-01
1.425283667268995032e+03 4.094680280505759717e-01
1.425069331305157903e+03 4.112090025377545532e-01
1.424854995341320546e+03 3.939244631488710846e-01
1.424640781645574407e+03 3.993055763408832060e-01
1.424426445681737277e+03 4.073705392308943352e-01
1.424212598790264565e+03 3.936027382278652342e-01
1.423998507362609871e+03 4.101217196477957572e-01
1.423784538203046168e+03 3.977872992293265964e-01
1.423570691311573455e+03 4.086576004880740909e-01
1.423356844420100970e+03 4.044900743720993286e-01
1.423143119796719702e+03 4.098086135056547286e-01
1.422929272905246989e+03 4.017269217686015859e-01
1.422715915086139148e+03 4.045770840091490461e-01
1.422502312730849098e+03 4.042506330034300599e-01
1.422288832643650039e+03 4.052366809419216120e-01
1.422075352556450980e+03 4.262605949716486431e-01
1.421862117005434357e+03 4.109404253111671457e-01
1.421648759186326515e+03 4.096505863761544797e-01
1.421435523635309892e+03 4.099606382551447825e-01
1.421222288084293268e+03 4.143085878210070461e-01
1.421009297069459080e+03 4.206553106459829938e-01
1.420796306054624665e+03 3.971581858962680012e-01
1.420583315039790477e+03 4.216670824354127323e-01
1.420370568561138498e+03 4.077726535807322250e-01
1.420157577546304310e+03 4.268144319336398818e-01
1.419944953335743548e+03 4.194963855382205509e-01
1.419732206857091569e+03 4.188152836010440305e-01
1.419519704914622025e+03 4.203215254796563438e-01
1.419307080704061264e+03 4.250122386493509485e-01
1.419094578761591720e+03 4.248829795220300798e-01
1.418882199087213394e+03 4.284128071207173871e-01
1.418669941680926058e+03 4.320377383467549626e-01
1.418457684274638950e+03 4.264734475586843820e-01
1.418245426868351615e+03 4.331728676737038319e-01
1.418033169462064507e+03 4.371393167532443003e-01
1.417821278860050825e+03 4.320010445208751215e-01
1.417609143721854707e+03 4.236402558248699157e-01
1.417397130851749807e+03 4.387828350599128902e-01
1.417185362517827343e+03 4.305434258259765445e-01
1.416973594183904879e+03 4.336659389534647246e-01
1.416761825849982415e+03 4.239928566816070221e-01
1.416550057516059951e+03 4.476085582428401266e-01
1.416338533718319923e+03 4.379493708029559840e-01
1.416127009920579667e+03 4.448247155545801967e-01
1.415915486122839638e+03 4.417119817914985092e-01
1.415704084593190601e+03 4.326287774280186960e-01
1.415492683063541563e+03 4.349523676101092473e-01
1.415281526070074960e+03 4.441775360900325764e-01
1.415070246808517368e+03 4.425027191005741489e-01
1.414859089815050766e+03 4.440525926390075928e-01
1.414647932821584163e+03 4.375824828809269929e-01
1.414437020364299769e+03 4.482654384777254308e-01
1.414226107907015603e+03 4.451617501148562583e-01
1.414015195449731436e+03 4.404188312497004376e-01
1.413804405260538260e+03 4.405256769557258090e-01
1.413593737339436530e+03 4.585546364503148564e-01
1.413382947150243353e+03 4.486704887783252160e-01
1.413172156961050405e+03 4.524921949490570139e-01
1.412961855844221873e+03 4.517807396245616669e-01
1.412751310191211360e+03 4.483971420833778865e-01
1.412540886806291837e+03 4.537867603111254700e-01
1.412330463421372315e+03 4.556877774115156710e-01
1.412120284572635001e+03 4.641409510283525108e-01
1.411910105723897914e+03 4.716759317990891764e-01
1.411699926875160827e+03 4.746910736003236431e-01
1.411489748026423513e+03 4.731192234964086696e-01
1.411279813713868862e+03 4.624208365813258781e-01
1.411069879401313983e+03 4.582327499679689775e-01
1.410859945088759105e+03 4.581457247380795184e-01
1.410650010776204454e+03 4.615568463866657201e-01
1.410440320999832011e+03 4.719425819048128079e-01
1.410230631223459568e+03 4.682147824160598493e-01
1.410021063715178116e+03 4.787055533543440045e-01
1.409811373938805673e+03 4.639010211589519317e-01
1.409602050966706884e+03 4.678324378571390718e-01
1.409392483458425659e+03 4.676828015962493645e-01
1.409183160486326642e+03 4.643831200100859702e-01
1.408973837514227853e+03 4.636825257472093620e-01
1.408764636810220054e+03 4.709593156726496477e-01
1.408555436106212255e+03 4.553019099611952392e-01
1.408346357670295674e+03 4.643876159227591782e-01
1.408137279234379321e+03 4.734624655157680939e-01
1.407928323066553958e+03 4.715719726369631548e-01
1.407719366898728595e+03 4.631219372615936747e-01
1.407510532998994222e+03 4.688609927578238357e-01
1.407301699099260077e+03 4.780879347815727987e-01
1.407092987467617149e+03 4.748860995158137310e-01
1.406884398104065212e+03 4.735655412773959738e-01
1.406675808740513503e+03 4.840958157091359015e-01
1.406467219376961566e+03 4.823597057362269402e-01
1.406258752281501074e+03 4.746330187654936861e-01
1.406050529722222564e+03 4.707441440742252681e-01
1.405842062626762072e+03 4.762761501288481081e-01
1.405633840067483789e+03 4.795599248785067936e-01
1.405425617508205505e+03 4.930496984902631441e-01
1.405217517217018212e+03 4.901188729626105856e-01
1.405009416925831147e+03 4.862844356593999384e-01
1.404801438902735299e+03 4.827351088132604273e-01
1.404593460879639224e+03 4.911599927150762657e-01
1.404385727392725812e+03 4.789423205714293807e-01
1.404177871637720955e+03 4.897934435467875547e-01
1.403970015882716325e+03 4.771623552213976049e-01
1.403762404663893903e+03 4.766064592731527050e-01
1.403554793445071482e+03 4.837308688948956936e-01
1.403347304494340278e+03 4.940545189901657253e-01
1.403139693275517857e+03 4.965810042334675711e-01
1.402932326592877871e+03 4.842088577360727508e-01
1.402725082178328876e+03 4.825423106393127992e-01
1.402517715495688890e+03 4.931950405297115814e-01
1.402310471081140122e+03 4.946665514919603712e-01
1.402103226666591127e+03 4.959714226026418205e-01
1.401896226788224794e+03 4.771210758555206044e-01
1.401689226909858235e+03 4.811329062538006740e-01
1.401482227031491675e+03 4.801482894643175903e-01
1.401275227153125115e+03 4.816368218606508766e-01
1.401068349542849774e+03 4.849310586211579288e-01
1.400861594200665650e+03 4.920022418502356110e-01
1.400654961126572744e+03 5.066385561562829487e-01
1.400448328052479837e+03 5.008426647608210658e-01
1.400241694978386931e+03 4.906784262860189871e-01
1.400035184172385016e+03 4.867802346717638451e-01
1.399828795634474545e+03 4.850978560114932447e-01
1.399622284828472630e+03 4.965670145055635087e-01
1.399416018558653150e+03 4.901124777138070598e-01
1.399209752288833897e+03 5.019883679238262841e-01
1.399003608287105635e+03 5.090365474682779778e-01
1.398797342017286155e+03 5.035615747540945764e-01
1.398591320283649111e+03 5.040857584943868597e-01
1.398385420818103285e+03 4.957341428706736330e-01
1.398179276816375022e+03 5.022459871122864072e-01
1.397973499618920187e+03 4.982366919033818231e-01
1.397767600153374360e+03 5.015732593551991414e-01
1.397561822955919524e+03 5.000591544293234714e-01
1.397356290294647351e+03 4.961741897684068814e-01
1.397150635365283733e+03 5.060832162614279373e-01
1.396944980435920115e+03 5.019646325984857826e-01
1.396739325506556725e+03 4.968461723419743681e-01
1.396534159649557978e+03 4.969176710074169057e-01
1.396328749256376796e+03 5.037102274403557622e-01
1.396123338863195613e+03 4.855828073302335679e-01
1.395918173006196639e+03 5.068341246689771484e-01
1.395713007149197892e+03 5.136841754057557274e-01
1.395507841292199146e+03 5.012975354864933619e-01
1.395302797703291390e+03 5.066858038891188798e-01
1.395097754114383861e+03 5.110410362701779396e-01
1.394892832793567322e+03 5.005327499758773779e-01
1.394688033740842229e+03 5.063414203171560102e-01
1.394483234688116909e+03 4.996035660615200102e-01
1.394278435635391588e+03 5.040717402700303218e-01
1.394073636582666268e+03 5.049897664619300564e-01
1.393869204334214601e+03 5.059320101865150132e-01
1.393664649817671716e+03 5.149043768944406851e-01
1.393460095301128831e+03 5.124629429931650826e-01
1.393255663052676937e+03 5.166527632837909501e-01
1.393051353072316488e+03 4.992961040077315560e-01
1.392847043091955811e+03 5.075886804253335605e-01
1.392642855379686580e+03 5.094636032349049160e-01
1.392438667667417121e+03 5.094118270600035414e-01
1.392234479955147663e+03 5.002266671020713096e-01
1.392030536779060640e+03 5.031180037251606896e-01
1.391826471334882626e+03 5.153498527151593178e-01
1.391622528158795603e+03 4.990168993314275103e-01
1.391418584982708580e+03 4.990117544777855074e-01
1.391215008610894984e+03 5.005260191914006063e-01
1.391011187702899178e+03 4.979917116785850251e-01
1.390807489062994591e+03 4.916923068226907167e-01
1.390603912691180994e+03 5.004748089685431278e-01
1.390400336319367625e+03 5.019145988526543256e-01
1.390196882215645246e+03 5.048546961284325896e-01
1.389993428111922867e+03 5.191336121177050344e-01
1.389790096276291933e+03 5.089470902525751184e-01
1.389586764440660772e+03 5.028862467596120212e-01
1.389383677141211820e+03 5.145653313804625650e-01
1.389180467573671876e+03 5.147060740019875347e-01
1.388977258006131933e+03 5.062585088676078149e-01
1.388774170706683208e+03 5.178226953882463235e-01
1.388571205675325700e+03 4.962956128147149037e-01
1.388368362912059183e+03 5.031562141422072365e-01
1.388165520148792893e+03 5.186867724752185493e-01
1.387962677385526376e+03 4.992376591475969350e-01
1.387759956890351305e+03 5.039744918615314262e-01
1.387557358663267223e+03 5.211640055759835244e-01
1.387354638168091924e+03 5.069461340895169421e-01
1.387152162209099060e+03 5.067039078893048609e-01
1.386949686250106197e+03 5.052219199821988971e-01
1.386747210291113333e+03 5.103433489376824062e-01
1.386544856600211688e+03 5.101475449399275330e-01
1.386342625177401260e+03 5.144481738849764341e-01
1.386140271486499387e+03 5.187129304788967721e-01
1.385938162331780177e+03 5.176929663076222932e-01
1.385736053177060739e+03 5.183394549143242047e-01
1.385534066290432747e+03 5.188686657054859541e-01
1.385332079403804528e+03 5.038743684756418206e-01
1.385130092517176308e+03 5.201215121330892144e-01
1.384928227898639307e+03 5.269571106836969943e-01
1.384726363280102532e+03 5.087168524259634284e-01
1.384524743197747739e+03 5.017844824828701089e-01
1.384323000847301955e+03 5.127675743870194758e-01
1.384121380764947389e+03 5.116918414973310458e-01
1.383919760682592823e+03 5.142718234074997730e-01
1.383718385136420466e+03 5.122502286076064948e-01
1.383516887322157118e+03 5.108757463950717170e-01
1.383315511775984760e+03 5.163283455198970362e-01
1.383114136229812630e+03 5.159074353223961351e-01
1.382913005219822708e+03 5.169909761250134350e-01
1.382711874209832786e+03 5.095119141281870823e-01
1.382510620931751646e+03 5.165165633350888852e-01
1.382309612189852942e+03 5.143655248118179646e-01
1.382108603447954238e+03 5.168079415585424830e-01
1.381907716974146751e+03 5.003937027629398182e-01
1.381706830500339265e+03 5.167707729414827700e-01
1.381505944026531779e+03 5.064446795903061460e-01
1.381305179820815283e+03 5.073707729443355241e-01
1.381104415615099015e+03 5.151978126894879439e-01
1.380903895945564955e+03 5.067572487790203972e-01
1.380703376276030895e+03 5.102411728933096136e-01
1.380502856606497062e+03 5.167326260298100715e-01
1.380302336936963002e+03 5.101960551592141790e-01
1.380101939535520160e+03 5.120880449421679748e-01
1.379901664402168535e+03 5.216979863930747419e-01
1.379701389268816911e+03 5.171319071732657369e-01
1.379501114135465286e+03 5.074504482562044450e-01
1.379300961270204880e+03 5.092436907513807620e-01
1.379101052941126682e+03 5.133883993593393313e-01
1.378901022343957493e+03 5.260635266324921178e-01
1.378700991746788077e+03 5.095671497647705772e-01
1.378501083417710106e+03 5.236351234669978094e-01
1.378301175088631908e+03 5.104909641441296442e-01
1.378101389027644927e+03 5.159903031970256571e-01
1.377901725234749165e+03 5.089388188531959178e-01
1.377702061441853402e+03 5.143124657227846619e-01
1.377502519917048858e+03 5.148505093986256442e-01
1.377302978392244313e+03 5.183203397474993590e-01
1.377103559135530986e+03 5.153650654363717276e-01
1.376904139878817659e+03 5.146591025845650424e-01
1.376704720622104105e+03 5.120698377292710601e-01
1.376505423633481996e+03 5.219003911227356740e-01
1.376306126644859887e+03 5.166693636565604653e-01
1.376107074192419987e+03 5.121027305674125119e-01
1.375907899471888868e+03 5.269916471816661341e-01
1.375708847019448967e+03 5.289628213883675878e-01
1.375509794567009294e+03 5.124067634587395892e-01
1.375310864382660611e+03 5.294543809247944655e-01
1.375112178734494137e+03 5.191941656549072803e-01
1.374913370818236672e+03 5.036687917176810858e-01
1.374714562901979207e+03 5.338278011929987743e-01
1.374515877253812960e+03 5.117646241886661951e-01
1.374317191605646713e+03 5.245683268705423341e-01
1.374118750493662674e+03 5.188644153355091992e-01
1.373920187113587644e+03 5.031067524880211694e-01
1.373721746001603606e+03 5.088896783892057352e-01
1.373523304889619567e+03 5.171447980571064473e-01
1.373324986045726973e+03 5.167458330218752671e-01
1.373126789469925370e+03 5.158922678640172066e-01
1.372928470626032549e+03 5.116422429235936153e-01
1.372730396318322164e+03 5.066299816665416067e-01
1.372532322010611779e+03 5.164364166032785475e-01
1.372334247702901166e+03 5.150395586143856619e-01
1.372136417931373217e+03 5.168640191637239312e-01
1.371938465891754049e+03 5.169490120012676382e-01
1.371740636120225872e+03 5.158059724688446313e-01
1.371542684080606705e+03 5.039392604615132720e-01
1.371345098845260964e+03 5.171446743073973007e-01
1.371147513609915222e+03 5.196537656094887270e-01
1.370949928374569708e+03 5.207492789936596367e-01
1.370752343139223967e+03 5.167901155206360286e-01
1.370554757903878226e+03 5.103866424487096820e-01
1.370357294936623703e+03 5.064773537672613291e-01
1.370160076505551615e+03 5.173119068917004792e-01
1.369962735806388082e+03 5.089086181520122709e-01
1.369765517375315994e+03 5.114803100836459171e-01
1.369568298944243907e+03 5.076620138884823108e-01
1.369371202781262809e+03 5.147076751433787845e-01
1.369174228886373157e+03 5.179094486883770720e-01
1.368977010455300842e+03 5.160487972523566391e-01
1.368780158828502408e+03 5.246111025908475334e-01
1.368583307201703747e+03 5.145117626261453969e-01
1.368386455574905085e+03 5.287491725321156188e-01
1.368189726216197641e+03 5.065398634614198814e-01
1.367992996857490198e+03 5.164854977798500890e-01
1.367796267498782754e+03 5.257448986071096009e-01
1.367599782676257746e+03 5.235868459473279612e-01
1.367403175585641293e+03 5.072616265230892596e-01
1.367206690763116285e+03 5.220358476660511560e-01
1.367010450476773485e+03 5.090589589086952360e-01
1.366813965654248477e+03 5.213054488819127696e-01
1.366617725367905678e+03 5.186401143229691924e-01
1.366421362813471887e+03 5.113164470976846454e-01
1.366225244795220306e+03 5.081748873149801726e-01
1.366029249045059942e+03 5.219748637328752716e-01
1.365833131026808360e+03 5.223325288255025178e-01
1.365637135276647996e+03 5.148954549733949504e-01
1.365441139526487632e+03 5.237723495837774967e-01
1.365245266044418486e+03 5.191529806921203472e-01
1.365049637098531548e+03 5.130165072157945039e-01
1.364853763616462402e+03 5.217322903063561501e-01
1.364658134670575691e+03 5.163683999965035243e-01
1.364462383456597536e+03 5.279794482905784125e-01
1.364266876778802043e+03 5.067995332545154330e-01
1.364071370101006323e+03 5.271406365590765031e-01
1.363875863423210603e+03 4.948062324550702717e-01
1.363680479013506329e+03 5.107275791502969842e-01
1.363485094603801826e+03 5.215518246862432816e-01
1.363289832462188542e+03 5.206518369207124852e-01
1.363094570320575258e+03 5.210972076241474626e-01
1.362899430447052964e+03 5.114445989068958642e-01
1.362704412841622116e+03 5.236598716082261351e-01
1.362509150700008831e+03 5.252611620391012259e-01
1.362314255362668973e+03 5.196976357684317538e-01
1.362119360025329343e+03 5.111935722067642018e-01
1.361924586956080702e+03 5.139751871392747029e-01
1.361729691618741072e+03 5.138222471519867662e-01
1.361534918549492431e+03 5.191028808596158672e-01
1.361340145480243791e+03 5.160058001649312498e-01
1.361145494679086369e+03 5.277401962840408967e-01
1.360950966146020164e+03 5.167944617063268131e-01
1.360756559881045177e+03 5.112516882491595638e-01
1.360562031347978973e+03 5.050773954561715851e-01
1.360367625083003986e+03 5.192526808572018870e-01
1.360173218818029000e+03 5.263485307450446182e-01
1.359978812553053785e+03 5.169534737084142684e-01
1.359784773092352452e+03 5.285172575457043331e-01
1.359590611363559674e+03 5.228049064301787396e-01
1.359396449634767123e+03 5.283791788748903873e-01
1.359202410174065562e+03 5.205475925064873000e-01
1.359008370713364002e+03 5.135261180306507356e-01
1.358814453520753659e+03 5.193523386010558962e-01
1.358620658596234534e+03 5.208370895868316142e-01
1.358426741403624192e+03 5.270946960107432133e-01
1.358232946479105067e+03 5.225651995763355151e-01
1.358039273822677160e+03 5.148079088950806570e-01
1.357845601166249253e+03 5.071748712650041568e-01
1.357652050777912336e+03 5.162065628009102625e-01
1.357458500389575647e+03 5.214190084220288179e-01
1.357265072269329949e+03 5.265643440656636587e-01
1.357071644149084477e+03 5.262829741409333906e-01
1.356878216028838779e+03 5.193196853884858299e-01
1.356684910176684298e+03 5.230784693839252153e-01
1.356491726592621262e+03 5.078827151846609933e-01
1.356298543008557999e+03 5.191986509739047184e-01
1.356105481692585954e+03 5.214545748230355882e-01
1.355912298108522691e+03 5.296123079223589158e-01
1.355719359060641636e+03 5.198360317589219015e-01
1.355526297744669591e+03 5.200408956971894758e-01
1.355333603232971200e+03 5.114006594576434583e-01
1.355140664185090145e+03 5.186571863927840198e-01
1.354947847405300536e+03 5.205170173611263218e-01
1.354755152893601917e+03 5.237684627813008476e-01
1.354562458381903525e+03 5.315734345478027034e-01
1.354370008406387342e+03 5.239837778185250095e-01
1.354177436162779941e+03 5.175729170019939263e-01
1.353984863919172540e+03 5.138278480242619572e-01
1.353792413943656356e+03 5.174417120688321603e-01
1.353599963968140401e+03 5.181563823607217012e-01
1.353407636260715208e+03 5.240001776041903758e-01
1.353215553089472678e+03 5.130765294325638770e-01
1.353023347650138930e+03 5.285525580751085917e-01
1.352831142210804956e+03 5.046138887183171384e-01
1.352639059039562426e+03 5.083703394634943029e-01
1.352446975868319896e+03 5.220044039746755127e-01
1.352255014965168357e+03 5.187023528403540418e-01
1.352063176330108035e+03 5.186168465041719466e-01
1.351871337695047714e+03 5.192127279047260568e-01
1.351679499059987620e+03 5.233302136934262494e-01
1.351487660424927299e+03 5.093759265312884921e-01
1.351295944057958195e+03 5.205949701939510676e-01
1.351104227690989092e+03 5.135296997295955013e-01
1.350912878128293414e+03 5.175884138125840250e-01
1.350721284029415528e+03 5.148008272986518419e-01
1.350529812198628861e+03 5.097891450903418997e-01
1.350338462635933411e+03 5.122183510765870862e-01
1.350147113073237733e+03 5.150298120694999371e-01
1.349955763510542283e+03 5.151234412126148854e-01
1.349764658484029042e+03 5.123157293342113228e-01
1.349573431189424582e+03 5.122131088119785680e-01
1.349382326162911340e+03 5.214097402907693635e-01
1.349191221136398326e+03 5.223141159731903294e-01
1.349000238377976302e+03 5.202103448314011613e-01
1.348809255619554278e+03 5.186597910872844386e-01
1.348618395129223472e+03 5.238227437599038971e-01
1.348427656906983657e+03 5.171062796923134863e-01
1.348236796416652851e+03 5.088546639560980189e-01
1.348046058194413263e+03 5.164013274235428330e-01
1.347855442240264665e+03 5.255369501852199532e-01
1.347664826286116295e+03 5.080947201353808174e-01
1.347474332600058915e+03 5.080966512359174070e-01
1.347283716645910545e+03 5.235909693789718711e-01
1.347093345227944383e+03 5.090937804881571216e-01
1.346902973809978221e+03 5.178032861759027661e-01
1.346712602392012059e+03 5.184482133647659863e-01
1.346522353242137115e+03 5.119639978373378142e-01
1.346332226360353388e+03 5.155686787878888122e-01
1.346142099478569662e+03 5.156971283508037240e-01
1.345951972596785936e+03 5.067686314157852090e-01
1.345761967983093427e+03 5.266348692353259864e-01
1.345571963369400692e+03 5.231333459159318577e-01
1.345381958755708183e+03 5.162946589433096145e-01
1.345192198678197883e+03 5.122187585167932156e-01
1.345002316332596592e+03 4.905693583936486246e-01
1.344812556255086292e+03 4.998568543111769347e-01
1.344622918445667210e+03 4.937838708026153767e-01
1.344433158368157137e+03 4.905911763892164545e-01
1.344243642826829273e+03 5.070535118923108486e-01
1.344054005017410191e+03 5.090774635346182464e-01
1.343864734012264535e+03 5.044336446446384681e-01
1.343675218470936670e+03 4.974201395094377531e-01
1.343485825197700024e+03 5.000758367876515509e-01
1.343296554192554595e+03 5.074127772396271885e-01
1.343107283187408939e+03 5.097535898378529051e-01
1.342918134450354728e+03 5.090021879912830505e-01
1.342728985713300290e+03 5.110023728872892246e-01
1.342539959244337297e+03 5.115272692218186812e-01
1.342350810507282858e+03 5.063723378208330184e-01
1.342161906306410856e+03 5.106145756099306210e-01
1.341973002105539081e+03 5.073315965980337294e-01
1.341784097904667078e+03 5.122560063824294074e-01
1.341595315971886293e+03 5.163685303142039329e-01
1.341406656307196499e+03 5.107634875626603232e-01
1.341217996642506932e+03 5.038482198340270557e-01
1.341029336977817366e+03 5.164235876238548739e-01
1.340840677313127799e+03 5.127321801871667084e-01
1.340652139916529450e+03 5.208845036283489272e-01
1.340463724788022091e+03 5.306457108444661008e-01
1.340275309659514733e+03 5.102035118323655638e-01
1.340087016799098819e+03 5.220341926685631018e-01
1.339898723938682679e+03 5.060336803884764034e-01
1.339710431078266538e+03 5.004486383386564929e-01
1.339522260485941842e+03 5.059420590492031966e-01
1.339334089893616920e+03 5.063005797224483517e-01
1.339145919301291997e+03 5.202943754417804767e-01
1.338957993245149510e+03 5.087803077858192857e-01
1.338770067189006795e+03 5.187969939993455348e-01
1.338582018864773090e+03 5.145205085610426998e-01
1.338394215076721821e+03 5.114359035634765682e-01
1.338206411288670552e+03 5.109312046739071800e-01
1.322260940445617507e+03 5.123372495819382699e-01
1.322077905113122142e+03 4.978412327220738121e-01
1.321894869780626777e+03 4.972715781890830744e-01
1.321711834448131413e+03 5.040416443451039008e-01
1.321529043651818256e+03 4.968664422362362165e-01
1.304749459890740354e+03 5.168822018232872573e-01
1.304571437549983330e+03 5.258706616340251827e-01
1.304393537477317523e+03 5.164555273790004675e-01
1.304215637404651488e+03 5.123803507279938163e-01
1.304037737331985682e+03 5.064506067913107090e-01
1.286854668870016212e+03 5.266624033054420062e-01
1.286681904057179736e+03 5.118643251675920602e-01
1.286509016976252269e+03 5.203306574540181861e-01
1.286336252163416020e+03 5.232597667936749186e-01
1.286163487350579771e+03 5.181504453966553347e-01
1.285990844805834513e+03 5.336725713914518554e-01
1.285818202261089482e+03 5.161286223954408836e-01
1.285645559716344451e+03 5.193422958499729347e-01
1.285473039439690410e+03 5.296705285968018595e-01
1.285300519163036370e+03 5.318030526446990702e-01
1.285128243422564992e+03 5.279311905001639049e-01
1.284955845414002169e+03 5.260617008171473152e-01
1.284783447405439347e+03 5.293706455912291498e-01
1.284611171664967742e+03 5.301259042313761771e-01
1.284438895924496137e+03 5.275046568892010068e-01
1.284266742452115750e+03 5.361537672041125635e-01
1.284094588979735363e+03 5.229416225400598250e-01
1.283922435507354976e+03 5.209748597197590980e-01
1.283750404303065807e+03 5.336122923135955265e-01
1.283578373098776410e+03 5.382470618150047015e-01
1.283406464162578459e+03 5.376171006103275252e-01
1.283234555226380280e+03 5.414896916003912875e-01
1.283062646290182329e+03 5.326515906319692073e-01
1.282890859622075368e+03 5.382428039759969973e-01
1.282719072953968634e+03 5.515141635951460453e-01
1.282547530822044109e+03 5.528681224127135474e-01
1.282375866422028366e+03 5.475182495701179652e-01
1.282204202022012623e+03 5.406300399000899537e-01
1.282032659890088098e+03 5.415490428895383124e-01
1.281861240026254791e+03 5.356159884410941485e-01
1.281689697894330266e+03 5.353393845765814785e-01
1.281518278030496958e+03 5.351149897633604713e-01
1.281346858166663651e+03 5.410074567451882421e-01
1.281175560570921562e+03 5.190324445645874141e-01
1.281004262975179245e+03 5.310862405439333855e-01
1.280832965379437155e+03 5.337424220853193013e-01
1.280661912319877501e+03 5.147713032548734136e-01
1.280490736992226402e+03 5.231263599316005042e-01
1.280319561664575531e+03 5.382391212697270610e-01
1.280148630873106868e+03 5.200739140922795434e-01
1.279977577813546986e+03 5.192726665389312268e-01
1.279806769290169541e+03 5.323509120272206241e-01
1.279635838498700878e+03 5.183381284426648028e-01
1.279465029975323660e+03 5.271288070404991366e-01
1.279294221451946214e+03 5.280329686055328375e-01
1.279123535196659759e+03 5.325610198290454678e-01
1.278952726673282314e+03 5.201789795919343762e-01
1.278782162686087304e+03 5.196953129742601929e-01
1.278611476430801076e+03 5.278189034465892160e-01
1.278441034711697284e+03 5.302022843333387137e-01
1.278270470724502047e+03 5.370396073851605445e-01
1.278100029005398255e+03 5.241415441663211938e-01
1.277929587286294236e+03 5.197933733248728538e-01
1.277759267835281662e+03 5.268685814553389912e-01
1.277588948384268861e+03 5.313378905619462467e-01
1.277418628933256059e+03 5.192128563516207329e-01
1.277248431750334703e+03 5.294524616383243787e-01
1.277078234567413119e+03 5.291746567255206646e-01
1.276908281920673971e+03 5.175209575694826869e-01
1.276738207005843606e+03 5.254789153084274966e-01
1.276568132091013240e+03 5.300913205243603654e-01
1.276398179444273865e+03 5.290993947524045282e-01
1.276228349065625935e+03 5.308039632419310205e-01
1.276058396418886787e+03 5.237170276540281666e-01
1.275888566040238857e+03 5.129539758311741915e-01
1.275718735661590699e+03 5.236440649614489962e-01
1.275549027551033987e+03 5.199384239017479370e-01
1.275379319440477047e+03 5.220386252479520817e-01
1.275209611329920335e+03 5.335021165135199750e-01
1.275040147755545831e+03 5.251240446294088704e-01
1.274870439644989119e+03 5.360947137719902500e-01
1.274700976070614615e+03 5.296736328913116409e-01
1.274531512496240111e+03 5.331345160045577458e-01
1.274362171189956825e+03 5.340570469151491029e-01
1.274192707615582322e+03 5.286135379692636915e-01
1.274023488577390253e+03 5.420588099564623841e-01
1.273854269539198185e+03 5.331909458986188177e-01
1.273685050501006117e+03 5.486504452095479767e-01
1.273515953730905039e+03 5.333260382383452347e-01
1.273346856960804189e+03 5.249668864804281077e-01
1.273177882458794329e+03 5.306012097621620738e-01
1.273177760190703339e+03 5.324536241985637908e-01
1.273008785688693479e+03 5.342053636289419982e-01
1.273008663420602261e+03 5.249441964920401604e-01
1.272839933454774837e+03 5.442998605191003980e-01
1.272839811186683846e+03 5.405958196243041414e-01
1.272670958952765204e+03 5.348442619828537303e-01
1.272670836684673986e+03 5.320671082197263591e-01
1.272501984450755344e+03 5.458305196497458267e-01
1.272501862182664354e+03 5.356503526483542554e-01
1.272333009948745712e+03 5.337565531815232633e-01
1.272164279982918288e+03 5.468620146151342842e-01
1.271995550017090864e+03 5.404814080633041362e-01
1.271826820051263439e+03 5.440947381824714491e-01
1.271658212353527233e+03 5.372256806007635888e-01
1.271489604655791027e+03 5.369581879297200544e-01
1.271320996958054820e+03 5.321884314812157513e-01
1.271152511528409832e+03 5.415736508792001747e-01
1.270984026098764843e+03 5.455568540909048192e-01
1.270815662937210845e+03 5.448196637884434868e-01
1.270647299775657075e+03 5.448698959573847755e-01
1.270478936614103304e+03 5.330362199268816603e-01
1.270310817988731742e+03 5.391234625716329054e-01
1.270142577095269189e+03 5.362695902207710308e-01
1.269974336201806409e+03 5.306030759741808822e-01
1.269806217576434847e+03 5.440267653710899598e-01
1.269638221219154502e+03 5.521379684114529063e-01
1.269470102593783167e+03 5.486420427380730436e-01
1.269302106236502823e+03 5.611015002300804300e-01
1.269134232147313696e+03 5.849320916813337545e-01
1.268966358058124570e+03 6.086597369865375251e-01
1.268798483968935443e+03 6.291683699166736865e-01
1.268630609879746316e+03 6.189943543018698868e-01
1.268462980326739398e+03 6.119779707570309757e-01
1.268295228505641489e+03 5.832517419049674245e-01
1.268127476684543581e+03 5.617780884733718505e-01
1.267959969399627880e+03 5.626172105353904884e-01
1.267792339846621189e+03 5.581855767030834414e-01
1.267624832561705489e+03 5.509595919891481230e-01
1.267457325276790016e+03 5.570118547815376964e-01
1.267290062528056751e+03 5.583533641521253310e-01
1.267122555243141278e+03 5.419375316714071245e-01
1.266955170226316795e+03 5.411143178431708778e-01
1.266787907477583531e+03 5.459276476678355250e-01
1.266620644728850266e+03 5.499595471977112293e-01
1.266453504248208219e+03 5.456864153690884622e-01
1.266286486035657390e+03 5.429087600358787347e-01
1.266119345555015343e+03 5.521964686363026731e-01
1.265952327342464287e+03 5.532732431437354936e-01
1.265785309129913458e+03 5.521806904735695465e-01
1.265618290917362629e+03 5.438507600904584072e-01
1.265451394972903017e+03 5.504745350521621505e-01
1.265284499028443179e+03 5.477180592936050640e-01
1.265117847620165776e+03 5.452955381817680136e-01
1.264950951675706165e+03 5.487942911410401692e-01
1.264784177999337771e+03 5.509708773840923390e-01
1.264617526591060368e+03 5.356203577523880321e-01
1.264450875182782966e+03 5.485204342055955973e-01
1.264284346042596781e+03 5.405406717426338714e-01
1.264117816902410596e+03 5.473931115173072959e-01
1.263951287762224410e+03 5.393763506538441499e-01
1.263784880890129443e+03 5.402902230072001988e-01
1.263618474018034476e+03 5.349761223617168771e-01
1.263452067145939509e+03 5.327633931578698023e-01
1.263285782541935760e+03 5.304801961451406367e-01
1.263119497937932010e+03 5.269239989071559105e-01
1.262953335602019251e+03 5.363276415387422391e-01
1.262787050998015502e+03 5.426147052245895441e-01
1.262621010930193961e+03 5.405453524674247445e-01
1.262454848594281430e+03 5.360514388177142209e-01
1.262288808526459889e+03 5.389396295166403172e-01
1.262122890726729793e+03 5.301616639161038647e-01
1.261956972926999470e+03 5.368514625618446834e-01
1.261791055127269146e+03 5.287578995539498061e-01
1.261625137327538823e+03 5.367212058604557967e-01
1.261459464063990936e+03 5.270049514295443993e-01
1.261293790800443048e+03 5.320114234577187906e-01
1.261127995268803943e+03 5.297928650309582377e-01
1.260962322005256055e+03 5.244473196645843549e-01
1.260796771009799386e+03 5.272721741011507923e-01
1.260631220014342716e+03 5.276011673427586368e-01
1.260465669018885819e+03 5.311774764962124973e-01
1.260300118023429150e+03 5.255533663735121319e-01
1.260134689296063698e+03 5.174384508083109679e-01
1.259969382836789237e+03 5.313677091684292364e-01
1.259803954109423785e+03 5.222792341419771889e-01
1.259638769918240541e+03 5.211600267321030433e-01
1.259473463458966080e+03 5.271758843715701470e-01
1.259308279267783064e+03 5.309882257503797387e-01
