# Wavelength, Reflectance
1.644295392236192356e+03 3.279346931327390413e-01
1.643429303369004856e+03 2.871619651371506432e-01
1.642564068994004856e+03 2.980608151699387642e-01
1.641699811181504856e+03 3.030669052606776992e-01
1.640836407861192356e+03 3.149792518423073506e-01
1.639974103173692356e+03 3.093998298067863750e-01
1.639112652978379856e+03 3.256558082931944598e-01
1.638252179345567356e+03 3.231939429993815893e-01
1.637392560204942356e+03 3.117848849157206503e-01
1.636534039697129856e+03 3.367708370949528129e-01
1.635676373681504856e+03 3.150562749041162514e-01
1.634819684228379856e+03 3.249287645994320406e-01
1.633963971337754856e+03 3.217684837806974452e-01
1.633109112939317356e+03 3.251781650436079141e-01
1.632255231103379856e+03 3.174088263663433773e-01
1.631402203759629856e+03 3.206335834671212304e-01
1.630550152978379856e+03 3.201806144294605527e-01
1.629699078759629856e+03 3.066503379135444574e-01
1.628848859033067356e+03 3.117495431000828487e-01
1.627999615869004856e+03 3.073922536706619191e-01
1.627151227197129856e+03 3.091003291444601730e-01
1.626303815087754856e+03 3.177196549987894580e-01
1.625457379540879856e+03 3.188742798215237206e-01
1.624611920556504856e+03 3.228264735731048996e-01
1.623767193994004856e+03 3.204873151601858039e-01
1.622923566064317356e+03 3.176776539647526154e-01
1.622080670556504856e+03 3.236863769296260407e-01
1.621238873681504856e+03 3.190314722090829003e-01
1.620397809228379856e+03 3.184244647840470677e-01
1.619557843408067356e+03 3.233793896946700608e-01
1.618718610009629856e+03 3.227367219981757684e-01
1.617880353173692356e+03 3.112281925756932299e-01
1.617042950829942356e+03 3.144847115101245261e-01
1.616206525048692356e+03 3.044205913725391288e-01
1.615370953759629856e+03 3.127324233668447029e-01
1.614536359033067356e+03 3.163232090881739067e-01
1.613702740869004856e+03 3.196080154330214751e-01
1.612869855126817356e+03 3.143686607436387281e-01
1.612037945947129856e+03 3.127652254322159098e-01
1.611206891259629856e+03 3.113214271616040474e-01
1.610376813134629856e+03 3.122736650033219874e-01
1.609547589501817356e+03 3.141506795572541755e-01
1.608719220361192356e+03 3.097608100970677958e-01
1.607891827783067356e+03 3.182230239976829300e-01
1.607065167626817356e+03 3.034012335113089875e-01
1.606239484033067356e+03 3.211997714499890133e-01
1.605414777001817356e+03 3.160820183870846622e-01
1.604590924462754856e+03 3.140427116314946643e-01
1.603767804345567356e+03 3.077079632963620193e-01
1.602945660790879856e+03 3.063646403525467909e-01
1.602124493798692356e+03 3.085288914339086030e-01
1.601304059228379856e+03 3.119794552302655455e-01
1.600484601220567356e+03 3.016440541001724762e-01
1.599665997704942356e+03 3.156800971513759602e-01
1.598848248681504856e+03 3.141218223652162411e-01
1.598031354150254856e+03 3.089723034868311902e-01
1.597215192040879856e+03 3.082922384921409908e-01
1.596400372704942356e+03 3.110313491909635353e-01
1.595586041650254856e+03 3.133361546747067683e-01
1.594772565087754856e+03 3.095307611970780637e-01
1.593960187158067356e+03 3.048675125128249563e-01
1.593148419579942356e+03 3.033549616769539714e-01
1.592337628564317356e+03 3.078243363233663099e-01
1.591527814111192356e+03 3.138738970506589898e-01
1.590718732079942356e+03 3.196572810993959513e-01
1.589910626611192356e+03 3.123524203392314402e-01
1.589103131494004856e+03 3.075904112755882824e-01
1.588296490869004856e+03 3.036385700544892985e-01
1.587491070947129856e+03 3.052629554652822597e-01
1.586686261376817356e+03 3.122083614692567899e-01
1.585882306298692356e+03 3.057449987434721628e-01
1.585079327783067356e+03 3.104520201984700134e-01
1.584277081689317356e+03 3.051901387092931239e-01
1.583475690087754856e+03 3.045750337639686056e-01
1.582675275048692356e+03 3.117503348542373098e-01
1.581875592431504856e+03 3.131940207541904497e-01
1.581076886376817356e+03 3.057527927097479226e-01
1.580278790673692356e+03 3.131633874612230750e-01
1.579481549462754856e+03 3.087524961633783538e-01
1.578685406884629856e+03 3.118409861764170898e-01
1.577889874658067356e+03 3.117519763684775125e-01
1.577095318994004856e+03 3.126127592493244678e-01
1.576301617822129856e+03 3.146555103023562228e-01
1.575508649072129856e+03 3.119067418064807584e-01
1.574716412744004856e+03 3.119761351198841459e-01
1.573925152978379856e+03 3.087347455713699840e-01
1.573134747704942356e+03 3.079781653589152568e-01
1.572345196923692356e+03 3.107862325615299848e-01
1.571556378564317356e+03 3.091039255611290892e-01
1.570768292626817356e+03 3.101680368163220458e-01
1.569981305322129856e+03 3.116239028847569426e-01
1.569194928369004856e+03 3.112660677270623344e-01
1.568409650048692356e+03 3.100814859912482957e-01
1.567624860009629856e+03 3.071691197906198378e-01
1.566841046533067356e+03 3.099051322703326172e-01
1.566058087548692356e+03 3.082818057127966749e-01
1.565275860986192356e+03 3.075258563400611322e-01
1.564494488915879856e+03 3.092425802981312866e-01
1.563713971337754856e+03 3.070140602926125784e-01
1.562934308251817356e+03 3.118377862332439299e-01
1.562155255517442356e+03 3.118679368074150915e-01
1.561377179345567356e+03 3.064150986137604837e-01
1.560599957665879856e+03 3.051894040524181784e-01
1.559823468408067356e+03 3.074565047392281980e-01
1.559047711572129856e+03 3.083998561865818888e-01
1.558272809228379856e+03 3.074188382230872429e-01
1.557498883447129856e+03 3.073635104530022533e-01
1.556725568017442356e+03 3.102201059496592639e-01
1.555953107079942356e+03 3.091829592331858390e-01
1.555181378564317356e+03 3.082475583960626042e-01
1.554410626611192356e+03 3.027595539862498186e-01
1.553640485009629856e+03 3.058534042522719765e-01
1.552871319970567356e+03 3.189023643759665294e-01
1.552871197900254856e+03 3.077875925384639944e-01
1.552615094384629856e+03 3.212019559977363214e-01
1.552358868798692356e+03 3.210445041797635457e-01
1.552102887353379856e+03 3.232810490504166023e-01
1.552102765283067356e+03 3.113669258436100873e-01
1.551846905908067356e+03 3.210652162460191916e-01
1.551335187158067356e+03 3.082747341037078148e-01
1.550568341454942356e+03 3.108979759392364595e-01
1.549802228173692356e+03 3.040164964036436435e-01
1.549036969384629856e+03 3.100985644401881292e-01
1.548272565087754856e+03 3.072642933466698811e-01
1.547508771142442356e+03 3.053283193019148967e-01
1.546745831689317356e+03 3.102402525887072438e-01
1.545983746728379856e+03 3.049704448586347816e-01
1.545222516259629856e+03 3.085375128310593462e-01
1.544461896142442356e+03 3.071140985115106692e-01
1.543702008447129856e+03 3.083380928047482761e-01
1.542943097314317356e+03 3.094763945108088277e-01
1.542185040673692356e+03 3.060957532156914351e-01
1.541427594384629856e+03 3.075000219187669082e-01
1.540670880517442356e+03 3.107254692868790524e-01
1.539915021142442356e+03 3.046744330634235109e-01
1.539159894189317356e+03 3.083248712289829441e-01
1.538405743798692356e+03 3.031495943169094098e-01
1.537652203759629856e+03 3.156811601763403474e-01
1.536899396142442356e+03 3.071991602983151770e-01
1.536147443017442356e+03 3.104600890739852015e-01
1.535395978173692356e+03 3.070702494709789399e-01
1.534645856103379856e+03 3.078018118264834180e-01
1.533895978173692356e+03 3.073557855548268436e-01
1.533147198876817356e+03 3.053401106592292802e-01
1.532399029931504856e+03 3.041779129054381081e-01
1.531651593408067356e+03 3.038515498656160219e-01
1.530905133447129856e+03 3.034714221854287186e-01
1.530159283837754856e+03 3.027727427437720276e-01
1.529414166650254856e+03 3.089942753784349905e-01
1.528669781884629856e+03 3.057925517611446153e-01
1.527926251611192356e+03 3.045791001968751188e-01
1.527183209619004856e+03 3.087248816466038881e-01
1.526441388329942356e+03 3.068442325687372185e-01
1.525699933251817356e+03 3.097123998729066630e-01
1.524959576806504856e+03 3.067057128364614194e-01
1.524219708642442356e+03 3.109624771739265547e-01
1.523480694970567356e+03 3.069729326901689537e-01
1.522742413720567356e+03 3.087905485006228190e-01
1.522004986962754856e+03 3.044486744083012564e-01
1.521268170556504856e+03 3.082657475536185743e-01
1.520532086572129856e+03 3.081251150068700095e-01
1.519796735009629856e+03 3.074618095451929767e-01
1.519062237939317356e+03 3.096068473422947664e-01
1.518328351220567356e+03 3.058051148111253781e-01
1.517595196923692356e+03 3.057286314191183241e-01
1.516863141259629856e+03 3.059572546221684397e-01
1.516131573876817356e+03 3.061293308780034250e-01
1.515400616845567356e+03 3.078083965596101201e-01
1.515157330712754856e+03 3.210720358453212353e-01
1.514914044579942356e+03 3.147190358978733116e-01
1.514670636376817356e+03 3.129966452392177745e-01
1.514670514306504856e+03 3.041063516354556850e-01
1.514427472314317356e+03 3.158643058539211679e-01
1.514184430322129856e+03 3.178727683919804758e-01
1.513941144189317356e+03 3.073248694570993034e-01
1.513212506494004856e+03 3.028603959006347934e-01
1.512484601220567356e+03 3.049550732432738664e-01
1.511757428369004856e+03 3.077883134292402345e-01
1.511031110009629856e+03 3.059367342465676431e-01
1.510305402001817356e+03 3.082979002923134648e-01
1.509580426415879856e+03 3.105408447086098755e-01
1.508856183251817356e+03 3.131393365817950469e-01
1.508132672509629856e+03 3.062300760899913099e-01
1.507409894189317356e+03 3.055543891831646319e-01
1.506687848290879856e+03 3.083626887259114380e-01
1.505966534814317356e+03 3.111416222572916390e-01
1.505245953759629856e+03 3.154414833913174454e-01
1.504526227197129856e+03 3.186732092877413991e-01
1.503806988915879856e+03 3.099482853659629167e-01
1.503088553471705382e+03 3.085174652345067936e-01
1.502370152799657262e+03 3.085092415116922338e-01
1.501652485189519211e+03 3.109314187390281869e-01
1.500935672818276544e+03 3.089085997736057965e-01
1.500219471331959085e+03 3.121488452956951432e-01
1.499504002907551921e+03 3.057616125799196283e-01
1.498789267545055054e+03 3.087832879148145193e-01
1.498075143067483395e+03 3.080124412521438870e-01
1.497361873828806893e+03 3.124503179565404354e-01
1.496649215475055598e+03 3.106660028075750590e-01
1.495937412360199687e+03 3.108883181756356695e-01
1.495226220130268985e+03 3.083278892201847254e-01
1.494515760962248578e+03 3.055232944618236357e-01
1.493805912679153380e+03 3.068191013752430973e-01
1.493096919634953338e+03 3.103620213761211777e-01
1.492388537475678504e+03 3.101350377472004705e-01
1.491680888378314194e+03 3.116367047800298051e-01
1.490973972342859952e+03 3.098406422457685161e-01
1.490267667192330919e+03 3.074658384303627923e-01
1.489562095103712181e+03 3.101979917106713613e-01
1.488857256077003512e+03 3.061966887027854356e-01
1.488153150112205367e+03 3.085693982358819754e-01
1.487449655032332203e+03 3.106099940855071018e-01
1.486746893014369334e+03 3.120922866369753579e-01
1.486044741881331902e+03 3.080251318802234017e-01
1.485343445987189625e+03 3.077656049477043299e-01
1.484642760977972557e+03 3.066867916315702547e-01
1.483942809030665558e+03 3.108993747627021853e-01
1.483243467968283994e+03 3.032580200311245089e-01
1.482544982144797586e+03 3.104921576697793340e-01
1.481846985029251528e+03 3.088198713314473376e-01
1.481149843152600624e+03 3.079298884916177315e-01
1.480453312160874930e+03 3.075311433025524344e-01
1.479757392054074444e+03 3.075512037441781032e-01
1.479062327186169341e+03 3.110469245200891963e-01
1.478367751026204360e+03 3.105009016434187585e-01
1.477674030105134761e+03 3.110675887509035120e-01
1.476980920068990372e+03 3.055347676415077207e-01
1.476288543094756051e+03 3.100607415060775973e-01
1.475596777005447166e+03 3.084286237433189193e-01
1.474905743978048349e+03 3.101263503899081009e-01
1.474215321835574741e+03 3.136593231674302817e-01
1.473525632755011429e+03 3.136983010663149107e-01
1.472836554559373326e+03 3.101380875686932104e-01
1.472148209425645518e+03 3.064308794217091014e-01
1.471460597353828007e+03 3.032751721615660756e-01
1.470773596166935704e+03 3.124910252010080214e-01
1.470087328041953469e+03 3.103942896828760789e-01
1.469401670801896671e+03 3.085936709978821524e-01
1.468716624446765081e+03 3.046374387090618474e-01
1.468032311153543560e+03 3.080759936352887585e-01
1.467348730922232335e+03 3.095356838103708319e-01
1.466665761575846318e+03 3.137106083833438031e-01
1.465983403114385737e+03 3.074643502648967130e-01
1.465301777714835225e+03 3.053882773255678917e-01
1.464620763200209922e+03 3.074920142805226964e-01
1.463940481747494914e+03 3.105124476773112319e-01
1.463260811179704888e+03 3.143101539883377815e-01
1.462581873673825385e+03 3.070659784400162073e-01
1.461903547052871090e+03 3.024058736797275992e-01
1.461225831316842005e+03 3.053847436218077305e-01
1.460548726465737900e+03 3.082521159767005470e-01
1.459872476853529406e+03 3.071613104459273158e-01
1.459196715949260806e+03 3.053936162693901002e-01
1.458521688106902729e+03 3.055220324988202063e-01
1.457847271149469634e+03 3.052428346772945722e-01
1.457173587253946835e+03 3.042146196229135180e-01
1.456500514243349244e+03 3.050203856009627290e-01
1.455828052117676862e+03 3.038723252098824434e-01
1.455156323053915003e+03 3.080235523629274996e-01
1.454485204875078125e+03 3.036704261406967253e-01
1.453814697581166456e+03 3.078640937122110732e-01
1.453144801172179996e+03 3.048205876542896542e-01
1.452475760002088691e+03 3.128253785732326708e-01
1.451807207539937735e+03 3.077466016796524539e-01
1.451139265962711988e+03 3.065066693985038504e-01
1.450472057447396537e+03 3.074323009962210973e-01
1.449805459817006067e+03 3.101088339156964357e-01
1.449139473071541033e+03 3.102780695011699286e-01
1.448474219387986295e+03 3.074393361353125464e-01
1.447809576589356539e+03 3.113895204715710907e-01
1.447145422498667131e+03 3.115610094855952306e-01
1.446482123646872878e+03 3.126970239097868198e-01
1.445819313503018975e+03 3.108885453977169866e-01
1.445157358598060227e+03 3.072526040509216405e-01
1.444495770224056741e+03 3.082256591311464677e-01
1.443834914911963324e+03 3.101093870385258078e-01
1.443174792661780202e+03 3.095711360880295526e-01
1.442515159119537429e+03 3.141779086967979029e-01
1.441856258639204725e+03 3.053703296034702697e-01
1.441197969043797229e+03 3.042666923621792918e-01
1.440540290333314942e+03 3.119111650795144408e-01
1.439883100330773004e+03 3.062804505200268923e-01
1.439226887744111309e+03 3.034304443046905719e-01
1.439226765567126222e+03 3.126666175788725410e-01
1.439008190940885697e+03 3.063683699879525268e-01
1.438789494137660085e+03 3.028334613717056367e-01
1.438571041688404648e+03 3.131029488580512887e-01
1.438570919511419561e+03 3.051968951124727214e-01
1.438352467062164123e+03 3.012992100425241904e-01
1.438134136789893773e+03 3.083961623469578806e-01
1.437915928694608283e+03 3.109965154815264032e-01
1.437915806517623196e+03 3.097772248138878082e-01
1.437697598422337933e+03 3.097382588154278804e-01
1.437479512504037530e+03 3.053398254561681679e-01
1.437261426585737127e+03 3.040636661056645984e-01
1.437261304408752267e+03 3.036621986021026953e-01
1.437043096313466776e+03 3.085305026684318497e-01
1.436825254749136548e+03 3.064136848549686154e-01
1.436607535361791179e+03 3.020843099622674832e-01
1.436607413184806319e+03 3.073069899146925188e-01
1.436389571620476090e+03 3.101309271943792911e-01
1.436171730056145634e+03 3.097610007154068534e-01
1.435954132845785580e+03 3.031589929880816325e-01
1.435736535635425298e+03 3.117765957287810252e-01
1.435518938425065244e+03 3.039236699953641874e-01
1.435301463391690049e+03 3.109467836004894403e-01
1.435084110535299942e+03 3.070206432117050799e-01
1.434866757678909835e+03 3.061483712977117744e-01
1.434649404822519728e+03 3.116147402889452023e-01
1.434432296320099795e+03 3.112033123092686204e-01
1.434215065640694775e+03 3.069197585402643758e-01
1.433997957138274614e+03 3.103602462438864173e-01
1.433780970812839769e+03 3.088511052987173988e-01
1.433564106664389783e+03 3.090671551678830786e-01
1.433347242515939797e+03 3.048788077783837203e-01
1.433130378367490039e+03 3.060037942782650178e-01
1.432913758573010000e+03 3.077402432712426639e-01
1.432697016601545101e+03 3.086311684727713334e-01
1.432480396807065290e+03 3.083851368506888013e-01
1.432263899189570566e+03 3.076650023067861728e-01
1.432047523749060701e+03 3.004477376818652234e-01
1.431831148308551064e+03 2.992358770169998294e-01
1.431614772868041200e+03 3.038992317640664131e-01
1.431398519604516650e+03 3.006039860422359267e-01
1.431182388517976960e+03 2.958620116216653106e-01
1.430966257431437270e+03 2.908238877924722021e-01
1.430750248521882668e+03 2.993338467631255773e-01
1.430534361789312925e+03 3.035169785327471725e-01
1.430318352879758322e+03 3.079800287784424384e-01
1.430102466147188807e+03 3.089937534353648929e-01
1.429886579414619291e+03 3.056324295483586750e-01
1.429671059213004810e+03 3.103965696161599674e-01
1.429455416834405241e+03 3.087576246617223519e-01
1.429239896632790760e+03 3.060428839605952578e-01
1.429024498608161366e+03 3.047905060203922600e-01
1.428808978406546885e+03 3.084579279665144447e-01
1.428593580381917491e+03 3.092319844836862730e-01
1.428378304534273184e+03 3.079329084587728582e-01
1.428163150863613737e+03 3.130105319112286844e-01
1.427947997192954517e+03 3.132279524502423196e-01
1.427732843522295070e+03 3.146489574442680737e-01
1.427517812028620710e+03 3.120575768487761636e-01
1.427303024888916525e+03 3.139320591342394384e-01
1.427087993395242393e+03 3.157633315498118987e-01
1.426873206255537980e+03 3.145486877205034282e-01
1.426658541292818882e+03 3.170247512124714784e-01
1.426443876330099783e+03 3.157252837844524151e-01
1.426229211367380685e+03 3.150902359045070766e-01
1.426014668581646447e+03 3.147557468676882020e-01
1.425800247972897296e+03 3.146086595252500229e-01
1.425585827364148372e+03 3.122181417279218940e-01
1.425371528932384308e+03 3.156079981486963892e-01
1.425157230500620244e+03 3.122315578344413978e-01
1.424943054245841267e+03 3.074614761582047939e-01
1.424728877991062291e+03 3.148770632098622513e-01
1.424514823913268174e+03 3.155762118339599520e-01
1.424300647658489197e+03 3.122452243687454665e-01
1.424086960111650342e+03 3.159132908366590886e-01
1.423873028210841539e+03 3.155420947491606731e-01
1.423659218487017597e+03 3.110333286844553236e-01
1.423445530940178742e+03 3.115750197575092306e-01
1.423231843393339886e+03 3.095795182259106770e-01
1.423018278023486118e+03 3.127954527565470211e-01
1.422804590476647263e+03 3.082315067260969488e-01
1.422591391637748757e+03 3.116901777674326857e-01
1.422377948444880076e+03 3.101409329532504033e-01
1.422164627428996255e+03 3.088483486697531921e-01
1.421951306413112661e+03 3.113223797515455304e-01
1.421738229751199015e+03 3.171787842244568334e-01
1.421525030912300281e+03 3.117441124371909122e-01
1.421311954250386634e+03 3.165246637283795073e-01
1.421098877588472988e+03 3.082440698901849907e-01
1.420886045280529515e+03 3.024925179697478539e-01
1.420673212972586043e+03 3.119895249406604010e-01
1.420460380664642344e+03 3.091211773739678259e-01
1.420247792710669046e+03 3.152267766225783086e-01
1.420034960402725574e+03 3.170128870033794288e-01
1.419822494625737136e+03 3.148550694163220198e-01
1.419609906671763611e+03 3.154277878946406544e-01
1.419397563071760260e+03 3.168931798432553792e-01
1.419185097294771822e+03 3.113207233906836735e-01
1.418972753694768471e+03 3.129214344365660594e-01
1.418760532271750208e+03 3.143733147295409425e-01
1.418548433025716804e+03 3.068161723786724249e-01
1.418336333779683628e+03 3.128719360262925964e-01
1.418124234533650224e+03 3.095157266622660663e-01
1.417912135287617048e+03 3.120723177708935037e-01
1.417700402572538906e+03 3.090406837412611463e-01
1.417488425503490589e+03 3.152263838913835214e-01
1.417276570611427360e+03 3.100204960006209820e-01
1.417064960073334305e+03 3.142503319851073784e-01
1.416853349535241250e+03 3.127347816146233694e-01
1.416641738997148195e+03 3.121883031160526678e-01
1.416430128459054913e+03 3.154841243199628664e-01
1.416218762274932033e+03 3.151657483019329464e-01
1.416007396090808925e+03 3.123317277107003354e-01
1.415796029906685817e+03 3.095296292613005651e-01
1.415584785899548024e+03 3.101825839256850958e-01
1.415373541892410003e+03 3.124539446836160361e-01
1.415162542239242157e+03 3.096127353040650787e-01
1.414951420409088996e+03 3.159713491392307505e-01
1.414740420755921150e+03 3.181756165160112282e-01
1.414529421102753304e+03 3.108453127832813689e-01
1.414318665803555405e+03 3.125452492457380105e-01
1.414107910504357733e+03 3.147990896034794095e-01
1.413897155205159834e+03 3.152338670954731303e-01
1.413686522082947022e+03 3.116684569837579466e-01
1.413476011137719297e+03 3.106612409825035281e-01
1.413265378015506485e+03 3.103495512732614703e-01
1.413054744893293901e+03 3.113868257793704353e-01
1.412844600479021210e+03 3.129415348110371475e-01
1.412634211710778573e+03 3.103611896780533175e-01
1.412423945119520795e+03 3.130343682376379721e-01
1.412213678528263245e+03 3.193778025234630391e-01
1.412003656290975641e+03 3.219605661487811021e-01
1.411793634053688038e+03 3.205487474436451434e-01
1.411583611816400435e+03 3.195501344189820014e-01
1.411373589579113059e+03 3.170419121434452925e-01
1.411163811695795403e+03 3.130073979152311892e-01
1.410954033812477974e+03 3.152680808768815179e-01
1.410744255929160545e+03 3.171028506734807073e-01
1.410534478045843116e+03 3.082547406023527503e-01
1.410324944516495634e+03 3.104950133419175362e-01
1.410115410987148380e+03 3.104872121494713366e-01
1.409905999634785985e+03 3.162047850344827937e-01
1.409696466105438503e+03 3.162597447174280152e-01
1.409487299107046283e+03 3.196139012778150823e-01
1.409277887754683888e+03 3.123699952209487152e-01
1.409068720756291668e+03 3.128560513623084294e-01
1.408859553757899448e+03 3.102801173968595116e-01
1.408650508936492088e+03 3.136553526200685504e-01
1.408441464115084955e+03 3.138628327355381109e-01
1.408232541470662682e+03 3.108390469092865982e-01
1.408023618826240636e+03 3.103374006403809005e-01
1.407814818358803450e+03 3.137816645177534669e-01
1.407606017891366264e+03 3.131017381431153157e-01
1.407397339600914165e+03 3.164124861784640697e-01
1.407188661310462066e+03 3.158700059875385602e-01
1.406980105196995055e+03 3.200298367185207549e-01
1.406771671260512903e+03 3.191461147391974618e-01
1.406563237324030979e+03 3.172085230088590446e-01
1.406354803387549055e+03 3.093739408669879398e-01
1.406146491628051990e+03 3.117665511883532803e-01
1.405938424222525100e+03 3.172686092843913230e-01
1.405730112463028036e+03 3.172575440659516355e-01
1.405522045057501373e+03 3.167993389501651547e-01
1.405313977651974483e+03 3.214042677599689424e-01
1.405106032423432453e+03 3.162773718520932587e-01
1.404898087194890650e+03 3.211195455330028148e-01
1.404690264143333934e+03 3.098524214693271772e-01
1.404482441091776991e+03 3.187564937647057173e-01
1.404274862394190450e+03 3.166782336216837357e-01
1.404067161519618594e+03 3.226579523668943184e-01
1.403859460645046738e+03 3.210763037860605573e-01
1.403652004124445057e+03 3.149394757630369357e-01
1.403444547603843375e+03 3.211606059410711533e-01
1.403237213260226781e+03 3.184600739696643590e-01
1.403029756739625100e+03 3.172113004421165949e-01
1.402822544572993593e+03 3.176351619878434174e-01
1.402615454583346946e+03 3.151428921922678761e-01
1.402408242416715439e+03 3.143407238291905381e-01
1.402201152427068791e+03 3.195634813116086104e-01
1.401994062437422372e+03 3.148038723259000138e-01
1.401787216801745899e+03 3.142289118324106401e-01
1.401580371166069426e+03 3.165428402668205576e-01
1.401373525530392953e+03 3.217412581916105907e-01
1.401166679894716481e+03 3.192809963629769099e-01
1.400959956436025095e+03 3.190105675768105664e-01
1.400753355154318569e+03 3.141663019772206744e-01
1.400546876049597358e+03 3.180531953838283132e-01
1.400340396944875920e+03 3.154730339135114470e-01
1.400133917840154709e+03 3.198879105700286885e-01
1.399927560912418357e+03 3.194569944287800611e-01
1.399721326161667093e+03 3.190434331438500304e-01
1.399514969233930742e+03 3.162185509939609562e-01
1.399308856660164565e+03 3.145497477752552395e-01
1.399102744086398388e+03 3.147735629266736335e-01
1.398896753689617299e+03 3.165993875288346526e-01
1.398690641115851122e+03 3.165960226653964926e-01
1.398484772896054892e+03 3.159862523254043931e-01
1.398279026853243749e+03 3.176140018130167442e-01
1.398073036456462660e+03 3.160672225175403249e-01
1.397867412590636604e+03 3.164444915620137078e-01
1.397661666547825462e+03 3.160661312703272330e-01
1.397456042681999406e+03 3.193120523833978264e-01
1.397250663170143525e+03 3.148550144579029264e-01
1.397045161481302557e+03 3.179750113606298889e-01
1.396839659792461589e+03 3.149808514565994866e-01
1.396634158103620393e+03 3.174133841597977512e-01
1.396429145122719774e+03 3.141426833996360246e-01
1.396223887787848753e+03 3.124938774301073141e-01
1.396018630452977732e+03 3.223392626238995029e-01
1.395813617472077112e+03 3.171489752857556965e-01
1.395608604491176266e+03 3.238627752808494464e-01
1.395403591510275419e+03 3.200658991842260104e-01
1.395198700706359659e+03 3.153335729487418138e-01
1.394993809902443672e+03 3.178124145510748400e-01
1.394789041275513000e+03 3.168730751775173937e-01
1.394584394825567415e+03 3.191385361305410506e-01
1.394379748375621602e+03 3.143991985917364840e-01
1.394175101925675790e+03 3.188797329148492787e-01
1.393970455475730205e+03 3.148587230596526232e-01
1.393766175556739654e+03 3.192723111124319835e-01
1.393561773460764016e+03 3.183532440919312201e-01
1.393357371364788378e+03 3.190054522709859786e-01
1.393153091445797827e+03 3.160540629221588738e-01
1.392948933703792363e+03 3.190978959390650682e-01
1.392744775961786672e+03 3.206937606144810715e-01
1.392540740396766296e+03 3.229243394935429889e-01
1.392336704831745692e+03 3.204316463562435491e-01
1.392132669266725316e+03 3.180915240875685224e-01
1.391928878055674886e+03 3.232960603776030006e-01
1.391724964667639370e+03 3.168876817950262992e-01
1.391521173456588940e+03 3.175918891310067216e-01
1.391317382245538511e+03 3.192735212569692282e-01
1.391113957565443343e+03 3.146510640374228784e-01
1.390910288531378001e+03 3.127198985122562891e-01
1.390706741674297518e+03 3.201466353743250837e-01
1.390503316994202351e+03 3.173381610813291731e-01
1.390299892314106955e+03 3.217939481149281189e-01
1.390096589810996875e+03 3.165475910703591800e-01
1.389893287307886567e+03 3.167777179099157125e-01
1.389690106981761346e+03 3.138449789397324552e-01
1.389486926655636125e+03 3.149071397230170932e-01
1.389283990683481079e+03 3.194816469953535298e-01
1.389080932534340945e+03 3.147546795191077385e-01
1.388877874385200812e+03 3.177394763078338347e-01
1.388674938413045538e+03 3.168242419197848658e-01
1.388472124617875579e+03 3.229175610755085080e-01
1.388269432999690480e+03 3.186621999415061302e-01
1.388066741381505381e+03 3.180780580707938676e-01
1.387864049763320509e+03 3.194383673838948057e-01
1.387661480322120497e+03 3.181221744484912239e-01
1.387459033057905572e+03 3.171229849006381163e-01
1.387256463616705560e+03 3.170544769901517124e-01
1.387054138529475495e+03 3.152559063302041165e-01
1.386851813442245657e+03 3.184915735217302979e-01
1.386649488355015819e+03 3.167707635327177140e-01
1.386447285444770841e+03 3.164683158597916268e-01
1.386245204711511178e+03 3.157674821282833721e-01
1.386043001801266200e+03 3.162059781033629835e-01
1.385841043244991397e+03 3.204273929758472694e-01
1.385639084688716594e+03 3.177369170656849096e-01
1.385437248309426877e+03 3.210838049913856129e-01
1.385235411930137161e+03 3.193523767847656902e-01
1.385033575550847445e+03 3.221356145792207970e-01
1.384831861348542816e+03 3.202434904076497113e-01
1.384630147146238187e+03 3.224558858009785589e-01
1.384428677297903505e+03 3.223934787476377406e-01
1.384227085272583963e+03 3.237164774037663006e-01
1.384025615424249281e+03 3.228429598582059357e-01
1.383824145575914599e+03 3.210432846658756723e-01
1.383622920081550092e+03 3.141337846922362953e-01
1.383421572410200497e+03 3.202155155163277644e-01
1.383220346915835989e+03 3.183898093162150778e-01
1.383019121421471482e+03 3.265146397249327204e-01
1.382818140281077149e+03 3.262743729547912253e-01
1.382617159140682588e+03 3.311826588660661264e-01
1.382416055823303168e+03 3.237690612298355641e-01
1.382215196859893695e+03 3.194843858765920031e-01
1.382014337896484449e+03 3.210294406682146495e-01
1.381813601110060063e+03 3.222212203487895277e-01
1.381612864323635677e+03 3.181202695305315742e-01
1.381412127537211290e+03 3.242015389056580599e-01
1.381211512927771992e+03 3.252392725449559374e-01
1.381010898318332693e+03 3.260391737020638669e-01
1.380810528062863341e+03 3.244302567460429221e-01
1.380610157807394216e+03 3.238571293911740590e-01
1.380409787551925092e+03 3.221543014499154700e-01
1.380209417296455740e+03 3.284738401640294736e-01
1.380009169217971476e+03 3.210987678459358841e-01
1.379809043316472525e+03 3.202929393784967882e-01
1.379608917414973348e+03 3.206357875296182991e-01
1.379408791513474171e+03 3.192381006336856841e-01
1.379208787788960080e+03 3.205115419223010798e-01
1.379009028418415937e+03 3.196897906046847759e-01
1.378809146870886934e+03 3.233361076342844975e-01
1.378609265323357931e+03 3.216896637501824863e-01
1.378409505952813788e+03 3.225538274472578570e-01
1.378209746582269872e+03 3.222995850245153338e-01
1.378010109388710816e+03 3.251566863569624322e-01
1.377810594372137075e+03 3.253533980259217251e-01
1.377611079355563106e+03 3.219738513698320870e-01
1.377411686515974225e+03 3.252955209659988411e-01
1.377212293676385343e+03 3.248591828934650483e-01
1.377013023013781321e+03 3.245533067013876005e-01
1.376813752351177527e+03 3.255387016078450935e-01
1.376614481688573733e+03 3.231568402788730365e-01
1.376415333202954798e+03 3.248074830081534303e-01
1.376216184717336091e+03 3.263621430032006554e-01
1.376017280585687331e+03 3.280412173131972420e-01
1.375818254277053711e+03 3.265184967639259139e-01
1.375619350145404951e+03 3.235257637728655711e-01
1.375420446013756191e+03 3.252894602118942546e-01
1.375221664059092518e+03 3.207137284549599343e-01
1.375023126458398792e+03 3.270530840673292472e-01
1.374824466680720207e+03 3.297033347080319254e-01
1.374625806903041621e+03 3.220276970291638396e-01
1.374427269302348122e+03 3.260779517100023117e-01
1.374228731701654397e+03 3.226867226027395064e-01
1.374030438454930845e+03 3.224569544807416310e-01
1.373832023031222434e+03 3.223625105596409912e-01
1.373633729784498883e+03 3.215030821669896399e-01
1.373435436537775331e+03 3.206419226607592488e-01
1.373237265468036867e+03 3.267053685388048301e-01
1.373039216575283490e+03 3.242246220078301433e-01
1.372841045505545026e+03 3.230364519974089355e-01
1.372643118789776508e+03 3.201580842803875560e-01
1.372445192074008219e+03 3.200806230643756245e-01
1.372247265358239929e+03 3.228724291166656379e-01
1.372049582996441586e+03 3.215562116501902157e-01
1.371851778457658156e+03 3.216385171669564613e-01
1.371654096095859813e+03 3.192786406525516818e-01
1.371456291557076611e+03 3.224258752876183465e-01
1.371258853549248443e+03 3.190976026532000853e-01
1.371061415541420047e+03 3.234109617475765530e-01
1.370863977533591878e+03 3.236930431417033849e-01
1.370666539525763710e+03 3.287953510805322055e-01
1.370469101517935542e+03 3.233963240904640379e-01
1.370271785687092233e+03 3.270679635709730082e-01
1.370074714210219327e+03 3.215053735422861991e-01
1.369877520556361105e+03 3.208553574612204584e-01
1.369680449079487971e+03 3.143961462001976792e-01
1.369483377602614837e+03 3.207300644674942469e-01
1.369286428302726790e+03 3.188492740999521735e-01
1.369089601179823831e+03 3.257661632414449171e-01
1.368892529702950696e+03 3.207158733422338370e-01
1.368695824757032824e+03 3.249801522846372248e-01
1.368499119811114952e+03 3.263701203710557275e-01
1.368302414865196852e+03 3.256487461959103324e-01
1.368105832096264066e+03 3.178496210792660093e-01
1.367909249327331054e+03 3.278317453018829708e-01
1.367712666558398041e+03 3.219190641067942171e-01
1.367516328143435203e+03 3.300438833804759664e-01
1.367319867551487505e+03 3.240002299513494721e-01
1.367123529136524667e+03 3.221105494586585238e-01
1.366927435075531776e+03 3.218339212555154094e-01
1.366731096660568937e+03 3.192949829003606244e-01
1.366535002599576273e+03 3.242842804253631139e-01
1.366338786361598522e+03 3.255660885141941630e-01
1.366142814477590719e+03 3.261132556912754721e-01
1.365946964770568002e+03 3.239738346223993704e-01
1.365750992886560425e+03 3.266041474080197959e-01
1.365555143179537708e+03 3.294777685784991972e-01
1.365359293472514992e+03 3.259057589282821632e-01
1.365163565942477362e+03 3.227734112661380661e-01
1.364968082766409907e+03 3.241888462214520539e-01
1.364772355236372277e+03 3.279226644432875482e-01
1.364576872060304822e+03 3.255746466523394278e-01
1.364381266707252053e+03 3.238939434860128586e-01
1.364185905708169685e+03 3.285367750449257329e-01
1.363990544709087089e+03 3.285907288982152230e-01
1.363795183710004721e+03 3.188437262621723334e-01
1.363599944887907213e+03 3.173317046510396588e-01
1.363404706065809705e+03 3.201956794478886259e-01
1.363209589420697284e+03 3.215662067604797558e-01
1.363014472775584863e+03 3.221538907523194273e-01
1.362819478307457530e+03 3.283847115802468464e-01
1.362624606016315283e+03 3.277883561557494718e-01
1.362429489371202862e+03 3.263649174458913005e-01
1.362234739257045476e+03 3.279584883014254326e-01
1.362039989142888317e+03 3.280359649212399864e-01
1.361845361205716017e+03 3.285772768720750525e-01
1.361650611091558631e+03 3.219955083652424332e-01
1.361455983154386558e+03 3.284334408141725836e-01
1.361261355217214259e+03 3.257242005194857515e-01
1.361066849457027047e+03 3.231728392072965028e-01
1.360872465873824922e+03 3.261753967469132598e-01
1.360678204467607657e+03 3.251945114453016483e-01
1.360483820884405532e+03 3.267649770696077760e-01
1.360289559478188494e+03 3.240369285776781294e-01
1.360095298071971229e+03 3.260443350668372209e-01
1.359901036665754191e+03 3.282614208160727354e-01
1.359707141790492187e+03 3.269127926581491539e-01
1.359513124738245097e+03 3.296686422285928786e-01
1.359319107685998233e+03 3.279921968582864555e-01
1.359125212810736230e+03 3.227635414285163762e-01
1.358931317935474226e+03 3.227995216764942277e-01
1.358737545237197310e+03 3.246775367597274919e-01
1.358543894715905253e+03 3.269870923598844903e-01
1.358350122017628337e+03 3.203417312436868669e-01
1.358156471496336508e+03 3.264897429887594904e-01
1.357962943152029538e+03 3.271522497853124878e-01
1.357769414807722796e+03 3.335222285769443018e-01
1.357576008640400914e+03 3.303564222098535619e-01
1.357382602473079032e+03 3.316542233959731134e-01
1.357189318482742237e+03 3.307810499835635576e-01
1.356996034492405443e+03 3.277751968177031738e-01
1.356802750502068648e+03 3.252161782474422003e-01
1.356609588688716940e+03 3.278662078573166272e-01
1.356416549052350319e+03 3.262407139272330836e-01
1.356223509415983699e+03 3.257512524396859455e-01
1.356030591956601938e+03 3.276658994848837270e-01
1.355837552320235318e+03 3.222990662132019790e-01
1.355644757037838644e+03 3.289515462210170216e-01
1.355451839578457111e+03 3.281321249127532869e-01
1.355259288650030385e+03 3.291174618824110332e-01
1.355066493367633939e+03 3.295780142385332234e-01
1.354873820262222353e+03 3.290586916850284371e-01
1.354681269333795854e+03 3.259922948420844180e-01
1.354488718405369355e+03 3.243737680711211713e-01
1.354296411830912803e+03 3.273291942382794417e-01
1.354103983079471391e+03 3.286309971473064251e-01
1.353911554328029752e+03 3.261954114964781826e-01
1.353719247753573427e+03 3.254190634607219690e-01
1.353526941179116875e+03 3.297698732300595736e-01
1.353334756781645638e+03 3.257606667412124568e-01
1.353142816738144347e+03 3.245618568191988573e-01
1.352950754517657970e+03 3.222409219208667852e-01
1.352758692297171592e+03 3.285010467797745415e-01
1.352566752253670302e+03 3.260009593940815242e-01
1.352374812210169011e+03 3.270662506027102179e-01
1.352182994343652581e+03 3.237279538944553559e-01
1.351991298654121465e+03 3.231757152010165668e-01
1.351799602964590122e+03 3.262895346587617040e-01
1.351607907275059006e+03 3.277390667201520169e-01
1.351416211585527662e+03 3.278394782779642802e-01
1.351224638072981634e+03 3.291642023706569109e-01
1.351033064560435378e+03 3.256253581648171358e-01
1.350841857578844383e+03 3.271074403534793285e-01
1.350650406243283214e+03 3.233884323698440477e-01
1.350459077084707133e+03 3.273944265305773760e-01
1.350267870103115911e+03 3.225588040301317627e-01
1.350076663121524916e+03 3.253483677435534127e-01
1.349885456139933922e+03 3.248429130717002122e-01
1.349694493512312874e+03 3.282663591113212931e-01
1.349503408707706740e+03 3.291767469253559231e-01
1.349312446080085920e+03 3.257609353205248026e-01
1.349121483452464872e+03 3.242489797914877570e-01
1.348930643001828912e+03 3.239729535538102834e-01
1.348739802551192952e+03 3.232333142141403659e-01
1.348549084277542079e+03 3.243951843730307205e-01
1.348358488180876293e+03 3.276980202374860096e-01
1.348167769907225420e+03 3.267102828782074142e-01
1.347977173810559634e+03 3.241610381272305164e-01
1.347786699890878708e+03 3.251410936643858163e-01
1.347596225971198010e+03 3.251482465881042061e-01
1.347405874228502171e+03 3.244845441963866706e-01
1.347215400308821245e+03 3.218127506479898092e-01
1.347025170743110721e+03 3.278784034719608442e-01
1.346834941177399969e+03 3.199769798672450483e-01
1.346644711611689218e+03 3.238638939556751639e-01
1.346454604222963553e+03 3.282204870000228758e-01
1.346264619011222749e+03 3.203108791994923044e-01
1.346074633799482172e+03 3.237444939097028906e-01
1.345884648587741594e+03 3.273968759096312908e-01
1.345694785552985877e+03 3.239331251544053103e-01
1.345504922518230387e+03 3.249116533039824173e-01
1.345315059483474670e+03 3.254136846724334786e-01
1.345125440802689354e+03 3.182530977971786967e-01
1.344935699944918724e+03 3.200511763906619955e-01
1.344746081264133181e+03 3.252435805096390298e-01
1.344556584760332726e+03 3.210474699021895195e-01
1.344366966079547183e+03 3.217344320225636878e-01
1.344177591752731814e+03 3.209457616793363055e-01
1.343988095248931359e+03 3.232731156878212442e-01
1.343798965276085937e+03 3.168905792025628609e-01
1.343609590949270569e+03 3.202005563933387200e-01
1.343420338799440060e+03 3.194512770312099570e-01
1.343231208826594866e+03 3.244219299693171243e-01
1.343042078853749445e+03 3.212928373018827388e-01
1.342853071057889110e+03 3.225719575308286791e-01
1.342664063262028776e+03 3.212658832885181281e-01
1.342475177643153529e+03 3.271112884489679740e-01
1.342286169847293195e+03 3.231419144597374449e-01
1.342097406405403035e+03 3.254858192213691548e-01
1.341908642963512875e+03 3.244147269313192306e-01
1.341719879521622715e+03 3.240034406644424214e-01
1.341531238256717415e+03 3.233729114493272272e-01
1.341342719168797430e+03 3.255431278992223509e-01
1.341154200080877217e+03 3.230904927903779367e-01
1.340965680992957004e+03 3.213933109059548543e-01
1.340777161905037019e+03 3.244611985989588887e-01
1.340588764994101894e+03 3.203905570891278365e-01
1.340400490260151855e+03 3.259795425770071198e-01
1.340212215526201817e+03 3.195719113251312415e-01
1.340024062969236638e+03 3.258010803488817220e-01
1.339835910412271687e+03 3.234377123297746404e-01
1.339647757855306736e+03 3.243238496196578224e-01
1.339459727475326645e+03 3.250510940690152784e-01
1.339271697095346781e+03 3.207364665041194107e-01
1.339083666715366917e+03 3.232112738722976997e-01
1.338895880689357000e+03 3.212830394952289614e-01
1.338708094663347083e+03 3.254589154537568807e-01
1.338520186460352079e+03 3.207100646701203095e-01
1.338332522611327249e+03 3.259969191126301236e-01
1.338144858762302420e+03 3.249900068990165258e-01
1.322211269435007353e+03 3.258473239855830816e-01
1.322028370488399332e+03 3.193166119830977978e-01
1.321845471541791085e+03 3.228554009696686378e-01
1.321662572595182837e+03 3.236715561070533376e-01
1.321479918002544764e+03 3.243075874518833168e-01
1.304712837283291719e+03 3.322365638878270744e-01
1.304534947593070228e+03 3.300133153630641636e-01
1.304357180079833824e+03 3.291019016422772614e-01
1.304179412566597421e+03 3.299785738530410795e-01
1.304001645053361017e+03 3.317816329881791981e-01
1.286831380283468661e+03 3.263863097098501642e-01
1.286658744203604101e+03 3.338987658226272304e-01
1.286485985946754226e+03 3.265220194103358176e-01
1.286313349866889666e+03 3.292763670961263434e-01
1.286140713787025106e+03 3.292474840648161316e-01
1.285968199884145406e+03 3.309244811798583430e-01
1.285795685981265933e+03 3.317766313516610777e-01
1.285623172078386233e+03 3.333681457493645750e-01
1.285450780352491620e+03 3.362988496599740862e-01
1.285278388626597007e+03 3.296007618179545018e-01
1.285106241254672568e+03 3.325044874274672435e-01
1.284933971705763042e+03 3.358273914124005333e-01
1.284761702156853516e+03 3.322759891341456329e-01
1.284589554784929078e+03 3.343406646575793895e-01
1.284417407413004639e+03 3.343818356309977147e-01
1.284245382218065288e+03 3.329196533099842981e-01
1.284073357023125709e+03 3.346151327696795796e-01
1.283901331828186358e+03 3.381713341211349255e-01
1.283729428810231866e+03 3.349408389768712135e-01
1.283557525792277602e+03 3.344723726578636147e-01
1.283385744951308197e+03 3.405249847816609887e-01
1.283213964110338793e+03 3.430901035073596339e-01
1.283042183269369616e+03 3.419277492770452231e-01
1.282870524605385299e+03 3.406260678980713164e-01
1.282698865941400982e+03 3.438975001323956171e-01
1.282527451631386612e+03 3.450928393315766396e-01
1.282355915144387382e+03 3.422729533400156732e-01
1.282184378657388152e+03 3.439409795509280610e-01
1.282012964347374009e+03 3.444756913981595892e-01
1.281841672214344726e+03 3.391616714438319136e-01
1.281670257904330583e+03 3.375590963965359736e-01
1.281498965771301300e+03 3.372920707079147262e-01
1.281327673638272245e+03 3.361796141053545184e-01
1.281156503682228049e+03 3.358912801547622173e-01
1.280985333726183853e+03 3.330120747496145284e-01
1.280814163770139658e+03 3.325831141174729333e-01
1.280643238168065636e+03 3.358639727137557318e-01
1.280472190389006528e+03 3.347684435693022431e-01
1.280301142609947419e+03 3.313757982666012958e-01
1.280130339184858485e+03 3.312000510884391957e-01
1.279959413582784464e+03 3.314476680853993829e-01
1.279788732334680390e+03 3.290130275330354626e-01
1.279617928909591456e+03 3.316014648309751345e-01
1.279447247661487381e+03 3.332372454975082721e-01
1.279276566413383534e+03 3.367081974089655705e-01
1.279106007342264547e+03 3.319547070421909329e-01
1.278935326094160473e+03 3.322789022607227083e-01
1.278764889200026801e+03 3.319591592690610549e-01
1.278594330128907814e+03 3.317761775573818128e-01
1.278424015411759001e+03 3.358959923732843245e-01
1.278253578517625101e+03 3.301203822868266080e-01
1.278083263800476288e+03 3.300059004237088645e-01
1.277912949083327248e+03 3.316381509274917705e-01
1.277742756543163523e+03 3.333966817673905680e-01
1.277572564002999798e+03 3.332746966509806952e-01
1.277402371462835845e+03 3.319382481628927462e-01
1.277232301099657207e+03 3.366352272019082492e-01
1.277062230736478341e+03 3.314508895961111867e-01
1.276892404727269650e+03 3.291666448905022913e-01
1.276722456541076099e+03 3.332381111197130763e-01
1.276552508354882320e+03 3.318721545981712651e-01
1.276382682345673629e+03 3.298352619292597709e-01
1.276212978513450025e+03 3.320966899336815215e-01
1.276043152504241334e+03 3.367661149921463704e-01
1.275873448672017730e+03 3.287410565286071895e-01
1.275703744839794126e+03 3.314507827402990436e-01
1.275534163184555382e+03 3.341061453623598299e-01
1.275364581529316865e+03 3.299253623495473908e-01
1.275194999874078349e+03 3.327983033902211507e-01
1.275025662572809779e+03 3.341529715558088642e-01
1.274856080917571262e+03 3.310358043975397679e-01
1.274686743616302692e+03 3.340748161881859635e-01
1.274517406315034123e+03 3.321320370410373313e-01
1.274348191190750640e+03 3.360756298105023188e-01
1.274178853889482298e+03 3.321961436679903845e-01
1.274009760942183902e+03 3.329122204966625254e-01
1.273840667994885280e+03 3.290615292998297359e-01
1.273671575047586884e+03 3.322671132372065905e-01
1.273502604277273576e+03 3.329325402871570749e-01
1.273333633506960268e+03 3.312379422820571073e-01
1.273164784913631820e+03 3.356231063036097528e-01
1.273164662736646733e+03 3.326291131184914152e-01
1.272995814143318512e+03 3.285808029076054404e-01
1.272995691966333425e+03 3.312415691251292538e-01
1.272827087726975151e+03 3.328548512838764295e-01
1.272826965549990064e+03 3.345175474606362220e-01
1.272658239133646930e+03 3.294128822232621490e-01
1.272658116956661843e+03 3.343994240173635557e-01
1.272489390540318482e+03 3.333278378400928998e-01
1.272489268363333395e+03 3.280097462286200027e-01
1.272320541946990261e+03 3.306372843611334322e-01
1.272151937707631987e+03 3.293929260005834525e-01
1.271983333468273713e+03 3.297913480257989027e-01
1.271814729228915439e+03 3.304190634622128919e-01
1.271646247166542253e+03 3.331836097235421623e-01
1.271477765104169066e+03 3.276931725958385222e-01
1.271309283041795879e+03 3.322456361805517511e-01
1.271140923156407553e+03 3.336409560701134036e-01
1.270972563271019453e+03 3.328234596892051811e-01
1.270804325562616214e+03 3.339406527876279673e-01
1.270636087854213201e+03 3.379703544440202378e-01
1.270467850145809962e+03 3.317540156699889109e-01
1.270299856791377124e+03 3.323965770163447297e-01
1.270131741259958972e+03 3.289068243119290802e-01
1.269963625728540819e+03 3.284474043696500867e-01
1.269795632374107754e+03 3.333845144810885230e-01
1.269627761196659776e+03 3.320875575931948598e-01
1.269459767842226711e+03 3.337648318941321413e-01
1.269291896664778733e+03 3.362138446684759807e-01
1.269124147664315842e+03 3.355068726102687360e-01
1.268956398663852951e+03 3.336281338163815668e-01
1.268788649663389833e+03 3.398591933867883275e-01
1.268620900662926942e+03 3.375164348521190738e-01
1.268453396016433999e+03 3.350936396000379625e-01
1.268285769192956195e+03 3.327579532313809096e-01
1.268118142369478164e+03 3.337888900447870122e-01
1.267950759899970308e+03 3.345702714084697327e-01
1.267783255253477591e+03 3.302172880114619402e-01
1.267615872783969735e+03 3.277393299291443962e-01
1.267448490314461878e+03 3.341390246435042011e-01
1.267281352198924196e+03 3.318256823071139006e-01
1.267113969729416340e+03 3.331307214338132261e-01
1.266946709436893570e+03 3.344924271460498200e-01
1.266779571321355888e+03 3.312023815456178188e-01
1.266612433205817979e+03 3.323427622573268403e-01
1.266445417267265384e+03 3.322163322190206380e-01
1.266278523505697649e+03 3.327111785042169423e-01
1.266111507567145054e+03 3.354744569587293501e-01
1.265944613805577319e+03 3.357076829843519405e-01
1.265777720044009584e+03 3.361276581026495514e-01
1.265610826282442076e+03 3.339894271172275664e-01
1.265444054697859428e+03 3.370011617764070433e-01
1.265277283113276781e+03 3.321135684743304339e-01
1.265110755882664307e+03 3.366810544112726067e-01
1.264943984298081659e+03 3.350594771545992168e-01
1.264777334890484099e+03 3.342631256875882584e-01
1.264610807659871398e+03 3.356270472880044098e-01
1.264444280429258924e+03 3.350325061996325959e-01
1.264277875375631538e+03 3.325383583294226342e-01
1.264111470322003925e+03 3.358849262913083389e-01
1.263945065268376538e+03 3.342188649402251244e-01
1.263778782391734012e+03 3.312296716913341044e-01
1.263612499515091486e+03 3.323337967198599086e-01
1.263446216638449187e+03 3.329826765135431854e-01
1.263280055938791747e+03 3.318071675779649676e-01
1.263113895239134308e+03 3.331615781573101231e-01
1.262947856716461956e+03 3.350071766582816690e-01
1.262781696016804517e+03 3.329574823539985795e-01
1.262615779671117252e+03 3.343296016120193004e-01
1.262449741148444900e+03 3.355121501554457208e-01
1.262283824802757408e+03 3.379723571687326400e-01
1.262118030634055231e+03 3.369228930652413134e-01
1.261952236465352826e+03 3.352935033344302540e-01
1.261786442296650648e+03 3.360304320382974663e-01
1.261620648127948471e+03 3.383006402808216295e-01
1.261455098313216240e+03 3.314276779637797543e-01
1.261289548498484010e+03 3.297735113604811641e-01
1.261123876506766692e+03 3.311838109558644105e-01
1.260958326692034461e+03 3.359665460947843796e-01
1.260792899054287318e+03 3.325523455337657253e-01
1.260627471416540175e+03 3.389055250215741721e-01
1.260462043778793031e+03 3.341433508483225845e-01
1.260296616141045888e+03 3.350100664306287501e-01
1.260131310680283832e+03 3.300381323593440386e-01
1.259966127396506636e+03 3.340486747191804828e-01
1.259800821935744580e+03 3.351601255996098372e-01
1.259635760828952698e+03 3.306453700018583408e-01
1.259470577545175502e+03 3.346744085140709313e-01
1.259305516438383393e+03 3.350819518666098284e-01
