# Wavelength, Reflectance
1.644405635090490705e+03 3.172012653503044066e-01
1.643539546223303205e+03 3.170727693694808669e-01
1.642674311848303205e+03 3.260229556306090681e-01
1.641810054035803205e+03 3.355125009171333050e-01
1.640946650715490705e+03 3.087090395145363209e-01
1.640084346027990705e+03 3.271482337925716299e-01
1.639222895832678205e+03 3.136225766531254289e-01
1.638362422199865705e+03 3.415181840396958601e-01
1.637502803059240705e+03 3.187918847627493335e-01
1.636644282551428205e+03 3.222277246985217891e-01
1.635786616535803205e+03 3.201440524920323716e-01
1.634929927082678205e+03 3.357355885245162930e-01
1.634074214192053205e+03 3.288229875183850126e-01
1.633219355793615705e+03 3.296909942013956929e-01
1.632365473957678205e+03 3.328598605918299258e-01
1.631512446613928205e+03 3.259708874514412047e-01
1.630660395832678205e+03 3.160604364522622833e-01
1.629809321613928205e+03 3.287961790251335836e-01
1.628959101887365705e+03 3.306923789197024344e-01
1.628109858723303205e+03 3.207435881757047524e-01
1.627261470051428205e+03 3.150176391717596780e-01
1.626414057942053205e+03 3.259171020470978952e-01
1.625567622395178205e+03 3.256190379350626385e-01
1.624722163410803205e+03 3.296304633930540184e-01
1.623877436848303205e+03 3.188161847390448833e-01
1.623033808918615705e+03 3.305705428829663894e-01
1.622190913410803205e+03 3.228543350719846328e-01
1.621349116535803205e+03 3.271428452885152827e-01
1.620508052082678205e+03 3.182572119770693542e-01
1.619668086262365705e+03 3.241473393728568908e-01
1.618828852863928205e+03 3.181045799387596240e-01
1.617990596027990705e+03 3.158427936348903731e-01
1.617153193684240705e+03 3.225202142795104421e-01
1.616316767902990705e+03 3.208038636844249836e-01
1.615481196613928205e+03 3.149305378442637804e-01
1.614646601887365705e+03 3.212238818166800458e-01
1.613812983723303205e+03 3.246201568317569341e-01
1.612980097981115705e+03 3.295995469175850845e-01
1.612148188801428205e+03 3.139256182659321270e-01
1.611317134113928205e+03 3.260354894634411860e-01
1.610487055988928205e+03 3.147912237023979820e-01
1.609657832356115705e+03 3.103372889516142208e-01
1.608829463215490705e+03 3.144057358464556473e-01
1.608002070637365705e+03 3.179898139520892508e-01
1.607175410481115705e+03 3.220854690768892858e-01
1.606349726887365705e+03 3.205110978509935205e-01
1.605525019856115705e+03 3.255217185383851852e-01
1.604701167317053205e+03 3.182894681719681818e-01
1.603878047199865705e+03 3.102197183850473605e-01
1.603055903645178205e+03 3.155009905876625664e-01
1.602234736652990705e+03 3.158629166376304420e-01
1.601414302082678205e+03 3.070808737909904718e-01
1.600594844074865705e+03 3.196010208222713755e-01
1.599776240559240705e+03 3.078543200724698226e-01
1.598958491535803205e+03 3.174899145773735776e-01
1.598141597004553205e+03 3.195157662131319354e-01
1.597325434895178205e+03 3.120404817865717884e-01
1.596510615559240705e+03 3.131073920613615114e-01
1.595696284504553205e+03 3.188695160112165472e-01
1.594882807942053205e+03 3.133776755629505417e-01
1.594070430012365705e+03 3.138448122754617375e-01
1.593258662434240705e+03 3.164216627951140781e-01
1.592447871418615705e+03 3.162893920773530709e-01
1.591638056965490705e+03 3.182523451631021350e-01
1.590828974934240705e+03 3.134335726131323163e-01
1.590020869465490705e+03 3.122229865015061501e-01
1.589213374348303205e+03 3.028805360578709638e-01
1.588406733723303205e+03 3.140793412169661791e-01
1.587601313801428205e+03 3.182166386430108629e-01
1.586796504231115705e+03 3.161292460807090254e-01
1.585992549152990705e+03 3.146127388404101888e-01
1.585189570637365705e+03 3.154129349170549657e-01
1.584387324543615705e+03 3.167521234411489472e-01
1.583585932942053205e+03 3.156149804846228313e-01
1.582785517902990705e+03 3.126217398110142653e-01
1.581985835285803205e+03 3.137260047203369595e-01
1.581187129231115705e+03 3.144505462267758733e-01
1.580389033527990705e+03 3.133908363991574353e-01
1.579591792317053205e+03 3.079238028628782931e-01
1.578795649738928205e+03 3.142412545984284433e-01
1.578000117512365705e+03 3.129868309529840187e-01
1.577205561848303205e+03 3.078069827691198856e-01
1.576411860676428205e+03 3.133410163764693834e-01
1.575618891926428205e+03 3.113084200555840120e-01
1.574826655598303205e+03 3.115514748302548043e-01
1.574035395832678205e+03 3.138646817392253818e-01
1.573244990559240705e+03 3.084941132403130060e-01
1.572455439777990705e+03 3.073003754544318400e-01
1.571666621418615705e+03 3.152764917002755518e-01
1.570878535481115705e+03 3.146961082998566694e-01
1.570091548176428205e+03 3.123770866400081281e-01
1.569305171223303205e+03 3.129132783732270218e-01
1.568519892902990705e+03 3.141702119972762941e-01
1.567735102863928205e+03 3.183537330612252192e-01
1.566951289387365705e+03 3.135029525465485301e-01
1.566168330402990705e+03 3.155327315431102897e-01
1.565386103840490705e+03 3.183631318114671926e-01
1.564604731770178205e+03 3.213605473265740420e-01
1.563824214192053205e+03 3.132996688274564678e-01
1.563044551106115705e+03 3.191069514894394610e-01
1.562265498371740705e+03 3.151219578211026384e-01
1.561487422199865705e+03 3.162156804168004265e-01
1.560710200520178205e+03 3.144963563867675393e-01
1.559933711262365705e+03 3.115177443110114242e-01
1.559157954426428205e+03 3.138127896483486334e-01
1.558383052082678205e+03 3.089536754067159219e-01
1.557609126301428205e+03 3.110432699749508534e-01
1.556835810871740705e+03 3.139368605113939115e-01
1.556063349934240705e+03 3.132908726528239041e-01
1.555291621418615705e+03 3.115162816165062409e-01
1.554520869465490705e+03 3.119100967508687816e-01
1.553750727863928205e+03 3.137750966834140787e-01
1.552981562824865705e+03 3.161360550045015927e-01
1.552981440754553205e+03 3.136184929798891408e-01
1.552725337238928205e+03 3.130345660437421351e-01
1.552469111652990705e+03 3.116253016817294719e-01
1.552213130207678205e+03 3.109860534867729398e-01
1.552213008137365705e+03 3.126607746780414865e-01
1.551957148762365705e+03 3.154491862291154414e-01
1.551445430012365705e+03 3.070314805384159462e-01
1.550678584309240705e+03 3.104767032456417497e-01
1.549912471027990705e+03 3.130978888727916076e-01
1.549147212238928205e+03 3.081313124886338461e-01
1.548382807942053205e+03 3.110110064404583152e-01
1.547619013996740705e+03 3.115335976474705726e-01
1.546856074543615705e+03 3.144897629255756777e-01
1.546093989582678205e+03 3.099470753513076104e-01
1.545332759113928205e+03 3.111416438869087919e-01
1.544572138996740705e+03 3.113442111241601085e-01
1.543812251301428205e+03 3.134260758804187086e-01
1.543053340168615705e+03 3.034702684828580188e-01
1.542295283527990705e+03 3.078965921461779831e-01
1.541537837238928205e+03 3.167500418162330633e-01
1.540781123371740705e+03 3.121939710684356606e-01
1.540025263996740705e+03 3.139575053741340271e-01
1.539270137043615705e+03 3.085587898802985563e-01
1.538515986652990705e+03 3.102530391346067229e-01
1.537762446613928205e+03 3.160737172521843608e-01
1.537009638996740705e+03 3.156275682862176857e-01
1.536257685871740705e+03 3.116466562676201146e-01
1.535506221027990705e+03 3.077710076727276922e-01
1.534756098957678205e+03 3.126275253613464700e-01
1.534006221027990705e+03 3.084115515997603030e-01
1.533257441731115705e+03 3.092688100387748218e-01
1.532509272785803205e+03 3.109181289128779002e-01
1.531761836262365705e+03 3.134101777462401928e-01
1.531015376301428205e+03 3.106071044444960183e-01
1.530269526692053205e+03 3.121046397793824645e-01
1.529524409504553205e+03 3.084690061803166405e-01
1.528780024738928205e+03 3.105110301099784365e-01
1.528036494465490705e+03 3.144340759284878772e-01
1.527293452473303205e+03 3.107155288604808163e-01
1.526551631184240705e+03 3.075888889819275995e-01
1.525810176106115705e+03 3.105381256201920070e-01
1.525069819660803205e+03 3.085980343113219337e-01
1.524329951496740705e+03 3.145391435793314927e-01
1.523590937824865705e+03 3.143558042745352998e-01
1.522852656574865705e+03 3.134652199636651093e-01
1.522115229817053205e+03 3.078730417442063216e-01
1.521378413410803205e+03 3.117622703717259358e-01
1.520642329426428205e+03 3.108810392493702723e-01
1.519906977863928205e+03 3.125217026540217935e-01
1.519172480793615705e+03 3.067349966984676546e-01
1.518438594074865705e+03 3.146474402665975778e-01
1.517705439777990705e+03 3.107585214565264375e-01
1.516973384113928205e+03 3.071637518636645137e-01
1.516241816731115705e+03 3.157259180424917266e-01
1.515510859699865705e+03 3.177789011195975011e-01
1.515267573567053205e+03 3.131877974044504631e-01
1.515024287434240705e+03 3.101121286706240432e-01
1.514780879231115705e+03 3.162811905532430523e-01
1.514780757160803205e+03 3.091079829144139368e-01
1.514537715168615705e+03 3.097405387634892815e-01
1.514294673176428205e+03 3.125257640513003365e-01
1.514051387043615705e+03 3.093562508389032795e-01
1.513322749348303205e+03 3.116019818086126492e-01
1.512594844074865705e+03 3.130000338296927143e-01
1.511867671223303205e+03 3.113658363038109833e-01
1.511141352863928205e+03 3.132309238320245548e-01
1.510415644856115705e+03 3.133766413327415679e-01
1.509690669270178205e+03 3.092214804120611005e-01
1.508966426106115705e+03 3.171801257369848415e-01
1.508242915363928205e+03 3.142950996649849782e-01
1.507520137043615705e+03 3.150902374907623149e-01
1.506798091145178205e+03 3.179766376201487166e-01
1.506076777668615705e+03 3.158760178400506491e-01
1.505356196613928205e+03 3.177449546305085026e-01
1.504636470051428205e+03 3.197235150079433819e-01
1.503917231770178205e+03 3.209622057203401768e-01
1.503198771580227458e+03 3.164757840837439384e-01
1.502480070426672455e+03 3.128075913545795284e-01
1.501762102641641604e+03 3.138069051462014092e-01
1.501044990453221999e+03 3.087988677740144405e-01
1.500328489405238997e+03 3.132564951230333850e-01
1.499612721725780148e+03 3.097533249548021783e-01
1.498897687414845223e+03 3.124622219788689148e-01
1.498183264244347129e+03 3.166692470469051890e-01
1.497469696670460280e+03 3.162598372171083194e-01
1.496756740237010263e+03 3.155151309582200359e-01
1.496044639400171491e+03 3.126577714401935215e-01
1.495333149703769550e+03 3.146379468997331230e-01
1.494622393375891534e+03 3.076343413332511267e-01
1.493912248188450121e+03 3.108421207499987848e-01
1.493202958597620182e+03 3.107454138550440614e-01
1.492494280147227073e+03 3.153299096974789273e-01
1.491786335065357889e+03 3.160799700252536759e-01
1.491079123352012630e+03 3.120172136658120876e-01
1.490372522779104202e+03 3.148116982792806828e-01
1.489666655574719925e+03 3.138585818482205192e-01
1.488961521738859574e+03 3.139435300823072983e-01
1.488257121271523147e+03 3.095096237889513602e-01
1.487553331944623551e+03 3.107787965769696625e-01
1.486850275986247880e+03 3.161741847057279453e-01
1.486147831168309040e+03 3.109261196393062754e-01
1.485446241946981445e+03 3.106907060552308031e-01
1.484745263866090681e+03 3.140780430886599972e-01
1.484045019153723842e+03 3.079634292750109692e-01
1.483345385581793607e+03 3.135795003077145870e-01
1.482646607606475072e+03 3.090146041838699453e-01
1.481948318543505593e+03 3.110397013916243458e-01
1.481250885077147586e+03 3.112418082565122646e-01
1.480554062751226184e+03 3.112517359277071072e-01
1.479857851565741612e+03 3.120128367549963033e-01
1.479162495976868513e+03 3.095757119605614394e-01
1.478467629300344470e+03 3.161289311501714328e-01
1.477773618220432127e+03 3.185984176236461574e-01
1.477080218280956160e+03 3.084643113343824572e-01
1.476387551710004573e+03 3.097032119659521854e-01
1.475695496279489362e+03 3.117549411026335759e-01
1.475004174217498303e+03 3.098090869908466383e-01
1.474313463295944075e+03 3.243062016306871853e-01
1.473623485742913772e+03 3.171757603944832526e-01
1.472934119330320073e+03 3.120317977790939001e-01
1.472245486286250525e+03 3.093907123352122035e-01
1.471557586610705130e+03 3.088415025221247778e-01
1.470870298075596111e+03 3.132756106226065040e-01
1.470183742909011471e+03 3.130567374779599787e-01
1.469497798882863208e+03 3.141607103639108001e-01
1.468812465997151776e+03 3.122648746426508470e-01
1.468127866479964496e+03 3.114024518706198230e-01
1.467444000331301140e+03 3.162138826785698131e-01
1.466760745323074616e+03 3.106412789379566775e-01
1.466078101455284695e+03 3.100520687643430473e-01
1.465396190956018700e+03 3.083361010333127150e-01
1.464714891597189535e+03 3.071787491714497165e-01
1.464034325606884295e+03 3.168062962010019246e-01
1.463354370757015886e+03 3.177596544674177736e-01
1.462675149275671401e+03 3.162127485121069559e-01
1.461996538934763521e+03 3.107253864739058513e-01
1.461318539734292472e+03 3.134027578460517605e-01
1.460641151674258253e+03 3.115967428121443339e-01
1.459964619210835281e+03 3.061229257425945871e-01
1.459288575659761591e+03 3.094027940048008629e-01
1.458613265477212053e+03 3.073678344846671462e-01
1.457938566435099119e+03 3.092707667783426984e-01
1.457264600761510337e+03 3.103778733794666511e-01
1.456591246228358159e+03 3.064417078920460003e-01
1.455918502835642585e+03 3.051867239473970428e-01
1.455246492811451162e+03 3.028051836544306541e-01
1.454575093927696571e+03 3.053484415839666788e-01
1.453904306184378356e+03 3.107538819582223444e-01
1.453234129581497200e+03 3.136478430276028462e-01
1.452564808575227062e+03 3.109641021506776015e-01
1.451895976481306434e+03 3.102262590213466509e-01
1.451227755527822637e+03 3.151875292298792486e-01
1.450560267942862765e+03 3.107442597666220663e-01
1.449893391498339497e+03 3.070153677622382005e-01
1.449227126194253060e+03 3.140034109534771689e-01
1.448561594258690548e+03 3.088242920403424518e-01
1.447896673463564866e+03 3.159117203930940643e-01
1.447232241580788468e+03 3.149415135381197772e-01
1.446568665294623543e+03 3.208492375121762552e-01
1.445905577920807900e+03 3.111552325795365337e-01
1.445243346143603503e+03 3.078632657647555337e-01
1.444581481050661296e+03 3.108017471692432476e-01
1.443920349326243013e+03 3.112161291296098309e-01
1.443259950970348882e+03 3.169004557469279892e-01
1.442600041526804034e+03 3.153157726888226597e-01
1.441940865451783111e+03 3.127943847101314345e-01
1.441282300517199019e+03 3.123913407567634470e-01
1.440624346723051758e+03 3.082395029207066761e-01
1.439966881841253553e+03 3.104133706457849473e-01
1.439310394784154369e+03 3.101040510444414977e-01
1.439310272556067048e+03 3.088174823774761935e-01
1.439091606507817005e+03 3.040398562180923192e-01
1.438872818231479641e+03 3.064832227350988703e-01
1.438654274411316919e+03 3.094148476524106184e-01
1.438654152183229598e+03 3.111148346677600207e-01
1.438435608363067104e+03 3.126727691051435776e-01
1.438217186770991702e+03 3.112514746847711566e-01
1.437998887407003622e+03 3.073518626512186658e-01
1.437998765178916301e+03 3.094306034526466131e-01
1.437780465814928448e+03 3.044551103674571491e-01
1.437562288679027688e+03 3.049942346218232903e-01
1.437344111543127156e+03 3.086557896149246250e-01
1.437343989315039835e+03 3.057853639882633923e-01
1.437125689951051754e+03 3.091535258689709909e-01
1.436907757271325863e+03 3.012446969231203364e-01
1.436689946819687293e+03 3.025593690428109439e-01
1.436689824591599972e+03 3.095503596019881232e-01
1.436471891911873854e+03 3.091629626341353965e-01
1.436253959232147963e+03 3.042983210071416034e-01
1.436036271008596714e+03 3.061285276860613580e-01
1.435818582785045464e+03 3.023242466799025974e-01
1.435600894561494215e+03 3.040555146430774514e-01
1.435383328566030286e+03 3.051530608056768901e-01
1.435165884798653678e+03 3.108218214240226485e-01
1.434948441031277071e+03 3.046137814902151741e-01
1.434730997263900463e+03 3.097541278635514428e-01
1.434513797952698496e+03 3.064975015711863815e-01
1.434296476413409209e+03 3.109202858555250026e-01
1.434079277102207243e+03 3.108582264939929729e-01
1.433862200019092825e+03 3.118582756819467394e-01
1.433645245164065500e+03 3.093373481690440685e-01
1.433428290309038175e+03 3.081043037639858428e-01
1.433211335454011078e+03 3.060163824227848939e-01
1.432994625055158394e+03 3.082752915852611242e-01
1.432777792428218618e+03 3.083431817331688807e-01
1.432561082029365934e+03 3.080986387508850566e-01
1.432344493858600799e+03 3.033226846846420188e-01
1.432128027915922758e+03 3.044930445352351800e-01
1.431911561973244943e+03 3.032349905811475566e-01
1.431695096030567129e+03 3.027691882487413833e-01
1.431478752315976635e+03 3.005284743160843708e-01
1.431262530829473235e+03 3.034662476171774426e-01
1.431046309342970062e+03 2.995380838583082128e-01
1.430830210084554210e+03 2.984129190212919669e-01
1.430614233054225679e+03 3.043162481200704095e-01
1.430398133795809827e+03 3.123002497189343307e-01
1.430182156765481295e+03 3.090073037765004305e-01
1.429966179735152764e+03 3.121185143885383817e-01
1.429750569389086195e+03 3.076786127288516082e-01
1.429534836814932532e+03 3.087121074290674616e-01
1.429319226468865963e+03 3.124137589149259542e-01
1.429103738350886715e+03 3.099980352415258045e-01
1.428888128004820146e+03 3.099291104446360579e-01
1.428672639886841125e+03 3.111275038631577949e-01
1.428457273996949198e+03 3.151163077910015820e-01
1.428242030335144818e+03 3.097749202451663963e-01
1.428026786673340212e+03 3.106990282600823883e-01
1.427811543011535832e+03 3.158728711562540648e-01
1.427596421577818546e+03 3.192984102281525294e-01
1.427381544600276129e+03 3.151404500143889509e-01
1.427166423166559071e+03 3.155289390904930658e-01
1.426951546189016426e+03 3.131616506474396711e-01
1.426736791439561330e+03 3.171473673792640224e-01
1.426522036690106233e+03 3.150498591712511676e-01
1.426307281940651137e+03 3.170549990367813598e-01
1.426092649419283362e+03 3.133217331003245731e-01
1.425878139126002907e+03 3.124094137924441350e-01
1.425663628832722452e+03 3.152940015604739354e-01
1.425449240767529318e+03 3.157107954219962598e-01
1.425234852702336184e+03 3.149305810285269458e-01
1.425020586865230371e+03 3.160164249946859627e-01
1.424806321028124557e+03 3.131812285326894263e-01
1.424592177419106065e+03 3.142115536768578798e-01
1.424377911582000252e+03 3.114989965379701964e-01
1.424164134657243949e+03 3.117773454858356885e-01
1.423950113276312777e+03 3.068450656706005475e-01
1.423736214123469153e+03 3.152067126498666050e-01
1.423522437198712623e+03 3.150040284237727861e-01
1.423308660273956320e+03 3.133218497746927400e-01
1.423095005577287111e+03 3.101526723640643524e-01
1.422881228652530808e+03 3.092526330519790312e-01
1.422667940640123561e+03 3.116774145317022793e-01
1.422454408171541900e+03 3.068000477966484341e-01
1.422240997931047559e+03 3.155051031200217793e-01
1.422027587690553219e+03 3.172933832225526274e-01
1.421814421906233292e+03 3.082529686385418466e-01
1.421601133893826272e+03 3.117391448826699052e-01
1.421387968109506573e+03 3.110664179734511925e-01
1.421174802325186874e+03 3.067779661108153699e-01
1.420961880997041817e+03 3.053734805361743021e-01
1.420748959668896759e+03 3.087509880639394688e-01
1.420536038340751702e+03 3.124891231774687972e-01
1.420323361468781286e+03 3.127212148623317867e-01
1.420110440140636229e+03 3.081741969066436049e-01
1.419897885496753361e+03 3.115816323267862620e-01
1.419685208624782945e+03 3.144281815903482435e-01
1.419472776208987170e+03 3.136571481660018201e-01
1.419260221565104302e+03 3.147595600852050590e-01
1.419047789149308528e+03 3.107232466381345537e-01
1.418835478961600074e+03 3.167158769848191779e-01
1.418623291001979169e+03 3.175631705339945210e-01
1.418411103042358036e+03 3.107688430648671840e-01
1.418198915082737130e+03 3.140008923823786602e-01
1.417986727123116225e+03 3.125499913141647768e-01
1.417774905847757054e+03 3.072405884826314715e-01
1.417562840116223470e+03 3.094844858656349285e-01
1.417350896612777206e+03 3.141307128641405710e-01
1.417139197565505356e+03 3.096282519867320504e-01
1.416927498518233733e+03 3.128598623969998105e-01
1.416715799470962111e+03 3.152330742956035992e-01
1.416504100423690488e+03 3.111797284788741513e-01
1.416292645832593507e+03 3.134434764798196271e-01
1.416081191241496526e+03 3.172330786877222142e-01
1.415869736650399545e+03 3.125579851595900460e-01
1.415658404287389885e+03 3.110188002636892768e-01
1.415447071924380225e+03 3.155604725893410012e-01
1.415235984017545434e+03 3.111648480493196534e-01
1.415024773882623094e+03 3.123455459577968440e-01
1.414813685975788076e+03 3.183495671410103700e-01
1.414602598068953057e+03 3.131242626487723002e-01
1.414391754618292907e+03 3.190037885858924560e-01
1.414180911167632530e+03 3.080973885512672816e-01
1.413970067716972380e+03 3.104713888623574225e-01
1.413759346494399324e+03 3.128450170939365838e-01
1.413548747499913816e+03 3.132925563138440617e-01
1.413338026277340759e+03 3.065945640769462410e-01
1.413127305054767930e+03 3.091429610003401662e-01
1.412917072744544384e+03 3.152238184712751190e-01
1.412706595978145970e+03 3.092622309007886372e-01
1.412496241439835103e+03 3.112329975511969327e-01
1.412285886901524236e+03 3.116409985712358388e-01
1.412075776819388011e+03 3.187063895484611997e-01
1.411865666737251786e+03 3.206601219797131641e-01
1.411655556655115561e+03 3.215549708049823541e-01
1.411445446572979336e+03 3.186663681571340612e-01
1.411235580947017752e+03 3.127331219715617228e-01
1.411025715321056168e+03 3.161776449433633673e-01
1.410815849695094585e+03 3.124673497480275897e-01
1.410605984069133001e+03 3.116213746345612989e-01
1.410396362899346059e+03 3.139105503987657531e-01
1.410186741729559117e+03 3.116623230588456694e-01
1.409977242787859723e+03 3.159709210694482961e-01
1.409767621618072781e+03 3.114725948245748999e-01
1.409558367132547801e+03 3.160095503976392273e-01
1.409348868190848407e+03 3.146835758990987886e-01
1.409139613705323427e+03 3.092003336713609607e-01
1.408930359219798675e+03 3.133284440087450995e-01
1.408721226962361015e+03 3.123066049512257525e-01
1.408512094704923584e+03 3.128962079338145630e-01
1.408303084675573473e+03 3.112966532651655349e-01
1.408094074646223135e+03 3.122545602597446845e-01
1.407885186844960344e+03 3.142674447253709369e-01
1.407676299043697554e+03 3.146958027004319036e-01
1.407467533470522085e+03 3.165684175951348767e-01
1.407258767897346388e+03 3.137324091521249136e-01
1.407050124552258239e+03 3.153339361565666854e-01
1.406841603435257412e+03 3.155975336373877949e-01
1.406633082318256584e+03 3.125085709977499238e-01
1.406424561201255756e+03 3.187116489491093052e-01
1.406216162312342249e+03 3.192856630720270483e-01
1.406008007879603383e+03 3.204490686668783894e-01
1.405799608990690103e+03 3.156340004060614324e-01
1.405591454557951238e+03 3.166120342416021693e-01
1.405383300125212372e+03 3.185733450933152522e-01
1.405175267920560827e+03 3.217741198327697671e-01
1.404967235715909510e+03 3.170934606916731013e-01
1.404759325739345286e+03 3.201310905149262753e-01
1.404551415762781062e+03 3.170664192638253942e-01
1.404343750242391707e+03 3.172199486171389804e-01
1.404135962493914803e+03 3.169254693166459469e-01
1.403928174745438128e+03 3.176073501969367552e-01
1.403720631453135866e+03 3.184468674825621237e-01
1.403513088160833831e+03 3.146894621356393085e-01
1.403305667096619118e+03 3.190273611520580421e-01
1.403098123804316856e+03 3.136413101291108396e-01
1.402890824968189463e+03 3.174598337380434843e-01
1.402683648360149391e+03 3.190119482067592105e-01
1.402476349524021998e+03 3.178274007560260572e-01
1.402269172915981926e+03 3.135010979364484252e-01
1.402061996307941854e+03 3.179552886967803582e-01
1.401855064156076423e+03 3.203950248917940002e-01
1.401648132004210993e+03 3.193599943614666703e-01
1.401441199852345562e+03 3.154955868089698301e-01
1.401234267700480132e+03 3.144756391859948597e-01
1.401027457776702022e+03 3.203265042041771316e-01
1.400820770081011233e+03 3.207888430697963811e-01
1.400614204613407765e+03 3.220616480599039488e-01
1.400407639145804524e+03 3.182501207533904863e-01
1.400201073678201055e+03 3.192476213426877485e-01
1.399994630438684908e+03 3.126507146290447570e-01
1.399788309427256308e+03 3.153930597127692081e-01
1.399581866187740161e+03 3.099766158753834988e-01
1.399375667404398882e+03 3.162152335358758282e-01
1.399169468621057376e+03 3.197675240904017113e-01
1.398963392065803419e+03 3.146141290686161884e-01
1.398757193282461913e+03 3.201435855554246590e-01
1.398551238955295275e+03 3.162171788523538973e-01
1.398345406856215959e+03 3.208301503364779927e-01
1.398139330300962001e+03 3.181425906734586251e-01
1.397933620429969778e+03 3.196284212344191467e-01
1.397727788330890462e+03 3.192601128553135825e-01
1.397522078459898466e+03 3.144309438947889834e-01
1.397316613045081112e+03 3.161956915632233023e-01
1.397111025402176438e+03 3.133901316733471720e-01
1.396905437759271763e+03 3.170521147173682164e-01
1.396699850116367088e+03 3.218000383486311899e-01
1.396494751385811696e+03 3.150790998963592382e-01
1.396289408199081663e+03 3.167976198550210842e-01
1.396084065012351630e+03 3.238281236383842021e-01
1.395878966281796465e+03 3.185203796789077835e-01
1.395673867551241074e+03 3.204128040049358805e-01
1.395468768820685682e+03 3.211438390588962077e-01
1.395263792318217611e+03 3.182393490894362409e-01
1.395058815815749767e+03 3.192526902567656699e-01
1.394853961541369017e+03 3.167717702638190302e-01
1.394649229495075815e+03 3.149345869556192112e-01
1.394444497448782386e+03 3.216500764437296711e-01
1.394239765402489184e+03 3.195067499872061290e-01
1.394035033356195754e+03 3.120768283286149414e-01
1.393830667994164514e+03 3.203145560249419654e-01
1.393626180404045954e+03 3.175316150134484539e-01
1.393421692813927166e+03 3.152485795647760325e-01
1.393217327451895926e+03 3.177771245182591797e-01
1.393013084317952007e+03 3.186819877430834835e-01
1.392808841184008088e+03 3.214652681589127425e-01
1.392604720278151490e+03 3.184230982340045535e-01
1.392400599372294892e+03 3.223457568650195948e-01
1.392196478466438066e+03 3.187818616262628746e-01
1.391992602016756337e+03 3.140265319828567381e-01
1.391788603338987059e+03 3.156820899277665293e-01
1.391584726889305102e+03 3.211641478996365429e-01
1.391380850439623146e+03 3.169875028318450694e-01
1.391177340674203151e+03 3.166919856058593163e-01
1.390973586452608515e+03 3.184231843833622566e-01
1.390769954459101200e+03 3.112460429810803286e-01
1.390566444693681433e+03 3.146118070708479042e-01
1.390362934928261438e+03 3.168666161844043705e-01
1.390159547390928765e+03 3.185898597346371597e-01
1.389956159853596318e+03 3.203329238033585380e-01
1.389752894544350966e+03 3.162409701347316804e-01
1.389549629235105840e+03 3.143844110024290317e-01
1.389346608382035129e+03 3.175766958793109773e-01
1.389143465300877324e+03 3.167991749266673152e-01
1.388940322219719519e+03 3.169016528571254043e-01
1.388737301366648808e+03 3.152332377641955952e-01
1.388534402741665644e+03 3.210674274474045187e-01
1.388331626344769802e+03 3.178565509520788757e-01
1.388128849947873960e+03 3.168892278828626119e-01
1.387926073550977890e+03 3.186618511478239713e-01
1.387723419382169368e+03 3.188129401353969605e-01
1.387520887441448167e+03 3.203552242242423964e-01
1.387318233272639645e+03 3.217348758197454139e-01
1.387115823560005765e+03 3.198930275682554947e-01
1.386913413847371885e+03 3.150317327686856239e-01
1.386711004134738005e+03 3.181043362254931117e-01
1.386508716650191673e+03 3.196612258228911929e-01
1.386306551393732434e+03 3.170827948934628049e-01
1.386104263909185875e+03 3.227433436704675862e-01
1.385902220880813957e+03 3.192235182493639578e-01
1.385700177852442039e+03 3.171966487314417660e-01
1.385498257052157669e+03 3.205755886565693213e-01
1.385296336251873072e+03 3.226075545989640081e-01
1.385094415451588702e+03 3.159294738886203047e-01
1.384892616879391426e+03 3.189992214350210187e-01
1.384690818307194377e+03 3.187033788614085372e-01
1.384489264191171742e+03 3.190834366473415118e-01
1.384287587847062014e+03 3.264179598418712192e-01
1.384086033731039379e+03 3.229164410740228419e-01
1.383884479615016971e+03 3.180443410226277412e-01
1.383683169955169205e+03 3.222685967371932136e-01
1.383481738067233891e+03 3.239261794279315043e-01
1.383280428407386125e+03 3.205558031858244949e-01
1.383079118747538359e+03 3.221846786465959456e-01
1.382878053543865235e+03 3.246701012422842370e-01
1.382676988340192111e+03 3.169778265560773689e-01
1.382475800908431665e+03 3.280261931152686494e-01
1.382274857932845862e+03 3.185997771424843861e-01
1.382073914957260058e+03 3.251563750583221224e-01
1.381873094209761575e+03 3.240857559471224114e-01
1.381672273462263092e+03 3.236649831013467815e-01
1.381471452714764609e+03 3.224033874629508856e-01
1.381270754195353447e+03 3.227565146266782592e-01
1.381070055675942513e+03 3.213219044704029859e-01
1.380869601612705992e+03 3.219775338078285087e-01
1.380669147549469471e+03 3.194619607137802464e-01
1.380468693486233178e+03 3.207326082449300508e-01
1.380268239422996658e+03 3.192376080028651031e-01
1.380067907587847458e+03 3.188612893034246665e-01
1.379867697980785806e+03 3.240109704080431086e-01
1.379667488373724154e+03 3.129034531695162880e-01
1.379467278766662275e+03 3.151678997643609925e-01
1.379267191387687944e+03 3.224000909811904902e-01
1.379067348464888028e+03 3.170587462916545918e-01
1.378867383314001017e+03 3.238038984840428958e-01
1.378667418163114007e+03 3.213477723522664697e-01
1.378467575240314318e+03 3.229584057757443616e-01
1.378267732317514401e+03 3.282774429534240368e-01
1.378068011622802032e+03 3.203777261766848072e-01
1.377868413156176985e+03 3.231897970857766089e-01
1.377668814689551937e+03 3.201342050276277384e-01
1.377469338451014210e+03 3.246396452912925223e-01
1.377269862212476482e+03 3.192926253944113890e-01
1.377070508202026076e+03 3.231029475205671186e-01
1.376871154191575670e+03 3.218416921602377800e-01
1.376671800181125263e+03 3.197857213071076954e-01
1.376472568398762405e+03 3.259367199292242390e-01
1.376273336616399320e+03 3.255964552517612853e-01
1.376074349290210876e+03 3.231014359373244327e-01
1.375875239735935111e+03 3.204696908038377479e-01
1.375676252409746894e+03 3.164274553626248432e-01
1.375477265083558450e+03 3.216347527831887598e-01
1.375278399985457327e+03 3.206820413581525364e-01
1.375079779343531072e+03 3.199544484093290730e-01
1.374881036473517270e+03 3.207131298712000422e-01
1.374682293603503695e+03 3.182160107822909478e-01
1.374483672961577440e+03 3.197871706514324175e-01
1.374285052319650958e+03 3.234656329383763240e-01
1.374086676133899346e+03 3.221387502309601691e-01
1.373888177720060412e+03 3.220474934472001283e-01
1.373689801534308572e+03 3.211604825541457542e-01
1.373491425348556959e+03 3.191523671295719566e-01
1.373293171390892667e+03 3.189964531402256220e-01
1.373095039661315695e+03 3.209528103268330934e-01
1.372896785703651403e+03 3.141948698993595745e-01
1.372698776202161753e+03 3.223962434753382955e-01
1.372500766700672102e+03 3.201006636355600010e-01
1.372302757199182452e+03 3.244596488058001937e-01
1.372104992153867443e+03 3.234836879869198989e-01
1.371907104880465113e+03 3.134242249707114847e-01
1.371709339835150104e+03 3.214681623445310721e-01
1.371511452561747774e+03 3.163883983793746024e-01
1.371313931972607406e+03 3.240660010394776358e-01
1.371116411383467266e+03 3.258362095853677975e-01
1.370918890794326899e+03 3.223244677671749381e-01
1.370721370205186531e+03 3.226285941456166206e-01
1.370523849616046391e+03 3.257063311771826175e-01
1.370326451254993344e+03 3.219370375131690998e-01
1.370129297350115166e+03 3.170042011842945096e-01
1.369932021217149440e+03 3.178700088949153457e-01
1.369734867312271263e+03 3.150412079756896855e-01
1.369537713407392857e+03 3.151544140451801868e-01
1.369340681730602000e+03 3.191597303560821386e-01
1.369143772281898237e+03 3.296052259872930823e-01
1.368946618377020059e+03 3.245105884684798547e-01
1.368749831156403843e+03 3.224319297983747057e-01
1.368553043935787628e+03 3.223601376193246937e-01
1.368356256715171185e+03 3.204943567218221379e-01
1.368159591722642290e+03 3.250057234810966866e-01
1.367962926730113395e+03 3.238759968446420223e-01
1.367766261737584500e+03 3.291755084120155384e-01
1.367569841201230247e+03 3.212169386073086552e-01
1.367373298436788673e+03 3.184001518544320453e-01
1.367176877900434420e+03 3.175756669185706427e-01
1.366980701820254808e+03 3.180553144052832848e-01
1.366784281283900555e+03 3.230029203647640790e-01
1.366588105203721170e+03 3.213588611127865535e-01
1.366391806895454238e+03 3.267638820899724794e-01
1.366195753043361947e+03 3.206600268459680048e-01
1.365999821419356977e+03 3.259183826996409072e-01
1.365803767567264913e+03 3.323751598492515336e-01
1.365607835943259943e+03 3.251707628879867418e-01
1.365411904319254973e+03 3.256608283552724359e-01
1.365216094923337550e+03 3.224561660361952020e-01
1.365020529983594770e+03 3.261844210129245525e-01
1.364824720587677120e+03 3.273058705555028647e-01
1.364629155647934340e+03 3.225967705758957527e-01
1.364433468480104011e+03 3.201457035788431993e-01
1.364238025768448551e+03 3.253052887039822871e-01
1.364042583056793092e+03 3.212607538627219039e-01
1.363847140345137404e+03 3.273791108472686728e-01
1.363651819861569265e+03 3.165214112203135755e-01
1.363456499378001126e+03 3.242795647915311941e-01
1.363261301122520308e+03 3.170358833107902452e-01
1.363066102867039490e+03 3.247578183702168886e-01
1.362871026839645992e+03 3.219686287701491456e-01
1.362676073040339816e+03 3.267438093485136030e-01
1.362480874784858770e+03 3.226615946203486573e-01
1.362286043213640141e+03 3.205278201586642117e-01
1.362091211642421285e+03 3.248327601016343658e-01
1.361896502299289750e+03 3.223905286780618940e-01
1.361701670728070894e+03 3.273697552712996894e-01
1.361506961384939359e+03 3.226240894606222098e-01
1.361312252041807824e+03 3.209681953613722216e-01
1.361117664926763837e+03 3.220861472989262064e-01
1.360923200039806943e+03 3.240084474585418484e-01
1.360728857380937370e+03 3.274786410903186562e-01
1.360534392493980704e+03 3.234694008731098802e-01
1.360340049835111131e+03 3.251598709153598055e-01
1.360145707176241785e+03 3.223456892631278436e-01
1.359951364517372213e+03 3.249222515399423084e-01
1.359757388542764829e+03 3.250189430733180784e-01
1.359563290340069898e+03 3.240375324317468220e-01
1.359369192137375194e+03 3.201570053927005333e-01
1.359175216162767811e+03 3.231112068770701229e-01
1.358981240188160200e+03 3.176093067956797245e-01
1.358787386441640137e+03 3.254580775756527045e-01
1.358593654923207396e+03 3.222559245326187538e-01
1.358399801176687333e+03 3.214167339580421556e-01
1.358206069658254364e+03 3.273006316791021164e-01
1.358012460367908943e+03 3.257176647612385900e-01
1.357818851077563522e+03 3.247073439473001644e-01
1.357625364015305422e+03 3.252059670352431264e-01
1.357431876953047322e+03 3.249895729763713770e-01
1.357238512118876542e+03 3.240270902146638043e-01
1.357045147284705763e+03 3.254481430318501567e-01
1.356851782450535211e+03 3.224953048728564919e-01
1.356658539844451752e+03 3.189365067622371153e-01
1.356465419466455614e+03 3.199599976267421542e-01
1.356272299088459476e+03 3.201507428017014156e-01
1.356079300938550887e+03 3.223998668282889724e-01
1.355886180560554749e+03 3.304953541397061545e-01
1.355693304638733252e+03 3.252092851059709688e-01
1.355500306488824663e+03 3.255088062389051018e-01
1.355307675023177808e+03 3.272489763085332792e-01
1.355114799101356539e+03 3.258043368784487859e-01
1.354922045407622363e+03 3.287072764423604188e-01
1.354729413941975736e+03 3.203372155586955428e-01
1.354536782476328881e+03 3.236368535671509949e-01
1.354344395466856895e+03 3.207538845652514459e-01
1.354151886229297588e+03 3.209889733547280355e-01
1.353959376991738054e+03 3.262558513793391013e-01
1.353766989982266068e+03 3.221639128740861335e-01
1.353574602972794082e+03 3.188885305617418231e-01
1.353382338191409417e+03 3.218035123617113968e-01
1.353190317866199393e+03 3.205896762295757929e-01
1.352998175312901822e+03 3.211418805282282296e-01
1.352806032759604477e+03 3.194266281319016465e-01
1.352614012434394454e+03 3.209130640449870953e-01
1.352421992109184430e+03 3.198097576171507472e-01
1.352230094012061727e+03 3.164483159621050978e-01
1.352038318143026345e+03 3.228373788054724747e-01
1.351846542273991190e+03 3.212473745722598806e-01
1.351654766404955808e+03 3.212326587459689575e-01
1.351462990535920426e+03 3.198836152650721409e-01
1.351271336894972364e+03 3.274857356731327718e-01
1.351079683254024303e+03 3.216777818618784535e-01
1.350888396297338431e+03 3.242441788644163658e-01
1.350696864884477691e+03 3.203970588266419339e-01
1.350505455699704498e+03 3.177644870379583431e-01
1.350314168743018399e+03 3.195320249356822240e-01
1.350122881786332300e+03 3.183592285978010805e-01
1.349931594829646428e+03 3.248812501604206870e-01
1.349740552329135198e+03 3.170878647774807435e-01
1.349549387600536420e+03 3.173354505681696414e-01
1.349358345100025190e+03 3.196775052514320148e-01
1.349167302599513732e+03 3.203102661699316345e-01
1.348976382327089823e+03 3.189316868536524185e-01
1.348785462054665913e+03 3.240074070223840641e-01
1.348594664010329325e+03 3.208376798754243864e-01
1.348403988194080057e+03 3.198338605042404525e-01
1.348213190149743241e+03 3.217238701515808819e-01
1.348022514333493973e+03 3.205680641493974803e-01
1.347831960745332026e+03 3.223004931980958943e-01
1.347641407157170079e+03 3.157697800022772894e-01
1.347450975797095452e+03 3.176989108679728613e-01
1.347260422208933505e+03 3.175445796020683331e-01
1.347070113076946200e+03 3.183205584469171456e-01
1.346879803944958894e+03 3.203539967544152822e-01
1.346689494812971589e+03 3.195818813938272607e-01
1.346499307909071831e+03 3.207398089243400086e-01
1.346309243233259167e+03 3.203037165331662495e-01
1.346119178557446503e+03 3.241784459314177580e-01
1.345929113881634066e+03 3.202990815055984930e-01
1.345739171433908723e+03 3.218535663029278293e-01
1.345549228986183380e+03 3.264794996207288080e-01
1.345359286538458264e+03 3.193901416139639515e-01
1.345169588546907562e+03 3.175174247678195782e-01
1.344979768327269767e+03 3.179094932310925770e-01
1.344790070335719065e+03 3.181431793202071923e-01
1.344600494572255911e+03 3.211058098070158073e-01
1.344410796580705210e+03 3.221778921813240881e-01
1.344221343045329377e+03 3.184685428741396707e-01
1.344031767281866223e+03 3.204643021850427376e-01
1.343842558202664804e+03 3.146666853876439185e-01
1.343653104667288972e+03 3.169445133519874225e-01
1.343463773360000459e+03 3.176296813947454556e-01
1.343274564280799268e+03 3.169004604026876004e-01
1.343085355201598077e+03 3.177002798501967762e-01
1.342896268350484206e+03 3.179258926300171928e-01
1.342707181499370336e+03 3.198626482543517890e-01
1.342518216876343786e+03 3.164216836497630303e-01
1.342329130025229688e+03 3.170458033509075957e-01
1.342140287630290686e+03 3.197580965568577738e-01
1.341951445235351457e+03 3.211930774581071568e-01
1.341762602840412228e+03 3.207709555957655723e-01
1.341573882673560320e+03 3.241603405293120299e-01
1.341385284734795732e+03 3.201922800700519600e-01
1.341196686796031145e+03 3.148235854605645478e-01
1.341008088857266785e+03 3.192940228287337590e-01
1.340819490918502197e+03 3.191859047422121454e-01
1.340631015207824930e+03 3.154000638942601742e-01
1.340442661725235212e+03 3.218156191362723240e-01
1.340254308242645266e+03 3.188952666700748950e-01
1.340066076988142868e+03 3.193883800040223653e-01
1.339877845733640243e+03 3.227400961062518170e-01
1.339689614479137845e+03 3.191649758455248898e-01
1.339501505452722540e+03 3.146815237489024031e-01
1.339313396426307463e+03 3.199511569666120270e-01
1.339125287399892386e+03 3.180969615515391036e-01
1.338937422829651723e+03 3.223999299361594573e-01
1.338749558259411288e+03 3.189718816005659985e-01
1.338561571461083531e+03 3.196197902122402401e-01
1.338373829118930416e+03 3.173432928382761697e-01
1.338186086776777074e+03 3.207291070886842399e-01
1.322245832994510693e+03 3.185619956502591665e-01
1.322062857547763770e+03 3.215618416186967199e-01
1.321879882101016847e+03 3.129721698682702558e-01
1.321696906654269924e+03 3.148755784760955967e-01
1.321514175663697642e+03 3.187588665667516197e-01
1.304740081869602591e+03 3.206896090577525671e-01
1.304562117774436729e+03 3.232213265516666323e-01
1.304384275907357960e+03 3.222870383125310823e-01
1.304206434040279419e+03 3.197359086047633081e-01
1.304028592173200650e+03 3.243078245200359810e-01
1.286851145690885915e+03 3.212934746068041303e-01
1.286678437403475527e+03 3.268882760876650195e-01
1.286505606887977819e+03 3.251957488042902522e-01
1.286332898600567205e+03 3.204563520009775512e-01
1.286160190313156818e+03 3.255603426019212376e-01
1.285987604253833751e+03 3.241659430277504250e-01
1.285815018194510685e+03 3.253702504339594515e-01
1.285642432135187619e+03 3.283583001556132364e-01
1.285469968303951873e+03 3.258103837862572072e-01
1.285297504472716128e+03 3.258536495453125403e-01
1.285125285097655023e+03 3.239519402595427700e-01
1.284952943494506599e+03 3.290440703747985474e-01
1.284780601891358401e+03 3.271268861602553146e-01
1.284608382516297297e+03 3.267560140615917152e-01
1.284436163141236193e+03 3.299130984729803373e-01
1.284264065994262410e+03 3.266548470114861713e-01
1.284091968847288626e+03 3.322153790236147541e-01
1.283919871700315070e+03 3.263139200167562981e-01
1.283747896781428608e+03 3.303677950466440971e-01
1.283575921862542145e+03 3.330303426142811607e-01
1.283404069171743231e+03 3.309215806915745683e-01
1.283232216480944089e+03 3.358933999585811403e-01
1.283060363790145175e+03 3.327300372930720451e-01
1.282888633327433354e+03 3.349092447820386509e-01
1.282716902864721760e+03 3.376448494447083504e-01
1.282545416858184581e+03 3.350073016693445593e-01
1.282373808623560308e+03 3.356126297245000667e-01
1.282202200388936035e+03 3.363316666263374555e-01
1.282030714382398855e+03 3.342340161286047606e-01
1.281859350603949224e+03 3.281552877819837732e-01
1.281687864597412272e+03 3.308044774685002243e-01
1.281516500818962413e+03 3.292910636455312345e-01
1.281345137040512782e+03 3.279303687172451798e-01
1.281173895490150471e+03 3.277724827532243479e-01
1.281002653939788161e+03 3.285796427311517554e-01
1.280831412389425850e+03 3.310885411818859092e-01
1.280660415295238181e+03 3.260155107987248724e-01
1.280489295972963191e+03 3.298878017830781939e-01
1.280318176650687974e+03 3.278745467990529239e-01
1.280147301784587853e+03 3.273819543531375498e-01
1.279976304690400184e+03 3.269729356724572766e-01
1.279805552052387156e+03 3.241681230902922484e-01
1.279634677186286808e+03 3.230115592932157886e-01
1.279463924548273781e+03 3.250421010860549131e-01
1.279293171910260753e+03 3.227338321626903594e-01
1.279122541500335046e+03 3.275810945299309496e-01
1.278951788862322246e+03 3.275893195584884676e-01
1.278781280680483860e+03 3.265862543511205418e-01
1.278610650270558153e+03 3.298404850519993659e-01
1.278440264316807088e+03 3.258083581507877913e-01
1.278269756134968929e+03 3.247403663816255670e-01
1.278099370181217864e+03 3.253240625842454548e-01
1.277928984227467026e+03 3.246061685326711022e-01
1.277758720501803282e+03 3.236745342350563215e-01
1.277588456776139765e+03 3.269717661468142800e-01
1.277418193050476020e+03 3.290253902393208141e-01
1.277248051552899824e+03 3.208299106128792988e-01
1.277077910055323400e+03 3.254590357972261261e-01
1.276908013013921845e+03 3.289414612984064012e-01
1.276737993744432970e+03 3.228684311200654133e-01
1.276567974474943867e+03 3.242044826768883392e-01
1.276398077433542312e+03 3.224704386219616192e-01
1.276228302620228078e+03 3.210294648263494754e-01
1.276058405578826523e+03 3.251251791069427743e-01
1.275888630765512062e+03 3.264879050819134987e-01
1.275718855952197828e+03 3.255190349117606519e-01
1.275549203366970914e+03 3.275460224558250366e-01
1.275379550781744001e+03 3.191990140932049469e-01
1.275209898196517088e+03 3.258584367198989473e-01
1.275040490067464816e+03 3.234957525334244410e-01
1.274870837482237903e+03 3.278066170001035506e-01
1.274701429353185631e+03 3.268209940802990210e-01
1.274532021224133359e+03 3.251650966863070535e-01
1.274362735323168408e+03 3.274544417201430413e-01
1.274193327194116137e+03 3.279312221932534910e-01
1.274024163521238506e+03 3.225317669223806694e-01
1.273854999848361103e+03 3.254528178150560280e-01
1.273685836175483473e+03 3.256895547377207101e-01
1.273516794730693164e+03 3.250245667584503728e-01
1.273347753285902854e+03 3.243156480720597590e-01
1.273178834069200093e+03 3.253919775259798697e-01
1.273178711841112772e+03 3.264090443205689973e-01
1.273009792624409783e+03 3.226241109644293337e-01
1.273009670396322463e+03 3.260139153608134777e-01
1.272840995635794343e+03 3.249482516885874306e-01
1.272840873407706795e+03 3.252871035254062404e-01
1.272672076419091354e+03 3.221227815739471922e-01
1.272671954191004033e+03 3.275438730532535536e-01
1.272503157202388365e+03 3.244220484771222490e-01
1.272503034974301045e+03 3.234057107073457504e-01
1.272334237985685604e+03 3.264234217337652066e-01
1.272165563225157257e+03 3.285406123087694086e-01
1.271996888464629137e+03 3.225065432616595062e-01
1.271828213704100790e+03 3.234866565045239062e-01
1.271659661171659991e+03 3.239429360463231822e-01
1.271491108639219192e+03 3.271548899574554525e-01
1.271322556106778165e+03 3.243531727807261733e-01
1.271154125802424687e+03 3.247571505689710869e-01
1.270985695498071209e+03 3.225613596710833475e-01
1.270817387421804824e+03 3.236940504319187895e-01
1.270649079345538667e+03 3.244113298483194407e-01
1.270480771269272509e+03 3.295912264091079291e-01
1.270312707649180993e+03 3.292206863845037468e-01
1.270144521801002156e+03 3.259891572279597916e-01
1.269976335952823320e+03 3.275475520510000571e-01
1.269808272332731804e+03 3.250819667359887144e-01
1.269640330940727608e+03 3.257892548635353824e-01
1.269472267320636092e+03 3.271315973105275998e-01
1.269304325928631897e+03 3.282279932068302708e-01
1.269136506764715023e+03 3.295508531816440101e-01
1.268968687600798148e+03 3.272881888865000199e-01
1.268800868436881274e+03 3.270765804906549112e-01
1.268633049272964399e+03 3.287213484303239674e-01
1.268465474565222166e+03 3.244218394003191008e-01
1.268297777629392840e+03 3.269103220589124059e-01
1.268130080693563286e+03 3.269716912214251647e-01
1.267962628213908374e+03 3.278579120011580472e-01
1.267795053506166141e+03 3.248569275360347341e-01
1.267627601026511456e+03 3.267945025209333942e-01
1.267460148546856544e+03 3.264914183183766916e-01
1.267292940523376501e+03 3.255126063198016673e-01
1.267125488043721589e+03 3.210607881704430344e-01
1.266958157792154225e+03 3.224490912718505076e-01
1.266790949768673954e+03 3.269400782672685635e-01
1.266623741745193911e+03 3.236646295886322910e-01
1.266456655949800961e+03 3.242112634298248697e-01
1.266289692382495559e+03 3.294855292221228193e-01
1.266122606587102609e+03 3.278467119445707123e-01
1.265955643019797208e+03 3.243324598973544304e-01
1.265788679452491806e+03 3.305921789333852723e-01
1.265621715885186404e+03 3.307879636304678073e-01
1.265454874545968096e+03 3.234938720912385879e-01
1.265288033206750015e+03 3.281089964530806702e-01
1.265121436323706575e+03 3.269090577598085523e-01
1.264954594984488494e+03 3.253193766293061562e-01
1.264787875873357734e+03 3.252479602023827243e-01
1.264621278990314295e+03 3.266067122734201411e-01
1.264454682107270628e+03 3.269390629199637743e-01
1.264288207452314509e+03 3.260626270759383605e-01
1.264121732797358391e+03 3.287700472639590865e-01
1.263955258142402499e+03 3.267803840038543961e-01
1.263788905715533701e+03 3.255087331642004256e-01
1.263622553288664903e+03 3.262860120608128134e-01
1.263456200861796106e+03 3.282908929797390130e-01
1.263289970663014628e+03 3.305327449033522713e-01
1.263123740464233151e+03 3.288091000963914157e-01
1.262957632493538995e+03 3.275996631952157179e-01
1.262791402294757745e+03 3.307008105325931480e-01
1.262625416552150909e+03 3.235240116346207451e-01
1.262459308581456753e+03 3.268123003223090683e-01
1.262293322838850145e+03 3.313610937524265054e-01
1.262127459324330630e+03 3.295233963393808252e-01
1.261961595809811115e+03 3.301987362741813925e-01
1.261795732295291828e+03 3.235805385435026049e-01
1.261629868780772313e+03 3.255928266383041336e-01
1.261464249722427667e+03 3.252996923214633851e-01
1.261298630664082793e+03 3.237025581687513198e-01
1.261132889377650827e+03 3.248338466826060644e-01
1.260967270319305953e+03 3.225136752092633841e-01
1.260801773489048628e+03 3.275755521331560893e-01
1.260636276658791303e+03 3.282028736394103086e-01
1.260470779828533750e+03 3.264416560249116528e-01
1.260305282998276425e+03 3.259733058935270766e-01
1.260139908396106421e+03 3.274453488491959607e-01
1.259974656022023737e+03 3.271148497667868971e-01
1.259809281419853505e+03 3.210745665812128058e-01
1.259644151273858142e+03 3.246447667087600242e-01
1.259478898899775459e+03 3.270265426823307786e-01
1.259313768753780096e+03 3.267532778110824876e-01
