# Wavelength, Reflectance
1.644099104004835681e+03 1.915075271388075595e-01
1.643233015137648181e+03 2.071564916038926840e-01
1.642367780762648181e+03 1.948412999672237966e-01
1.641503522950148181e+03 1.897023359169917600e-01
1.640640119629835681e+03 2.020975855806431132e-01
1.639777814942335681e+03 1.741549551518532801e-01
1.638916364747023181e+03 2.091083856515770500e-01
1.638055891114210681e+03 1.878623963615111969e-01
1.637196271973585681e+03 1.887654341834575089e-01
1.636337751465773181e+03 2.015172301030177249e-01
1.635480085450148181e+03 2.029683272176245890e-01
1.634623395997023181e+03 1.859566237885547646e-01
1.633767683106398181e+03 1.870625997374709415e-01
1.632912824707960681e+03 2.349771110919698092e-01
1.632058942872023181e+03 2.204011584063345075e-01
1.631205915528273181e+03 2.083827265722040800e-01
1.630353864747023181e+03 2.081624218943008420e-01
1.629502790528273181e+03 2.109181074950060020e-01
1.628652570801710681e+03 1.942990315660272083e-01
1.627803327637648181e+03 1.957071691325427409e-01
1.626954938965773181e+03 1.868237585061947037e-01
1.626107526856398181e+03 2.021929107548908755e-01
1.625261091309523181e+03 2.102041854614467298e-01
1.624415632325148181e+03 2.026551183813877777e-01
1.623570905762648181e+03 2.116361392104690875e-01
1.622727277832960681e+03 2.102432540640229996e-01
1.621884382325148181e+03 2.230444128425893013e-01
1.621042585450148181e+03 2.161219332182937880e-01
1.620201520997023181e+03 2.039376691580462864e-01
1.619361555176710681e+03 2.102089289345186462e-01
1.618522321778273181e+03 2.228491630331768114e-01
1.617684064942335681e+03 1.926914619294943232e-01
1.616846662598585681e+03 2.021564056133385856e-01
1.616010236817335681e+03 1.969865824873390792e-01
1.615174665528273181e+03 2.039813712160758186e-01
1.614340070801710681e+03 1.954210531563044528e-01
1.613506452637648181e+03 1.999240960096024811e-01
1.612673566895460681e+03 1.960711325976423891e-01
1.611841657715773181e+03 1.993650480012923720e-01
1.611010603028273181e+03 1.917910253722217573e-01
1.610180524903273181e+03 1.968525721498122771e-01
1.609351301270460681e+03 1.995743420697082826e-01
1.608522932129835681e+03 1.919609996054699452e-01
1.607695539551710681e+03 2.049167803828959300e-01
1.606868879395460681e+03 2.130414214875906986e-01
1.606043195801710681e+03 2.003819565286869553e-01
1.605218488770460681e+03 1.975753062166240859e-01
1.604394636231398181e+03 2.028985345135972396e-01
1.603571516114210681e+03 1.944723076725205224e-01
1.602749372559523181e+03 1.870724298960590448e-01
1.601928205567335681e+03 1.877948364817826066e-01
1.601107770997023181e+03 1.956541802281251963e-01
1.600288312989210681e+03 1.921118195303105347e-01
1.599469709473585681e+03 2.024928770297172997e-01
1.598651960450148181e+03 1.958196515809178528e-01
1.597835065918898181e+03 2.015042951035927454e-01
1.597018903809523181e+03 1.922685224283560701e-01
1.596204084473585681e+03 2.037495623307457315e-01
1.595389753418898181e+03 1.961528152565295002e-01
1.594576276856398181e+03 1.915761787471647049e-01
1.593763898926710681e+03 2.058263198692042717e-01
1.592952131348585681e+03 2.033741848162048116e-01
1.592141340332960681e+03 2.068650886270074485e-01
1.591331525879835681e+03 2.075160722592564178e-01
1.590522443848585681e+03 2.073945497800039617e-01
1.589714338379835681e+03 1.976539557461893526e-01
1.588906843262648181e+03 2.060533120159941389e-01
1.588100202637648181e+03 1.949916429992064326e-01
1.587294782715773181e+03 2.142975305800516039e-01
1.586489973145460681e+03 1.928087697024501168e-01
1.585686018067335681e+03 2.088753525459035865e-01
1.584883039551710681e+03 1.901438620802393953e-01
1.584080793457960681e+03 2.059218948451006226e-01
1.583279401856398181e+03 1.968146926455759393e-01
1.582478986817335681e+03 2.044262168716834138e-01
1.581679304200148181e+03 2.018156657857955172e-01
1.580880598145460681e+03 1.979772411481361127e-01
1.580082502442335681e+03 1.966087768229050070e-01
1.579285261231398181e+03 2.028331099324515996e-01
1.578489118653273181e+03 2.005289243579533032e-01
1.577693586426710681e+03 1.984124948952616929e-01
1.576899030762648181e+03 2.041342406416826460e-01
1.576105329590773181e+03 1.934450622040291001e-01
1.575312360840773181e+03 2.019398642060663274e-01
1.574520124512648181e+03 1.976959084830033075e-01
1.573728864747023181e+03 1.796023697081768067e-01
1.572938459473585681e+03 1.935136234019695922e-01
1.572148908692335681e+03 1.855949617989764433e-01
1.571360090332960681e+03 1.993343705793954035e-01
1.570572004395460681e+03 2.072703261608281611e-01
1.569785017090773181e+03 1.971691307714637242e-01
1.568998640137648181e+03 1.975970785244048900e-01
1.568213361817335681e+03 1.953554094469617808e-01
1.567428571778273181e+03 2.080348286437818106e-01
1.566644758301710681e+03 2.088115486985710478e-01
1.565861799317335681e+03 2.028620499314184589e-01
1.565079572754835681e+03 1.903511204864886952e-01
1.564298200684523181e+03 2.046702432387108583e-01
1.563517683106398181e+03 2.003770071174302281e-01
1.562738020020460681e+03 2.032496943374870746e-01
1.561958967286085681e+03 1.959386075214521461e-01
1.561180891114210681e+03 2.039789067202689155e-01
1.560403669434523181e+03 1.945098884483885404e-01
1.559627180176710681e+03 1.943433578679349127e-01
1.558851423340773181e+03 1.927653007197145663e-01
1.558076520997023181e+03 1.962014693279425515e-01
1.557302595215773181e+03 2.007970905629692382e-01
1.556529279786085681e+03 2.048164976990054231e-01
1.555756818848585681e+03 2.095577516111174488e-01
1.554985090332960681e+03 1.921276848393311254e-01
1.554214338379835681e+03 1.916579082718871119e-01
1.553444196778273181e+03 2.042853776327395177e-01
1.552675031739210681e+03 2.106031583862958967e-01
1.552674909668898181e+03 1.867714879226368141e-01
1.552418806153273181e+03 2.028303102859751461e-01
1.552162580567335681e+03 2.151442891220899101e-01
1.551906599122023181e+03 2.179264017092161221e-01
1.551906477051710681e+03 1.874943141690576520e-01
1.551650617676710681e+03 2.176669810958491991e-01
1.551138898926710681e+03 1.990226674770869952e-01
1.550372053223585681e+03 1.971275555441705518e-01
1.549605939942335681e+03 2.010559111880260708e-01
1.548840681153273181e+03 1.986007520534058823e-01
1.548076276856398181e+03 2.036154285251381146e-01
1.547312482911085681e+03 1.934120807325536429e-01
1.546549543457960681e+03 1.966887174001397953e-01
1.545787458497023181e+03 2.005167483561048347e-01
1.545026228028273181e+03 1.999711347659304528e-01
1.544265607911085681e+03 2.027819128824062678e-01
1.543505720215773181e+03 2.032844784587794496e-01
1.542746809082960681e+03 1.996950014371185744e-01
1.541988752442335681e+03 2.020231332503394095e-01
1.541231306153273181e+03 2.049118976811235004e-01
1.540474592286085681e+03 1.971333491473845623e-01
1.539718732911085681e+03 1.936534234378279873e-01
1.538963605957960681e+03 2.085486971078944485e-01
1.538209455567335681e+03 2.158769107821655875e-01
1.537455915528273181e+03 2.094417532776260416e-01
1.536703107911085681e+03 2.032433168230289577e-01
1.535951154786085681e+03 2.037849711274516140e-01
1.535199689942335681e+03 1.967755949925510395e-01
1.534449567872023181e+03 1.899545953784013697e-01
1.533699689942335681e+03 2.089686060670908618e-01
1.532950910645460681e+03 2.075560518699768875e-01
1.532202741700148181e+03 2.043132612591939401e-01
1.531455305176710681e+03 2.028407064742674681e-01
1.530708845215773181e+03 2.082328467563077379e-01
1.529962995606398181e+03 2.016904846162451970e-01
1.529217878418898181e+03 2.103025910073234583e-01
1.528473493653273181e+03 1.970614616388821905e-01
1.527729963379835681e+03 2.059532909624236519e-01
1.526986921387648181e+03 2.036392826735883288e-01
1.526245100098585681e+03 2.050922807054965658e-01
1.525503645020460681e+03 2.012847781309488882e-01
1.524763288575148181e+03 2.053588438395532734e-01
1.524023420411085681e+03 1.995057308227438930e-01
1.523284406739210681e+03 2.126118955328218096e-01
1.522546125489210681e+03 1.976961154829855183e-01
1.521808698731398181e+03 2.023266636777560634e-01
1.521071882325148181e+03 2.026708247542617913e-01
1.520335798340773181e+03 1.976962196547491502e-01
1.519600446778273181e+03 1.966536674133974316e-01
1.518865949707960681e+03 1.921097207273906315e-01
1.518132062989210681e+03 1.966174220668625572e-01
1.517398908692335681e+03 2.037000040104008647e-01
1.516666853028273181e+03 1.993454875095627410e-01
1.515935285645460681e+03 2.007376501244452771e-01
1.515204328614210681e+03 1.965563026780777489e-01
1.514961042481398181e+03 2.150259541812633568e-01
1.514717756348585681e+03 2.066351745628843828e-01
1.514474348145460681e+03 2.065866086754056807e-01
1.514474226075148181e+03 2.031594820587943329e-01
1.514231184082960681e+03 2.103755409345350602e-01
1.513988142090773181e+03 2.073111778026208440e-01
1.513744855957960681e+03 1.980068985808403070e-01
1.513016218262648181e+03 2.014532375713043166e-01
1.512288312989210681e+03 2.021685262093719515e-01
1.511561140137648181e+03 2.013008899709593791e-01
1.510834821778273181e+03 1.951476617271852843e-01
1.510109113770460681e+03 2.022337650288780209e-01
1.509384138184523181e+03 2.010561218257739813e-01
1.508659895020460681e+03 2.106426247087728187e-01
1.507936384278273181e+03 2.022147318204163824e-01
1.507213605957960681e+03 1.968529207569075512e-01
1.506491560059523181e+03 2.141320220355087678e-01
1.505770246582960681e+03 2.076484134188981145e-01
1.505049665528273181e+03 2.120048886877467786e-01
1.504329938965773181e+03 1.958831001945278427e-01
1.503610700684523181e+03 2.074648190040429829e-01
1.502892332033483399e+03 2.027124870706168147e-01
1.502174710172125970e+03 2.100631696688277372e-01
1.501457820577973962e+03 1.994527848583629026e-01
1.500741785295561613e+03 2.047067519867524499e-01
1.500026360235820675e+03 2.073539201591358128e-01
1.499311667443284932e+03 1.969650143405465847e-01
1.498597706917954838e+03 1.994858149728368224e-01
1.497884356615295928e+03 2.063744416414019789e-01
1.497171860624376905e+03 2.003531015473951349e-01
1.496459974856128838e+03 2.058839807978465331e-01
1.495748943399620657e+03 2.140902325387220306e-01
1.495038522165783661e+03 1.948402167469361346e-01
1.494328833199152086e+03 1.971979684587106263e-01
1.493619754455191696e+03 2.067461783748107407e-01
1.492911530022970965e+03 2.086461894474186396e-01
1.492203915813421645e+03 2.059259968576279132e-01
1.491497033871077747e+03 2.171052936182551463e-01
1.490790884195939270e+03 2.061895496897964697e-01
1.490085344743471978e+03 2.098677540541109554e-01
1.489380537558210108e+03 2.031424627327593213e-01
1.488676462640153886e+03 1.935813228247652007e-01
1.487973119989303086e+03 2.026233554699161943e-01
1.487270387561123471e+03 2.085405334478753758e-01
1.486568387400149277e+03 2.009417367131362542e-01
1.485866997461846267e+03 2.010856963888500715e-01
1.485166461835283144e+03 1.949286526961316324e-01
1.484466536431390978e+03 2.042062862975248527e-01
1.483767343294704460e+03 2.041244630428654672e-01
1.483068760380689127e+03 2.041926224380621047e-01
1.482371031778413681e+03 2.052154684744813828e-01
1.481673791354274954e+03 2.003608421633525094e-01
1.480977405241876113e+03 2.090182259915075447e-01
1.480281629352148457e+03 2.003700403769554939e-01
1.479586463685091985e+03 1.983701693071344418e-01
1.478892152329775172e+03 1.957373460842174173e-01
1.478198329152595306e+03 2.062227009018751667e-01
1.477505360287155327e+03 2.031525567529109400e-01
1.476813001644386532e+03 2.053053043334049088e-01
1.476121375268823158e+03 2.084214059465356872e-01
1.475430359115930969e+03 1.944716565562485122e-01
1.474740075230244202e+03 2.044868938079456855e-01
1.474050401567228619e+03 2.138308873774441565e-01
1.473361460171418685e+03 2.146136666631384138e-01
1.472673128998279935e+03 2.021324221751135131e-01
1.471985530092346607e+03 2.052216284327283979e-01
1.471298663453618701e+03 1.976623138220816311e-01
1.470612407037562207e+03 1.875617894837627031e-01
1.469926882888710907e+03 2.061312818961639204e-01
1.469241968962531018e+03 2.035904377797614906e-01
1.468557665259022315e+03 1.993477141277475162e-01
1.467874093822719033e+03 2.087275868772684173e-01
1.467191254653621399e+03 2.022785884563935155e-01
1.466509025707194724e+03 2.038935279699358172e-01
1.465827406983439460e+03 2.026639615394490168e-01
1.465146520526889617e+03 2.080464963498452058e-01
1.464466244293010959e+03 2.030153093634157468e-01
1.463786700326337723e+03 2.058636358338659378e-01
1.463107766582335671e+03 1.962948536075213579e-01
1.462429565105539268e+03 2.055088426229965126e-01
1.461751973851414050e+03 2.020265833135907463e-01
1.461074992819960016e+03 2.042036805742380723e-01
1.460398622011177167e+03 2.001013465139312997e-01
1.459723105514133977e+03 2.131758840619027429e-01
1.459048077195227961e+03 1.929603002634506514e-01
1.458373781143527140e+03 2.014251835089108933e-01
1.457700095314497730e+03 2.088112411543491254e-01
1.457027141752673742e+03 2.001641980753550432e-01
1.456354798413520939e+03 2.146834222154065941e-01
1.455683065297039548e+03 2.078295811028428586e-01
1.455012064447763350e+03 2.015326155121907048e-01
1.454341673821158565e+03 2.044209627999196976e-01
1.453671893417224965e+03 2.012052154241758817e-01
1.453002723235962549e+03 2.088995944944458671e-01
1.452334407366439791e+03 2.011620280509084924e-01
1.451666579675054209e+03 2.130435168403489732e-01
1.450999362206339583e+03 1.999007512860765945e-01
1.450332877004830607e+03 2.051454640316328348e-01
1.449667002025992815e+03 2.126009230907819070e-01
1.449001737269826208e+03 2.099538194749699105e-01
1.448337204780865250e+03 2.063025580256959701e-01
1.447673282514575249e+03 2.175268860607354193e-01
1.447009848426422423e+03 2.053892468022690543e-01
1.446347268650009255e+03 2.190932225029665614e-01
1.445685177051733035e+03 2.068801242281177732e-01
1.445023939765196474e+03 2.068410168715037745e-01
1.444363068612262623e+03 2.040208390634172531e-01
1.443702929726534421e+03 2.052752673386939175e-01
1.443043523108011414e+03 2.177598358896787045e-01
1.442384604667625581e+03 2.186229192670089416e-01
1.441726418494445170e+03 2.022473586805016710e-01
1.441068842543935943e+03 2.066023298069096514e-01
1.440411876816098129e+03 2.068348586198969774e-01
1.439755399266397035e+03 2.057327432784227250e-01
1.439099898072970063e+03 2.089069811501826635e-01
1.439099776028435826e+03 1.927881796765182898e-01
1.438881438356672561e+03 2.095515804469549048e-01
1.438662978640374831e+03 2.025287173129415030e-01
1.438444763013145803e+03 2.178301381086994448e-01
1.438444640968611566e+03 2.107753163110096251e-01
1.438226425341382537e+03 2.014833604462241690e-01
1.438008331758687518e+03 1.974592353004170908e-01
1.437790360220526964e+03 2.093906027493764310e-01
1.437790238175992727e+03 2.103883815190815687e-01
1.437572266637832172e+03 2.023034420655531462e-01
1.437354417144205854e+03 1.977273662780692220e-01
1.437136567650579309e+03 1.944763976799829541e-01
1.437136445606045072e+03 2.014313396613730545e-01
1.436918474067884517e+03 2.066822820193556232e-01
1.436700868663326673e+03 2.051749247324403114e-01
1.436483385303303066e+03 1.938740370542303415e-01
1.436483263258768829e+03 2.058973044521277551e-01
1.436265657854210986e+03 1.956395750695423541e-01
1.436048052449652914e+03 1.983479828100201403e-01
1.435830691134163544e+03 2.030179120212780852e-01
1.435613329818674174e+03 2.034896921525186919e-01
1.435395968503184804e+03 2.045227445088388663e-01
1.435178729232229671e+03 2.005968891797605402e-01
1.434961612005808774e+03 2.100753329075195630e-01
1.434744494779387878e+03 2.060546743624385724e-01
1.434527377552966982e+03 2.083614895952437540e-01
1.434310504415614560e+03 2.072969681594634683e-01
1.434093509233727900e+03 2.096686807488427062e-01
1.433876636096375478e+03 1.986265402452507822e-01
1.433659885003557292e+03 2.007288389488790514e-01
1.433443255955273344e+03 2.080366181911261769e-01
1.433226626906989395e+03 1.963669173147360170e-01
1.433009997858705447e+03 2.043281867678325425e-01
1.432793612899490199e+03 2.108034189774383727e-01
1.432577105895740488e+03 1.923598726391411162e-01
1.432360720936525013e+03 1.823606365942528063e-01
1.432144458021843775e+03 1.997216718165035487e-01
1.431928317151696774e+03 1.971200635008891755e-01
1.431712176281550001e+03 1.891084812240582391e-01
1.431496035411403000e+03 1.937609680151838876e-01
1.431280016585790236e+03 1.840056298704788595e-01
1.431064119804711709e+03 1.931621846537983911e-01
1.430848223023633409e+03 1.839400421244789807e-01
1.430632448287089119e+03 2.073479857364361467e-01
1.430416795595079066e+03 2.047748305591400309e-01
1.430201020858535003e+03 2.040748645161433450e-01
1.429985368166524950e+03 2.162234045487700096e-01
1.429769715474514896e+03 2.063442721035056715e-01
1.429554428916107781e+03 2.054739271661751299e-01
1.429339020313166202e+03 2.150857975907419506e-01
1.429123733754759087e+03 2.033614642829285335e-01
1.428908569240885981e+03 2.167172441021180396e-01
1.428693282682478866e+03 2.122171163898922408e-01
1.428478118168605761e+03 2.076703995852745566e-01
1.428263075699267119e+03 2.150853242783484220e-01
1.428048155274462488e+03 2.123211408616681173e-01
1.427833234849658083e+03 2.054119859597439701e-01
1.427618314424853679e+03 2.105065624618706610e-01
1.427403516044583284e+03 2.239809859666675451e-01
1.427188961753381591e+03 2.124119330148923068e-01
1.426974163373111196e+03 2.202269489366420752e-01
1.426759609081909502e+03 2.085832162283608460e-01
1.426545176835242046e+03 2.145563197252131904e-01
1.426330744588574362e+03 2.135241198268049700e-01
1.426116312341906905e+03 2.136367223975901286e-01
1.425902002139773685e+03 2.033255620762214610e-01
1.425687813982174703e+03 2.162708836289601311e-01
1.425473625824575493e+03 2.163028580206104168e-01
1.425259559711510747e+03 2.148613215512636399e-01
1.425045493598446001e+03 2.173345423192312442e-01
1.424831549529915492e+03 2.086625334941382692e-01
1.424617605461384983e+03 2.104546610056665379e-01
1.424403783437388711e+03 2.104312906264759753e-01
1.424189839368857974e+03 2.046744895940180442e-01
1.423976383478464413e+03 2.057048716060984606e-01
1.423762683499002378e+03 2.028947929782714543e-01
1.423549105564074580e+03 2.139395919080386843e-01
1.423335649673681019e+03 2.103134800965022755e-01
1.423122193783287457e+03 2.038253623994449870e-01
1.422908859937428133e+03 2.095418041001457787e-01
1.422695404047034572e+03 2.061651579360279096e-01
1.422482436334777958e+03 2.180674943047742065e-01
1.422269224533452871e+03 2.127834775020469027e-01
1.422056134776662020e+03 1.929608694378846523e-01
1.421843045019871170e+03 2.006212453808652041e-01
1.421630199352149020e+03 2.142539822900642599e-01
1.421417231639892407e+03 2.184174223043895413e-01
1.421204385972170030e+03 2.061239055963614841e-01
1.420991540304447653e+03 2.151313179479280302e-01
1.420778938725793751e+03 2.018983507412117351e-01
1.420566337147139848e+03 1.978985464989642118e-01
1.420353735568485945e+03 2.170153247981751743e-01
1.420141378078900743e+03 2.142879452221992664e-01
1.419928776500246840e+03 2.211446458604184873e-01
1.419716541055195648e+03 2.212714010756151317e-01
1.419504183565610219e+03 2.161684573027679024e-01
1.419292070165093492e+03 2.136185412156828001e-01
1.419079834720042300e+03 2.159970279476474964e-01
1.418867721319525344e+03 2.082208069236855530e-01
1.418655729963542854e+03 2.160153149507489379e-01
1.418443860652094372e+03 2.162573220591281209e-01
1.418231991340646118e+03 2.090185352668887109e-01
1.418020122029197637e+03 2.165945101780512305e-01
1.417808252717749156e+03 2.079488532809261880e-01
1.417596749539903612e+03 2.103560225278604534e-01
1.417385002272989368e+03 2.055695957385611783e-01
1.417173377050609588e+03 2.146507060549340262e-01
1.416961995917298054e+03 2.135157739885736039e-01
1.416750614783986748e+03 2.044390520772474684e-01
1.416539233650675214e+03 2.033470576393036910e-01
1.416327852517363908e+03 2.115844177712320195e-01
1.416116715473121076e+03 2.100562833974015942e-01
1.415905578428878016e+03 2.137735469406565614e-01
1.415694441384635184e+03 2.113290370682312513e-01
1.415483426384926361e+03 2.177325686262928106e-01
1.415272411385217765e+03 2.074363438280688310e-01
1.415061640474577644e+03 2.092623410247345661e-01
1.414850747519403058e+03 2.110796193663646847e-01
1.414639976608762936e+03 2.132656848169792729e-01
1.414429205698122814e+03 2.171574686237823237e-01
1.414218678876550939e+03 2.059084404746506780e-01
1.414008152054979291e+03 2.125470446560033533e-01
1.413797625233407643e+03 2.235080885819211993e-01
1.413587220456370233e+03 2.121915790037088578e-01
1.413376937723867059e+03 2.069339588333991009e-01
1.413166532946829420e+03 2.159882500686858831e-01
1.412956128169792009e+03 2.152831945861481133e-01
1.412746211570891546e+03 2.258876222455119542e-01
1.412536050882922609e+03 2.124661844508059505e-01
1.412326012239487909e+03 2.065497520730056047e-01
1.412115973596053209e+03 2.183246799973012908e-01
1.411906179041686983e+03 2.184855823568605526e-01
1.411696384487320756e+03 2.108759296925864501e-01
1.411486589932954530e+03 2.180892394141446256e-01
1.411276795378588304e+03 2.259353718598514082e-01
1.411067244913290551e+03 2.213308635952401793e-01
1.410857694447992799e+03 2.153296086410963484e-01
1.410648143982695046e+03 2.094449859583988605e-01
1.410438593517397294e+03 2.104522461604566574e-01
1.410229287141168015e+03 2.186542402627620341e-01
1.410019980764938737e+03 2.094049191343440586e-01
1.409810796433243695e+03 2.232258358769763640e-01
1.409601490057014416e+03 2.098278523938716389e-01
1.409392549814387849e+03 2.210485231031841802e-01
1.409183365482692807e+03 2.106672701039892792e-01
1.408974425240066466e+03 2.122619008378280880e-01
1.408765484997439899e+03 2.075588252457291061e-01
1.408556666799347568e+03 2.107752979580849173e-01
1.408347848601255237e+03 2.157582370189709275e-01
1.408139152447697370e+03 2.157152671050814596e-01
1.407930456294139276e+03 2.132382706869754563e-01
1.407721882185115419e+03 2.060550645635212397e-01
1.407513308076091562e+03 2.069641276028955923e-01
1.407304856011602169e+03 2.123514359639223914e-01
1.407096403947112549e+03 2.104331919812749696e-01
1.406888073927157166e+03 2.202629380472116705e-01
1.406679865951736247e+03 2.116343963928773719e-01
1.406471657976315100e+03 2.194570919045790158e-01
1.406263450000894181e+03 2.165527879263786926e-01
1.406055364070007272e+03 2.143356633981920445e-01
1.405847522228189064e+03 2.199692339903835114e-01
1.405639436297302154e+03 2.135893668925215594e-01
1.405431594455483719e+03 2.165362797580482335e-01
1.405223752613665511e+03 2.177416790897610255e-01
1.405016032816381312e+03 2.135563268919122570e-01
1.404808313019097341e+03 2.136381545235727097e-01
1.404600715266347606e+03 2.166199004261862571e-01
1.404393117513597645e+03 2.167285586715683166e-01
1.404185763849916384e+03 2.104006014979352968e-01
1.403978288141700659e+03 2.175612930483516172e-01
1.403770812433485162e+03 2.134459143119624702e-01
1.403563580814338138e+03 2.127639502865531218e-01
1.403356349195190887e+03 2.216198511525190318e-01
1.403149239620578101e+03 2.097407897400628829e-01
1.402942008001431077e+03 2.137465609855823678e-01
1.402735020471352300e+03 2.104839570752087829e-01
1.402528154985807987e+03 2.111904335369717833e-01
1.402321167455729437e+03 2.234610334508317919e-01
1.402114301970185124e+03 2.163486225096806492e-01
1.401907436484640584e+03 2.087113880098334373e-01
1.401700815088164745e+03 2.094740119664013911e-01
1.401494193691688906e+03 2.154521160908094424e-01
1.401287572295213067e+03 2.116782452218804178e-01
1.401080950898737228e+03 2.066844350256961393e-01
1.400874451546795399e+03 2.142628189229159874e-01
1.400668074239388034e+03 2.254600589587469894e-01
1.400461818976514905e+03 2.230867873945507618e-01
1.400255563713641777e+03 2.120547548834653961e-01
1.400049308450768649e+03 2.081316649909640826e-01
1.399843175232429758e+03 2.269199098422233773e-01
1.399637164058625103e+03 2.091824859882955023e-01
1.399431030840286212e+03 2.203282771411444185e-01
1.399225141711015794e+03 2.157305441252412304e-01
1.399019252581745377e+03 2.114466942339661426e-01
1.398813485497009196e+03 2.172337437022836271e-01
1.398607596367738779e+03 2.095272175150250105e-01
1.398401951327536835e+03 2.252476036045278907e-01
1.398196428331869129e+03 2.125646111790923942e-01
1.397990661247132948e+03 2.179867249064051660e-01
1.397785260295999706e+03 2.254636920534346944e-01
1.397579737300331999e+03 2.135566933591108718e-01
1.397374336349198529e+03 2.174820648233269926e-01
1.397169179487133533e+03 2.076567824606111723e-01
1.396963900580534300e+03 2.134595917980913471e-01
1.396758621673935068e+03 2.079866199855645859e-01
1.396553342767336062e+03 2.192060369398741992e-01
1.396348552038873777e+03 2.141458687424979135e-01
1.396143517221343018e+03 2.201701078084219443e-01
1.395938482403812259e+03 2.195546526468154236e-01
1.395733691675350201e+03 2.144745105849991396e-01
1.395528900946887916e+03 2.286729654299889947e-01
1.395324110218425631e+03 2.285872108385758883e-01
1.395119441534497810e+03 2.135064165009848136e-01
1.394914772850569761e+03 2.171154671258486990e-01
1.394710226211176177e+03 2.069897183681369823e-01
1.394505801616316603e+03 2.090782373083178713e-01
1.394301377021457029e+03 2.189007804887382336e-01
1.394096952426597682e+03 2.234555156154833244e-01
1.393892527831738107e+03 2.187920209632628066e-01
1.393688469370481471e+03 2.200508470107165049e-01
1.393484288864690370e+03 2.185844166856940329e-01
1.393280108358899497e+03 2.122937674901189120e-01
1.393076049897642633e+03 2.090171091795209324e-01
1.392872113480920234e+03 2.185626682464607007e-01
1.392668177064197607e+03 2.163532203692904166e-01
1.392464362692009445e+03 2.205857387287581961e-01
1.392260548319821282e+03 2.249972384428759187e-01
1.392056733947632893e+03 2.241970166152480459e-01
1.391853163664513204e+03 2.193231380498741334e-01
1.391649471336859051e+03 2.205495165770026411e-01
1.391445901053739362e+03 2.149995898539523720e-01
1.391242330770619674e+03 2.039547547144309747e-01
1.391039126621102469e+03 2.135559952189628186e-01
1.390835678382517017e+03 2.117401537550132884e-01
1.390632352188465802e+03 2.138953478735578784e-01
1.390429148038948824e+03 2.119769313097238650e-01
1.390225943889431619e+03 2.067823670728033414e-01
1.390022861784448878e+03 2.128402765790183837e-01
1.389819779679466137e+03 2.117478557481202728e-01
1.389616819619017633e+03 2.253536458636135886e-01
1.389413859558569129e+03 2.170529091198451221e-01
1.389211143587188872e+03 2.131439487465597304e-01
1.389008305571274605e+03 2.190450700167005660e-01
1.388805467555360337e+03 2.104264942620327483e-01
1.388602751583980307e+03 2.195537273529398758e-01
1.388400157657134514e+03 2.107438523303332700e-01
1.388197685774822958e+03 2.155008529994072997e-01
1.387995213892511401e+03 2.221530682559811898e-01
1.387792742010199845e+03 2.170863012469734787e-01
1.387590392172422526e+03 2.174825698859307044e-01
1.387388164379179443e+03 2.186604822673630100e-01
1.387185814541402124e+03 2.232658312073175222e-01
1.386983708792693278e+03 2.194508864018289152e-01
1.386781603043984433e+03 2.173826231533076414e-01
1.386579497295275587e+03 2.195030319975793676e-01
1.386377513591100978e+03 2.126946768905166874e-01
1.386175651931460607e+03 2.265595595277376806e-01
1.385973668227285998e+03 2.154843824081901782e-01
1.385771928612179863e+03 2.149658256900795483e-01
1.385570188997073956e+03 2.180957973693313789e-01
1.385368571426502058e+03 2.138509701195497881e-01
1.385166953855930160e+03 2.175115289253300443e-01
1.384965336285358262e+03 2.072048680475058746e-01
1.384763840759320601e+03 2.254158469142183430e-01
1.384562345233283168e+03 2.201784077847685761e-01
1.384361093796313980e+03 2.272708878242289121e-01
1.384159720314810556e+03 2.102752656045102642e-01
1.383958468877841369e+03 2.198539363355238585e-01
1.383757217440872409e+03 2.116305227976355841e-01
1.383556210092971696e+03 2.183256763419805513e-01
1.383355080700536746e+03 2.217485649722072405e-01
1.383154073352636260e+03 2.227907984926614515e-01
1.382953066004735547e+03 2.151856478673895567e-01
1.382752302745903307e+03 2.204336972028797803e-01
1.382551539487071295e+03 2.229069099525949338e-01
1.382350654183704819e+03 2.117375676333586310e-01
1.382150012969407044e+03 2.204664093492620658e-01
1.381949371755109041e+03 2.197861726055615195e-01
1.381748852585345503e+03 2.145850777401248632e-01
1.381548333415581737e+03 2.252965258283059213e-01
1.381347814245818199e+03 2.159125051488557101e-01
1.381147417120588671e+03 2.215440245466633318e-01
1.380947019995359369e+03 2.211300195254321532e-01
1.380746866959198314e+03 2.225051001446524401e-01
1.380546713923037487e+03 2.171327451505980499e-01
1.380346560886876432e+03 2.237322061344778623e-01
1.380146407850715605e+03 2.108885181513442675e-01
1.379946376859089014e+03 2.158096217543660766e-01
1.379746467911996433e+03 2.281343668475101782e-01
1.379546558964904079e+03 2.186984939633553893e-01
1.379346650017811498e+03 2.208559721022931022e-01
1.379146863115253382e+03 2.252882159872785506e-01
1.378947320301763739e+03 2.182001446141925705e-01
1.378747655443739859e+03 2.129353625988013587e-01
1.378547990585715752e+03 2.189573989994893499e-01
1.378348447772226109e+03 2.231566180159060275e-01
1.378148904958736466e+03 2.101694483226780874e-01
1.377949484189781060e+03 2.217489149630756384e-01
1.377750185465359664e+03 2.260906074199453275e-01
1.377550886740938495e+03 2.247577165892937767e-01
1.377351710061051563e+03 2.147901721008589060e-01
1.377152533381164631e+03 2.307224022785497042e-01
1.376953478745811935e+03 2.276970938455809557e-01
1.376754424110459240e+03 2.181542530578944039e-01
1.376555369475106545e+03 2.240422620209004123e-01
1.376356436884288087e+03 2.251671737941990936e-01
1.376157504293469401e+03 2.278305034131557494e-01
1.375958815791719417e+03 2.168729078256963760e-01
1.375760005245435195e+03 2.202751923805255085e-01
1.375561316743685211e+03 2.238310563542621479e-01
1.375362628241935226e+03 2.240841681631910720e-01
1.375164061784719479e+03 2.140528980432478412e-01
1.374965739416572205e+03 2.282719510896070447e-01
1.374767295003890695e+03 2.258747257555506760e-01
1.374568850591209412e+03 2.253260547251308699e-01
1.374370528223062138e+03 2.235672314658609938e-01
1.374172205854914864e+03 2.202797111828557197e-01
1.373974127575836064e+03 2.250177738674945527e-01
1.373775927252223028e+03 2.242011145232499225e-01
1.373577848973144228e+03 2.181609804996895996e-01
1.373379770694065428e+03 2.294079840970736917e-01
1.373181814459520865e+03 2.227440960851373719e-01
1.372983980269510766e+03 2.179840631921799998e-01
1.372786024034966204e+03 2.201925833077622574e-01
1.372588311889490114e+03 2.132520620136241218e-01
1.372390599744014025e+03 2.144896317764741489e-01
1.372192887598538164e+03 2.222783616769693216e-01
1.371995419542130549e+03 2.168438168259614052e-01
1.371797829441188696e+03 2.215144834058636325e-01
1.371600361384781081e+03 2.224683644566935736e-01
1.371402771283839456e+03 2.212450326346161733e-01
1.371205547316500315e+03 2.172928934824806813e-01
1.371008323349161174e+03 2.253701667339929049e-01
1.370811099381822260e+03 2.248259308684786018e-01
1.370613875414483118e+03 2.316142477212722040e-01
1.370416651447144204e+03 2.232777175287842808e-01
1.370219549524339300e+03 2.227182210089263259e-01
1.370022691690603097e+03 2.279477705195701864e-01
1.369825711812332429e+03 2.168308200170785405e-01
1.369628853978595998e+03 2.092796758968566706e-01
1.369431996144859795e+03 2.145767079444750591e-01
1.369235260355657601e+03 2.230363834154229785e-01
1.369038646610989872e+03 2.180772472890577518e-01
1.368841788777253441e+03 2.181760923840537492e-01
1.368645297077119949e+03 2.206493973707971679e-01
1.368448805376986456e+03 2.266758832406666480e-01
1.368252313676852737e+03 2.234405234273993401e-01
1.368055944021253481e+03 2.272777749167994854e-01
1.367859574365653998e+03 2.223047054700341696e-01
1.367663204710054742e+03 2.240045126437345269e-01
1.367467079143523961e+03 2.258165001130250649e-01
1.367270831532458715e+03 2.243481299663366291e-01
1.367074705965927933e+03 2.218082137619745431e-01
1.366878824488465625e+03 2.290588922430354946e-01
1.366682698921934616e+03 2.324925328649580791e-01
1.366486817444472308e+03 2.295447059074402774e-01
1.366290813922475763e+03 2.224372239982950750e-01
1.366095054489547692e+03 2.114545378551293542e-01
1.365899417101153631e+03 2.347819516239197102e-01
1.365703657668225560e+03 2.185611314354745094e-01
1.365508020279831726e+03 2.149381863679785398e-01
1.365312382891437892e+03 2.201785573573856181e-01
1.365116867547578295e+03 2.247731467447601772e-01
1.364921596292787171e+03 2.294861929299112091e-01
1.364726080948927347e+03 2.255416145713512732e-01
1.364530809694136224e+03 2.283530573399202290e-01
1.364335416394810863e+03 2.211135672792358675e-01
1.364140267184553977e+03 2.287833540744329264e-01
1.363945117974297091e+03 2.251592243588953768e-01
1.363749968764040204e+03 2.263605436939121751e-01
1.363554941598317555e+03 2.203888081957658673e-01
1.363359914432594906e+03 2.264330581304037360e-01
1.363165009311406493e+03 2.266875268471895133e-01
1.362970104190218080e+03 2.198459777492590139e-01
1.362775321113563905e+03 2.241062079088593229e-01
1.362580660081443966e+03 2.323964779249778068e-01
1.362385754960255554e+03 2.301174571526362067e-01
1.362191215972669852e+03 2.226041019726502923e-01
1.361996676985084150e+03 2.251280278436108284e-01
1.361802260042032913e+03 2.301659490076366221e-01
1.361607721054447211e+03 2.284621465826488229e-01
1.361413304111395746e+03 2.163832054924279269e-01
1.361218887168344281e+03 2.225209622992058711e-01
1.361024592269827053e+03 2.249494803659404241e-01
1.360830419415844062e+03 2.227637412960621899e-01
1.360636368606395536e+03 2.315218913824654556e-01
1.360442195752412545e+03 2.243826795190751455e-01
1.360248144942963791e+03 2.222172282305679702e-01
1.360054094133515036e+03 2.218120325566952933e-01
1.359860043324066282e+03 2.352279365180189596e-01
1.359666358648220466e+03 2.324214781064033453e-01
1.359472551927840186e+03 2.120264461591253313e-01
1.359278745207459906e+03 2.197514471510812473e-01
1.359085060531614090e+03 2.335838356774566360e-01
1.358891375855768047e+03 2.218968124247730767e-01
1.358697813224456468e+03 2.321190589315913488e-01
1.358504372637678898e+03 2.299823757678081393e-01
1.358310810006367092e+03 2.175298535314353632e-01
1.358117369419589750e+03 2.285963481160266098e-01
1.357924050877346417e+03 2.204370983548747109e-01
1.357730732335103312e+03 2.149315129532675950e-01
1.357537535837394216e+03 2.234826791881344143e-01
1.357344339339685348e+03 2.233301546489659672e-01
1.357151264886510489e+03 2.288359476160902461e-01
1.356958190433335858e+03 2.291218248223167997e-01
1.356765115980160999e+03 2.151870284647451892e-01
1.356572163571520605e+03 2.229259682555040090e-01
1.356379333207414220e+03 2.223913087447747516e-01
1.356186502843308062e+03 2.239517606462837207e-01
1.355993794523735914e+03 2.222385341015043481e-01
1.355800964159629757e+03 2.237287352594747036e-01
1.355608377884592073e+03 2.258983094768718392e-01
1.355415669565019925e+03 2.295095244342888474e-01
1.355223327379050716e+03 2.265090045056855628e-01
1.355030741104013032e+03 2.152684301454310944e-01
1.354838276873509358e+03 2.297055730782015248e-01
1.354645934687540148e+03 2.274475178704008782e-01
1.354453592501570938e+03 2.257960293042143574e-01
1.354261494404669975e+03 2.262864762164315258e-01
1.354069274263235002e+03 2.227834486619468535e-01
1.353877054121800029e+03 2.342530539559126712e-01
1.353684956024899293e+03 2.307879562946448526e-01
1.353492857927998330e+03 2.143908456894611791e-01
1.353300881875631831e+03 2.177121089647944263e-01
1.353109149912333805e+03 2.200576719286174432e-01
1.352917295904501543e+03 2.281907406642869618e-01
1.352725441896669281e+03 2.247785771436406066e-01
1.352533709933371256e+03 2.254877018385530452e-01
1.352341977970073003e+03 2.229412235179515644e-01
1.352150368051309215e+03 2.144594476845043118e-01
1.351958880177079664e+03 2.249794973408509036e-01
1.351767392302850112e+03 2.171317458227796926e-01
1.351575904428620561e+03 2.185438597674248806e-01
1.351384416554391009e+03 2.219922762895623625e-01
1.351193050724695695e+03 2.268540661344903009e-01
1.351001684895000380e+03 2.188478033599277062e-01
1.350810685198907777e+03 2.170505817683153482e-01
1.350619441413746699e+03 2.286349748586001818e-01
1.350428319673119859e+03 2.259133405502837255e-01
1.350237319977027255e+03 2.310115769292483967e-01
1.350046320280934651e+03 2.273647675512484589e-01
1.349855320584842048e+03 2.275249243713733105e-01
1.349664564977818145e+03 2.303719284189901240e-01
1.349473687326259778e+03 2.192598793413816360e-01
1.349282931719235648e+03 2.165926013331821720e-01
1.349092176112211519e+03 2.101238381468914507e-01
1.348901542549721626e+03 2.200926279644949968e-01
1.348710908987231733e+03 2.275200012891921697e-01
1.348520397469276077e+03 2.191869201212005569e-01
1.348330007995854885e+03 2.168970045082306564e-01
1.348139496477899229e+03 2.237503420034044066e-01
1.347949107004477810e+03 2.208983277510817300e-01
1.347758839575590628e+03 2.260357576602706475e-01
1.347568572146703673e+03 2.195270420785663257e-01
1.347378426762350728e+03 2.283058108562611710e-01
1.347188159333463545e+03 2.158512893055089255e-01
1.346998135993645064e+03 2.249356857780109575e-01
1.346808112653826356e+03 2.124235782355772262e-01
1.346618089314007648e+03 2.172993334202789617e-01
1.346428188018723404e+03 2.179195876927094155e-01
1.346238408767973169e+03 2.207121847622094957e-01
1.346048629517222935e+03 2.274315484554401967e-01
1.345858850266472928e+03 2.218053025910905474e-01
1.345669193060256930e+03 2.162592268051052036e-01
1.345479535854041160e+03 2.279803591917804462e-01
1.345289878647825162e+03 2.198400783186263419e-01
1.345100465530677866e+03 2.182034260159100014e-01
1.344910930368996105e+03 2.060234017444650123e-01
1.344721517251848809e+03 2.219251352236651931e-01
1.344532226179235522e+03 2.298525168513332884e-01
1.344342813062088226e+03 2.189443201114356641e-01
1.344153644034009176e+03 2.235085588024326442e-01
1.343964352961396116e+03 2.166131722407360627e-01
1.343775428022385540e+03 2.171357837371413191e-01
1.343586258994306718e+03 2.265225179129139177e-01
1.343397212010762132e+03 2.334449265325957701e-01
1.343208287071751556e+03 2.312426913546996587e-01
1.343019362132741207e+03 2.249607106829492331e-01
1.342830559238265096e+03 2.251812183456800842e-01
1.342641756343788757e+03 2.261358470649434405e-01
1.342453075493846882e+03 2.133496910068558572e-01
1.342264272599370770e+03 2.183659613473509786e-01
1.342075713793962905e+03 2.227907559834379769e-01
1.341887154988555267e+03 2.112635382059837585e-01
1.341698596183147629e+03 2.176626851019949349e-01
1.341510159422274228e+03 2.179143848040480391e-01
1.341321844705934836e+03 2.202794485263556423e-01
1.341133529989595672e+03 2.307171570379401015e-01
1.340945215273256508e+03 2.195674102829859309e-01
1.340756900556917344e+03 2.236263124999885998e-01
1.340568707885112417e+03 2.281327136483810025e-01
1.340380637257841499e+03 2.230000989301188508e-01
1.340192566630570809e+03 2.195894410485180193e-01
1.340004618047834356e+03 2.176278629571287426e-01
1.339816669465097903e+03 2.190384326890499334e-01
1.339628720882361449e+03 2.287664673441053009e-01
1.339440894344159233e+03 2.090538556921270330e-01
1.339253067805957016e+03 2.250014031514094570e-01
1.339065241267754800e+03 2.225973215292997021e-01
1.338877658818621057e+03 2.096285410731494880e-01
1.338690076369487315e+03 2.256620602067176684e-01
1.338502371875819335e+03 2.320648175495341747e-01
1.338314911471219830e+03 2.198212830125415573e-01
1.338127451066620324e+03 2.240466255578994481e-01
1.322211135177662754e+03 2.132220508440685891e-01
1.322028434509898716e+03 2.244806024679757983e-01
1.321845733842134678e+03 2.139327124282769943e-01
1.321663033174370867e+03 2.161915156414001837e-01
1.321480576595675302e+03 2.207943817984255042e-01
1.304731672894101848e+03 2.372703702145446403e-01
1.304553976052241978e+03 2.319817982625034247e-01
1.304376401254916345e+03 2.209637818397154618e-01
1.304198826457590485e+03 2.278008909859675635e-01
1.304021251660264852e+03 2.248889615187240620e-01
1.286869600995684777e+03 2.251718940657378709e-01
1.286697152068797322e+03 2.322230760320395937e-01
1.286524581097375631e+03 2.236484509343047988e-01
1.286352132170488176e+03 2.213340879735980482e-01
1.286179683243600721e+03 2.277580651870983186e-01
1.286007356361247730e+03 2.365352058430286730e-01
1.285835029478894512e+03 2.288307129493113157e-01
1.285662702596541294e+03 2.297590087892274202e-01
1.285490497758722313e+03 2.309183634714689626e-01
1.285318292920903332e+03 2.274871060705019599e-01
1.285146332172152825e+03 2.254686905826549237e-01
1.284974249378868308e+03 2.376668478363818393e-01
1.284802166585583564e+03 2.288046158470962710e-01
1.284630205836833056e+03 2.280056846549544936e-01
1.284458245088082549e+03 2.214274121688286634e-01
1.284286406383866506e+03 2.314329194866229233e-01
1.284114567679650236e+03 2.279989474082791678e-01
1.283942728975433965e+03 2.264691189701248941e-01
1.283771012315751932e+03 2.378225033713054770e-01
1.283599295656070126e+03 2.447114593257502246e-01
1.283427701040922329e+03 2.369507032730370222e-01
1.283256106425774533e+03 2.387566432462150390e-01
1.283084511810626964e+03 2.373628085068976157e-01
1.282913039240013404e+03 2.369963020100626372e-01
1.282741566669400072e+03 2.364008848093780424e-01
1.282570338187854986e+03 2.424277910247467360e-01
1.282398987661775664e+03 2.441792721227840357e-01
1.282227637135696568e+03 2.359752427120638263e-01
1.282056408654151483e+03 2.321091843787281284e-01
1.281885302217140861e+03 2.311570912016906731e-01
1.281714073735595775e+03 2.311900620670133133e-01
1.281542967298585154e+03 2.405604328060267916e-01
1.281371860861574305e+03 2.282747929228522710e-01
1.281200876469097921e+03 2.375950154924301727e-01
1.281029892076621309e+03 2.293193519672953873e-01
1.280858907684144924e+03 2.375714050339549355e-01
1.280688167380736786e+03 2.255517792104567154e-01
1.280517305032794638e+03 2.293560320318518975e-01
1.280346442684852263e+03 2.315988886787940793e-01
1.280175824425978590e+03 2.386512904529602130e-01
1.280005084122570679e+03 2.330968871268014608e-01
1.279834587908231015e+03 2.325714687773235423e-01
1.279663969649357341e+03 2.337930452171518292e-01
1.279493473435017904e+03 2.303371349217824549e-01
1.279322977220678240e+03 2.314593164563634453e-01
1.279152603050873040e+03 2.301688255054518961e-01
1.278982106836533376e+03 2.320166340590527621e-01
1.278811854711262413e+03 2.341257353957418297e-01
1.278641480541457213e+03 2.238264236632240833e-01
1.278471350460720487e+03 2.337643607241282340e-01
1.278301098335449296e+03 2.311302050936228647e-01
1.278130968254712570e+03 2.323559454637852961e-01
1.277960838173975844e+03 2.312982150531190106e-01
1.277790830137773355e+03 2.334408247681931670e-01
1.277620822101570639e+03 2.333432479341807086e-01
1.277450814065368149e+03 2.286820683581507752e-01
1.277280928073699897e+03 2.379687979648110741e-01
1.277111042082031645e+03 2.324062158958919433e-01
1.276941400179431866e+03 2.337396192167034981e-01
1.276771636232297851e+03 2.319895560259753742e-01
1.276601872285163608e+03 2.273149823750289511e-01
1.276432230382563830e+03 2.373450212555110739e-01
1.276262710524498289e+03 2.333988259080261585e-01
1.276093068621898510e+03 2.393231256177018873e-01
1.275923548763832969e+03 2.321187022689717439e-01
1.275754028905767427e+03 2.257360343608352526e-01
1.275584631092236123e+03 2.288193961745101646e-01
1.275415233278704818e+03 2.312357615952911616e-01
1.275245835465173514e+03 2.421818929290456557e-01
1.275076681740710683e+03 2.321270494681779428e-01
1.274907283927179378e+03 2.328137762815090384e-01
1.274738130202716548e+03 2.289816943781889658e-01
1.274568976478253717e+03 2.362252244132915791e-01
1.274399944798325123e+03 2.312061891440082284e-01
1.274230791073862292e+03 2.351421640646144118e-01
1.274061881438467935e+03 2.364516224317879389e-01
1.273892971803073578e+03 2.381377721942996850e-01
1.273724062167679222e+03 2.360450661499641778e-01
1.273555274576819102e+03 2.227367663767983730e-01
1.273386486985958982e+03 2.319589640158020993e-01
1.273217821439633099e+03 2.304488254047954432e-01
1.273217699395098862e+03 2.296788978258628433e-01
1.273049033848772979e+03 2.227034641289236394e-01
1.273048911804238742e+03 2.380982843555990158e-01
1.272880490346981560e+03 2.318965218015567320e-01
1.272880368302447323e+03 2.365142114747599278e-01
1.272711824800655677e+03 2.387315003961099358e-01
1.272711702756121440e+03 2.356539517600594880e-01
1.272543159254329794e+03 2.402126231944590462e-01
1.272543037209795557e+03 2.348280772613293987e-01
1.272374493708003911e+03 2.301910481591189772e-01
1.272206072250746502e+03 2.379447930356592411e-01
1.272037650793489092e+03 2.264419800933673288e-01
1.271869229336231911e+03 2.333258079933667184e-01
1.271700929923508738e+03 2.323849024093906646e-01
1.271532630510785566e+03 2.376454669809343057e-01
1.271364331098062394e+03 2.398819365721126529e-01
1.271196153729873686e+03 2.314880631674604006e-01
1.271027976361684750e+03 2.308369238208768659e-01
1.270859921038030052e+03 2.386053361914647064e-01
1.270691865714375581e+03 2.386243784649583199e-01
1.270523810390720882e+03 2.333153401659208703e-01
1.270355999156134658e+03 2.350846372815844076e-01
1.270188065877014424e+03 2.370014511622854925e-01
1.270020132597893962e+03 2.319634101201977772e-01
1.269852321363307738e+03 2.421895818166464875e-01
1.269684632173255977e+03 2.479003814477424572e-01
1.269516820938669753e+03 2.375595230178896289e-01
1.269349131748617765e+03 2.466441228932763075e-01
1.269181564603100242e+03 2.530531547016562910e-01
1.269013997457582491e+03 2.703152122927630074e-01
1.268846430312064967e+03 2.788859057065685709e-01
1.268678863166547217e+03 2.869494774501220591e-01
1.268511540110098167e+03 2.656262954936599030e-01
1.268344095009114653e+03 2.560537871399883314e-01
1.268176649908131367e+03 2.502153625084689859e-01
1.268009448896216327e+03 2.477150358259205543e-01
1.267842125839767277e+03 2.481441729729018109e-01
1.267674924827852237e+03 2.439571543500669848e-01
1.267507723815937425e+03 2.546082816630975132e-01
1.267340766893090859e+03 2.450671376691506975e-01
1.267173565881176046e+03 2.424957533755006667e-01
1.267006486913795470e+03 2.471981104356284487e-01
1.266839529990948904e+03 2.402966329021076763e-01
1.266672573068102565e+03 2.365560661512270124e-01
1.266505738189790236e+03 2.491504488219711544e-01
1.266339025356012371e+03 2.317193633363264782e-01
1.266172190477700269e+03 2.492142462088204613e-01
1.266005477643922177e+03 2.336816005963189280e-01
1.265838764810144312e+03 2.546111767236224344e-01
1.265672051976366447e+03 2.418199399237382918e-01
1.265505461187122592e+03 2.489281142672936098e-01
1.265338870397878964e+03 2.352783185461402582e-01
1.265172523697703809e+03 2.436628549720100123e-01
1.265005932908460181e+03 2.481641724523017956e-01
1.264839464163750563e+03 2.396670278215968786e-01
1.264673117463575409e+03 2.411145873775310533e-01
1.264506770763400255e+03 2.379543973336148421e-01
1.264340546107759337e+03 2.469055983664875109e-01
1.264174321452118420e+03 2.454205458054583566e-01
1.264008096796477275e+03 2.396563591010806293e-01
1.263841994185370595e+03 2.270673508996316203e-01
1.263675891574263915e+03 2.373988650788247112e-01
1.263509788963157234e+03 2.443856641710650535e-01
1.263343808396584791e+03 2.422873451271780332e-01
1.263177827830012347e+03 2.451064949717252639e-01
1.263011969307974141e+03 2.399562605367974721e-01
1.262845988741401470e+03 2.401873384074103002e-01
1.262680252263897501e+03 2.412482221948092365e-01
1.262514393741859294e+03 2.370141110779668270e-01
1.262348657264355325e+03 2.304223848947946629e-01
1.262183042831385592e+03 2.421322154746821387e-01
1.262017428398415859e+03 2.391218813280576450e-01
1.261851813965446127e+03 2.342070705683589327e-01
1.261686199532476394e+03 2.517145220641354708e-01
1.261520829188575135e+03 2.380347179012641534e-01
1.261355458844673876e+03 2.403825605949944932e-01
1.261189966456238380e+03 2.320239461896155819e-01
1.261024596112337122e+03 2.376035185239173675e-01
1.260859347812970100e+03 2.388212050382104434e-01
1.260694099513603078e+03 2.428841195707664991e-01
1.260528851214236056e+03 2.326647033388876962e-01
1.260363602914869261e+03 2.314857905914684544e-01
1.260198476660036476e+03 2.261420761348095221e-01
1.260033472449737928e+03 2.365722722775225051e-01
1.259868346194905143e+03 2.297066255967924742e-01
1.259703464029140832e+03 2.277125996139013064e-01
1.259538459818842284e+03 2.434439742303119436e-01
1.259373577653077973e+03 2.333721566062183506e-01
