# Wavelength, Reflectance
1.644185017217085033e+03 2.195600277816180390e-01
1.643318928349897533e+03 1.894357724017750044e-01
1.642453693974897533e+03 2.139275985350118647e-01
1.641589436162397533e+03 2.134378305482278748e-01
1.640726032842085033e+03 2.184557334694387509e-01
1.639863728154585033e+03 2.412943346340624962e-01
1.639002277959272533e+03 2.103593986223448176e-01
1.638141804326460033e+03 2.044117471153200638e-01
1.637282185185835033e+03 2.400101845427439207e-01
1.636423664678022533e+03 2.094830890136764046e-01
1.635565998662397533e+03 2.430870491507694797e-01
1.634709309209272533e+03 2.061860454955600219e-01
1.633853596318647533e+03 2.244464572451470852e-01
1.632998737920210033e+03 2.181087916899669688e-01
1.632144856084272533e+03 2.154079936758608593e-01
1.631291828740522533e+03 2.089892507077247552e-01
1.630439777959272533e+03 2.313778394445137332e-01
1.629588703740522533e+03 2.281321768580893417e-01
1.628738484013960033e+03 2.092375424234579340e-01
1.627889240849897533e+03 2.316139592519022294e-01
1.627040852178022533e+03 2.117365778574534507e-01
1.626193440068647533e+03 2.265575051597524259e-01
1.625347004521772533e+03 2.480852392980350263e-01
1.624501545537397533e+03 2.308691022903706647e-01
1.623656818974897533e+03 2.196633428075507322e-01
1.622813191045210033e+03 2.280229925655376522e-01
1.621970295537397533e+03 2.329144654803116110e-01
1.621128498662397533e+03 2.265206090517016546e-01
1.620287434209272533e+03 2.239659027865309460e-01
1.619447468388960033e+03 2.274564233282355963e-01
1.618608234990522533e+03 2.321271083475840991e-01
1.617769978154585033e+03 2.278543197258562913e-01
1.616932575810835033e+03 2.341435257194090513e-01
1.616096150029585033e+03 2.206461902637286976e-01
1.615260578740522533e+03 2.331326777522339799e-01
1.614425984013960033e+03 2.232796852884268435e-01
1.613592365849897533e+03 2.184113544618283831e-01
1.612759480107710033e+03 2.220826729230937213e-01
1.611927570928022533e+03 2.064053024303098838e-01
1.611096516240522533e+03 2.228423455201322956e-01
1.610266438115522533e+03 2.206057233292382236e-01
1.609437214482710033e+03 2.242986753594989613e-01
1.608608845342085033e+03 2.148769305276408415e-01
1.607781452763960033e+03 2.102352776410400248e-01
1.606954792607710033e+03 2.046721838552467143e-01
1.606129109013960033e+03 2.186182748544046039e-01
1.605304401982710033e+03 2.236452879908138180e-01
1.604480549443647533e+03 2.069012326185961648e-01
1.603657429326460033e+03 2.192347802002411472e-01
1.602835285771772533e+03 2.230903762723122907e-01
1.602014118779585033e+03 2.183848371555248691e-01
1.601193684209272533e+03 2.328548775219903832e-01
1.600374226201460033e+03 2.207262956867245551e-01
1.599555622685835033e+03 2.273069865969205849e-01
1.598737873662397533e+03 2.036196660440199591e-01
1.597920979131147533e+03 2.332044961854668197e-01
1.597104817021772533e+03 2.291875778987716994e-01
1.596289997685835033e+03 2.185124195216675558e-01
1.595475666631147533e+03 2.322868700981927659e-01
1.594662190068647533e+03 2.335885809287807924e-01
1.593849812138960033e+03 2.185057670162437182e-01
1.593038044560835033e+03 2.289131283301910902e-01
1.592227253545210033e+03 2.224820424822105125e-01
1.591417439092085033e+03 2.211142906531694541e-01
1.590608357060835033e+03 2.237054212593154456e-01
1.589800251592085033e+03 2.134037202859603577e-01
1.588992756474897533e+03 2.275929928507889610e-01
1.588186115849897533e+03 2.183803431331639289e-01
1.587380695928022533e+03 2.245214517164151602e-01
1.586575886357710033e+03 2.269093117798817727e-01
1.585771931279585033e+03 2.286570639920180725e-01
1.584968952763960033e+03 2.219244991456622573e-01
1.584166706670210033e+03 2.142487956333427312e-01
1.583365315068647533e+03 2.181115131657656581e-01
1.582564900029585033e+03 2.323205952784983264e-01
1.581765217412397533e+03 2.158206806869344130e-01
1.580966511357710033e+03 2.197015364590124420e-01
1.580168415654585033e+03 2.081171992585806874e-01
1.579371174443647533e+03 2.207372984648140468e-01
1.578575031865522533e+03 2.065202691787019207e-01
1.577779499638960033e+03 2.202597373597920682e-01
1.576984943974897533e+03 2.108572549501303295e-01
1.576191242803022533e+03 2.287139358253946764e-01
1.575398274053022533e+03 2.183836492185329825e-01
1.574606037724897533e+03 2.185582814811752594e-01
1.573814777959272533e+03 2.139744825857476662e-01
1.573024372685835033e+03 2.088984858115437160e-01
1.572234821904585033e+03 2.071879060296898667e-01
1.571446003545210033e+03 2.260788710568515658e-01
1.570657917607710033e+03 2.219363331673425421e-01
1.569870930303022533e+03 2.334437771516613969e-01
1.569084553349897533e+03 2.144932218953279901e-01
1.568299275029585033e+03 2.184067432282232601e-01
1.567514484990522533e+03 2.264875133585608491e-01
1.566730671513960033e+03 2.228435254657514797e-01
1.565947712529585033e+03 2.207615097648748526e-01
1.565165485967085033e+03 2.425741956828509627e-01
1.564384113896772533e+03 2.257371682175123018e-01
1.563603596318647533e+03 2.241212698004572679e-01
1.562823933232710033e+03 2.245515736387782846e-01
1.562044880498335033e+03 2.251966884488690590e-01
1.561266804326460033e+03 2.255980938812923997e-01
1.560489582646772533e+03 2.177469365237095500e-01
1.559713093388960033e+03 2.277616510182504383e-01
1.558937336553022533e+03 2.176829125241293572e-01
1.558162434209272533e+03 2.208803573740019122e-01
1.557388508428022533e+03 2.258059127677554123e-01
1.556615192998335033e+03 2.340706322205336753e-01
1.555842732060835033e+03 2.299611664505648023e-01
1.555071003545210033e+03 2.230279756539538805e-01
1.554300251592085033e+03 2.164845634451193213e-01
1.553530109990522533e+03 2.297117589107453006e-01
1.552760944951460033e+03 2.564451748998775038e-01
1.552760822881147533e+03 2.330053222802886403e-01
1.552504719365522533e+03 2.475668398718768870e-01
1.552248493779585033e+03 2.535456384785573225e-01
1.551992512334272533e+03 2.508489167917610230e-01
1.551992390263960033e+03 2.179360784978076615e-01
1.551736530888960033e+03 2.548613550366501945e-01
1.551224812138960033e+03 2.256152714843471796e-01
1.550457966435835033e+03 2.251515196910347238e-01
1.549691853154585033e+03 2.153876601978064464e-01
1.548926594365522533e+03 2.274154778662257903e-01
1.548162190068647533e+03 2.228486664561821484e-01
1.547398396123335033e+03 2.253773331831775695e-01
1.546635456670210033e+03 2.290937157376951305e-01
1.545873371709272533e+03 2.163607798755658729e-01
1.545112141240522533e+03 2.174354292686752066e-01
1.544351521123335033e+03 2.276110464450168680e-01
1.543591633428022533e+03 2.239090984456131306e-01
1.542832722295210033e+03 2.321270519079570160e-01
1.542074665654585033e+03 2.205919082205393122e-01
1.541317219365522533e+03 2.326223496560894943e-01
1.540560505498335033e+03 2.156615924289521091e-01
1.539804646123335033e+03 2.268990697127848122e-01
1.539049519170210033e+03 2.267257795725913794e-01
1.538295368779585033e+03 2.203984953933268154e-01
1.537541828740522533e+03 2.193410709224179189e-01
1.536789021123335033e+03 2.257104281778418431e-01
1.536037067998335033e+03 2.291491088418474154e-01
1.535285603154585033e+03 2.240689825322693951e-01
1.534535481084272533e+03 2.242131221277531006e-01
1.533785603154585033e+03 2.244989298110636189e-01
1.533036823857710033e+03 2.227179782951297093e-01
1.532288654912397533e+03 2.178046093163829300e-01
1.531541218388960033e+03 2.230167714849586591e-01
1.530794758428022533e+03 2.221564786309674355e-01
1.530048908818647533e+03 2.215476654311153704e-01
1.529303791631147533e+03 2.201989521242677661e-01
1.528559406865522533e+03 2.184757894338723860e-01
1.527815876592085033e+03 2.091129922694548171e-01
1.527072834599897533e+03 2.293828147632809566e-01
1.526331013310835033e+03 2.200843870357982457e-01
1.525589558232710033e+03 2.260835790304397408e-01
1.524849201787397533e+03 2.233923388119940512e-01
1.524109333623335033e+03 2.245903620678379176e-01
1.523370319951460033e+03 2.320476611225086583e-01
1.522632038701460033e+03 2.217321287384143580e-01
1.521894611943647533e+03 2.291600800629043366e-01
1.521157795537397533e+03 2.260903001224631448e-01
1.520421711553022533e+03 2.274310296949154375e-01
1.519686359990522533e+03 2.228384652045381220e-01
1.518951862920210033e+03 2.129438537638894957e-01
1.518217976201460033e+03 2.274919629090932371e-01
1.517484821904585033e+03 2.251194866418903540e-01
1.516752766240522533e+03 2.244639445260800670e-01
1.516021198857710033e+03 2.287974509376889121e-01
1.515290241826460033e+03 2.205250317793064629e-01
1.515046955693647533e+03 2.569353433334070069e-01
1.514803669560835033e+03 2.469964716343184541e-01
1.514560261357710033e+03 2.453777767958948419e-01
1.514560139287397533e+03 2.289966290510291602e-01
1.514317097295210033e+03 2.543964769435270168e-01
1.514074055303022533e+03 2.556331632900422646e-01
1.513830769170210033e+03 2.252805325629360644e-01
1.513102131474897533e+03 2.288126211950641808e-01
1.512374226201460033e+03 2.243404704677025296e-01
1.511647053349897533e+03 2.278655464023902899e-01
1.510920734990522533e+03 2.292008278054086245e-01
1.510195026982710033e+03 2.306829440882633420e-01
1.509470051396772533e+03 2.281712140972011749e-01
1.508745808232710033e+03 2.259539815436782118e-01
1.508022297490522533e+03 2.375075351018470504e-01
1.507299519170210033e+03 2.331075049561030788e-01
1.506577473271772533e+03 2.397686257355890749e-01
1.505856159795210033e+03 2.236002682219126736e-01
1.505135578740522533e+03 2.170594845029244768e-01
1.504415852178022533e+03 2.305103699503771586e-01
1.503696613896772533e+03 2.269876682729176087e-01
1.502978233749975288e+03 2.273250407810513407e-01
1.502260516636165903e+03 2.336136402743757556e-01
1.501543531886758274e+03 2.278770257381523834e-01
1.500827401562486330e+03 2.187113550147509744e-01
1.500111881541882440e+03 2.334432574124606918e-01
1.499397093885680533e+03 2.265954583991735549e-01
1.498683038593880383e+03 2.222955859203966933e-01
1.497969593605748287e+03 2.226678613474972201e-01
1.497257003042751876e+03 2.292391315206436520e-01
1.496545022783423747e+03 2.252651755820925250e-01
1.495833896949230848e+03 2.345535255568796107e-01
1.495123381418706231e+03 2.216240263103326225e-01
1.494413598252583597e+03 2.245233995910165536e-01
1.493704425390129018e+03 2.175704229158915148e-01
1.492996106952810123e+03 2.199512889455989828e-01
1.492288398819159283e+03 2.313829536472422066e-01
1.491581423049910200e+03 2.333310303760798843e-01
1.490875179645063099e+03 2.251953888941010951e-01
1.490169546543884280e+03 2.287371421540427829e-01
1.489464645807107217e+03 2.350463427276330841e-01
1.488760477434731911e+03 2.206839284958061198e-01
1.488057041426758587e+03 2.268654354866654066e-01
1.487354215722453318e+03 2.281132817456671125e-01
1.486652122382550033e+03 2.246460065255680982e-01
1.485950639346315029e+03 2.217428624672551918e-01
1.485250010735215255e+03 2.249823880908970175e-01
1.484549992427783991e+03 2.241440219832410152e-01
1.483850706484754255e+03 2.333964384160178707e-01
1.483152030845393028e+03 2.276353801108843833e-01
1.482454209631167032e+03 2.267203254141458013e-01
1.481756876659875616e+03 2.225707912147508183e-01
1.481060398113719884e+03 2.359029954909673821e-01
1.480364529871232207e+03 2.339052285717258262e-01
1.479669271932412812e+03 2.262748484881004218e-01
1.478974868418728875e+03 2.291389233095722233e-01
1.478280953147979517e+03 2.335980448527501807e-01
1.477587892302365617e+03 2.371816382378500176e-01
1.476895441760419999e+03 2.279376280347453487e-01
1.476203723582876137e+03 2.267488763984345235e-01
1.475512615709000556e+03 2.276469065601497699e-01
1.474822240199526732e+03 2.395943271835243304e-01
1.474132474993721189e+03 2.274793445332613517e-01
1.473443442152317402e+03 2.222261509775036725e-01
1.472755019614581897e+03 2.180027503969624303e-01
1.472067329441248148e+03 2.203447545449007949e-01
1.471380371632316383e+03 2.293613145099223649e-01
1.470694024127052671e+03 2.231421276431973799e-01
1.470008408986190943e+03 2.307872001486217794e-01
1.469323404148997270e+03 2.379135148514152365e-01
1.468639009615471878e+03 2.231521169402449212e-01
1.467955347446348469e+03 2.292026232192645729e-01
1.467272417641626816e+03 2.201385912097769126e-01
1.466590098140573218e+03 2.350989996250109348e-01
1.465908388943187902e+03 2.169464509633895477e-01
1.465227412110204568e+03 2.289319762123072366e-01
1.464547045580889289e+03 2.294623301188111753e-01
1.463867411415975994e+03 2.294874322243425913e-01
1.463188387554730753e+03 2.415572461434335183e-01
1.462510096057887495e+03 2.320236871168614434e-01
1.461832414864712291e+03 2.212848647328378715e-01
1.461155343975205369e+03 2.267889683980348070e-01
1.460478883389366729e+03 2.330571121833418524e-01
1.459803277228663546e+03 2.290145137959629928e-01
1.459128159310894944e+03 2.304563551165914048e-01
1.458453773757528097e+03 2.276983057601194849e-01
1.457779998507829532e+03 2.303209519469700817e-01
1.457106955622532723e+03 2.289104671528224000e-01
1.456434523040904196e+03 2.291862357721942689e-01
1.455762700762943723e+03 2.267671188665296156e-01
1.455091610849385233e+03 2.186127917622906758e-01
1.454421131239495026e+03 2.208997645222829098e-01
1.453751261933272872e+03 2.324002466230659369e-01
1.453082002930719000e+03 2.306215906423650375e-01
1.452413598353300586e+03 2.277977339805606627e-01
1.451745682018816751e+03 2.270083688987329373e-01
1.451078375988001198e+03 2.280446841961796534e-01
1.450411802321587402e+03 2.328656783966966959e-01
1.449745838958841887e+03 2.292478681503854199e-01
1.449080485899764426e+03 2.267595908636134416e-01
1.448415865205088949e+03 2.276576196054533596e-01
1.447751854814081526e+03 2.310829165055514889e-01
1.447088332666008910e+03 2.267574877502436248e-01
1.446425664943071524e+03 2.297874722087156485e-01
1.445763485463068946e+03 2.271895300225958148e-01
1.445102160408201598e+03 2.338839929107116300e-01
1.444441201535535356e+03 2.354342570540001733e-01
1.443780975027270870e+03 2.315015925347881920e-01
1.443121480883408367e+03 2.367760778817999678e-01
1.442462474982480217e+03 2.299530040700111522e-01
1.441804201445954050e+03 2.336358714579296614e-01
1.441146538213096164e+03 2.353692856399756395e-01
1.440489485283906333e+03 2.320074551787245365e-01
1.439832920597651082e+03 2.249732680886209202e-01
1.439177332397264991e+03 2.304971458587436461e-01
1.439177210336531289e+03 2.258261818309391933e-01
1.438958843684047451e+03 2.165709996252751512e-01
1.438740354970830140e+03 2.289342964437309502e-01
1.438522110379079777e+03 2.161220913959656931e-01
1.438521988318346303e+03 2.235900068391237783e-01
1.438303743726595940e+03 2.271588129901661590e-01
1.438085621195579506e+03 2.242145058113423906e-01
1.437867620725296547e+03 2.150141942035353193e-01
1.437867498664562845e+03 2.223564605278888218e-01
1.437649498194279886e+03 2.322885896279677787e-01
1.437431619784730628e+03 2.115329552501414023e-01
1.437213741375181371e+03 2.190411041946158099e-01
1.437213619314447669e+03 2.263393992774473396e-01
1.436995618844164937e+03 2.145684862503062229e-01
1.436777984556082856e+03 2.140868762482320831e-01
1.436560472328734477e+03 2.230804128172612644e-01
1.436560350268000775e+03 2.184880682287407838e-01
1.436342715979918921e+03 2.181318358116068334e-01
1.436125081691836840e+03 2.112157356778630868e-01
1.435907691525222162e+03 2.207641624421174953e-01
1.435690301358607485e+03 2.164556303497567891e-01
1.435472911191992807e+03 2.217106138339826893e-01
1.435255643086111604e+03 2.332147453574056895e-01
1.435038497040964330e+03 2.282328951157090724e-01
1.434821350995816829e+03 2.262388119325841052e-01
1.434604204950669327e+03 2.262268037693569989e-01
1.434387303026989230e+03 2.265518489612835806e-01
1.434170279042575430e+03 2.329833307114583807e-01
1.433953377118895332e+03 2.285512895345855611e-01
1.433736597255948709e+03 2.306624175395761145e-01
1.433519939453736015e+03 2.265221534966676831e-01
1.433303281651523093e+03 2.216383530966870852e-01
1.433086623849310172e+03 2.134226094453174072e-01
1.432870210168564654e+03 2.172192835106062370e-01
1.432653674427085434e+03 2.094130560664346774e-01
1.432437260746339689e+03 2.088636932492367038e-01
1.432220969126327873e+03 2.058809889876103694e-01
1.432004799567049531e+03 2.107439218925585001e-01
1.431788630007771189e+03 2.085430857395344506e-01
1.431572460448492848e+03 2.009082079055049819e-01
1.431356412949948208e+03 2.103123633597238085e-01
1.431140487512137270e+03 1.980293324448853531e-01
1.430924562074326332e+03 2.133088904336974678e-01
1.430708758697248868e+03 2.303630302274574104e-01
1.430493077380905106e+03 2.292884270133797864e-01
1.430277274003827642e+03 2.262095939546243661e-01
1.430061592687484108e+03 2.385570076793585015e-01
1.429845911371140346e+03 2.375580474992631808e-01
1.429630596236997462e+03 2.353963537785670468e-01
1.429415159042121104e+03 2.426183722698864453e-01
1.429199843907978220e+03 2.355458128267470530e-01
1.428984650834569038e+03 2.287681696808865350e-01
1.428769335700426154e+03 2.428125725339513874e-01
1.428554142627016972e+03 2.314299367606130753e-01
1.428339071614341492e+03 2.363375781569610756e-01
1.428124122662399714e+03 2.390791146392587108e-01
1.427909173710457708e+03 2.368282198664727889e-01
1.427694224758515929e+03 2.418163790419016745e-01
1.427479397867307625e+03 2.487166890565791488e-01
1.427264815097566498e+03 2.394065269914025795e-01
1.427049988206358421e+03 2.391968886588487220e-01
1.426835405436617293e+03 2.438382744851415596e-01
1.426620944727610095e+03 2.494501099199918637e-01
1.426406484018602669e+03 2.393517918461590677e-01
1.426192023309595470e+03 2.348936406768598051e-01
1.425977684661321746e+03 2.334149706298150051e-01
1.425763468073781723e+03 2.446030082424391627e-01
1.425549251486241701e+03 2.408049259064145853e-01
1.425335156959435153e+03 2.377850117226443516e-01
1.425121062432628833e+03 2.373048263403150782e-01
1.424907089966555986e+03 2.427133398954076371e-01
1.424693117500483368e+03 2.319168812906703958e-01
1.424479267095144223e+03 2.336481648831878755e-01
1.424265294629071377e+03 2.312710093978753989e-01
1.424051810405933111e+03 2.458578279344069972e-01
1.423838082061327668e+03 2.316607119083077815e-01
1.423624475777455928e+03 2.298147655802993128e-01
1.423410991554317661e+03 2.245401454382698614e-01
1.423197507331179395e+03 2.353992797754709265e-01
1.422984145168774830e+03 2.324441724910951967e-01
1.422770660945636791e+03 2.294461446317920816e-01
1.422557664965433105e+03 2.400632791359768314e-01
1.422344424863762242e+03 2.378724870547394288e-01
1.422131306822824854e+03 2.394756680387280512e-01
1.421918188781887693e+03 2.368724419050753094e-01
1.421705314862417708e+03 2.357644140996735249e-01
1.421492318882214022e+03 2.303701023267684667e-01
1.421279444962744037e+03 2.343287749227157546e-01
1.421066571043274052e+03 2.353476836519666215e-01
1.420853941245271244e+03 2.299944789360930664e-01
1.420641311447268663e+03 2.423213871383932405e-01
1.420428681649265855e+03 2.341798654140929969e-01
1.420216295972730450e+03 2.448062185372440747e-01
1.420003666174727641e+03 2.480954595238217542e-01
1.419791402558925938e+03 2.422418453183933784e-01
1.419579016882390533e+03 2.400288973718779639e-01
1.419366875327322305e+03 2.348134814210587340e-01
1.419154611711520602e+03 2.386218191809691136e-01
1.418942470156452373e+03 2.360149961833705179e-01
1.418730450662117846e+03 2.405483090817038816e-01
1.418518553228517021e+03 2.426855301024139488e-01
1.418306655794916196e+03 2.380678961759926104e-01
1.418094758361315371e+03 2.440444001791973461e-01
1.417882860927714546e+03 2.452289313750009303e-01
1.417671329676314599e+03 2.361137615302631720e-01
1.417459554303447248e+03 2.392985284654109146e-01
1.417247900991313827e+03 2.361826572967000437e-01
1.417036491800647354e+03 2.388006810736127972e-01
1.416825082609981109e+03 2.418422965324073526e-01
1.416613673419314864e+03 2.364565002812935024e-01
1.416402264228648619e+03 2.395797309957898857e-01
1.416191099159449550e+03 2.397416122352830636e-01
1.415979934090250481e+03 2.377918902438495297e-01
1.415768769021051412e+03 2.279759863264366471e-01
1.415557726012586045e+03 2.369657774439936082e-01
1.415346683004120678e+03 2.422149432505871225e-01
1.415135884117122714e+03 2.405229070951623582e-01
1.414924963169390821e+03 2.434031359850635789e-01
1.414714164282392858e+03 2.402970001745282358e-01
1.414503365395394667e+03 2.456555570089690443e-01
1.414292810629863880e+03 2.429441218126969226e-01
1.414082255864333092e+03 2.409145598959355761e-01
1.413871701098802305e+03 2.430018837569624945e-01
1.413661268394004992e+03 2.522266897065232327e-01
1.413450957749941608e+03 2.420772401386752093e-01
1.413240525045144295e+03 2.403628313768082780e-01
1.413030092340347210e+03 2.388482915951943564e-01
1.412820147878484477e+03 2.377657847954257608e-01
1.412609959295154795e+03 2.393180721561130320e-01
1.412399892772558360e+03 2.309872691262004896e-01
1.412189826249962152e+03 2.419189987493863825e-01
1.411980003848833121e+03 2.392325629976568835e-01
1.411770181447704317e+03 2.510164237281853894e-01
1.411560359046575286e+03 2.466666603317817785e-01
1.411350536645446255e+03 2.382012191798921208e-01
1.411140958365784627e+03 2.345284132650060638e-01
1.410931380086122999e+03 2.365275738572376885e-01
1.410721801806461372e+03 2.395027053175663723e-01
1.410512223526799517e+03 2.381706469231186785e-01
1.410302889368605292e+03 2.434038059787706487e-01
1.410093555210410841e+03 2.396010297036252346e-01
1.409884343112950091e+03 2.472115207630518618e-01
1.409675008954755640e+03 2.538029654861923001e-01
1.409466040978762067e+03 2.404461748276998101e-01
1.409256828881301317e+03 2.447120952098852942e-01
1.409047860905307971e+03 2.403850283129543575e-01
1.408838892929314397e+03 2.365414873201014956e-01
1.408630047014054526e+03 2.378395792346507942e-01
1.408421201098794654e+03 2.491545076792645863e-01
1.408212477244268484e+03 2.376240556219615108e-01
1.408003753389742315e+03 2.528435019324059008e-01
1.407795151595949847e+03 2.342371144095799773e-01
1.407586549802157151e+03 2.400938614057298581e-01
1.407378070069098385e+03 2.402113509881035058e-01
1.407169590336039391e+03 2.442242445292837627e-01
1.406961232663714100e+03 2.430128131737396280e-01
1.406752997052122510e+03 2.554269189043417154e-01
1.406544761440530920e+03 2.383516546526391056e-01
1.406336525828939330e+03 2.408507264492109612e-01
1.406128412278081214e+03 2.470823995299363252e-01
1.405920542848690502e+03 2.398057185747888842e-01
1.405712429297832614e+03 2.491350478576251359e-01
1.405504559868441902e+03 2.432512588838382228e-01
1.405296690439051190e+03 2.453612343083946268e-01
1.405088943070393952e+03 2.538809522606524371e-01
1.404881195701736942e+03 2.421982945090509209e-01
1.404673570393813634e+03 2.429328819756711999e-01
1.404465945085890098e+03 2.448478286474063403e-01
1.404258563899433966e+03 2.443429962066743233e-01
1.404051060652244132e+03 2.537889192981298558e-01
1.403843557405054298e+03 2.473704789257211989e-01
1.403636298279331868e+03 2.464145913821776668e-01
1.403429039153609438e+03 2.515514486546496786e-01
1.403221902088620482e+03 2.547439120970920734e-01
1.403014642962898051e+03 2.476259535447225268e-01
1.402807627958642797e+03 2.405720913065159117e-01
1.402600735015121245e+03 2.462179156743206365e-01
1.402393720010865991e+03 2.512510935094734443e-01
1.402186827067344439e+03 2.418875085306074202e-01
1.401979934123822886e+03 2.528727102308593322e-01
1.401773285301768510e+03 2.478929292501037829e-01
1.401566636479714134e+03 2.498851099436125434e-01
1.401359987657659985e+03 2.428599018186354541e-01
1.401153338835605609e+03 2.423884426091110211e-01
1.400946812074284935e+03 2.495609953727346009e-01
1.400740407373697963e+03 2.482137022885447797e-01
1.400534124733844465e+03 2.454122122644644965e-01
1.400327842093991194e+03 2.418228845026966778e-01
1.400121559454137923e+03 2.476555533282555344e-01
1.399915398875018127e+03 2.496351205233702519e-01
1.399709360356632033e+03 2.503144071008603921e-01
1.399503199777512236e+03 2.372267246989875067e-01
1.399297283319859844e+03 2.471753114453341116e-01
1.399091366862207224e+03 2.418837482342714174e-01
1.398885572465288533e+03 2.536774920940448319e-01
1.398679656007636140e+03 2.473691976785203916e-01
1.398473983671450924e+03 2.421254794231367802e-01
1.398268433395999409e+03 2.418630710948442009e-01
1.398062638999080491e+03 2.391125121621736349e-01
1.397857210784362678e+03 2.542279877083603590e-01
1.397651660508911164e+03 2.382862886987512641e-01
1.397446232294193351e+03 2.482331086096316031e-01
1.397241048200942714e+03 2.416474768855623734e-01
1.397035742046958376e+03 2.396076744061612085e-01
1.396830435892974037e+03 2.449236622845930023e-01
1.396625129738989926e+03 2.531906537203525986e-01
1.396420311827940168e+03 2.493542714057545295e-01
1.396215249795423233e+03 2.516171844706124872e-01
1.396010187762906298e+03 2.517381514062072556e-01
1.395805369851856540e+03 2.427635368573427266e-01
1.395600551940807009e+03 2.507222372692922141e-01
1.395395734029757250e+03 2.452970112262110869e-01
1.395191038179441193e+03 2.476038331817050353e-01
1.394986342329125137e+03 2.473067578950987611e-01
1.394781768539542782e+03 2.516089930067068603e-01
1.394577316810693901e+03 2.502265191935986177e-01
1.394372865081845248e+03 2.491016646838825344e-01
1.394168413352996367e+03 2.454927898234888217e-01
1.393963961624147714e+03 2.434701603076375176e-01
1.393759876077499939e+03 2.476077784940304560e-01
1.393555668470118462e+03 2.392188223736442243e-01
1.393351460862736985e+03 2.416426488684689788e-01
1.393147375316088983e+03 2.523172265944241821e-01
1.392943411830174909e+03 2.562705526459189698e-01
1.392739448344260609e+03 2.504541256355243273e-01
1.392535606919080010e+03 2.448442559780573680e-01
1.392331765493899638e+03 2.543717964508167562e-01
1.392127924068719039e+03 2.530928390500682967e-01
1.391924326765005617e+03 2.494329309585815446e-01
1.391720607400558720e+03 2.430403231883647985e-01
1.391517010096845524e+03 2.445292527092290669e-01
1.391313412793132329e+03 2.436507159251339594e-01
1.391110181671620012e+03 2.496287432095850856e-01
1.390906706428640291e+03 2.480021522329796668e-01
1.390703353246394272e+03 2.513553262969061564e-01
1.390500122124881955e+03 2.504232094828507948e-01
1.390296891003369637e+03 2.468275352563588099e-01
1.390093781942590795e+03 2.427221734061898173e-01
1.389890672881812179e+03 2.409075464554215895e-01
1.389687685881767038e+03 2.499350415701943606e-01
1.389484698881722124e+03 2.487706923110148682e-01
1.389281956003144160e+03 2.488764044699294242e-01
1.389079091063832720e+03 2.483298584560373334e-01
1.388876226124521281e+03 2.429431830139705817e-01
1.388673483245943544e+03 2.516280233070514183e-01
1.388470862428099508e+03 2.516982116485245724e-01
1.388268363670988947e+03 2.543455290394540658e-01
1.388065864913878386e+03 2.513799292348258829e-01
1.387863366156768052e+03 2.471184614627618403e-01
1.387660989460391193e+03 2.446446216924791084e-01
1.387458734824747808e+03 2.498206518314777247e-01
1.387256358128370948e+03 2.448018869280981225e-01
1.387054225553461492e+03 2.520347337980596292e-01
1.386852092978551809e+03 2.480444253463838788e-01
1.386649960403642353e+03 2.532409043671391413e-01
1.386447949889466372e+03 2.478607119694164751e-01
1.386246061436024092e+03 2.438469932563016862e-01
1.386044050921848111e+03 2.420969078041090294e-01
1.385842284529139306e+03 2.546048894579071020e-01
1.385640518136430728e+03 2.494630826021216052e-01
1.385438873804455852e+03 2.538017838955562433e-01
1.385237229472480749e+03 2.545248196875069535e-01
1.385035585140505646e+03 2.506200374657874264e-01
1.384834062869264244e+03 2.467619685382679839e-01
1.384632540598023070e+03 2.483046624596544905e-01
1.384431262448248845e+03 2.504486251835786326e-01
1.384229862237741145e+03 2.571474650031158049e-01
1.384028584087967147e+03 2.563916107523899757e-01
1.383827305938192922e+03 2.561951678383287967e-01
1.383626271909886100e+03 2.507152419206304383e-01
1.383425115820845576e+03 2.508579842163859985e-01
1.383224081792538755e+03 2.549799109126240082e-01
1.383023047764232160e+03 2.590109518489208673e-01
1.382822257857392515e+03 2.609884953271294772e-01
1.382621467950553097e+03 2.703595270789289073e-01
1.382420555982979749e+03 2.589071973833008689e-01
1.382219888136874033e+03 2.531852418760853762e-01
1.382019220290768089e+03 2.566122807838131514e-01
1.381818674505395848e+03 2.545433495887318709e-01
1.381618128720023606e+03 2.515394109424782254e-01
1.381417582934651364e+03 2.464466335338229008e-01
1.381217159210012596e+03 2.525728163987916997e-01
1.381016735485374056e+03 2.576411473075770897e-01
1.380816555882202692e+03 2.571573274721312696e-01
1.380616376279031556e+03 2.514150011778274463e-01
1.380416196675860192e+03 2.563064114950994177e-01
1.380216017072688828e+03 2.523323237997384116e-01
1.380015959530251166e+03 2.510076839263569171e-01
1.379816024048546979e+03 2.572797122612959231e-01
1.379616088566843018e+03 2.513261048332156578e-01
1.379416153085139058e+03 2.464188180574576337e-01
1.379216339664168572e+03 2.425444702963999999e-01
1.379016770364665490e+03 2.506089529762269841e-01
1.378817079004428706e+03 2.548865365060942745e-01
1.378617387644191922e+03 2.572875185939036413e-01
1.378417818344688840e+03 2.614048071813332985e-01
1.378218249045185757e+03 2.488684039483162469e-01
1.378018801806416150e+03 2.581808223097230570e-01
1.377819476628380471e+03 2.581069719504487936e-01
1.377620151450344565e+03 2.568420001446919398e-01
1.377420948333042361e+03 2.557993266169282798e-01
1.377221745215740157e+03 2.525928581425205266e-01
1.377022664159171654e+03 2.625126222177568414e-01
1.376823583102603152e+03 2.574723863304221316e-01
1.376624502046034422e+03 2.455395461741593233e-01
1.376425543050199622e+03 2.574031623656038992e-01
1.376226584054364594e+03 2.650951831080849419e-01
1.376027869179996969e+03 2.538294690140717735e-01
1.375829032244895870e+03 2.565764123644179717e-01
1.375630317370528246e+03 2.651542019059937028e-01
1.375431602496160622e+03 2.481464208003858196e-01
1.375233009682526472e+03 2.538490396332952481e-01
1.375034660990359725e+03 2.604910999331290222e-01
1.374836190237459505e+03 2.640673427863259315e-01
1.374637719484559057e+03 2.486976748235192602e-01
1.374439370792392310e+03 2.573774332545052390e-01
1.374241022100225791e+03 2.546888208438238266e-01
1.374042917529526221e+03 2.548636797786076325e-01
1.373844690898093177e+03 2.465134596448159965e-01
1.373646586327393834e+03 2.532971442280962937e-01
1.373448481756694264e+03 2.416873374338988634e-01
1.373250499246728623e+03 2.547321148224633847e-01
1.373052638797496456e+03 2.471750144862028820e-01
1.372854656287530588e+03 2.513571539326772686e-01
1.372656917899032123e+03 2.610728569204033289e-01
1.372459179510533659e+03 2.572828942915886818e-01
1.372261441122035194e+03 2.555486484414004056e-01
1.372063946855003906e+03 2.514631346348962238e-01
1.371866330527239143e+03 2.539857171365090815e-01
1.371668836260207854e+03 2.486877101507696530e-01
1.371471219932442864e+03 2.402458324082147878e-01
1.371273969786878979e+03 2.481472463237212600e-01
1.371076719641315094e+03 2.666585284440421977e-01
1.370879469495751209e+03 2.508492605600197711e-01
1.370682219350187097e+03 2.549410485120567893e-01
1.370484969204623212e+03 2.546840047743484936e-01
1.370287841119793029e+03 2.521552900946605891e-01
1.370090957156430022e+03 2.525333327540794648e-01
1.369893951132333314e+03 2.501171065667937010e-01
1.369697067168970307e+03 2.535283618256910509e-01
1.369500183205607300e+03 2.510008436141429877e-01
1.369303421302977995e+03 2.526864167314337162e-01
1.369106781461082164e+03 2.587432332169464777e-01
1.368909897497719157e+03 2.517133179877396043e-01
1.368713379716557029e+03 2.555697530804438844e-01
1.368516861935394900e+03 2.562852654208053194e-01
1.368320344154232771e+03 2.547526230844974204e-01
1.368123948433804344e+03 2.574201939096265046e-01
1.367927552713375917e+03 2.629281124817215987e-01
1.367731156992947490e+03 2.574770420850440167e-01
1.367535005393986239e+03 2.567577085646229329e-01
1.367338731734291514e+03 2.538623638481036227e-01
1.367142580135330263e+03 2.592518473792511657e-01
1.366946672657836416e+03 2.603831970847296229e-01
1.366750521058875393e+03 2.618348889999740914e-01
1.366554613581381318e+03 2.557395442653784268e-01
1.366358584043153769e+03 2.663199103050317706e-01
1.366162798626393624e+03 2.561928270087746595e-01
1.365967135270366953e+03 2.526728474891197229e-01
1.365771349853606807e+03 2.635595831009252543e-01
1.365575686497580136e+03 2.512918657088337171e-01
1.365380023141553465e+03 2.631709183111476946e-01
1.365184481846260496e+03 2.560166278992528910e-01
1.364989184672434931e+03 2.499411683654337579e-01
1.364793643377141962e+03 2.630616714371684650e-01
1.364598346203316169e+03 2.547074649941694080e-01
1.364402926968756901e+03 2.576881735204601953e-01
1.364207751855664810e+03 2.637876838448790506e-01
1.364012576742572946e+03 2.547713483568805337e-01
1.363817401629480855e+03 2.534802393127064124e-01
1.363622348577122466e+03 2.540447878266641757e-01
1.363427295524764077e+03 2.633755587008953514e-01
1.363232364533139162e+03 2.532346468866045197e-01
1.363037433541514474e+03 2.621416900220590041e-01
1.362842624610623488e+03 2.612789009771936954e-01
1.362647937740465977e+03 2.683773742826456310e-01
1.362453006748841062e+03 2.435171862082799177e-01
1.362258441939417253e+03 2.559357933434621701e-01
1.362063877129993443e+03 2.588017647840554214e-01
1.361869434381303336e+03 2.554555312326736716e-01
1.361674869571879526e+03 2.606027513072144419e-01
1.361480426823189191e+03 2.525220122972356429e-01
1.361285984074499083e+03 2.517854509718093214e-01
1.361091663386542450e+03 2.500996444951641973e-01
1.360897464759319519e+03 2.611016325869973675e-01
1.360703388192830289e+03 2.568790025850617442e-01
1.360509189565607358e+03 2.639546755400659639e-01
1.360315112999118128e+03 2.496186218451213745e-01
1.360121036432628898e+03 2.639454043303925967e-01
1.359926959866139669e+03 2.575417967096180760e-01
1.359733249481851317e+03 2.498792701215208634e-01
1.359539417036829263e+03 2.636955463974675618e-01
1.359345584591807210e+03 2.547512762356337612e-01
1.359151874207518858e+03 2.516114537919645344e-01
1.358958163823230507e+03 2.506464968263908411e-01
1.358764575499675857e+03 2.570403179568089280e-01
1.358571109236854909e+03 2.520934096633379307e-01
1.358377520913300032e+03 2.490034223703525285e-01
1.358184054650479084e+03 2.539244764629218221e-01
1.357990710448391610e+03 2.580331680019765650e-01
1.357797366246304136e+03 2.547063280665420315e-01
1.357604144104950365e+03 2.610588063498269218e-01
1.357410921963596593e+03 2.564291284114684211e-01
1.357217821882976523e+03 2.593447468272564449e-01
1.357024721802356225e+03 2.566969676438034531e-01
1.356831621721736155e+03 2.622555729389905999e-01
1.356638643701849787e+03 2.603156711121991651e-01
1.356445787742696893e+03 2.534166282051659724e-01
1.356252931783544000e+03 2.606044593788704455e-01
1.356060197885124808e+03 2.643391278336646444e-01
1.355867341925971914e+03 2.550743794770914952e-01
1.355674730088286196e+03 2.591715701795316851e-01
1.355481996189867004e+03 2.629747019624438797e-01
1.355289628473648690e+03 2.620060830374996153e-01
1.355097016635963200e+03 2.598886443469427543e-01
1.354904526859011185e+03 2.633113536537675103e-01
1.354712159142792871e+03 2.539291331098550986e-01
1.354519791426574557e+03 2.571456334440345159e-01
1.354327667831823646e+03 2.517149060493172330e-01
1.354135422176339034e+03 2.611207872782154160e-01
1.353943176520854422e+03 2.526506293633803968e-01
1.353751052926103284e+03 2.592036706632611653e-01
1.353558929331352374e+03 2.615623149920607293e-01
1.353366927797334938e+03 2.570006358533798441e-01
1.353175170384784906e+03 2.567768556208461228e-01
1.352983290911501172e+03 2.612144623541404198e-01
1.352791411438217438e+03 2.559479893987212096e-01
1.352599654025667178e+03 2.626087986020324561e-01
1.352407896613117146e+03 2.617149305612494481e-01
1.352216261261300815e+03 2.552420399428138031e-01
1.352024747970217959e+03 2.617193424257426848e-01
1.351833234679135103e+03 2.688924020117776648e-01
1.351641721388052247e+03 2.621571242856201023e-01
1.351450208096969618e+03 2.509885180543607319e-01
1.351258816866620236e+03 2.619860718143581790e-01
1.351067425636271082e+03 2.651046595707085007e-01
1.350876400588123033e+03 2.645115840310127697e-01
1.350685131418507353e+03 2.566968131261909147e-01
1.350493984309625603e+03 2.589552591997410502e-01
1.350302959261477326e+03 2.537132593412581016e-01
1.350111934213329050e+03 2.478247757648931182e-01
1.349920909165180774e+03 2.596276026273721671e-01
1.349730128238499901e+03 2.515002522356278303e-01
1.349539225251085099e+03 2.658890722776554028e-01
1.349348444324404227e+03 2.394785107370996369e-01
1.349157663397723354e+03 2.611935987782199597e-01
1.348967004531775956e+03 2.569301514005723486e-01
1.348776345665828558e+03 2.615539925901633200e-01
1.348585808860614861e+03 2.449581561146338682e-01
1.348395394116134867e+03 2.585676015349954171e-01
1.348204857310921170e+03 2.545053447963376847e-01
1.348014442566441176e+03 2.557715906120667237e-01
1.347824149882694883e+03 2.522725563805259252e-01
1.347633857198948363e+03 2.544031321811944801e-01
1.347443686575935544e+03 2.531735336919301305e-01
1.347253393892189251e+03 2.497492918742483525e-01
1.347063345329910135e+03 2.505674844292191672e-01
1.346873296767631018e+03 2.586163460859068897e-01
1.346683248205351902e+03 2.535571619012305655e-01
1.346493321703806487e+03 2.669088154655704925e-01
1.346303517262994546e+03 2.417824920418952805e-01
1.346113712822182833e+03 2.628521839057785803e-01
1.345923908381370893e+03 2.629594703338726247e-01
1.345734226001292654e+03 2.593947704741893512e-01
1.345544543621214416e+03 2.506230124521900415e-01
1.345354861241136405e+03 2.625227798771495591e-01
1.345165422982525342e+03 2.556927689613213706e-01
1.344975862663180806e+03 2.572088743502757846e-01
1.344786424404569971e+03 2.605811721439427187e-01
1.344597108206692610e+03 2.589608431450023396e-01
1.344407669948081775e+03 2.491186621417998959e-01
1.344218475810938116e+03 2.570650142990168474e-01
1.344029159613060983e+03 2.485349449720662407e-01
1.343840209597384501e+03 2.602436519526653558e-01
1.343651015460240842e+03 2.589722145113553253e-01
1.343461943383830885e+03 2.487416940690195533e-01
1.343272993368154630e+03 2.527127325813031122e-01
1.343084043352478147e+03 2.559750223967214300e-01
1.342895215397535594e+03 2.606259670761629788e-01
1.342706387442592813e+03 2.569326002844030676e-01
1.342517681548383734e+03 2.565085924717867560e-01
1.342328853593440954e+03 2.634807643103097008e-01
1.342140269759965577e+03 2.541695807678354679e-01
1.341951685926490200e+03 2.551407394147436336e-01
1.341763102093014822e+03 2.618199867547695292e-01
1.341574640320272920e+03 2.688444011774099307e-01
1.341386300608264719e+03 2.587582190202367127e-01
1.341197960896256745e+03 2.673112036800935343e-01
1.341009621184248545e+03 2.554394071469506255e-01
1.340821281472240344e+03 2.575477563836624517e-01
1.340633063820965845e+03 2.564514240735627504e-01
1.340444968230425047e+03 2.518300468948817539e-01
1.340256872639884250e+03 2.487513796742481242e-01
1.340068899110076927e+03 2.538881066733295055e-01
1.339880925580269832e+03 2.639510675013458374e-01
1.339692952050462509e+03 2.572671377234795886e-01
1.339505100581388888e+03 2.618118568813759262e-01
1.339317249112315267e+03 2.631619805004632995e-01
1.339129397643241873e+03 2.629625829467086562e-01
1.338941790295635428e+03 2.584786274413288232e-01
1.338754182948029211e+03 2.517648644948688452e-01
1.338566453539689292e+03 2.492625017588407099e-01
1.338378968252816549e+03 2.502059491860021967e-01
1.338191482965944033e+03 2.479228300652696892e-01
1.322273054448879975e+03 2.565588263416433423e-01
1.322090329530619329e+03 2.579877618502114944e-01
1.321907604612358682e+03 2.573818420785892180e-01
1.321724879694097808e+03 2.639561918099697646e-01
1.321542398897304565e+03 2.659562451965834518e-01
1.304791272055341324e+03 2.641085493574802379e-01
1.304613551627159950e+03 2.778938674543213194e-01
1.304435953259712051e+03 2.693247626989326848e-01
1.304258354892264379e+03 2.712683543548893850e-01
1.304080756524816707e+03 2.658704259586732177e-01
1.286926829261837838e+03 2.647772126469221665e-01
1.286754357445203141e+03 2.719211153903824396e-01
1.286581763567834514e+03 2.676553194419288295e-01
1.286409291751199817e+03 2.605925438093901758e-01
1.286236819934565119e+03 2.679144879578470584e-01
1.286064470178663896e+03 2.667242968018356253e-01
1.285892120422762673e+03 2.632861555551347377e-01
1.285719770666861450e+03 2.606114131512486387e-01
1.285547542971693929e+03 2.646038166299626293e-01
1.285375315276526408e+03 2.580262237252714530e-01
1.285203331702826290e+03 2.634217613213449827e-01
1.285031226068392243e+03 2.660313910631929568e-01
1.284859120433958424e+03 2.638417981551763325e-01
1.284687136860258306e+03 2.575057234308872900e-01
1.284515153286557961e+03 2.689454734233448496e-01
1.284343291773591318e+03 2.658605896759692055e-01
1.284171430260624675e+03 2.657332299968768186e-01
1.283999568747658259e+03 2.732567635230711001e-01
1.283827829295425317e+03 2.750731284665188237e-01
1.283656089843192149e+03 2.596176334738115044e-01
1.283484472451692909e+03 2.676107115284888094e-01
1.283312855060193669e+03 2.742830525335615000e-01
1.283141237668694203e+03 2.706188353974736116e-01
1.282969742337928665e+03 2.701778504477557186e-01
1.282798247007162900e+03 2.760973096307420827e-01
1.282626995797864538e+03 2.769670242245622638e-01
1.282455622527832475e+03 2.794212135157295718e-01
1.282284249257800411e+03 2.818135656277068746e-01
1.282112998048502050e+03 2.749980803627196102e-01
1.281941868899937390e+03 2.650002666745585600e-01
1.281770617690639028e+03 2.712098744166672737e-01
1.281599488542074141e+03 2.557948786663407637e-01
1.281428359393509481e+03 2.669506647334883298e-01
1.281257352305678296e+03 2.688900146808344549e-01
1.281086345217847111e+03 2.756220870101546705e-01
1.280915338130016153e+03 2.663521717795714894e-01
1.280744575163652371e+03 2.667536082378488271e-01
1.280573690136554887e+03 2.699603521330353750e-01
1.280402805109457404e+03 2.659762229757312024e-01
1.280232164203827097e+03 2.649919817303573732e-01
1.280061401237463315e+03 2.676826438057561819e-01
1.279890882392566709e+03 2.635041292237286226e-01
1.279720241486936629e+03 2.688427758002942536e-01
1.279549722642040024e+03 2.606252480699715046e-01
1.279379203797143418e+03 2.736926246171151322e-01
1.279208807012980515e+03 2.731028330203864041e-01
1.279038288168083909e+03 2.682604427609355802e-01
1.278868013444654707e+03 2.608984547068364246e-01
1.278697616660491803e+03 2.621477710394969907e-01
1.278527463997796303e+03 2.605092465613897401e-01
1.278357189274366874e+03 2.637242793803435403e-01
1.278187036611671374e+03 2.768006062438792547e-01
1.278016883948975646e+03 2.658690114404682614e-01
1.277846853347013621e+03 2.670748787262642310e-01
1.277676822745051822e+03 2.599073459688349685e-01
1.277506792143089797e+03 2.747355386747306061e-01
1.277336883601861473e+03 2.648288959177884649e-01
1.277166975060633149e+03 2.618603112816191292e-01
1.276997310640872001e+03 2.630328930732219184e-01
1.276827524160377379e+03 2.614017298034378989e-01
1.276657737679882530e+03 2.648971392215921927e-01
1.276488073260121610e+03 2.648628913586451583e-01
1.276318530901094164e+03 2.697115277622537666e-01
1.276148866481333016e+03 2.750447883020629147e-01
1.275979324122305570e+03 2.670228214667285105e-01
1.275809781763278124e+03 2.625703494381298464e-01
1.275640361464984380e+03 2.674876939743446314e-01
1.275470941166690636e+03 2.697173156584574683e-01
1.275301520868396892e+03 2.544019766484422740e-01
1.275132344691570324e+03 2.719733238312543322e-01
1.274962924393276580e+03 2.620341339324844254e-01
1.274793748216450012e+03 2.683998342284590888e-01
1.274624572039623672e+03 2.616941294420275788e-01
1.274455517923530806e+03 2.656707582486368957e-01
1.274286341746704238e+03 2.636264586700531876e-01
1.274117409691345074e+03 2.675896321872072159e-01
1.273948477635985910e+03 2.703933754891551522e-01
1.273779545580626518e+03 2.683662473083168742e-01
1.273610735586001056e+03 2.583048710470731701e-01
1.273441925591375366e+03 2.688016011140179073e-01
1.273273237657483605e+03 2.590260824753608526e-01
1.273273115596749903e+03 2.667356166490501002e-01
1.273104427662857915e+03 2.652811757281405836e-01
1.273104305602124214e+03 2.673833786871526175e-01
1.272935861789699629e+03 2.750424777323994818e-01
1.272935739728965927e+03 2.722397958383246386e-01
1.272767173855807641e+03 2.763401256017675167e-01
1.272767051795074167e+03 2.721375315596522571e-01
1.272598485921915881e+03 2.636714966345804489e-01
1.272598363861182179e+03 2.594698006816292257e-01
1.272429797988023893e+03 2.734513881549393566e-01
1.272261354175599081e+03 2.644191568090060174e-01
1.272092910363174497e+03 2.700698587602915479e-01
1.271924466550749912e+03 2.756266989740542295e-01
1.271756144799058802e+03 2.719257226331960875e-01
1.271587823047367920e+03 2.703892868795113591e-01
1.271419501295676810e+03 2.591222011518209412e-01
1.271251301604719401e+03 2.668842449259472560e-01
1.271083101913762221e+03 2.663220561391096419e-01
1.270915024283538287e+03 2.650115916312429931e-01
1.270746946653314581e+03 2.636337526723304125e-01
1.270578869023090874e+03 2.686256524598402695e-01
1.270411035514334571e+03 2.716905865684517973e-01
1.270243079944844339e+03 2.672079216410652158e-01
1.270075124375354335e+03 2.648151377410692953e-01
1.269907290866597805e+03 2.607893903893528376e-01
1.269739579418574976e+03 2.759066367707723177e-01
1.269571745909818674e+03 2.736630918592571349e-01
1.269404034461795845e+03 2.728580076222270057e-01
1.269236445074506719e+03 2.730612029961542730e-01
1.269068855687217592e+03 2.831283336205241974e-01
1.268901266299928238e+03 2.825055978189846551e-01
1.268733676912639112e+03 2.864531824640477731e-01
1.268566331646817389e+03 2.887674106432803200e-01
1.268398864320261737e+03 2.735653594019066270e-01
1.268231396993706312e+03 2.766686253613439561e-01
1.268064173788618064e+03 2.676578141901502228e-01
1.267896828522796113e+03 2.643196724906494710e-01
1.267729605317707865e+03 2.717778657477753490e-01
1.267562382112619616e+03 2.757826660339214309e-01
1.267395403028998771e+03 2.684704263986868455e-01
1.267228179823910523e+03 2.703196704630562164e-01
1.267061078679555749e+03 2.661539502598844753e-01
1.266894099595934904e+03 2.711783447678260406e-01
1.266727120512313832e+03 2.685146262556311614e-01
1.266560263489426688e+03 2.715514097991203468e-01
1.266393528527273020e+03 2.784221122856846420e-01
1.266226671504385649e+03 2.760329799885787305e-01
1.266059936542231981e+03 2.732448556212580537e-01
1.265893201580078312e+03 2.624992800951551075e-01
1.265726466617924643e+03 2.650996904742070615e-01
1.265559853716504449e+03 2.738563759510542761e-01
1.265393240815084482e+03 2.693642901333418438e-01
1.265226872035131692e+03 2.690967485358123912e-01
1.265060259133711725e+03 2.644825069198620260e-01
1.264893768293025232e+03 2.637165451603591393e-01
1.264727399513072669e+03 2.758149497043589915e-01
1.264561030733119878e+03 2.704403257128952798e-01
1.264394784013900789e+03 2.752405835196439221e-01
1.264228537294681701e+03 2.796552943535863256e-01
1.264062290575462384e+03 2.691605444026028415e-01
1.263896165916976997e+03 2.753396457816003617e-01
1.263730041258491610e+03 2.748076121557596618e-01
1.263563916600005996e+03 2.713292933876019219e-01
1.263397914002254311e+03 2.752015853166944193e-01
1.263231911404502398e+03 2.662543600964024093e-01
1.263066030867484187e+03 2.686257393033527618e-01
1.262900028269732502e+03 2.630224055116179849e-01
1.262734269793447766e+03 2.624724626016158302e-01
1.262568389256429555e+03 2.727492210417807872e-01
1.262402630780145046e+03 2.768017653795573074e-01
1.262236994364594239e+03 2.707163737453749386e-01
1.262071357949043204e+03 2.661693405491601938e-01
1.261905721533492397e+03 2.784423649379969556e-01
1.261740085117941589e+03 2.660863352214646871e-01
1.261574692823857959e+03 2.719450801905368698e-01
1.261409300529774328e+03 2.723021127930417284e-01
1.261243786174956995e+03 2.737796873087054439e-01
1.261078393880873364e+03 2.661332209920036496e-01
1.260913123647523435e+03 2.744412714922376817e-01
1.260747853414173278e+03 2.568562783346581280e-01
1.260582583180823349e+03 2.745508942018348719e-01
1.260417312947473420e+03 2.726639509703462361e-01
1.260252164774856965e+03 2.669119813268995833e-01
1.260087138662974439e+03 2.650002379756609128e-01
1.259921990490357985e+03 2.750219707936875091e-01
1.259757086439208933e+03 2.839155195561686718e-01
1.259592060327326180e+03 2.664417719939904394e-01
1.259427156276177129e+03 2.636503007746237581e-01
