# Wavelength, Reflectance
1.644498584380112334e+03 3.538273194727706294e-01
1.643632495512924834e+03 3.763264127182471830e-01
1.642767261137924834e+03 4.024585057668593757e-01
1.641903003325424834e+03 3.669855952070631422e-01
1.641039600005112334e+03 3.960821225773929477e-01
1.640177295317612334e+03 4.026928825581939653e-01
1.639315845122299834e+03 3.882495178098124833e-01
1.638455371489487334e+03 3.869225710677461350e-01
1.637595752348862334e+03 3.900919776484164103e-01
1.636737231841049834e+03 3.939903220740992307e-01
1.635879565825424834e+03 3.900233635922681907e-01
1.635022876372299834e+03 3.862275410534920517e-01
1.634167163481674834e+03 3.926612916700660261e-01
1.633312305083237334e+03 3.838901471805201693e-01
1.632458423247299834e+03 4.118194084994943327e-01
1.631605395903549834e+03 3.727703886935508915e-01
1.630753345122299834e+03 3.838423566421864108e-01
1.629902270903549834e+03 3.709581091893198179e-01
1.629052051176987334e+03 3.822769485022467495e-01
1.628202808012924834e+03 3.608642766688117121e-01
1.627354419341049834e+03 3.723150502910277937e-01
1.626507007231674834e+03 3.681981076616687720e-01
1.625660571684799834e+03 3.884579771142360749e-01
1.624815112700424834e+03 3.771377479591306314e-01
1.623970386137924834e+03 3.960288479467453104e-01
1.623126758208237334e+03 3.785285121241920847e-01
1.622283862700424834e+03 3.865989613584735474e-01
1.621442065825424834e+03 3.875604887650018759e-01
1.620601001372299834e+03 3.965032604136261019e-01
1.619761035551987334e+03 3.699798997931273425e-01
1.618921802153549834e+03 3.814193676991328719e-01
1.618083545317612334e+03 3.918047166343203713e-01
1.617246142973862334e+03 3.761040261986428046e-01
1.616409717192612334e+03 3.714522026590040271e-01
1.615574145903549834e+03 3.681742653394244336e-01
1.614739551176987334e+03 3.834865052262558804e-01
1.613905933012924834e+03 3.701725984547032944e-01
1.613073047270737334e+03 3.726413313450066545e-01
1.612241138091049834e+03 3.707548384938637032e-01
1.611410083403549834e+03 3.728568767081213431e-01
1.610580005278549834e+03 3.740082015646557512e-01
1.609750781645737334e+03 3.730274784316829906e-01
1.608922412505112334e+03 3.750982446032635198e-01
1.608095019926987334e+03 3.555735923499438456e-01
1.607268359770737334e+03 3.715936010020213232e-01
1.606442676176987334e+03 3.844294551826893391e-01
1.605617969145737334e+03 3.975754793695837064e-01
1.604794116606674834e+03 3.808011759163860699e-01
1.603970996489487334e+03 3.556267227345489279e-01
1.603148852934799834e+03 3.877647075618430028e-01
1.602327685942612334e+03 3.664460671780581102e-01
1.601507251372299834e+03 3.694614009591542514e-01
1.600687793364487334e+03 3.620668643663971231e-01
1.599869189848862334e+03 3.732016448754834625e-01
1.599051440825424834e+03 3.686929037360629491e-01
1.598234546294174834e+03 3.653144254881695030e-01
1.597418384184799834e+03 3.680360961803116338e-01
1.596603564848862334e+03 3.579279752358686673e-01
1.595789233794174834e+03 3.697894285628870459e-01
1.594975757231674834e+03 3.718839634688198004e-01
1.594163379301987334e+03 3.727049191564723030e-01
1.593351611723862334e+03 3.903694991075232212e-01
1.592540820708237334e+03 3.691602264165920189e-01
1.591731006255112334e+03 3.585844552310192834e-01
1.590921924223862334e+03 3.614443917476865553e-01
1.590113818755112334e+03 3.600994215268586429e-01
1.589306323637924834e+03 3.774819045344260937e-01
1.588499683012924834e+03 3.673217374342978014e-01
1.587694263091049834e+03 3.632304351226904315e-01
1.586889453520737334e+03 3.717332752711958732e-01
1.586085498442612334e+03 3.688452583205824031e-01
1.585282519926987334e+03 3.832972405173187269e-01
1.584480273833237334e+03 3.773782412290542787e-01
1.583678882231674834e+03 3.701968372704858568e-01
1.582878467192612334e+03 3.798096513268608976e-01
1.582078784575424834e+03 3.678569036411080684e-01
1.581280078520737334e+03 3.723805970474737825e-01
1.580481982817612334e+03 3.684144194086190760e-01
1.579684741606674834e+03 3.703320683020799309e-01
1.578888599028549834e+03 3.749883117187680637e-01
1.578093066801987334e+03 3.841024681249076700e-01
1.577298511137924834e+03 3.684381423326080762e-01
1.576504809966049834e+03 3.672397738912768217e-01
1.575711841216049834e+03 3.617795995304548540e-01
1.574919604887924834e+03 3.677225575996038165e-01
1.574128345122299834e+03 3.777927113461790332e-01
1.573337939848862334e+03 3.624427476801753700e-01
1.572548389067612334e+03 3.700364318084838899e-01
1.571759570708237334e+03 3.611729122788635005e-01
1.570971484770737334e+03 3.667772303364359443e-01
1.570184497466049834e+03 3.701373725838252859e-01
1.569398120512924834e+03 3.673351637877907971e-01
1.568612842192612334e+03 3.524090978432314336e-01
1.567828052153549834e+03 3.655527795710386552e-01
1.567044238676987334e+03 3.705436021203046826e-01
1.566261279692612334e+03 3.721528921936325673e-01
1.565479053130112334e+03 3.707123287397361411e-01
1.564697681059799834e+03 3.719329653290981419e-01
1.563917163481674834e+03 3.709689433038643736e-01
1.563137500395737334e+03 3.643175257038070991e-01
1.562358447661362334e+03 3.653577756978796387e-01
1.561580371489487334e+03 3.777064959066781524e-01
1.560803149809799834e+03 3.717614629159213813e-01
1.560026660551987334e+03 3.690547433192442051e-01
1.559250903716049834e+03 3.762688575882305320e-01
1.558476001372299834e+03 3.740938010277281567e-01
1.557702075591049834e+03 3.724685942222299984e-01
1.556928760161362334e+03 3.718520875449566887e-01
1.556156299223862334e+03 3.702371871979009410e-01
1.555384570708237334e+03 3.702739038436925756e-01
1.554613818755112334e+03 3.795975833729404170e-01
1.553843677153549834e+03 3.730587493039505542e-01
1.553074512114487334e+03 3.522763551278407235e-01
1.553074390044174834e+03 3.669653942073623498e-01
1.552818286528549834e+03 3.457816347899764220e-01
1.552562060942612334e+03 3.510321838300283770e-01
1.552306079497299834e+03 3.516381789072885455e-01
1.552305957426987334e+03 3.709218719186909707e-01
1.552050098051987334e+03 3.519423868408775302e-01
1.551538379301987334e+03 3.592169878880600575e-01
1.550771533598862334e+03 3.625208584082382224e-01
1.550005420317612334e+03 3.721932637578145298e-01
1.549240161528549834e+03 3.715363145102607567e-01
1.548475757231674834e+03 3.699491257055966265e-01
1.547711963286362334e+03 3.706089515763419939e-01
1.546949023833237334e+03 3.740586203271992760e-01
1.546186938872299834e+03 3.715716118724998740e-01
1.545425708403549834e+03 3.686911541310138873e-01
1.544665088286362334e+03 3.660580326263882522e-01
1.543905200591049834e+03 3.665331361694805778e-01
1.543146289458237334e+03 3.559623813012795512e-01
1.542388232817612334e+03 3.721548023618287959e-01
1.541630786528549834e+03 3.678803730728040233e-01
1.540874072661362334e+03 3.721676765570717249e-01
1.540118213286362334e+03 3.784589761689229337e-01
1.539363086333237334e+03 3.640365637533127252e-01
1.538608935942612334e+03 3.631568632469453495e-01
1.537855395903549834e+03 3.703548343027815437e-01
1.537102588286362334e+03 3.664104692535450902e-01
1.536350635161362334e+03 3.594157111368189161e-01
1.535599170317612334e+03 3.619002365889059658e-01
1.534849048247299834e+03 3.643529630554559473e-01
1.534099170317612334e+03 3.727243846853131592e-01
1.533350391020737334e+03 3.711272993491029348e-01
1.532602222075424834e+03 3.758945296984554929e-01
1.531854785551987334e+03 3.660178177750036954e-01
1.531108325591049834e+03 3.651023022156012487e-01
1.530362475981674834e+03 3.633624890687198739e-01
1.529617358794174834e+03 3.588773260364599982e-01
1.528872974028549834e+03 3.733782986637596557e-01
1.528129443755112334e+03 3.597446939718147441e-01
1.527386401762924834e+03 3.568705356198354495e-01
1.526644580473862334e+03 3.712178814798939852e-01
1.525903125395737334e+03 3.654610598234832031e-01
1.525162768950424834e+03 3.664827621519741729e-01
1.524422900786362334e+03 3.678456339283391885e-01
1.523683887114487334e+03 3.590786572820766076e-01
1.522945605864487334e+03 3.627152770945258897e-01
1.522208179106674834e+03 3.693761369063574551e-01
1.521471362700424834e+03 3.632622241021801757e-01
1.520735278716049834e+03 3.625412836280529350e-01
1.519999927153549834e+03 3.681056844739249989e-01
1.519265430083237334e+03 3.666854511348663914e-01
1.518531543364487334e+03 3.721349440055031765e-01
1.517798389067612334e+03 3.778120799668358010e-01
1.517066333403549834e+03 3.695044142496505812e-01
1.516334766020737334e+03 3.604257202669903792e-01
1.515603808989487334e+03 3.677397455419720851e-01
1.515360522856674834e+03 3.457283727146752139e-01
1.515117236723862334e+03 3.397464538061967243e-01
1.514873828520737334e+03 3.438071496939210658e-01
1.514873706450424834e+03 3.743811171254972092e-01
1.514630664458237334e+03 3.360474678826793071e-01
1.514387622466049834e+03 3.436207292107391620e-01
1.514144336333237334e+03 3.641247597130587432e-01
1.513415698637924834e+03 3.617320870752766537e-01
1.512687793364487334e+03 3.729257592484502282e-01
1.511960620512924834e+03 3.718173759121465305e-01
1.511234302153549834e+03 3.617766365512219418e-01
1.510508594145737334e+03 3.604997143765347190e-01
1.509783618559799834e+03 3.607881744145480241e-01
1.509059375395737334e+03 3.666145310247295175e-01
1.508335864653549834e+03 3.756639583121051951e-01
1.507613086333237334e+03 3.646352089514585115e-01
1.506891040434799834e+03 3.713877459033427253e-01
1.506169726958237334e+03 3.684171486132246653e-01
1.505449145903549834e+03 3.661976489981546568e-01
1.504729419341049834e+03 3.689777560682108715e-01
1.504010181059799834e+03 3.684406893509813985e-01
1.503291797270737334e+03 3.678195445254188733e-01
1.502573006114180316e+03 3.705205878101811567e-01
1.501854932479119725e+03 3.683230430441049585e-01
1.501137714566811383e+03 3.670900999944074483e-01
1.500421107885039874e+03 3.582080792990511298e-01
1.499705234679913247e+03 3.637162566262795438e-01
1.498990094951431047e+03 3.666873379988078718e-01
1.498275566453485908e+03 3.680746026912646851e-01
1.497561893678293018e+03 3.574634510278656974e-01
1.496848832133637188e+03 3.664520370433924645e-01
1.496136626311733380e+03 3.689372246932089983e-01
1.495425031720366860e+03 3.602969139774500063e-01
1.494714170605644767e+03 3.565135877059403269e-01
1.494003920721459963e+03 3.671503488107331625e-01
1.493294526560026952e+03 3.675328285420053631e-01
1.492585743629131457e+03 3.675545507709051529e-01
1.491877694174880389e+03 3.729979403186004516e-01
1.491170378197273749e+03 3.645200194492088652e-01
1.490463673450204624e+03 3.623792383046637311e-01
1.489757702179779926e+03 3.653843320932127492e-01
1.489052464385999656e+03 3.649934810086660764e-01
1.488347960068864268e+03 3.653243562897404151e-01
1.487644066982265940e+03 3.628600036692331554e-01
1.486940907372312040e+03 3.658546141279037101e-01
1.486238358992895428e+03 3.722563368487553648e-01
1.485536666336230837e+03 3.570213202748288572e-01
1.484835584910103535e+03 3.583637283761358372e-01
1.484135236960620659e+03 3.603089297283256220e-01
1.483435500241675072e+03 3.634110457111150994e-01
1.482736619245481506e+03 3.683345383475301049e-01
1.482038227233717635e+03 3.636572791943019078e-01
1.481340690944705784e+03 3.632604901274053000e-01
1.480643765886230995e+03 3.539129733570140490e-01
1.479947452058293493e+03 3.633520987853945949e-01
1.479251993953108013e+03 3.636933104771012393e-01
1.478557024832352454e+03 3.626870768551102575e-01
1.477862911434348689e+03 3.584778893625773510e-01
1.477169409266881985e+03 3.562473513506942968e-01
1.476476640576060163e+03 3.700980999443276853e-01
1.475784483115775402e+03 3.647047279624371918e-01
1.475093059132135068e+03 3.548600551789932167e-01
1.474402246379032022e+03 3.613197831483179745e-01
1.473712167102573630e+03 3.640614122559708288e-01
1.473022699056652300e+03 3.543738443217528400e-01
1.472333964487375624e+03 3.600092914783792342e-01
1.471645963394743603e+03 3.622729277575864604e-01
1.470958573532648643e+03 3.539735589171535413e-01
1.470271917147198337e+03 3.602204653721202132e-01
1.469585871992285092e+03 3.613682896182703885e-01
1.468900438067909135e+03 3.596704017626061178e-01
1.468215737620177833e+03 3.573550279512944239e-01
1.467531770649090959e+03 3.577709639213669246e-01
1.466848414908541372e+03 3.565882682756058020e-01
1.466165670398528846e+03 3.548486844532945939e-01
1.465483659365160975e+03 3.503943230608721482e-01
1.464802259562330391e+03 3.491601438049977135e-01
1.464121593236144236e+03 3.602059359528009819e-01
1.463441538140495368e+03 3.667355194610412705e-01
1.462762216521490927e+03 3.598667751950788141e-01
1.462083506133023775e+03 3.550340187969115435e-01
1.461405406975093683e+03 3.559822271276028016e-01
1.460727919047700880e+03 3.576156891577976782e-01
1.460051286843060097e+03 3.455130147899441728e-01
1.459375143622849009e+03 3.546558123380333938e-01
1.458699733879282348e+03 3.553261225045921123e-01
1.458024935366253203e+03 3.592539739249367980e-01
1.457350870329868485e+03 3.583938727877789554e-01
1.456677416524020828e+03 3.479332772478578306e-01
1.456004573948710458e+03 3.501391529515905376e-01
1.455332464850044516e+03 3.593158509466147232e-01
1.454660966981915863e+03 3.531388868138893855e-01
1.453990080344324497e+03 3.468471213450882717e-01
1.453319804937270192e+03 3.518961419649891398e-01
1.452650385252967908e+03 3.543486305154169291e-01
1.451981454553095318e+03 3.500044093076133400e-01
1.451313135083759789e+03 3.536692271143607180e-01
1.450645549091069142e+03 3.577287551358004358e-01
1.449978574328915556e+03 3.461703585304465314e-01
1.449312210797299031e+03 3.633291709168772199e-01
1.448646580742327160e+03 3.449414397761335072e-01
1.447981561917892350e+03 3.540482213683637247e-01
1.447317032077887461e+03 3.613083062384184752e-01
1.446653357960634594e+03 3.676310817570520584e-01
1.445990172827811193e+03 3.576851101660990517e-01
1.445327843417740041e+03 3.447047024981908514e-01
1.444665880745991217e+03 3.530119326533179280e-01
1.444004651550887047e+03 3.590360134600289466e-01
1.443344155832427305e+03 3.574463975226867540e-01
1.442684149098397256e+03 3.551901889911768251e-01
1.442024875841011863e+03 3.513913522839439696e-01
1.441366213814163757e+03 3.422080730172889496e-01
1.440708163017852712e+03 3.485351889519318624e-01
1.440050601205971361e+03 3.442748068108990589e-01
1.439394017362949626e+03 3.519102602693954807e-01
1.439393895116842032e+03 3.478635687437965918e-01
1.439175196830644836e+03 3.519757494687302812e-01
1.438956376298340047e+03 3.424258123110039409e-01
1.438737800258249990e+03 3.400072196266131774e-01
1.438737678012142624e+03 3.505166235268628028e-01
1.438519101972052567e+03 3.486180311888119610e-01
1.438300648178070105e+03 3.493568170929333139e-01
1.438082316630195010e+03 3.407674723384814253e-01
1.438082194384087643e+03 3.454861666323230107e-01
1.437863862836212547e+03 3.370305415143552974e-01
1.437645653534445046e+03 3.456567952354920314e-01
1.437427444232677317e+03 3.389770255704880886e-01
1.437427321986569950e+03 3.444291164090554913e-01
1.437208990438694855e+03 3.440640022787816443e-01
1.436991025629142086e+03 3.453144686895237570e-01
1.436773183065696685e+03 3.399826820630328927e-01
1.436773060819589318e+03 3.392013802771832176e-01
1.436555096010036550e+03 3.424771541625602489e-01
1.436337131200483782e+03 3.399677173982056377e-01
1.436119410883145747e+03 3.514891781390310777e-01
1.435901690565807939e+03 3.428079726890171930e-01
1.435683970248469905e+03 3.421746272946821765e-01
1.435466372177239464e+03 3.454218283968310543e-01
1.435248896352116390e+03 3.427670275565937730e-01
1.435031420526993543e+03 3.411210318127693153e-01
1.434813944701870469e+03 3.421895817357947234e-01
1.434596713368962128e+03 3.424643273777603358e-01
1.434379359789946648e+03 3.449018679111506280e-01
1.434162128457038534e+03 3.630188565222181030e-01
1.433945019370237787e+03 3.480649176843738091e-01
1.433728032529544407e+03 3.497872370406276410e-01
1.433511045688851027e+03 3.420701413245569311e-01
1.433294058848157874e+03 3.433989839113258391e-01
1.433077316499679227e+03 3.384420853288713227e-01
1.432860451905093441e+03 3.376240744590959797e-01
1.432643709556615022e+03 3.382700173184872705e-01
1.432427089454243969e+03 3.364687894504446719e-01
1.432210591597980510e+03 3.297909578073460191e-01
1.431994093741716824e+03 3.271309282320409850e-01
1.431777595885453366e+03 3.301770388311778270e-01
1.431561220275297046e+03 3.250324487144053420e-01
1.431344966911248321e+03 3.282483166425066434e-01
1.431128713547199595e+03 3.243242705051787578e-01
1.430912582429258464e+03 3.297382538598985779e-01
1.430696573557424472e+03 3.259391038805559693e-01
1.430480442439483340e+03 3.384311724166713664e-01
1.430264433567649348e+03 3.414718668526880441e-01
1.430048424695815584e+03 3.526057524021637413e-01
1.429832782562304146e+03 3.514479697904672739e-01
1.429617018182685115e+03 3.403239161316338190e-01
1.429401376049173450e+03 3.425973151873384359e-01
1.429185856161769379e+03 3.462986564815515034e-01
1.428970214028257942e+03 3.385937845925972023e-01
1.428754694140853644e+03 3.454732294851022845e-01
1.428539296499556940e+03 3.548726981396204128e-01
1.428324021104367830e+03 3.402418315135473659e-01
1.428108745709178493e+03 3.449760763273552744e-01
1.427893470313989383e+03 3.561137434361405507e-01
1.427678317164907412e+03 3.584773087829498106e-01
1.427463408508040629e+03 3.508382380246379273e-01
1.427248255358958659e+03 3.538586361956708726e-01
1.427033346702091876e+03 3.438599537348667190e-01
1.426818560291332233e+03 3.507827267616488442e-01
1.426603773880572817e+03 3.554306610814467748e-01
1.426388987469813173e+03 3.565297452687151702e-01
1.426174323305161124e+03 3.518701144743289766e-01
1.425959781386616442e+03 3.481686116834043498e-01
1.425745239468071759e+03 3.511987328377017548e-01
1.425530819795634670e+03 3.530700126623119717e-01
1.425316400123197354e+03 3.432648776020086334e-01
1.425102102696867632e+03 3.427813571375567525e-01
1.424887805270537910e+03 3.490570963816119754e-01
1.424673630090315555e+03 3.410708982378731768e-01
1.424459332663985606e+03 3.507340230830106598e-01
1.424245524222085578e+03 3.508710848885168154e-01
1.424031471287970589e+03 3.472494183220378727e-01
1.423817540599963195e+03 3.459406213326157165e-01
1.423603732158063167e+03 3.446961109591737960e-01
1.423389923716163139e+03 3.381538689339707582e-01
1.423176237520370478e+03 3.461198112929372295e-01
1.422962429078470450e+03 3.398713869622859152e-01
1.422749109621000116e+03 3.405158318630193692e-01
1.422535545671314821e+03 3.401209190328335907e-01
1.422322103967737121e+03 3.377924354671852369e-01
1.422108662264159420e+03 3.491235725244489774e-01
1.421895465052796453e+03 3.516168031313559594e-01
1.421682145595326119e+03 3.502770477180082165e-01
1.421468948383963379e+03 3.393166275184235081e-01
1.421255751172600412e+03 3.452507508997035846e-01
1.421042798453452406e+03 3.407424172570259202e-01
1.420829845734304399e+03 3.363569047796285960e-01
1.420616893015156393e+03 3.418531624016917236e-01
1.420404184788223120e+03 3.456403607375735931e-01
1.420191232069075113e+03 3.466635588966312520e-01
1.419978646088249434e+03 3.429716530290972676e-01
1.419765937861316161e+03 3.486054917678961251e-01
1.419553474126597848e+03 3.441509878095775909e-01
1.419340888145772169e+03 3.442613688292777696e-01
1.419128424411053857e+03 3.452326017699471339e-01
1.418916082922443138e+03 3.453671441260172115e-01
1.418703863679939559e+03 3.405659781945646891e-01
1.418491644437436207e+03 3.373125701979078350e-01
1.418279425194932855e+03 3.482965273563820574e-01
1.418067205952429276e+03 3.445496716109582858e-01
1.417855353448248252e+03 3.438357237198245708e-01
1.417643256451852267e+03 3.521552237448828393e-01
1.417431281701563648e+03 3.412424855959396153e-01
1.417219551443489991e+03 3.325987258985785844e-01
1.417007821185416333e+03 3.434040817514879551e-01
1.416796090927342675e+03 3.430077218885774215e-01
1.416584360669268790e+03 3.557426322443909550e-01
1.416372874903410093e+03 3.566840230381611576e-01
1.416161389137551168e+03 3.506765807555283221e-01
1.415949903371692471e+03 3.428969549889102075e-01
1.415738539851940914e+03 3.427932414440126307e-01
1.415527176332189583e+03 3.472120361484615225e-01
1.415316057304652986e+03 3.444530941891903453e-01
1.415104816031009022e+03 3.437268290898079504e-01
1.414893697003472653e+03 3.366400962603399161e-01
1.414682577975936056e+03 3.363768076491124859e-01
1.414471703440614419e+03 3.420819244769260359e-01
1.414260828905292783e+03 3.389281036412418735e-01
1.414049954369970919e+03 3.471017431907043593e-01
1.413839202080756877e+03 3.481007774405122102e-01
1.413628572037649974e+03 3.454180166457245238e-01
1.413417819748435704e+03 3.421105679044635917e-01
1.413207067459221435e+03 3.386948589731791359e-01
1.412996804154437086e+03 3.416907302850590300e-01
1.412786296357437550e+03 3.441130331719335356e-01
1.412575910806545835e+03 3.470193866085651835e-01
1.412365525255653893e+03 3.436829118184355214e-01
1.412155384196976684e+03 3.443826305528994158e-01
1.411945243138299702e+03 3.470635555107639547e-01
1.411735102079622493e+03 3.436669259802844212e-01
1.411524961020945511e+03 3.463602961620270149e-01
1.411315064454483263e+03 3.425610123014141695e-01
1.411105167888021015e+03 3.389956152575046011e-01
1.410895271321558994e+03 3.429806920280161764e-01
1.410685374755096746e+03 3.419298226813120012e-01
1.410475722680849458e+03 3.472545287574973494e-01
1.410266070606601943e+03 3.432278317872775042e-01
1.410056540778462022e+03 3.388919804978929862e-01
1.409846888704214734e+03 3.426799856367286901e-01
1.409637603368289774e+03 3.440913299160202610e-01
1.409428073540149853e+03 3.409088011649205607e-01
1.409218788204224893e+03 3.343618513688719207e-01
1.409009502868299705e+03 3.359380069368721466e-01
1.408800339778482112e+03 3.355588403559942590e-01
1.408591176688664518e+03 3.414481740389662123e-01
1.408382135844954291e+03 3.378835665356680340e-01
1.408173095001244292e+03 3.392308924264994530e-01
1.407964176403641432e+03 3.344237835442709361e-01
1.407755257806038799e+03 3.505363573560046908e-01
1.407546461454543305e+03 3.446721799449265489e-01
1.407337665103048039e+03 3.376689721251696641e-01
1.407128990997660139e+03 3.432832063958368707e-01
1.406920439138379834e+03 3.399309365492541590e-01
1.406711887279099301e+03 3.448657500272878096e-01
1.406503335419818995e+03 3.420574820566880114e-01
1.406294905806645829e+03 3.391416703367195473e-01
1.406086720685687624e+03 3.449797758152827742e-01
1.405878291072514685e+03 3.476398986073331865e-01
1.405670105951556479e+03 3.419392673232592439e-01
1.405461920830598501e+03 3.380652791591898243e-01
1.405253857955747662e+03 3.390217412836132871e-01
1.405045795080897051e+03 3.467524496495878461e-01
1.404837854452153806e+03 3.389613109734004315e-01
1.404629913823410561e+03 3.432286931995535140e-01
1.404422217686882050e+03 3.432947570340399435e-01
1.404214399304246172e+03 3.357137470139388569e-01
1.404006580921610293e+03 3.465988493852533714e-01
1.403799007031189376e+03 3.404925355249239782e-01
1.403591433140768459e+03 3.364675994753488775e-01
1.403383981496454908e+03 3.431270610501637730e-01
1.403176407606033763e+03 3.407999765464667097e-01
1.402969078207827806e+03 3.551668323877476552e-01
1.402761871055728989e+03 3.445919291297863674e-01
1.402554541657523032e+03 3.414831938560380364e-01
1.402347334505424215e+03 3.415423390434198514e-01
1.402140127353325624e+03 3.471112990298496626e-01
1.401933164693441768e+03 3.404976372150251840e-01
1.401726202033557911e+03 3.359617796480592333e-01
1.401519239373674054e+03 3.393777557676578849e-01
1.401312276713790425e+03 3.352957473341870442e-01
1.401105436300013935e+03 3.385798431797403252e-01
1.400898718132345039e+03 3.388402005029430009e-01
1.400692122210783509e+03 3.336725407884871264e-01
1.400485526289221980e+03 3.380278730561593337e-01
1.400278930367660450e+03 3.433653408484551028e-01
1.400072456692206288e+03 3.329486359190679812e-01
1.399866105262859719e+03 3.397688948770652417e-01
1.399659631587405556e+03 3.329880371636283476e-01
1.399453402404166354e+03 3.400675037539078738e-01
1.399247173220927152e+03 3.418640727043208427e-01
1.399041066283795317e+03 3.363888798754033904e-01
1.398834837100556115e+03 3.387772574774975953e-01
1.398628852409531873e+03 3.334689497078691667e-01
1.398422989964614999e+03 3.412142317516489998e-01
1.398216883027483163e+03 3.371759892927620461e-01
1.398011142828673655e+03 3.412024221602508733e-01
1.397805280383756781e+03 3.340189138751045173e-01
1.397599540184947273e+03 3.425969381383390799e-01
1.397394044478352498e+03 3.388977033744511314e-01
1.397188426525650584e+03 3.341390025065995584e-01
1.396982808572948443e+03 3.312720723383030252e-01
1.396777190620246529e+03 3.315256077661450362e-01
1.396572061651974082e+03 3.356440280644192864e-01
1.396366688191486901e+03 3.345796449120472249e-01
1.396161314730999720e+03 3.365590376884307622e-01
1.395956185762727500e+03 3.331896859336606065e-01
1.395751056794455053e+03 3.382544230474273661e-01
1.395545927826182833e+03 3.315190322789213218e-01
1.395340921104017980e+03 3.413484279758522977e-01
1.395135914381852899e+03 3.368098085207810732e-01
1.394931029905795640e+03 3.402674884263226507e-01
1.394726267675845520e+03 3.349133766110786725e-01
1.394521505445895400e+03 3.223587159727714369e-01
1.394316743215945507e+03 3.326130539653477380e-01
1.394111980985995388e+03 3.353408654540409040e-01
1.393907585494367822e+03 3.387780866156929194e-01
1.393703067756632663e+03 3.282486307143174242e-01
1.393498550018897504e+03 3.295022715159195981e-01
1.393294154527269711e+03 3.424130757581670403e-01
1.393089881281749285e+03 3.369837880781425543e-01
1.392885608036229087e+03 3.380443974163339083e-01
1.392681457036816255e+03 3.303249933321935616e-01
1.392477306037403423e+03 3.312581767803473576e-01
1.392273155037990591e+03 3.296079691783769250e-01
1.392069248530792493e+03 3.371043820766934651e-01
1.391865219777487027e+03 3.277557895270454824e-01
1.391661313270289156e+03 3.341438485594425134e-01
1.391457406763091058e+03 3.363284712251142783e-01
1.391253866994215514e+03 3.251420193480576426e-01
1.391050082733124782e+03 3.236802406422965572e-01
1.390846420718141644e+03 3.271821637215466261e-01
1.390642880949266100e+03 3.245679520502515736e-01
1.390439341180390329e+03 3.315326415966260987e-01
1.390235923657622152e+03 3.304112839424561687e-01
1.390032506134853747e+03 3.299744364920685347e-01
1.389829210858192937e+03 3.365670403514938180e-01
1.389625915581532126e+03 3.287225189233817235e-01
1.389422864797086277e+03 3.320250975473302280e-01
1.389219691766532833e+03 3.370257654785066004e-01
1.389016518735979389e+03 3.304630578250763451e-01
1.388813467951533312e+03 3.351721646562935142e-01
1.388610539413194829e+03 3.310083368068273968e-01
1.388407733120963712e+03 3.325967231703866323e-01
1.388204926828732596e+03 3.350115799332996636e-01
1.388002120536501479e+03 3.266912140599937397e-01
1.387799436490377957e+03 3.252303084341561790e-01
1.387596874690361801e+03 3.293424434002181211e-01
1.387394190644238051e+03 3.268758687096436910e-01
1.387191751090329262e+03 3.166803601285031466e-01
1.386989311536420473e+03 3.268672247955770604e-01
1.386786871982511684e+03 3.324047680586115772e-01
1.386584554674710262e+03 3.296497188378659793e-01
1.386382359613016433e+03 3.328308363128851810e-01
1.386180042305215011e+03 3.406925739948603038e-01
1.385977969489628549e+03 3.322538373542230916e-01
1.385775896674041860e+03 3.276194561601369348e-01
1.385573946104562992e+03 3.356880688882390440e-01
1.385371995535083897e+03 3.272364899928845716e-01
1.385170044965604802e+03 3.272395619063830918e-01
1.384968216642233074e+03 3.301202227852321758e-01
1.384766388318861573e+03 3.250050338890161927e-01
1.384564804487704805e+03 3.308480407267435086e-01
1.384363098410440443e+03 3.286356716638689779e-01
1.384161514579283676e+03 3.235721463256422958e-01
1.383959930748126908e+03 3.265827316881360076e-01
1.383758591409185101e+03 3.272939985891878956e-01
1.383557129824135700e+03 3.270261563325456144e-01
1.383355790485193893e+03 3.317763985592483422e-01
1.383154451146251859e+03 3.300275296298619265e-01
1.382953356299524785e+03 3.221799654044529837e-01
1.382752261452797939e+03 3.246906646363660887e-01
1.382551044359963271e+03 3.214341007345629664e-01
1.382350071759343791e+03 3.174917400856699934e-01
1.382149099158724084e+03 3.240394691318116971e-01
1.381948248804211971e+03 3.223805070135841166e-01
1.381747398449699858e+03 3.232518666140438701e-01
1.381546548095187518e+03 3.304283301222540881e-01
1.381345819986782999e+03 3.311598955260767196e-01
1.381145091878378253e+03 3.335090582143159788e-01
1.380944608262188240e+03 3.272682948798741887e-01
1.380744124645998454e+03 3.276980289386027256e-01
1.380543641029808441e+03 3.194699717325927835e-01
1.380343157413618655e+03 3.196870322464909764e-01
1.380142796043536237e+03 3.257118542003283879e-01
1.379942556919561184e+03 3.253641576249660661e-01
1.379742317795586132e+03 3.337519318175895533e-01
1.379542078671611080e+03 3.292905207998083617e-01
1.379341961793743621e+03 3.250526706666564403e-01
1.379142089408090897e+03 3.379852887304183873e-01
1.378942094776330805e+03 3.259604549010714503e-01
1.378742100144570713e+03 3.205611938358666757e-01
1.378542227758917988e+03 3.259978401415632998e-01
1.378342355373265264e+03 3.266706853862797466e-01
1.378142605233719905e+03 3.283712600108355528e-01
1.377942977340282141e+03 3.313996307009812181e-01
1.377743349446844149e+03 3.233081632082791534e-01
1.377543843799513752e+03 3.193403518550436138e-01
1.377344338152183354e+03 3.212111621296266928e-01
1.377144954750960324e+03 3.222328874189954728e-01
1.376945571349737520e+03 3.348133826604254293e-01
1.376746187948514489e+03 3.204605300459715256e-01
1.376546926793398825e+03 3.312792374256585126e-01
1.376347665638283388e+03 3.217388757148585410e-01
1.376148648975382685e+03 3.231529599454662227e-01
1.375949510066374614e+03 3.251463641221603029e-01
1.375750493403473911e+03 3.166815210075928366e-01
1.375551476740573207e+03 3.254239393226181498e-01
1.375352582323779870e+03 3.179423816458813445e-01
1.375153932399201494e+03 3.258895293136387372e-01
1.374955160228515751e+03 3.274458630267239601e-01
1.374756388057830009e+03 3.218469786818676237e-01
1.374557738133251632e+03 3.199643136269668675e-01
1.374359088208673256e+03 3.176360809250599604e-01
1.374160682776309613e+03 3.267865597064771310e-01
1.373962155097838831e+03 3.253946721633017014e-01
1.373763749665475189e+03 3.249477328978069846e-01
1.373565344233111773e+03 3.216234073527063919e-01
1.373367061046855724e+03 3.170652482206642309e-01
1.373168900106707042e+03 3.175755405174012225e-01
1.372970616920450993e+03 3.245167518054661859e-01
1.372772578226409678e+03 3.177123017833537455e-01
1.372574539532368362e+03 3.207147867496547011e-01
1.372376500838327274e+03 3.214573991636191508e-01
1.372178706636500920e+03 3.117770010406142878e-01
1.371980790188567198e+03 3.194340982623213310e-01
1.371782995986740843e+03 3.128712750917123087e-01
1.371585079538806895e+03 3.168276301051787258e-01
1.371387529829195500e+03 3.216558148126695271e-01
1.371189980119583879e+03 3.143759334191656429e-01
1.370992430409972485e+03 3.206097848714798415e-01
1.370794880700361091e+03 3.237647879108085935e-01
1.370597330990749469e+03 3.213750516344797137e-01
1.370399903527245442e+03 3.222406220362354912e-01
1.370202720555956375e+03 3.297311400042656770e-01
1.370005415338559715e+03 3.089110902296314243e-01
1.369808232367270421e+03 3.155492380979157407e-01
1.369611049395981354e+03 3.265914167826051706e-01
1.369413988670799426e+03 3.079004856851312866e-01
1.369217050191725320e+03 3.152812669218736930e-01
1.369019867220436026e+03 3.275211355846901484e-01
1.368823050987469060e+03 3.211576699504791743e-01
1.368626234754502320e+03 3.104996406417350752e-01
1.368429418521535354e+03 3.206776013774055301e-01
1.368232724534675981e+03 3.202021417357139854e-01
1.368036030547816381e+03 3.236607808376066875e-01
1.367839336560957008e+03 3.276329303302742413e-01
1.367642887066312369e+03 3.085548006714732838e-01
1.367446315325560363e+03 3.075695777449707902e-01
1.367249865830915724e+03 3.159229954424942477e-01
1.367053660828486045e+03 3.031155383620253163e-01
1.366857211333841406e+03 3.199120089834252001e-01
1.366661006331411727e+03 3.161758291647587815e-01
1.366464679082874682e+03 3.252070326089290808e-01
1.366268596326552370e+03 3.154190400087453217e-01
1.366072635816337424e+03 3.171706541395840628e-01
1.365876553060015112e+03 3.183559492036845406e-01
1.365680592549800394e+03 3.206378698623451595e-01
1.365484632039585449e+03 3.183494807145910710e-01
1.365288793775478098e+03 3.149511058681995768e-01
1.365093200003585480e+03 3.155615985790803379e-01
1.364897361739477901e+03 3.186354663532186549e-01
1.364701767967585511e+03 3.147604994256009703e-01
1.364506051949585526e+03 3.142365760587138013e-01
1.364310580423800275e+03 3.141547694495825382e-01
1.364115108898015251e+03 3.187853252813784843e-01
1.363919637372230000e+03 3.222388524697485379e-01
1.363724288092552342e+03 3.138143121118378565e-01
1.363528938812874685e+03 3.154261232741065180e-01
1.363333711779304394e+03 3.157277746484923320e-01
1.363138484745734104e+03 3.064469750723123331e-01
1.362943379958271407e+03 3.137038097921568958e-01
1.362748397416915850e+03 3.172196185672741531e-01
1.362553170383345787e+03 3.141913542623180899e-01
1.362358310088097824e+03 3.165845068414896435e-01
1.362163449792849860e+03 3.146865844536520518e-01
1.361968711743709264e+03 3.176093999615349772e-01
1.361773851448461301e+03 3.103324567664996203e-01
1.361579113399320704e+03 3.174843916731474036e-01
1.361384375350180107e+03 3.181152200421992760e-01
1.361189759547147105e+03 3.091748364006685068e-01
1.360995265990221469e+03 3.177068660106756592e-01
1.360800894679403200e+03 3.195370271345537305e-01
1.360606401122477564e+03 3.182444000412167351e-01
1.360412029811659295e+03 3.142067823098492196e-01
1.360217658500841026e+03 3.067650640850902999e-01
1.360023287190022756e+03 3.180266764330881846e-01
1.359829282617526815e+03 3.110564449252960495e-01
1.359635155798923506e+03 3.288840760903451454e-01
1.359441028980320198e+03 3.154939170120301672e-01
1.359247024407824256e+03 3.153380696473432887e-01
1.359053019835328314e+03 3.222385945885083425e-01
1.358859137508939739e+03 3.137863240254049613e-01
1.358665377428658758e+03 3.222754282052389674e-01
1.358471495102270183e+03 3.106974078985125232e-01
1.358277735021989201e+03 3.227531071759825454e-01
1.358084097187815587e+03 3.117502486090906744e-01
1.357890459353641972e+03 3.259873257938238345e-01
1.357696943765575725e+03 3.154181974605609340e-01
1.357503428177509477e+03 3.135435532090346533e-01
1.357310034835550823e+03 3.268566758698325803e-01
1.357116641493591942e+03 3.159682419994723768e-01
1.356923248151633288e+03 3.213792157948787143e-01
1.356729977055781774e+03 3.196629262656769943e-01
1.356536828206037853e+03 3.156747319736775137e-01
1.356343679356293933e+03 3.190189865632802046e-01
1.356150652752657606e+03 3.113769512658045024e-01
1.355957503902913686e+03 3.205074448171245649e-01
1.355764599545384726e+03 3.164604632622411429e-01
1.355571572941748173e+03 3.224150749971130270e-01
1.355378913076433946e+03 3.197780619097195243e-01
1.355186008718904986e+03 3.175940235262976752e-01
1.354993226607483393e+03 3.152628445638710475e-01
1.354800566742169167e+03 3.193756439604060748e-01
1.354607906876854940e+03 3.153441567650280275e-01
1.354415491503755675e+03 3.159668376902486919e-01
1.354222953884549042e+03 3.187893374895936494e-01
1.354030416265342183e+03 3.205511573304594131e-01
1.353838000892242917e+03 3.155394228020147462e-01
1.353645585519143651e+03 3.136017187709926324e-01
1.353453292392151752e+03 3.148206184098648053e-01
1.353261243757374814e+03 3.185374166117233563e-01
1.353069072876490281e+03 3.131515159608104226e-01
1.352876901995605749e+03 3.132549741451796654e-01
1.352684853360828811e+03 3.138600740930674871e-01
1.352492804726051872e+03 3.176905899146473811e-01
1.352300878337382301e+03 3.210286814633889763e-01
1.352109074194820096e+03 3.286423072098815235e-01
1.351917270052257891e+03 3.205203249621116357e-01
1.351725465909695913e+03 3.247806124315790188e-01
1.351533661767133708e+03 3.254949272897713075e-01
1.351341979870678870e+03 3.110577841842283586e-01
1.351150297974224259e+03 3.191742087558982477e-01
1.350958982816091748e+03 3.142812964122997932e-01
1.350767423165744503e+03 3.172041300525134111e-01
1.350575985761504626e+03 3.086957372326731841e-01
1.350384670603372342e+03 3.208593856688410906e-01
1.350193355445239831e+03 3.219796614391424727e-01
1.350002040287107548e+03 3.192046866514617887e-01
1.349810969621189997e+03 3.183188127831710346e-01
1.349619776709165080e+03 3.202161020258534330e-01
1.349428706043247530e+03 3.185044563486034153e-01
1.349237635377329980e+03 3.225740914997404785e-01
1.349046686957519796e+03 3.274520915719918990e-01
1.348855738537709613e+03 3.129524837495062384e-01
1.348664912364007023e+03 3.226270627282868397e-01
1.348474208436411800e+03 3.201754041912766025e-01
1.348283382262708983e+03 3.173777860359214831e-01
1.348092678335113760e+03 3.193536315859912822e-01
1.347902096653625904e+03 3.202612013326626705e-01
1.347711514972138275e+03 3.179694481085135194e-01
1.347521055536757785e+03 3.185154125463043329e-01
1.347330473855269929e+03 3.197833352846286004e-01
1.347140136665997034e+03 3.230932944929919559e-01
1.346949799476724138e+03 3.198296367898221249e-01
1.346759462287451242e+03 3.202218367389861320e-01
1.346569247344285714e+03 3.215948672225551475e-01
1.346379154647227551e+03 3.271951452707045904e-01
1.346189061950169389e+03 3.259005221908545247e-01
1.345998969253111454e+03 3.212714522251066684e-01
1.345808998802160659e+03 3.253837716233716204e-01
1.345619028351210090e+03 3.182021717729218713e-01
1.345429057900259522e+03 3.239887985357292610e-01
1.345239331941523687e+03 3.151004496243496877e-01
1.345049483736680486e+03 3.283066010312739036e-01
1.344859757777944651e+03 3.193883175553804965e-01
1.344670154065316410e+03 3.273383078912494026e-01
1.344480428106580575e+03 3.219953626058323914e-01
1.344290946640059701e+03 3.277676482235430955e-01
1.344101342927431233e+03 3.188871992570420644e-01
1.343912105953125092e+03 3.286873938222969471e-01
1.343722624486604218e+03 3.154996194602547321e-01
1.343533265266190710e+03 3.250511881398888692e-01
1.343344028291884797e+03 3.191906349099258855e-01
1.343154791317578656e+03 3.227090646932647688e-01
1.342965676589380109e+03 3.180866015992920293e-01
1.342776561861181563e+03 3.306650331478034888e-01
1.342587569379090155e+03 3.282599067931998849e-01
1.342398454650891608e+03 3.306716833139582423e-01
1.342209584414907795e+03 3.314140839847641851e-01
1.342020714178924209e+03 3.231300938687418078e-01
1.341831843942940395e+03 3.264838918424741721e-01
1.341643095953063948e+03 3.246156695383723978e-01
1.341454470209295096e+03 3.315379377225786128e-01
1.341265844465526243e+03 3.274375376275533989e-01
1.341077218721757390e+03 3.292218870337800252e-01
1.340888592977988537e+03 3.195991803188143465e-01
1.340700089480327051e+03 3.232989160827622888e-01
1.340511708228772932e+03 3.272578259628062258e-01
1.340323326977219040e+03 3.285984365954615072e-01
1.340135067971772514e+03 3.301843434220838036e-01
1.339946808966325762e+03 3.183497075294296486e-01
1.339758549960879236e+03 3.239164571196436193e-01
1.339570413201540077e+03 3.194432221465280941e-01
1.339382276442200919e+03 3.217769873317426477e-01
1.339194139682861760e+03 3.217928960672814531e-01
1.339006247415737562e+03 3.309226580071540358e-01
1.338818355148613136e+03 3.255052698012649293e-01
1.338630340635381572e+03 3.280144823432271650e-01
1.338442570614364513e+03 3.240090220065305893e-01
1.338254800593347682e+03 3.264930729739755622e-01
1.322312196738600051e+03 3.550055254400175664e-01
1.322129194315773020e+03 3.544001734961825800e-01
1.321946191892945990e+03 3.586740943909177970e-01
1.321763189470119187e+03 3.520303178651853493e-01
1.321580431539506890e+03 3.538128087881977635e-01
1.304803864739852315e+03 3.513497878504350247e-01
1.304625874407430047e+03 3.568403257621308167e-01
1.304448006321115372e+03 3.638658396935477990e-01
1.304270138234800470e+03 3.586039433284937683e-01
1.304092270148485795e+03 3.565418242802370075e-01
1.286912291194302725e+03 3.386960486794805547e-01
1.286739557444499951e+03 3.331055045459077046e-01
1.286566701448590038e+03 3.394257690776392722e-01
1.286393967698787264e+03 3.388502169417557108e-01
1.286221233948984718e+03 3.315758015205640397e-01
1.286048622445289539e+03 3.382096823928466556e-01
1.285876010941594359e+03 3.377425581744628591e-01
1.285703399437899179e+03 3.367144600221801953e-01
1.285530910180311366e+03 3.385578979020610890e-01
1.285358420922723781e+03 3.392998165546540768e-01
1.285186176157350701e+03 3.340929005162124876e-01
1.285013809145870482e+03 3.346939149625530185e-01
1.284841442134390263e+03 3.470937290330357583e-01
1.284669197369017184e+03 3.404808394694682216e-01
1.284496952603644331e+03 3.380087967482363065e-01
1.284324830084378846e+03 3.470061989643649647e-01
1.284152707565113587e+03 3.399845098284934863e-01
1.283980585045848102e+03 3.405363163300949569e-01
1.283808584772689983e+03 3.457419014050326922e-01
1.283636584499532091e+03 3.409363549483353517e-01
1.283464706472481339e+03 3.429551223505182822e-01
1.283292828445430814e+03 3.380182115214307448e-01
1.283120950418380289e+03 3.539387421788523502e-01
1.282949194637437131e+03 3.480914298540371266e-01
1.282777438856493973e+03 3.560463560409417583e-01
1.282605927567765548e+03 3.593582205204223778e-01
1.282434294032929984e+03 3.575669669194769251e-01
1.282262660498094192e+03 3.572601783954936217e-01
1.282091149209365994e+03 3.623835263556476893e-01
1.281919760166744936e+03 3.477822016343707356e-01
1.281748248878016739e+03 3.410691825379084663e-01
1.281576859835395908e+03 3.405856097374680980e-01
1.281405470792775077e+03 3.508144490540836546e-01
1.281234203996261613e+03 3.474824988648951285e-01
1.281062937199748148e+03 3.470567876219804448e-01
1.280891670403234684e+03 3.450337992503518247e-01
1.280720648098936181e+03 3.427437255087087964e-01
1.280549503548530311e+03 3.438680978048822556e-01
1.280378358998124213e+03 3.444271921810924120e-01
1.280207458939933076e+03 3.386738751274245285e-01
1.280036436635634573e+03 3.471358591807892635e-01
1.279865658823550802e+03 3.444655742827630873e-01
1.279694758765359666e+03 3.401463036342739499e-01
1.279523980953276123e+03 3.460864209747681053e-01
1.279353203141192353e+03 3.479879848702100986e-01
1.279182547575216176e+03 3.409071401083613728e-01
1.279011769763132406e+03 3.395681300287274329e-01
1.278841236443263597e+03 3.462160565411567248e-01
1.278670580877287421e+03 3.453736060310086953e-01
1.278500169803525978e+03 3.450942812085762146e-01
1.278329636483657168e+03 3.421450585226968322e-01
1.278159225409895726e+03 3.334804636122424282e-01
1.277988814336134283e+03 3.482045186459071240e-01
1.277818525508480434e+03 3.441680773537045823e-01
1.277648236680826358e+03 3.503311794733051654e-01
1.277477947853172509e+03 3.453061394521681482e-01
1.277307781271625799e+03 3.446612414972058391e-01
1.277137614690079317e+03 3.469971639925003570e-01
1.276967692600747796e+03 3.485765473268778170e-01
1.276797648265308680e+03 3.482929107657975476e-01
1.276627603929869565e+03 3.413604345237900572e-01
1.276457681840537816e+03 3.494818909826493125e-01
1.276287881997313661e+03 3.525162304420642045e-01
1.276117959907981913e+03 3.521342690119526053e-01
1.275948160064757758e+03 3.580327132792824329e-01
1.275778360221533603e+03 3.464575984991754565e-01
1.275608682624416815e+03 3.533466151133194399e-01
1.275439005027300027e+03 3.535126012581142896e-01
1.275269327430183012e+03 3.449538802812627258e-01
1.275099894325281184e+03 3.599803593856680251e-01
1.274930216728164396e+03 3.473341037933830866e-01
1.274760783623262569e+03 3.442574479651057673e-01
1.274591350518360514e+03 3.553549484852855933e-01
1.274422039659566053e+03 3.522006510361277432e-01
1.274252606554663998e+03 3.479014347213599812e-01
1.274083417941977132e+03 3.550885814794332851e-01
1.273914229329290038e+03 3.516439334503225767e-01
1.273745040716602944e+03 3.527101919260885454e-01
1.273575974350023216e+03 3.530089983604420834e-01
1.273406907983443716e+03 3.598594461454672211e-01
1.273237963862971355e+03 3.542939977357956183e-01
1.273237841616863989e+03 3.499238839168951065e-01
1.273068897496391855e+03 3.579727276845178219e-01
1.273068775250284489e+03 3.504823820195306916e-01
1.272900075622027089e+03 3.522954542275559264e-01
1.272899953375919722e+03 3.448062019105568310e-01
1.272731131501554955e+03 3.615249849061963894e-01
1.272731009255447361e+03 3.490472766236374924e-01
1.272562187381082595e+03 3.583263480044677207e-01
1.272562065134975228e+03 3.427325095942304056e-01
1.272393243260610461e+03 3.451998950140627298e-01
1.272224543632353061e+03 3.509093496820346880e-01
1.272055844004095889e+03 3.540919584509578666e-01
1.271887144375838488e+03 3.521620619557948584e-01
1.271718566993688455e+03 3.512838925631315834e-01
1.271549989611538649e+03 3.492397400009623620e-01
1.271381412229388843e+03 3.460286406372104495e-01
1.271212957093346176e+03 3.592056485706883739e-01
1.271044501957303737e+03 3.506640669220583706e-01
1.270876169067368664e+03 3.445471931083384787e-01
1.270707836177433819e+03 3.551842100341741082e-01
1.270539503287498746e+03 3.540576942069683097e-01
1.270371414889778634e+03 3.525114276773035904e-01
1.270203204245950928e+03 3.580805868065535247e-01
1.270034993602123222e+03 3.479947725795479174e-01
1.269866905204403110e+03 3.539006106057909773e-01
1.269698939052790365e+03 3.618613394510635239e-01
1.269530850655070253e+03 3.531866932440864693e-01
1.269362884503457508e+03 3.546066640437308681e-01
1.269195040597952129e+03 3.618133546609814677e-01
1.269027196692446978e+03 3.582134099718616294e-01
1.268859352786941599e+03 3.642891356677634973e-01
1.268691508881436221e+03 3.691602724194976703e-01
1.268523909468145803e+03 3.590384512071334022e-01
1.268356187808748018e+03 3.621147902740110558e-01
1.268188466149350234e+03 3.554285563688042160e-01
1.268020988982167182e+03 3.567890444422986418e-01
1.267853389568876764e+03 3.545397836995788921e-01
1.267685912401693713e+03 3.585126835063479067e-01
1.267518435234510662e+03 3.607113759424551147e-01
1.267351202559542571e+03 3.528324254837391094e-01
1.267183725392359520e+03 3.625253091529769822e-01
1.267016370471284063e+03 3.607138543689925037e-01
1.266849137796315745e+03 3.538908340020505139e-01
1.266681905121347654e+03 3.584766804395838058e-01
1.266514794692486930e+03 3.543359687100223754e-01
1.266347806509733800e+03 3.555729929272401502e-01
1.266180696080873076e+03 3.617299451763324458e-01
1.266013707898119719e+03 3.679896925749795433e-01
1.265846719715366362e+03 3.640078215677820528e-01
1.265679731532613232e+03 3.564851928967913697e-01
1.265512865595967241e+03 3.578102713003710744e-01
1.265345999659321478e+03 3.566457724470272206e-01
1.265179378214890448e+03 3.544043316988779169e-01
1.265012512278244685e+03 3.529909461692336548e-01
1.264845768587706289e+03 3.607804355730917512e-01
1.264679147143275259e+03 3.541928537840174362e-01
1.264512525698844229e+03 3.621880649983801326e-01
1.264346026500520793e+03 3.599575765136120986e-01
1.264179527302197130e+03 3.562456914083184101e-01
1.264013028103873694e+03 3.553569104304583615e-01
1.263846651151657625e+03 3.585497132283294031e-01
1.263680274199441556e+03 3.600652081378920566e-01
1.263513897247225259e+03 3.624216228749545521e-01
1.263347642541116784e+03 3.615614606297831712e-01
1.263181387835008081e+03 3.572942003587397108e-01
1.263015255375006745e+03 3.573161124107616660e-01
1.262849000668898043e+03 3.584336593929927095e-01
1.262682990455004301e+03 3.577137742112391217e-01
1.262516857995002965e+03 3.616476958844951350e-01
1.262350847781109223e+03 3.521751130651310513e-01
1.262184959813322848e+03 3.627158440716364840e-01
1.262019071845536473e+03 3.723542785491870122e-01
1.261853183877750098e+03 3.636791378963262211e-01
1.261687295909963723e+03 3.568087127255991087e-01
1.261521652434392308e+03 3.604686062211710507e-01
1.261356008958820667e+03 3.473587532074696171e-01
1.261190243237141658e+03 3.610351156747003132e-01
1.261024599761570244e+03 3.612361566919704559e-01
1.260859078532106196e+03 3.549522767733420681e-01
1.260693557302642148e+03 3.552005034613562318e-01
1.260528036073178100e+03 3.608029380780823914e-01
1.260362514843713825e+03 3.538840285683288456e-01
1.260197115860357371e+03 3.616739870100576515e-01
1.260031839123108057e+03 3.522119107630637957e-01
1.259866440139751376e+03 3.586927367464021743e-01
1.259701285648609655e+03 3.611260748683574051e-01
1.259536008911360341e+03 3.620609980181165310e-01
1.259370854420218620e+03 3.539368123615492800e-01
