# Wavelength, Reflectance
1.644630699282638943e+03 3.685768594035932488e-01
1.643764610415451443e+03 3.841728887670800563e-01
1.642899376040451443e+03 3.762855515338501267e-01
1.642035118227951443e+03 3.700530403193627582e-01
1.641171714907638943e+03 3.932226133815117652e-01
1.640309410220138943e+03 3.639059075063783011e-01
1.639447960024826443e+03 3.619498973883303883e-01
1.638587486392013943e+03 4.039780794937724018e-01
1.637727867251388943e+03 3.570522401429069292e-01
1.636869346743576443e+03 3.877183337512668526e-01
1.636011680727951443e+03 3.937581824701077982e-01
1.635154991274826443e+03 3.884125198022970182e-01
1.634299278384201443e+03 3.749647067180860716e-01
1.633444419985763943e+03 3.800094390051708126e-01
1.632590538149826443e+03 3.796080005272370328e-01
1.631737510806076443e+03 3.678296291926989592e-01
1.630885460024826443e+03 3.709231402894505591e-01
1.630034385806076443e+03 3.419838999212280739e-01
1.629184166079513943e+03 3.764192883273995149e-01
1.628334922915451443e+03 3.631336209968308304e-01
1.627486534243576443e+03 3.652399073546475083e-01
1.626639122134201443e+03 3.719598839300751747e-01
1.625792686587326443e+03 3.750764026748837909e-01
1.624947227602951443e+03 3.713934317757010550e-01
1.624102501040451443e+03 3.710908677739294115e-01
1.623258873110763943e+03 3.786973111385054658e-01
1.622415977602951443e+03 3.751557438154478619e-01
1.621574180727951443e+03 3.618779181280331603e-01
1.620733116274826443e+03 3.633234246905695519e-01
1.619893150454513943e+03 3.846098309907255985e-01
1.619053917056076443e+03 3.619586769218443023e-01
1.618215660220138943e+03 3.555242839089555185e-01
1.617378257876388943e+03 3.635948865442222289e-01
1.616541832095138943e+03 3.645029776758996198e-01
1.615706260806076443e+03 3.593257332067945065e-01
1.614871666079513943e+03 3.527963669148440062e-01
1.614038047915451443e+03 3.527904645477623613e-01
1.613205162173263943e+03 3.692647887851610022e-01
1.612373252993576443e+03 3.670426279281466808e-01
1.611542198306076443e+03 3.663170150173560846e-01
1.610712120181076443e+03 3.744436563805255136e-01
1.609882896548263943e+03 3.626252088195828782e-01
1.609054527407638943e+03 3.598740966795849761e-01
1.608227134829513943e+03 3.582837819201403207e-01
1.607400474673263943e+03 3.531033580998129695e-01
1.606574791079513943e+03 3.609555372310112586e-01
1.605750084048263943e+03 3.558502607388808747e-01
1.604926231509201443e+03 3.539290155049247821e-01
1.604103111392013943e+03 3.440359772170963892e-01
1.603280967837326443e+03 3.508188033951607498e-01
1.602459800845138943e+03 3.581146570639429094e-01
1.601639366274826443e+03 3.465171405653709735e-01
1.600819908267013943e+03 3.515595507549395538e-01
1.600001304751388943e+03 3.591036651805666891e-01
1.599183555727951443e+03 3.528824162104477469e-01
1.598366661196701443e+03 3.508797033651048780e-01
1.597550499087326443e+03 3.619261844182042887e-01
1.596735679751388943e+03 3.618763711411470685e-01
1.595921348696701443e+03 3.464361488838137992e-01
1.595107872134201443e+03 3.540958585195166375e-01
1.594295494204513943e+03 3.641186595531132886e-01
1.593483726626388943e+03 3.505782628583692939e-01
1.592672935610763943e+03 3.650377862409904250e-01
1.591863121157638943e+03 3.498792136289801680e-01
1.591054039126388943e+03 3.605981858700769704e-01
1.590245933657638943e+03 3.672135002270225379e-01
1.589438438540451443e+03 3.457563898378976930e-01
1.588631797915451443e+03 3.559062654668027625e-01
1.587826377993576443e+03 3.590997328058603277e-01
1.587021568423263943e+03 3.585220523860499497e-01
1.586217613345138943e+03 3.608543440342755759e-01
1.585414634829513943e+03 3.627673954957910119e-01
1.584612388735763943e+03 3.570881726174062742e-01
1.583810997134201443e+03 3.637622425856925634e-01
1.583010582095138943e+03 3.640569025116113799e-01
1.582210899477951443e+03 3.685393898390593725e-01
1.581412193423263943e+03 3.665049918833692133e-01
1.580614097720138943e+03 3.470115514836449866e-01
1.579816856509201443e+03 3.548519469016969130e-01
1.579020713931076443e+03 3.562581151359613396e-01
1.578225181704513943e+03 3.473953294098275912e-01
1.577430626040451443e+03 3.618286226321779098e-01
1.576636924868576443e+03 3.450479138032921389e-01
1.575843956118576443e+03 3.480341289168663588e-01
1.575051719790451443e+03 3.415811104090816785e-01
1.574260460024826443e+03 3.511907332546196359e-01
1.573470054751388943e+03 3.486162114665823375e-01
1.572680503970138943e+03 3.445834754406597034e-01
1.571891685610763943e+03 3.390808448909239381e-01
1.571103599673263943e+03 3.561951310916640634e-01
1.570316612368576443e+03 3.436273712461578311e-01
1.569530235415451443e+03 3.511357933653003749e-01
1.568744957095138943e+03 3.657894578006417041e-01
1.567960167056076443e+03 3.571897820036405991e-01
1.567176353579513943e+03 3.550623778940081299e-01
1.566393394595138943e+03 3.580405900773447891e-01
1.565611168032638943e+03 3.634961863687015682e-01
1.564829795962326443e+03 3.530821744182039978e-01
1.564049278384201443e+03 3.584916300809871670e-01
1.563269615298263943e+03 3.543196130978489289e-01
1.562490562563888943e+03 3.664766361134131345e-01
1.561712486392013943e+03 3.524315404986436695e-01
1.560935264712326443e+03 3.497444265364367810e-01
1.560158775454513943e+03 3.518446671639733347e-01
1.559383018618576443e+03 3.620238936412519815e-01
1.558608116274826443e+03 3.520788407241186579e-01
1.557834190493576443e+03 3.610526523592750281e-01
1.557060875063888943e+03 3.553758628009334175e-01
1.556288414126388943e+03 3.516632973248286498e-01
1.555516685610763943e+03 3.522819114221006354e-01
1.554745933657638943e+03 3.489073928975944816e-01
1.553975792056076443e+03 3.471136017671533902e-01
1.553206627017013943e+03 3.526559981646082420e-01
1.553206504946701443e+03 3.534537797459617048e-01
1.552950401431076443e+03 3.499539102851183525e-01
1.552694175845138943e+03 3.442241094916663191e-01
1.552438194399826443e+03 3.599903590707372869e-01
1.552438072329513943e+03 3.568053492150631834e-01
1.552182212954513943e+03 3.515633115485459759e-01
1.551670494204513943e+03 3.543577120060150132e-01
1.550903648501388943e+03 3.544235019177221502e-01
1.550137535220138943e+03 3.574797496404601427e-01
1.549372276431076443e+03 3.562525206497790808e-01
1.548607872134201443e+03 3.592350777536887918e-01
1.547844078188888943e+03 3.545813852791164789e-01
1.547081138735763943e+03 3.465774425389777091e-01
1.546319053774826443e+03 3.558527650752302818e-01
1.545557823306076443e+03 3.538941828748102814e-01
1.544797203188888943e+03 3.584240739288743760e-01
1.544037315493576443e+03 3.474168951425210539e-01
1.543278404360763943e+03 3.498891756264466135e-01
1.542520347720138943e+03 3.543607593008543666e-01
1.541762901431076443e+03 3.597225669001010706e-01
1.541006187563888943e+03 3.570083017996853458e-01
1.540250328188888943e+03 3.520870093014323854e-01
1.539495201235763943e+03 3.551554200444512754e-01
1.538741050845138943e+03 3.697118923094956933e-01
1.537987510806076443e+03 3.581085887381719179e-01
1.537234703188888943e+03 3.515683743993899824e-01
1.536482750063888943e+03 3.557033484235957443e-01
1.535731285220138943e+03 3.537617911835475026e-01
1.534981163149826443e+03 3.514488877804390898e-01
1.534231285220138943e+03 3.533466233597692407e-01
1.533482505923263943e+03 3.494961509401013355e-01
1.532734336977951443e+03 3.534383104944013310e-01
1.531986900454513943e+03 3.525511790016536140e-01
1.531240440493576443e+03 3.577362683075802630e-01
1.530494590884201443e+03 3.499633435681607785e-01
1.529749473696701443e+03 3.566077388267737125e-01
1.529005088931076443e+03 3.471315511443045509e-01
1.528261558657638943e+03 3.552057488441763278e-01
1.527518516665451443e+03 3.582569086658706214e-01
1.526776695376388943e+03 3.547043393804344413e-01
1.526035240298263943e+03 3.579478747793897186e-01
1.525294883852951443e+03 3.518149195700384646e-01
1.524555015688888943e+03 3.533700559954714993e-01
1.523816002017013943e+03 3.620516574929485976e-01
1.523077720767013943e+03 3.500585180221088555e-01
1.522340294009201443e+03 3.561479454320086169e-01
1.521603477602951443e+03 3.595360160149579376e-01
1.520867393618576443e+03 3.552902617808610386e-01
1.520132042056076443e+03 3.517737515357782230e-01
1.519397544985763943e+03 3.612837312725936112e-01
1.518663658267013943e+03 3.515833613123842682e-01
1.517930503970138943e+03 3.517708752973597308e-01
1.517198448306076443e+03 3.502904744368476875e-01
1.516466880923263943e+03 3.583457650115752791e-01
1.515735923892013943e+03 3.603359738878236795e-01
1.515492637759201443e+03 3.397254780134022489e-01
1.515249351626388943e+03 3.514693165833394639e-01
1.515005943423263943e+03 3.470698156001416068e-01
1.515005821352951443e+03 3.506550164996794505e-01
1.514762779360763943e+03 3.483858424649639018e-01
1.514519737368576443e+03 3.461288539818508925e-01
1.514276451235763943e+03 3.456772795945286525e-01
1.513547813540451443e+03 3.655927580692485690e-01
1.512819908267013943e+03 3.526200510690459256e-01
1.512092735415451443e+03 3.574656682944057362e-01
1.511366417056076443e+03 3.521326755799192298e-01
1.510640709048263943e+03 3.592157441606519952e-01
1.509915733462326443e+03 3.551467137030597798e-01
1.509191490298263943e+03 3.662086672079717387e-01
1.508467979556076443e+03 3.577203495620755458e-01
1.507745201235763943e+03 3.657472509989241893e-01
1.507023155337326443e+03 3.640638321503163466e-01
1.506301841860763943e+03 3.518979197550191063e-01
1.505581260806076443e+03 3.602829997494070846e-01
1.504861534243576443e+03 3.612019800689351690e-01
1.504142295962326443e+03 3.609274338969105100e-01
1.503423863110839648e+03 3.640247388974892084e-01
1.502704414760108875e+03 3.472474651987121352e-01
1.501985700540348489e+03 3.565439190165530792e-01
1.501267842806719727e+03 3.585858239408418191e-01
1.500550596848899431e+03 3.481353460083828621e-01
1.499834085022049294e+03 3.589172421162608595e-01
1.499118307326169315e+03 3.497958722170521617e-01
1.498403141406097802e+03 3.535626022811486080e-01
1.497688831972158141e+03 3.575136965390666166e-01
1.496975134314026718e+03 3.589167155944522625e-01
1.496262293142027374e+03 3.588867944678263422e-01
1.495550063745836269e+03 3.532402588451925007e-01
1.494838568480615322e+03 3.436199259512232040e-01
1.494127684991203068e+03 3.532711665022335024e-01
1.493417657987922439e+03 3.552363801625102457e-01
1.492708242760450275e+03 3.586784052676492696e-01
1.491999561663948043e+03 3.610057943160528970e-01
1.491291614698416197e+03 3.560007135856626537e-01
1.490584279508692816e+03 3.579475537110972105e-01
1.489877678449939367e+03 3.560379039515257360e-01
1.489171811522156304e+03 3.633252648129271511e-01
1.488466678725343172e+03 3.570521206185030549e-01
1.487762157704338506e+03 3.565102987380243671e-01
1.487058370814303998e+03 3.570003946981821219e-01
1.486355195700077957e+03 3.618638396909181210e-01
1.485652877071983767e+03 3.548912668613918298e-01
1.484951170219698042e+03 3.528942446339601857e-01
1.484250197498382477e+03 3.534605691948831674e-01
1.483549836552875149e+03 3.529177186415560774e-01
1.482850332093499901e+03 3.517554285853997653e-01
1.482151317054771198e+03 3.519173665872193379e-01
1.481453158502174347e+03 3.587208917345051096e-01
1.480755611725385961e+03 3.520040906422026161e-01
1.480058676724406041e+03 3.555167705824576752e-01
1.479362598209557973e+03 3.594013876906074767e-01
1.478667009115356677e+03 3.517964759260235885e-01
1.477972276507287233e+03 3.560724066360027029e-01
1.477278155675026028e+03 3.517418863757739156e-01
1.476584768973735208e+03 3.532592356831136260e-01
1.475891994048252627e+03 3.523863382420311385e-01
1.475199953253740432e+03 3.565885476032526480e-01
1.474508524235036475e+03 3.589986760596298176e-01
1.473817829347302677e+03 3.592907444262841699e-01
1.473127746235377344e+03 3.517007047695484556e-01
1.472438397254422171e+03 3.589851778916458014e-01
1.471749782404437155e+03 3.532058519282146869e-01
1.471061779330260379e+03 3.496882123038375090e-01
1.470374510387053988e+03 3.492713874899852633e-01
1.469687853219655835e+03 3.533361056207585671e-01
1.469001807828066376e+03 3.598274461243148314e-01
1.468316496567446848e+03 3.531361851836395394e-01
1.467631919437797478e+03 3.578188324551221378e-01
1.466947954083956574e+03 3.552475765878551628e-01
1.466264600505924136e+03 3.435135027903352678e-01
1.465581981058861857e+03 3.535961180001283011e-01
1.464899973387608043e+03 3.489354348253799198e-01
1.464218699847324388e+03 3.462688642779359061e-01
1.463538038082848971e+03 3.578603410742628999e-01
1.462858110449343940e+03 3.570922919471661849e-01
1.462178794591647147e+03 3.479271084125582503e-01
1.461500090509758820e+03 3.518272662393348016e-01
1.460821998203679186e+03 3.527914678270770432e-01
1.460144762383731177e+03 3.534091208326938238e-01
1.459468015984429940e+03 3.532421906801698763e-01
1.458792003716098634e+03 3.525841762828016979e-01
1.458116603223576021e+03 3.510745880837977673e-01
1.457441936862023567e+03 3.513651750624943171e-01
1.456767882276279352e+03 3.406691324874110416e-01
1.456094439466343829e+03 3.595656048987116438e-01
1.455421730787378237e+03 3.425146044660529188e-01
1.454749633884221339e+03 3.371794076463243139e-01
1.454078148756872679e+03 3.534726306842908006e-01
1.453407275405332484e+03 3.524159221602874981e-01
1.452737258539924142e+03 3.535666901496267722e-01
1.452067731095162571e+03 3.497210398528255437e-01
1.451398815426209239e+03 3.471111226832605534e-01
1.450730633888226293e+03 3.527770113442519895e-01
1.450063064126051813e+03 3.382270301022066161e-01
1.449396106139685571e+03 3.567169188350052811e-01
1.448729882284289715e+03 3.488080596803664335e-01
1.448064270204702098e+03 3.472521046732001127e-01
1.447399147545761252e+03 3.464457374929320599e-01
1.446734881372952259e+03 3.555170854674051806e-01
1.446071104620790038e+03 3.486132757475096100e-01
1.445408184354759669e+03 3.532708803467123904e-01
1.444745631154214379e+03 3.441407711770122502e-01
1.444083812084639021e+03 3.482358727390408859e-01
1.443422727146034049e+03 3.644640698824853642e-01
1.442762131628075849e+03 3.518513618500295204e-01
1.442102270241087581e+03 3.496322946727064562e-01
1.441443020629907778e+03 3.469537429172684928e-01
1.440784382794536668e+03 3.393515466552695647e-01
1.440126234379812104e+03 3.482027947324489170e-01
1.439469064806381084e+03 3.331827937715792221e-01
1.439468942451219391e+03 3.383477519925592314e-01
1.439250049066957899e+03 3.330704250204185590e-01
1.439031033327534715e+03 3.376534272409522086e-01
1.438812262298435144e+03 3.378049114337015602e-01
1.438812139943273451e+03 3.455416527340006705e-01
1.438593368914173652e+03 3.374136096594568257e-01
1.438374720240235547e+03 3.314134927185040103e-01
1.438156193921459135e+03 3.490276919470733930e-01
1.438156071566297442e+03 3.406314876307045547e-01
1.437937545247521257e+03 3.369004322029074405e-01
1.437719141283906538e+03 3.373213244541930500e-01
1.437500737320291819e+03 3.413115473206340122e-01
1.437500614965130126e+03 3.338082363573617317e-01
1.437282088646353714e+03 3.446508351472772902e-01
1.437063929393062608e+03 3.377830882372170884e-01
1.436845892494932968e+03 3.363324965449405179e-01
1.436845770139771275e+03 3.354948669542598405e-01
1.436627610886479943e+03 3.331693197334962275e-01
1.436409451633188610e+03 3.314137825708162732e-01
1.436191537090220663e+03 3.421932434462475747e-01
1.435973622547252944e+03 3.461434311509460904e-01
1.435755708004284998e+03 3.353611606681623503e-01
1.435537915816478744e+03 3.468623914923273932e-01
1.435320245983834184e+03 3.462231549756206728e-01
1.435102576151189623e+03 3.422991729475211575e-01
1.434884906318545063e+03 3.418192904531565102e-01
1.434667481196223889e+03 3.373574905647755418e-01
1.434449933718741022e+03 3.565602012799194420e-01
1.434232508596419848e+03 3.475007070927248476e-01
1.434015205829260594e+03 3.532313554883940721e-01
1.433798025417262807e+03 3.433791459225675191e-01
1.433580845005265019e+03 3.401193072513001292e-01
1.433363664593267231e+03 3.359747423095484353e-01
1.433146728891592829e+03 3.297694531818622932e-01
1.432929670834756735e+03 3.378987890847749975e-01
1.432712735133082333e+03 3.376432928852473037e-01
1.432495921786569625e+03 3.227950784186839894e-01
1.432279230795218609e+03 3.027488359204607016e-01
1.432062539803867594e+03 3.242609720737121837e-01
1.431845848812516579e+03 3.138865208690599928e-01
1.431629280176327256e+03 2.992656670975232247e-01
1.431412833895299627e+03 3.038375374322732636e-01
1.431196387614271771e+03 3.188052514969261786e-01
1.430980063688405835e+03 3.180792526476587945e-01
1.430763862117701592e+03 3.405706824663326526e-01
1.430547538191835656e+03 3.326076352026703931e-01
1.430331336621131413e+03 3.424748562909876171e-01
1.430115135050427170e+03 3.534918609087587260e-01
1.429899300545208007e+03 3.547827844372016259e-01
1.429683343684827150e+03 3.457970238175599453e-01
1.429467509179607987e+03 3.436573144828091730e-01
1.429251797029550289e+03 3.488339509422406226e-01
1.429035962524331126e+03 3.458140761664814655e-01
1.428820250374273655e+03 3.549834927637492421e-01
1.428604660579377878e+03 3.525517684103051108e-01
1.428389193139643794e+03 3.558962875971212192e-01
1.428173725699909483e+03 3.600445777223876265e-01
1.427958258260175398e+03 3.535179321195901503e-01
1.427742913175603007e+03 3.551591957649485876e-01
1.427527812801354003e+03 3.537494528036979613e-01
1.427312467716781384e+03 3.568831197686412326e-01
1.427097367342532380e+03 3.614429973194162038e-01
1.426882389323445068e+03 3.571866855561847132e-01
1.426667411304357756e+03 3.612273881450456803e-01
1.426452433285270217e+03 3.594683637408999655e-01
1.426237577621344599e+03 3.625277314791841565e-01
1.426022844312580673e+03 3.615675202873031013e-01
1.425808111003816521e+03 3.625099953211596282e-01
1.425593500050214288e+03 3.586611508775780499e-01
1.425378889096612056e+03 3.542099286521231960e-01
1.425164400498171290e+03 3.543772945467340563e-01
1.424949911899730751e+03 3.453908563640408214e-01
1.424735545656451905e+03 3.553437570522202660e-01
1.424521057058011138e+03 3.596172506584661144e-01
1.424307057880217371e+03 3.561153710434529773e-01
1.424092813992099991e+03 3.501870221296770058e-01
1.423878692459144531e+03 3.509839129156164805e-01
1.423664693281350765e+03 3.546290584507694188e-01
1.423450694103556771e+03 3.569758718323550739e-01
1.423236817280924697e+03 3.524420871055364834e-01
1.423022818103130703e+03 3.608854682384140533e-01
1.422809308345983709e+03 3.494526639876028851e-01
1.422595553878513101e+03 3.560912636232116402e-01
1.422381921766204414e+03 3.515739612721754948e-01
1.422168289653895499e+03 3.520116247262500830e-01
1.421954902251910198e+03 3.580893074294191347e-01
1.421741392494762977e+03 3.616723572333799819e-01
1.421528005092777676e+03 3.524753902099230785e-01
1.421314617690792147e+03 3.515881766559930122e-01
1.421101474999130232e+03 3.469488008841439819e-01
1.420888332307468090e+03 3.507798011878306421e-01
1.420675189615805948e+03 3.592648424804965046e-01
1.420462291634467419e+03 3.470374872369762498e-01
1.420249148942805277e+03 3.502053780711074094e-01
1.420036373316628442e+03 3.626032292425289127e-01
1.419823475335289686e+03 3.571643498881268974e-01
1.419610822064274316e+03 3.617301669581767798e-01
1.419398046438097481e+03 3.484089998618045692e-01
1.419185393167082111e+03 3.508094894366071692e-01
1.418972862251228435e+03 3.474494820928893946e-01
1.418760453690536679e+03 3.509377386380871933e-01
1.418548045129844695e+03 3.503786230142988956e-01
1.418335636569152712e+03 3.484937765580229940e-01
1.418123228008460956e+03 3.494932765032255917e-01
1.417911186513254052e+03 3.452830822242237696e-01
1.417698900307723761e+03 3.580317149345362826e-01
1.417486736457355391e+03 3.530222009692118856e-01
1.417274817317310180e+03 3.461799538006199994e-01
1.417062898177264969e+03 3.503942973646572701e-01
1.416850979037219759e+03 3.520670780162071800e-01
1.416639059897174775e+03 3.498396572887185196e-01
1.416427385467452950e+03 3.612825685736435477e-01
1.416215711037731126e+03 3.460251149068235277e-01
1.416004036608009301e+03 3.512825628264601430e-01
1.415792484533449169e+03 3.456341691497291646e-01
1.415580932458889265e+03 3.536816707059716181e-01
1.415369625094652520e+03 3.501269924681745804e-01
1.415158195375254081e+03 3.514785000556671646e-01
1.414946888011017336e+03 3.562015276436704680e-01
1.414735580646780591e+03 3.559481014095765561e-01
1.414524517992867231e+03 3.596650463802663622e-01
1.414313455338953872e+03 3.535265157889564969e-01
1.414102392685040741e+03 3.548975746525271924e-01
1.413891452386289075e+03 3.587452387571821721e-01
1.413680634442699102e+03 3.545676739319338910e-01
1.413469694143947436e+03 3.518491628284899919e-01
1.413258753845195770e+03 3.497300377868919896e-01
1.413048302967090876e+03 3.549367261232322379e-01
1.412837607378662597e+03 3.574394582389125441e-01
1.412627034145396010e+03 3.534147487869204740e-01
1.412416460912129423e+03 3.534841511411661585e-01
1.412206132389186223e+03 3.541920155559437067e-01
1.411995803866243023e+03 3.619535530645074939e-01
1.411785475343299822e+03 3.613022114935729445e-01
1.411575146820356622e+03 3.619369221040124596e-01
1.411365063007736808e+03 3.488588024705552293e-01
1.411154979195116994e+03 3.529104586435070634e-01
1.410944895382497180e+03 3.500254179129335119e-01
1.410734811569877365e+03 3.559375787625303489e-01
1.410524972467580938e+03 3.502343254943405815e-01
1.410315133365284510e+03 3.509917399555620432e-01
1.410105416618149775e+03 3.584785935117204003e-01
1.409895577515853347e+03 3.532760115804222112e-01
1.409686105479041998e+03 3.568681658700457726e-01
1.409476388731907036e+03 3.493214391206422853e-01
1.409266916695095688e+03 3.481786233847281031e-01
1.409057444658284339e+03 3.525867471953623711e-01
1.408848094976634684e+03 3.430947251652259333e-01
1.408638745294985029e+03 3.590012689107241473e-01
1.408429517968497066e+03 3.511259352176875348e-01
1.408220290642009104e+03 3.602250401958007053e-01
1.408011185670682607e+03 3.525101745890039662e-01
1.407802080699356338e+03 3.579807687367968505e-01
1.407593098083191762e+03 3.470207215026221981e-01
1.407384115467027186e+03 3.498034164824805337e-01
1.407175255206024303e+03 3.498880807460597597e-01
1.406966517300182886e+03 3.619416335351882674e-01
1.406757779394341696e+03 3.598555639333978484e-01
1.406549041488500507e+03 3.421191418743231849e-01
1.406340425937821010e+03 3.552715163712569235e-01
1.406132055097464672e+03 3.605603933030698260e-01
1.405923439546785175e+03 3.556240310176137509e-01
1.405715068706429065e+03 3.560947784109282921e-01
1.405506697866072955e+03 3.615485306303269919e-01
1.405298449380878310e+03 3.627627593011923945e-01
1.405090200895683893e+03 3.621272432339452396e-01
1.404882074765651168e+03 3.497014516932142048e-01
1.404673948635618217e+03 3.518742036145474650e-01
1.404466067215908879e+03 3.596888441466224440e-01
1.404258063441037848e+03 3.504087667440499709e-01
1.404050059666166590e+03 3.531541666591647699e-01
1.403842300601618945e+03 3.601770300490678700e-01
1.403634541537071073e+03 3.651912202434862698e-01
1.403426904827685121e+03 3.502683438904761748e-01
1.403219145763137476e+03 3.499907536245823736e-01
1.403011631408912990e+03 3.528773929398251186e-01
1.402804239409850425e+03 3.601997475137173610e-01
1.402596725055625939e+03 3.506993470432900883e-01
1.402389333056563373e+03 3.633754835013676687e-01
1.402181941057500580e+03 3.628953507992255800e-01
1.401974793768761401e+03 3.540348855819615004e-01
1.401767646480021995e+03 3.543911762952394739e-01
1.401560499191282815e+03 3.472654305830027988e-01
1.401353351902543636e+03 3.581517350751627915e-01
1.401146326968965923e+03 3.587721478876242376e-01
1.400939424390550130e+03 3.562320591733058039e-01
1.400732644167295803e+03 3.589018182288667425e-01
1.400525863944041475e+03 3.554884836842811535e-01
1.400319083720787376e+03 3.515325733339700331e-01
1.400112425852694741e+03 3.574807423565760645e-01
1.399905890339764028e+03 3.644455616170539924e-01
1.399699232471671394e+03 3.522365401246574934e-01
1.399492819313902373e+03 3.572706402257922464e-01
1.399286406156133125e+03 3.491464220251059292e-01
1.399080115353525571e+03 3.601438247234227119e-01
1.398873702195756550e+03 3.646795213274605651e-01
1.398667533748310689e+03 3.640963463162195657e-01
1.398461487656026748e+03 3.658085352280849301e-01
1.398255196853419193e+03 3.595173502213332428e-01
1.398049273116296717e+03 3.505162353620386861e-01
1.397843227024012776e+03 3.487205787780628952e-01
1.397637303286890301e+03 3.583416352403048233e-01
1.397431624260091212e+03 3.524419509628015645e-01
1.397225822878130657e+03 3.518224119763761482e-01
1.397020021496169875e+03 3.631558320051189170e-01
1.396814220114209093e+03 3.537124848155823176e-01
1.396608908152895083e+03 3.608574478431530452e-01
1.396403351481257914e+03 3.575673423415694496e-01
1.396197794809620518e+03 3.566921131380581533e-01
1.395992482848306508e+03 3.518396792059229061e-01
1.395787170886992726e+03 3.593584137947584134e-01
1.395581858925678716e+03 3.633406470632181140e-01
1.395376669319526400e+03 3.556576255687764476e-01
1.395171479713374083e+03 3.508834364320507770e-01
1.394966412462383460e+03 3.543369981123322687e-01
1.394761467566554757e+03 3.514260530044914788e-01
1.394556522670725826e+03 3.580192339687383596e-01
1.394351577774896896e+03 3.642800254779404723e-01
1.394146632879067965e+03 3.516349035441279081e-01
1.393942055048724114e+03 3.594126162246570333e-01
1.393737354863218570e+03 3.540736211149098089e-01
1.393532654677713253e+03 3.476288854083677271e-01
1.393328076847369402e+03 3.623745261439245691e-01
1.393123621372187245e+03 3.570356653666046931e-01
1.392919165897005087e+03 3.606788995071850690e-01
1.392714832776984622e+03 3.501592409211503609e-01
1.392510499656964157e+03 3.590043414934064314e-01
1.392306166536943692e+03 3.476876298699689838e-01
1.392102078127246614e+03 3.641773612213776157e-01
1.391897867362387842e+03 3.569432372421392219e-01
1.391693778952690764e+03 3.558174763000102603e-01
1.391489690542993685e+03 3.539516831460656210e-01
1.391285969198781686e+03 3.577438537840042510e-01
1.391082003144246301e+03 3.520452119173915762e-01
1.390878159444872608e+03 3.528368305906369740e-01
1.390674438100660609e+03 3.445970425656342262e-01
1.390470716756448610e+03 3.518992902563501946e-01
1.390267117767398304e+03 3.677892124858981870e-01
1.390063518778347998e+03 3.504489237148820657e-01
1.389860042144459385e+03 3.529832103083845318e-01
1.389656565510570772e+03 3.586421606484094804e-01
1.389453333587005545e+03 3.577907405628124038e-01
1.389249979308278625e+03 3.629787903131518334e-01
1.389046625029551706e+03 3.549151732018828720e-01
1.388843393105986479e+03 3.648591457020440298e-01
1.388640283537582945e+03 3.636449346693416129e-01
1.388437296324341105e+03 3.451047235782203626e-01
1.388234309111099265e+03 3.562364276931344054e-01
1.388031321897857424e+03 3.573806286716708080e-01
1.387828457039777277e+03 3.548931101548958855e-01
1.387625714536858595e+03 3.588257089974664638e-01
1.387422849678778448e+03 3.519440785867742894e-01
1.387220229531021687e+03 3.616410046805162426e-01
1.387017609383264926e+03 3.526885656461891672e-01
1.386814989235508165e+03 3.584937868272289330e-01
1.386612491442913097e+03 3.598685772176193343e-01
1.386410116005479495e+03 3.603348401669388412e-01
1.386207618212884427e+03 3.586257574003220983e-01
1.386005365130612745e+03 3.625627719835025631e-01
1.385803112048341063e+03 3.558658824064595549e-01
1.385600981321230847e+03 3.580180385422696010e-01
1.385398850594120859e+03 3.565778085751339921e-01
1.385196719867010870e+03 3.530113225918652953e-01
1.384994711495062575e+03 3.487188375507126459e-01
1.384792703123114052e+03 3.595235419069519600e-01
1.384590939461489143e+03 3.563197928078300492e-01
1.384389053444702540e+03 3.570677205438119173e-01
1.384187289783077631e+03 3.612910008250713179e-01
1.383985526121452494e+03 3.596495848265627293e-01
1.383784007170150971e+03 3.546234591266523850e-01
1.383582365863687755e+03 3.535083045876637464e-01
1.383380846912386005e+03 3.579337356990098806e-01
1.383179327961084482e+03 3.545145485349502912e-01
1.382978053720106345e+03 3.594316211727874300e-01
1.382776779479127981e+03 3.612435269430859797e-01
1.382575382882988151e+03 3.638804005985596390e-01
1.382374230997171480e+03 3.605859072871832050e-01
1.382173079111355037e+03 3.641140529826533689e-01
1.381972049580700286e+03 3.529792006781645175e-01
1.381771020050045308e+03 3.615302931851962498e-01
1.381569990519390558e+03 3.561592755698073653e-01
1.381369083343897273e+03 3.614059396000284807e-01
1.381168176168404216e+03 3.573448863129620734e-01
1.380967513703234545e+03 3.613081407410701495e-01
1.380766851238064646e+03 3.631198909142331899e-01
1.380566188772894975e+03 3.556020263289756955e-01
1.380365526307725077e+03 3.651009550348872645e-01
1.380164986197717099e+03 3.561736807160094109e-01
1.379964568442870586e+03 3.507413690000272255e-01
1.379764150688024301e+03 3.620583533114841157e-01
1.379563732933177789e+03 3.532074857253852396e-01
1.379363437533493197e+03 3.588054906513860054e-01
1.379163386844131765e+03 3.577938509945829404e-01
1.378963213799608866e+03 3.598495223867133053e-01
1.378763040755085740e+03 3.613861438579126228e-01
1.378562990065724307e+03 3.603052452589123877e-01
1.378362939376363101e+03 3.634761891914720655e-01
1.378163011042163362e+03 3.635821308928625095e-01
1.377963205063125542e+03 3.652059994609759275e-01
1.377763399084087496e+03 3.596176420770965110e-01
1.377563715460211142e+03 3.613651064136053637e-01
1.377364031836335016e+03 3.637155663669157102e-01
1.377164470567620356e+03 3.678691319117372571e-01
1.376964909298905923e+03 3.587782264549810307e-01
1.376765348030191262e+03 3.635301676157217665e-01
1.376565909116638295e+03 3.576875773391177127e-01
1.376366470203085555e+03 3.687015757664315330e-01
1.376167275999855974e+03 3.675087230635059599e-01
1.375967959441464700e+03 3.622652875638240344e-01
1.375768765238235346e+03 3.651540854992061380e-01
1.375569571035005765e+03 3.669228566770789124e-01
1.375370499186937877e+03 3.615167730076122576e-01
1.375171672049193376e+03 3.622541842992721972e-01
1.374972722556287408e+03 3.632956170436487664e-01
1.374773773063381213e+03 3.588350140676686006e-01
1.374574945925636712e+03 3.622378686771245970e-01
1.374376118787892437e+03 3.623504276324810425e-01
1.374177536360471322e+03 3.632255504661560663e-01
1.373978831577888513e+03 3.596988123758608213e-01
1.373780249150467398e+03 3.572259305427459841e-01
1.373581666723046283e+03 3.657444385848584445e-01
1.373383206650787088e+03 3.673352691167558470e-01
1.373184868933689359e+03 3.621224428228485559e-01
1.372986408861429936e+03 3.552923932803903617e-01
1.372788193499493900e+03 3.574705173279894566e-01
1.372589978137557864e+03 3.574064088375517034e-01
1.372391762775621828e+03 3.605992340846262967e-01
1.372193792124009406e+03 3.606152520448969723e-01
1.371995699117235063e+03 3.556276465870603087e-01
1.371797728465622413e+03 3.551004453437811570e-01
1.371599635458848070e+03 3.637929365522579173e-01
1.371401909517558806e+03 3.551415286333629573e-01
1.371204183576269543e+03 3.636764274285813614e-01
1.371006457634980279e+03 3.476439093299870109e-01
1.370808731693691016e+03 3.561852490882557731e-01
1.370611005752401752e+03 3.625909907579418223e-01
1.370413402166274409e+03 3.623192920406012596e-01
1.370216043290470225e+03 3.560716112580382675e-01
1.370018562059504347e+03 3.637577699212743987e-01
1.369821203183700163e+03 3.588196724813523253e-01
1.369623844307895979e+03 3.508092640791569683e-01
1.369426607787253488e+03 3.672503365445330403e-01
1.369229493621772690e+03 3.590970441101610233e-01
1.369032134745968506e+03 3.665321315447898631e-01
1.368835142935649401e+03 3.507294347221588948e-01
1.368638151125330296e+03 3.574371182487390275e-01
1.368441159315011191e+03 3.706336333568373553e-01
1.368244289859853779e+03 3.643676537021106610e-01
1.368047420404696368e+03 3.658952211373109886e-01
1.367850550949538729e+03 3.572737442218424930e-01
1.367653926204704703e+03 3.537977635613888117e-01
1.367457179104708985e+03 3.633375583647369123e-01
1.367260554359874959e+03 3.590892247266902482e-01
1.367064174325364320e+03 3.556965690533508417e-01
1.366867549580530294e+03 3.601963797756845276e-01
1.366671169546019655e+03 3.651936207802706225e-01
1.366474667156347323e+03 3.594815017182275696e-01
1.366278409476998377e+03 3.660880622416580188e-01
1.366082274152811124e+03 3.549067151434249778e-01
1.365886016473461950e+03 3.607328019751759873e-01
1.365689881149274697e+03 3.597122796891175089e-01
1.365493745825087444e+03 3.580779406745858706e-01
1.365297732856061884e+03 3.645588546961724408e-01
1.365101964597359711e+03 3.626983058557610717e-01
1.364905951628334151e+03 3.604232406967061153e-01
1.364710183369631750e+03 3.701013086863254031e-01
1.364514292755767883e+03 3.683876032970635483e-01
1.364318646852227403e+03 3.583364345628351488e-01
1.364123000948686922e+03 3.564930867945713122e-01
1.363927355045146214e+03 3.571814066443189106e-01
1.363731831496767427e+03 3.631916128506146313e-01
1.363536307948388639e+03 3.515468945345782692e-01
1.363340906755171545e+03 3.569039212617291512e-01
1.363145505561954224e+03 3.646620048563198324e-01
1.362950226723898822e+03 3.663391739331009478e-01
1.362755070241005114e+03 3.545454391065148148e-01
1.362559669047788020e+03 3.636370858690271546e-01
1.362364634920055778e+03 3.617462306524577564e-01
1.362169600792323763e+03 3.518102134511431611e-01
1.361974689019753441e+03 3.674480837589201854e-01
1.361779654892021199e+03 3.540536898770289542e-01
1.361584743119450877e+03 3.620042852905125952e-01
1.361389831346880555e+03 3.616944795807813806e-01
1.361195041929471699e+03 3.635841869696586626e-01
1.361000374867224764e+03 3.604579119870562898e-01
1.360805830160139294e+03 3.694016618519485595e-01
1.360611163097892359e+03 3.650762234143501428e-01
1.360416618390807116e+03 3.656406031215854169e-01
1.360222073683721646e+03 3.664769767969193737e-01
1.360027528976636404e+03 3.672141184057768348e-01
1.359833351335036014e+03 3.609979857226085498e-01
1.359639051338274157e+03 3.579911994878535730e-01
1.359444751341512301e+03 3.594807054367285537e-01
1.359250573699911911e+03 3.645257412432960642e-01
1.359056396058311748e+03 3.582376505388599752e-01
1.358862340771873050e+03 3.516836685220295355e-01
1.358668407840596274e+03 3.549375704339015614e-01
1.358474352554157576e+03 3.646051556299502172e-01
1.358280419622880800e+03 3.553811928086375027e-01
1.358086609046765489e+03 3.712797943576721660e-01
1.357892798470650405e+03 3.692077666376405998e-01
1.357699110249696787e+03 3.611282508987253004e-01
1.357505422028743396e+03 3.564636397904391019e-01
1.357311856162951472e+03 3.646987111350766808e-01
1.357118290297159774e+03 3.677886762987716551e-01
1.356924724431367849e+03 3.597738858639710213e-01
1.356731280920737618e+03 3.683055130455863968e-01
1.356537959765269306e+03 3.569642105726928971e-01
1.356344638609800768e+03 3.564151845688013354e-01
1.356151439809494150e+03 3.608722802728476231e-01
1.355958118654025611e+03 3.583539600111821932e-01
1.355765042208880459e+03 3.639717547600761494e-01
1.355571843408573841e+03 3.656633016573673789e-01
1.355379011673752075e+03 3.594302530321798472e-01
1.355185935228607150e+03 3.544495478343213102e-01
1.354992981138623691e+03 3.641735444009503997e-01
1.354800149403801925e+03 3.610720899391396399e-01
1.354607317668980386e+03 3.586935496602973727e-01
1.354414730644482006e+03 3.660223837268686831e-01
1.354222021264821933e+03 3.584333604834170073e-01
1.354029311885162087e+03 3.602132339733938871e-01
1.353836724860663708e+03 3.633146226587619654e-01
1.353644137836165328e+03 3.592658744716920038e-01
1.353451673166828641e+03 3.619132233607458282e-01
1.353259453207815568e+03 3.532620739854661074e-01
1.353067110893640574e+03 3.663231428332737738e-01
1.352874768579465581e+03 3.684569843697637626e-01
1.352682548620452508e+03 3.704109269938042903e-01
1.352490328661439207e+03 3.618951813520890903e-01
1.352298231057587600e+03 3.590681836071408783e-01
1.352106255808897686e+03 3.696426502698567096e-01
1.351914280560207771e+03 3.613017649792035768e-01
1.351722305311518085e+03 3.602555508220673386e-01
1.351530330062828170e+03 3.616825796369247392e-01
1.351338477169299949e+03 3.667381515534699488e-01
1.351146624275771728e+03 3.627021423623811858e-01
1.350955138447728586e+03 3.612119616810134937e-01
1.350763407909362286e+03 3.623047838968719292e-01
1.350571799726157451e+03 3.577943351381052683e-01
1.350380313898114309e+03 3.619785733854027354e-01
1.350188828070071168e+03 3.484617464651368901e-01
1.349997342242028026e+03 3.586683943093441074e-01
1.349806101124308270e+03 3.604298920261753691e-01
1.349614737651426822e+03 3.602415208909373057e-01
1.349423496533707066e+03 3.639115071035938231e-01
1.349232255415987538e+03 3.612440616766668389e-01
1.349041136653429476e+03 3.608108152149593351e-01
1.348850017890871413e+03 3.568552730195794775e-01
1.348659021483475044e+03 3.675011581627080082e-01
1.348468147431240368e+03 3.608783780822712450e-01
1.348277151023843999e+03 3.566558000044383614e-01
1.348086276971609323e+03 3.642558316698166210e-01
1.347895525274536340e+03 3.562820135545720635e-01
1.347704773577463357e+03 3.676646715353485417e-01
1.347514144235552067e+03 3.571778137750843407e-01
1.347323392538479084e+03 3.666405772662904017e-01
1.347132885551729487e+03 3.577655566724173286e-01
1.346942378564979890e+03 3.585685439981226574e-01
1.346751871578230293e+03 3.556440895818814285e-01
1.346561486946642390e+03 3.557562326866186009e-01
1.346371224670216179e+03 3.608898364144083049e-01
1.346180962393789969e+03 3.609534751545527831e-01
1.345990700117363758e+03 3.616970410055954654e-01
1.345800560196099241e+03 3.659669812038963133e-01
1.345610420274834723e+03 3.516941081731952412e-01
1.345420280353570206e+03 3.555982316434451174e-01
1.345230385142628847e+03 3.621804579148629744e-01
1.345040367576526023e+03 3.511275796037256480e-01
1.344850472365584892e+03 3.632057519240109444e-01
1.344660699509805454e+03 3.522634335345194989e-01
1.344470804298864323e+03 3.660619419028064425e-01
1.344281153798246578e+03 3.603798522184573638e-01
1.344091380942467140e+03 3.533092447520005952e-01
1.343901975152172781e+03 3.524341787570951512e-01
1.343712324651554809e+03 3.526111157499211557e-01
1.343522796506098757e+03 3.583660151564094232e-01
1.343333390715804398e+03 3.502638316535405805e-01
1.343143984925510040e+03 3.628816299740634799e-01
1.342954701490377374e+03 3.601764426330205660e-01
1.342765418055244709e+03 3.511410687283182952e-01
1.342576256975273509e+03 3.651974432007770721e-01
1.342386973540140843e+03 3.505274886951781355e-01
1.342197934815331564e+03 3.679657966341711717e-01
1.342008896090522285e+03 3.601821968344924296e-01
1.341819857365712778e+03 3.581331905373775770e-01
1.341630940996065192e+03 3.631530431036601447e-01
1.341442146981579299e+03 3.654029473413222262e-01
1.341253352967093406e+03 3.604137317174107014e-01
1.341064558952607285e+03 3.525375193688828901e-01
1.340875764938121392e+03 3.528642779227997295e-01
1.340687093278797192e+03 3.553039773665565559e-01
1.340498543974634458e+03 3.663049636307309509e-01
1.340309994670471951e+03 3.629257777245507022e-01
1.340121567721471138e+03 3.577845014865156381e-01
1.339933140772470324e+03 3.617653943861865451e-01
1.339744713823469283e+03 3.628926777498538425e-01
1.339556409229630162e+03 3.562992071297659824e-01
1.339368104635790814e+03 3.579832525478428562e-01
1.339179800041951694e+03 3.571993405827952328e-01
1.338991740158435960e+03 3.679565929696293480e-01
1.338803680274919998e+03 3.532805352552128575e-01
1.338615498036242570e+03 3.545008000457134933e-01
1.338427560507888529e+03 3.642890515379413885e-01
1.338239622979534261e+03 3.542937123109152209e-01
1.322282796923039541e+03 3.544194784423676525e-01
1.322099631245991304e+03 3.531186317041047906e-01
1.321916465568943067e+03 3.527591261145939239e-01
1.321733299891894831e+03 3.541048225139742933e-01
1.321550378925169980e+03 3.580261883383450416e-01
1.304758845955633660e+03 3.673430362623950618e-01
1.304580696840214614e+03 3.625350824784390746e-01
1.304402670079957261e+03 3.691191001867177857e-01
1.304224643319699908e+03 3.649938157088724044e-01
1.304046616559442555e+03 3.700645983640750147e-01
1.286851311556333030e+03 3.635195227880158031e-01
1.286678423712866561e+03 3.642574865416381424e-01
1.286505413514238398e+03 3.675101282138300007e-01
1.286332525670772156e+03 3.734269295071048211e-01
1.286159637827305687e+03 3.665827635080299296e-01
1.285986872339000911e+03 3.656032971549772470e-01
1.285814106850696362e+03 3.657734996848921449e-01
1.285641341362391586e+03 3.588288926008513791e-01
1.285468698229248503e+03 3.646719442810168466e-01
1.285296055096105420e+03 3.700590900115483528e-01
1.285123656673285950e+03 3.732589593019054464e-01
1.284951135895304560e+03 3.679934324578861271e-01
1.284778615117323170e+03 3.702739659319134735e-01
1.284606216694503473e+03 3.754212292237312787e-01
1.284433818271684004e+03 3.676151230295532368e-01
1.284261542204026000e+03 3.709543991144332864e-01
1.284089266136367996e+03 3.717370573422451585e-01
1.283916990068709993e+03 3.777332458376120305e-01
1.283744836356213682e+03 3.697921040459597464e-01
1.283572682643717599e+03 3.729950663422416657e-01
1.283400651286382981e+03 3.725325259720265181e-01
1.283228619929048364e+03 3.765707891710888267e-01
1.283056588571713746e+03 3.773511390194555504e-01
1.282884679569540822e+03 3.806079548302889193e-01
1.282712770567367897e+03 3.813539789445124506e-01
1.282541106275518587e+03 3.859156280113052451e-01
1.282369319628507355e+03 3.875509612495409151e-01
1.282197532981496124e+03 3.797715170449306732e-01
1.282025868689646586e+03 3.864353816229872396e-01
1.281854326752958741e+03 3.790747999676414293e-01
1.281682662461109203e+03 3.729842267703770697e-01
1.281511120524421358e+03 3.763294734346213088e-01
1.281339578587733513e+03 3.671874731298488403e-01
1.281168159006207361e+03 3.795335002628265064e-01
1.280996739424681437e+03 3.659265139938414624e-01
1.280825319843155285e+03 3.644371861619088993e-01
1.280654144971952519e+03 3.653684585616011615e-01
1.280482847745588060e+03 3.671456068268723061e-01
1.280311550519223601e+03 3.663428077135319483e-01
1.280140498003182529e+03 3.683156705322913060e-01
1.279969323131979763e+03 3.644373135688620535e-01
1.279798392971100384e+03 3.649620552681118735e-01
1.279627340455059311e+03 3.650971986363024113e-01
1.279456410294179932e+03 3.698938498239647266e-01
1.279285480133300553e+03 3.672389516980316126e-01
1.279114672327582866e+03 3.710457431555995722e-01
1.278943742166703487e+03 3.617822089001302421e-01
1.278773056716147494e+03 3.751604309981679264e-01
1.278602248910429807e+03 3.671015845387495258e-01
1.278431685815035507e+03 3.759336554531334529e-01
1.278261000364479514e+03 3.715634210638533164e-01
1.278090437269085214e+03 3.664998995310053131e-01
1.277919874173690914e+03 3.667238302447767828e-01
1.277749433433458307e+03 3.651496779725333930e-01
1.277578992693225700e+03 3.682599224873638888e-01
1.277408551952993093e+03 3.702145500769047914e-01
1.277238233567921952e+03 3.688991537620522343e-01
1.277067915182851038e+03 3.563798534625686742e-01
1.276897841508103511e+03 3.670859672208759417e-01
1.276727645478194290e+03 3.641956247051488793e-01
1.276557449448285070e+03 3.687007087194615895e-01
1.276387375773537542e+03 3.615345115502905382e-01
1.276217424453951708e+03 3.666075332424469924e-01
1.276047350779204180e+03 3.675037009194543902e-01
1.275877399459618346e+03 3.626003264001250170e-01
1.275707448140032284e+03 3.616374364443001310e-01
1.275537619175608143e+03 3.693915817374441857e-01
1.275367790211184001e+03 3.631048512599822642e-01
1.275197961246759860e+03 3.691390020359647806e-01
1.275028376992659105e+03 3.691305439937901944e-01
1.274858548028234964e+03 3.683592727316236104e-01
1.274688963774133981e+03 3.574299541689880955e-01
1.274519379520033226e+03 3.630593468223145548e-01
1.274349917621094164e+03 3.695223287249255750e-01
1.274180333366993409e+03 3.709241263607898631e-01
1.274010993823216040e+03 3.679626241790781016e-01
1.273841654279438444e+03 3.644038014846413542e-01
1.273672314735661075e+03 3.642109318185071665e-01
1.273503097547045400e+03 3.670952678200655739e-01
1.273333880358429724e+03 3.651466177659387080e-01
1.273164785524975514e+03 3.690654753234930974e-01
1.273164663169813821e+03 3.639117352661618288e-01
1.272995568336359838e+03 3.644875165509280923e-01
1.272995445981198145e+03 3.677078676304509353e-01
1.272826595858067549e+03 3.650698417547204033e-01
1.272826473502905856e+03 3.715096799929665794e-01
1.272657501024613339e+03 3.707303553340708935e-01
1.272657378669451873e+03 3.758804359696341635e-01
1.272488406191159356e+03 3.674303419058247977e-01
1.272488283835997663e+03 3.680738926290482160e-01
1.272319311357705374e+03 3.667574344555320498e-01
1.272150461234574777e+03 3.572015316648218808e-01
1.271981611111443954e+03 3.656373292032344957e-01
1.271812760988313357e+03 3.668644281388573902e-01
1.271644033220344454e+03 3.691728234443617529e-01
1.271475305452375324e+03 3.638450133321473601e-01
1.271306577684406420e+03 3.676028907605926599e-01
1.271137972271599210e+03 3.715580700709623652e-01
1.270969366858791773e+03 3.646754141306141062e-01
1.270800883801146256e+03 3.615833468898038694e-01
1.270632400743500739e+03 3.654798142011586037e-01
1.270463917685854994e+03 3.707562962404486462e-01
1.270295679338532864e+03 3.588631005399190999e-01
1.270127318636048813e+03 3.562112287054911564e-01
1.269958957933564989e+03 3.664754123678830577e-01
1.269790719586242858e+03 3.661057539810230743e-01
1.269622603594082193e+03 3.704354653569908451e-01
1.269454365246760062e+03 3.718672424023037326e-01
1.269286249254599397e+03 3.753017583168608007e-01
1.269118255617600653e+03 3.716756732999627610e-01
1.268950261980601908e+03 3.634003178943707169e-01
1.268782268343602937e+03 3.761898867603138963e-01
1.268614274706604192e+03 3.785905460254995747e-01
1.268446525779928606e+03 3.687969542637553610e-01
1.268278654498091555e+03 3.733003420572479358e-01
1.268110783216254276e+03 3.683819593649064195e-01
1.267943156644740611e+03 3.625874230873119552e-01
1.267775407718065026e+03 3.687538376270768081e-01
1.267607781146551361e+03 3.709083870065441602e-01
1.267440154575037468e+03 3.718881624389663298e-01
1.267272772713847189e+03 3.670071020991576560e-01
1.267105146142333297e+03 3.627570996471000675e-01
1.266937641925981325e+03 3.706275368270280923e-01
1.266770260064790818e+03 3.720417070734902687e-01
1.266602878203600540e+03 3.677184576135480443e-01
1.266435618697571726e+03 3.660598825099154463e-01
1.266268481546704834e+03 3.712838448293134808e-01
1.266101222040676021e+03 3.646953847737008370e-01
1.265934084889809128e+03 3.621273117502094019e-01
1.265766947738942008e+03 3.756426364077879998e-01
1.265599810588074888e+03 3.678324201890045830e-01
1.265432795792369689e+03 3.665009084378624271e-01
1.265265780996664262e+03 3.829401580417379214e-01
1.265099010911282448e+03 3.687980421669608821e-01
1.264931996115577022e+03 3.699498773007132701e-01
1.264765103675033288e+03 3.701763312287849605e-01
1.264598333589651475e+03 3.777319280882608377e-01
1.264431563504269434e+03 3.683342922706372979e-01
1.264264915774049314e+03 3.726181543931166296e-01
1.264098268043828966e+03 3.641747335062162083e-01
1.263931620313608619e+03 3.665619631558443836e-01
1.263765094938550192e+03 3.685477110854608607e-01
1.263598569563491537e+03 3.714160149371170117e-01
1.263432044188432883e+03 3.620025534517270493e-01
1.263265641168536149e+03 3.551591062851340297e-01
1.263099238148639188e+03 3.678417602220820370e-01
1.262932957483903920e+03 3.724307706017160324e-01
1.262766554464007186e+03 3.748561778026294755e-01
1.262600396154433611e+03 3.701587522104861083e-01
1.262434115489698343e+03 3.722484774396573881e-01
1.262267957180124768e+03 3.748833991520032494e-01
1.262101921225713113e+03 3.661141156380607331e-01
1.261935885271301231e+03 3.674043699505147309e-01
1.261769849316889349e+03 3.690418615927967827e-01
1.261603813362477467e+03 3.679389782945250986e-01
1.261438022118389199e+03 3.592454713763105767e-01
1.261272230874300703e+03 3.666932139026803372e-01
1.261106317275050515e+03 3.612608139428750142e-01
1.260940526030962019e+03 3.634201027220732572e-01
1.260774857142035444e+03 3.738901703404208798e-01
1.260609188253108641e+03 3.663094401916043297e-01
1.260443519364181839e+03 3.760085126506492736e-01
1.260277850475255036e+03 3.668957371291645675e-01
1.260112303941489927e+03 3.729755971952991023e-01
1.259946879762886738e+03 3.670908567755062357e-01
1.259781333229121628e+03 3.718238806408213915e-01
1.259616031405679905e+03 3.652232701970395956e-01
1.259450607227076489e+03 3.694217531090756013e-01
1.259285305403634766e+03 3.636244231971047514e-01
