# Wavelength, Reflectance
1.644622682235951288e+03 3.938475446695643978e-01
1.643756593368763788e+03 3.793059084959347071e-01
1.642891358993763788e+03 4.008175336260158539e-01
1.642027101181263788e+03 4.056085896174420613e-01
1.641163697860951288e+03 3.762875982493451565e-01
1.640301393173451288e+03 3.995617057523959126e-01
1.639439942978138788e+03 4.024393960975131690e-01
1.638579469345326288e+03 3.904988915115671921e-01
1.637719850204701288e+03 3.898881625503262116e-01
1.636861329696888788e+03 3.846147258197111229e-01
1.636003663681263788e+03 3.778532335858719171e-01
1.635146974228138788e+03 3.971208497756533173e-01
1.634291261337513788e+03 3.985448260921591879e-01
1.633436402939076288e+03 3.766096222742441046e-01
1.632582521103138788e+03 3.907843243149636825e-01
1.631729493759388788e+03 3.768101804194263771e-01
1.630877442978138788e+03 3.730514529390828726e-01
1.630026368759388788e+03 3.617459988651013369e-01
1.629176149032826288e+03 3.633454043776495057e-01
1.628326905868763788e+03 3.714814667738190468e-01
1.627478517196888788e+03 3.871100459176600728e-01
1.626631105087513788e+03 3.708273785973673076e-01
1.625784669540638788e+03 3.755484630087809195e-01
1.624939210556263788e+03 3.933749497073689150e-01
1.624094483993763788e+03 3.847533673252823139e-01
1.623250856064076288e+03 3.762668014802817984e-01
1.622407960556263788e+03 3.673820349280151332e-01
1.621566163681263788e+03 3.787473411253879929e-01
1.620725099228138788e+03 3.542511252044566183e-01
1.619885133407826288e+03 3.574593465129143333e-01
1.619045900009388788e+03 3.651592139372599188e-01
1.618207643173451288e+03 3.756436790325146102e-01
1.617370240829701288e+03 3.607440628868529009e-01
1.616533815048451288e+03 3.684577994377929433e-01
1.615698243759388788e+03 3.626966552938630239e-01
1.614863649032826288e+03 3.733597347678492273e-01
1.614030030868763788e+03 3.798751119938753584e-01
1.613197145126576288e+03 3.617457343658034286e-01
1.612365235946888788e+03 3.714190912247644083e-01
1.611534181259388788e+03 3.659086986860786705e-01
1.610704103134388788e+03 3.637676665743896365e-01
1.609874879501576288e+03 3.625557221585938850e-01
1.609046510360951288e+03 3.670986464207066646e-01
1.608219117782826288e+03 3.642399556396905824e-01
1.607392457626576288e+03 3.548953031323658913e-01
1.606566774032826288e+03 3.689981166016156333e-01
1.605742067001576288e+03 3.575517016414795912e-01
1.604918214462513788e+03 3.643401721899139911e-01
1.604095094345326288e+03 3.544175713586364407e-01
1.603272950790638788e+03 3.589946715227166907e-01
1.602451783798451288e+03 3.435071456375222154e-01
1.601631349228138788e+03 3.546229417693899100e-01
1.600811891220326288e+03 3.464320148602722527e-01
1.599993287704701288e+03 3.632398678925130575e-01
1.599175538681263788e+03 3.511260407529883110e-01
1.598358644150013788e+03 3.631450001962467367e-01
1.597542482040638788e+03 3.555614531795325273e-01
1.596727662704701288e+03 3.571989450429067792e-01
1.595913331650013788e+03 3.636046847587666719e-01
1.595099855087513788e+03 3.581950971650567084e-01
1.594287477157826288e+03 3.604246443153634738e-01
1.593475709579701288e+03 3.698502448012059851e-01
1.592664918564076288e+03 3.727319288537663811e-01
1.591855104110951288e+03 3.708878891552273016e-01
1.591046022079701288e+03 3.539516764939026339e-01
1.590237916610951288e+03 3.502282345740976299e-01
1.589430421493763788e+03 3.518772165475430036e-01
1.588623780868763788e+03 3.542078308283452825e-01
1.587818360946888788e+03 3.619187237819472824e-01
1.587013551376576288e+03 3.657199560049401721e-01
1.586209596298451288e+03 3.627503894931292661e-01
1.585406617782826288e+03 3.622694002433813343e-01
1.584604371689076288e+03 3.543937373017012615e-01
1.583802980087513788e+03 3.698586175229642836e-01
1.583002565048451288e+03 3.596121149542820805e-01
1.582202882431263788e+03 3.598641139233061947e-01
1.581404176376576288e+03 3.564089848973656660e-01
1.580606080673451288e+03 3.604643102080566930e-01
1.579808839462513788e+03 3.541204087576511617e-01
1.579012696884388788e+03 3.652729755454748317e-01
1.578217164657826288e+03 3.476487747223661606e-01
1.577422608993763788e+03 3.594727655176356285e-01
1.576628907821888788e+03 3.674928616928467839e-01
1.575835939071888788e+03 3.686753964693695318e-01
1.575043702743763788e+03 3.688890311352610585e-01
1.574252442978138788e+03 3.582341219582111935e-01
1.573462037704701288e+03 3.540010234972745251e-01
1.572672486923451288e+03 3.527724289459992502e-01
1.571883668564076288e+03 3.493010105739584037e-01
1.571095582626576288e+03 3.526364619075729179e-01
1.570308595321888788e+03 3.596103712507052741e-01
1.569522218368763788e+03 3.587869382934735785e-01
1.568736940048451288e+03 3.679655461476861178e-01
1.567952150009388788e+03 3.587995703509446188e-01
1.567168336532826288e+03 3.620050511516330616e-01
1.566385377548451288e+03 3.534091814655599961e-01
1.565603150985951288e+03 3.541393128524537581e-01
1.564821778915638788e+03 3.683932840104555684e-01
1.564041261337513788e+03 3.690704487420360391e-01
1.563261598251576288e+03 3.724587930511771283e-01
1.562482545517201288e+03 3.634978895506706942e-01
1.561704469345326288e+03 3.604267102760148056e-01
1.560927247665638788e+03 3.643561632372243619e-01
1.560150758407826288e+03 3.508599202564610109e-01
1.559375001571888788e+03 3.592458844422753428e-01
1.558600099228138788e+03 3.510754595723120097e-01
1.557826173446888788e+03 3.679388732093458736e-01
1.557052858017201288e+03 3.592625230240699685e-01
1.556280397079701288e+03 3.566087167426297833e-01
1.555508668564076288e+03 3.602205156739216041e-01
1.554737916610951288e+03 3.616542463888959280e-01
1.553967775009388788e+03 3.598128050553545676e-01
1.553198609970326288e+03 3.704087207117221503e-01
1.553198487900013788e+03 3.555002288542701838e-01
1.552942384384388788e+03 3.669354012456153002e-01
1.552686158798451288e+03 3.612862729099294845e-01
1.552430177353138788e+03 3.603304364867324638e-01
1.552430055282826288e+03 3.603302983872306853e-01
1.552174195907826288e+03 3.715759770547151231e-01
1.551662477157826288e+03 3.524247341953173907e-01
1.550895631454701288e+03 3.595951107344581010e-01
1.550129518173451288e+03 3.554747431762276810e-01
1.549364259384388788e+03 3.642244963805660873e-01
1.548599855087513788e+03 3.531866841186400707e-01
1.547836061142201288e+03 3.523679134993029649e-01
1.547073121689076288e+03 3.543547985420886781e-01
1.546311036728138788e+03 3.541527266533146534e-01
1.545549806259388788e+03 3.489843973274619482e-01
1.544789186142201288e+03 3.623098309708965292e-01
1.544029298446888788e+03 3.542804519803693375e-01
1.543270387314076288e+03 3.517793949105869067e-01
1.542512330673451288e+03 3.526440067118304378e-01
1.541754884384388788e+03 3.582343310672416181e-01
1.540998170517201288e+03 3.576462812497642196e-01
1.540242311142201288e+03 3.504104262348388121e-01
1.539487184189076288e+03 3.556518417051839354e-01
1.538733033798451288e+03 3.549260803358456617e-01
1.537979493759388788e+03 3.625086218157529405e-01
1.537226686142201288e+03 3.635401238667844148e-01
1.536474733017201288e+03 3.576706285345722103e-01
1.535723268173451288e+03 3.653169143922851414e-01
1.534973146103138788e+03 3.483685703717880888e-01
1.534223268173451288e+03 3.513224798878967770e-01
1.533474488876576288e+03 3.547922472892952594e-01
1.532726319931263788e+03 3.484481800738272184e-01
1.531978883407826288e+03 3.546390976825836150e-01
1.531232423446888788e+03 3.528718912349745329e-01
1.530486573837513788e+03 3.496522377368225243e-01
1.529741456650013788e+03 3.485561405585255179e-01
1.528997071884388788e+03 3.477577308836649617e-01
1.528253541610951288e+03 3.504323742435865863e-01
1.527510499618763788e+03 3.578861436562124632e-01
1.526768678329701288e+03 3.492939056961984479e-01
1.526027223251576288e+03 3.563537954496526217e-01
1.525286866806263788e+03 3.544658544984767290e-01
1.524546998642201288e+03 3.636663075223104391e-01
1.523807984970326288e+03 3.521458197208319207e-01
1.523069703720326288e+03 3.522494398424301787e-01
1.522332276962513788e+03 3.634424929729397347e-01
1.521595460556263788e+03 3.507342471088739089e-01
1.520859376571888788e+03 3.632099787958256720e-01
1.520124025009388788e+03 3.460875033424030689e-01
1.519389527939076288e+03 3.540436757377375954e-01
1.518655641220326288e+03 3.602060250563825505e-01
1.517922486923451288e+03 3.511152537171351451e-01
1.517190431259388788e+03 3.561181250934372655e-01
1.516458863876576288e+03 3.483699683784635681e-01
1.515727906845326288e+03 3.560192956431146305e-01
1.515484620712513788e+03 3.660661276772009809e-01
1.515241334579701288e+03 3.607114428631709169e-01
1.514997926376576288e+03 3.655274190781080401e-01
1.514997804306263788e+03 3.500092128075501519e-01
1.514754762314076288e+03 3.696899323991331143e-01
1.514511720321888788e+03 3.597322256606564905e-01
1.514268434189076288e+03 3.451359867531071379e-01
1.513539796493763788e+03 3.513455382564200091e-01
1.512811891220326288e+03 3.562151275121182570e-01
1.512084718368763788e+03 3.517699408881137524e-01
1.511358400009388788e+03 3.535142676114350624e-01
1.510632692001576288e+03 3.598788266855106333e-01
1.509907716415638788e+03 3.580247142252884207e-01
1.509183473251576288e+03 3.596542160840660585e-01
1.508459962509388788e+03 3.640063370442211954e-01
1.507737184189076288e+03 3.550121917304086550e-01
1.507015138290638788e+03 3.568544447540510367e-01
1.506293824814076288e+03 3.599094227651392641e-01
1.505573243759388788e+03 3.567792398843664947e-01
1.504853517196888788e+03 3.685844336565423651e-01
1.504134278915638788e+03 3.527896073045674874e-01
1.503415895126576288e+03 3.626837203086381578e-01
1.502696934331953798e+03 3.495862055129337342e-01
1.501978666105136426e+03 3.597487195614448297e-01
1.501261253832964712e+03 3.523726168185117302e-01
1.500544452956968144e+03 3.608485585727930767e-01
1.499828385756382204e+03 3.515479835403354514e-01
1.499113052231206439e+03 3.571287360655417409e-01
1.498398330102206273e+03 3.582028163925786157e-01
1.497684463927851539e+03 3.519802507759038912e-01
1.496971209149672177e+03 3.560176656438341913e-01
1.496258810326138246e+03 3.571213210818829364e-01
1.495547022898779915e+03 3.557826935153246550e-01
1.494835969146831758e+03 3.589758300503771982e-01
1.494125526791059201e+03 3.557350211639808135e-01
1.493415940389931848e+03 3.541073502770148429e-01
1.492706965384980094e+03 3.548641274918141186e-01
1.491998724055438743e+03 3.610536749796378064e-01
1.491291216401307793e+03 3.562130304740581122e-01
1.490584320143352215e+03 3.553760674547740694e-01
1.489878157560807040e+03 3.598019176851159351e-01
1.489172728653672266e+03 3.578460107572564164e-01
1.488468033421948121e+03 3.539579483931096782e-01
1.487763949586399121e+03 3.452187629315670581e-01
1.487060599426260751e+03 3.549265042628507172e-01
1.486357860662297526e+03 3.623914546498178679e-01
1.485655977852979959e+03 3.560652218356448739e-01
1.484954706439837764e+03 3.456496106979574101e-01
1.484254168702105972e+03 3.565792060112583650e-01
1.483554242360549551e+03 3.512932545483055113e-01
1.482855171973638562e+03 3.474041921601687122e-01
1.482156590703667916e+03 3.556728781425766983e-01
1.481458865388342701e+03 3.510405164644424536e-01
1.480761751469193086e+03 3.496683537064335101e-01
1.480065248946218617e+03 3.558380309990277768e-01
1.479369602377889805e+03 3.590431360722141085e-01
1.478674444926501110e+03 3.580407649263476766e-01
1.477980143429758073e+03 3.551261376550516879e-01
1.477286453329190408e+03 3.557070355588506927e-01
1.476593496904032918e+03 3.621412316976049817e-01
1.475901151875051028e+03 3.565713498523808145e-01
1.475209540521479539e+03 3.545629204932647660e-01
1.474518540564083423e+03 3.551594688692180646e-01
1.473828274282097709e+03 3.576179842474094261e-01
1.473138619396287368e+03 3.576264495676089172e-01
1.472449698185887655e+03 3.496726541718170878e-01
1.471761510650898117e+03 3.497287214442962311e-01
1.471073934512083952e+03 3.505122392158844802e-01
1.470387092048680415e+03 3.567135064891461260e-01
1.469700860981452024e+03 3.484681363963022527e-01
1.469015241310399233e+03 3.543984575628040812e-01
1.468330355314756616e+03 3.621545440444011721e-01
1.467646202994524629e+03 3.577749924436353646e-01
1.466962662070468014e+03 3.558631436921854130e-01
1.466279732542586544e+03 3.444942158478059846e-01
1.465597536690115703e+03 3.529215054922965056e-01
1.464915952233820235e+03 3.539073130226465524e-01
1.464235101452935169e+03 3.596533394344817447e-01
1.463554862068225475e+03 3.654839274079780820e-01
1.462875356358926183e+03 3.545583397758162447e-01
1.462196462045802264e+03 3.585332637222394814e-01
1.461518179128853490e+03 3.580945802605933204e-01
1.460840507608080316e+03 3.569911208684056203e-01
1.460163692041952800e+03 3.528834663076285127e-01
1.459487365592765400e+03 3.419722278147054872e-01
1.458811772818988402e+03 3.507236026515622163e-01
1.458136791441386777e+03 3.559061664440731354e-01
1.457462543739195553e+03 3.590325371367479868e-01
1.456788907433179702e+03 3.545217595661623866e-01
1.456115882523339451e+03 3.490771537274056646e-01
1.455443591288909374e+03 3.493179603956363954e-01
1.454771911450654670e+03 3.456279635713278564e-01
1.454100843008575566e+03 3.509924651692265529e-01
1.453430385962671608e+03 3.475698983084757887e-01
1.452760784871413080e+03 3.596124873777040154e-01
1.452091672897095123e+03 3.544111665944333356e-01
1.451423172318952311e+03 3.642880336203949132e-01
1.450755405416220128e+03 3.538779802105037620e-01
1.450088249909663091e+03 3.495317962897118713e-01
1.449421705799281426e+03 3.541476563215920081e-01
1.448755895364310391e+03 3.467602578570805338e-01
1.448090696325514500e+03 3.558772679885615076e-01
1.447425986403659181e+03 3.626834337968501965e-01
1.446762132436449065e+03 3.599864540472763608e-01
1.446098767586179520e+03 3.514916302828640648e-01
1.445436258690555178e+03 3.541540547462835864e-01
1.444774116632636378e+03 3.483257666315176526e-01
1.444112708250127753e+03 3.473368856480242295e-01
1.443452033543029756e+03 3.548575983074395701e-01
1.442791847952871876e+03 3.614474254822153121e-01
1.442132396038124625e+03 3.632288656467435595e-01
1.441473555519552519e+03 3.494468922417920953e-01
1.440815326397156014e+03 3.501167301740987226e-01
1.440157586391699624e+03 3.466016014731816974e-01
1.439500824620123922e+03 3.470947535786590432e-01
1.439500702340888893e+03 3.406396937432930039e-01
1.439281944789343697e+03 3.411584513957239273e-01
1.439063064958563473e+03 3.446224770131137149e-01
1.438844429686253306e+03 3.367919777788623836e-01
1.438844307407018277e+03 3.496847418564454357e-01
1.438625672134708111e+03 3.431680034124348633e-01
1.438407159141633201e+03 3.473734600644923232e-01
1.438188768427793320e+03 3.495721086580412806e-01
1.438188646148558064e+03 3.542780236893827706e-01
1.437970255434718183e+03 3.402826760302790077e-01
1.437751987000113331e+03 3.455976234086501897e-01
1.437533718565508480e+03 3.398130565173713702e-01
1.437533596286273450e+03 3.475789327949393437e-01
1.437315205572433570e+03 3.494772395673524379e-01
1.437097181696298776e+03 3.483698591024740332e-01
1.436879280099399011e+03 3.430135944464768882e-01
1.436879157820163982e+03 3.406767917582931293e-01
1.436661133944029416e+03 3.494427257280729449e-01
1.436443110067894622e+03 3.470041385156893976e-01
1.436225330750230114e+03 3.422828048355577857e-01
1.436007551432565378e+03 3.507241428171493092e-01
1.435789772114900870e+03 3.363464338759444283e-01
1.435572115076471391e+03 3.459143963449375914e-01
1.435354580317276941e+03 3.487661813127129196e-01
1.435137045558082491e+03 3.442702686813955970e-01
1.434919510798888041e+03 3.479705120339837143e-01
1.434702220598163876e+03 3.599024658975451540e-01
1.434484808118204455e+03 3.435814079592225956e-01
1.434267517917480291e+03 3.538572855442600473e-01
1.434050349995990928e+03 3.619159647914744760e-01
1.433833304353736821e+03 3.551247111824722968e-01
1.433616258711482715e+03 3.560930442734335233e-01
1.433399213069228608e+03 3.398511650874616596e-01
1.433182411985444560e+03 3.422675456814736616e-01
1.432965488622425482e+03 3.349881945886419854e-01
1.432748687538641434e+03 3.457688325849304078e-01
1.432532008734092642e+03 3.253685957489776959e-01
1.432315452208778652e+03 3.364235649818786422e-01
1.432098895683464889e+03 3.300537376316537985e-01
1.431882339158151126e+03 3.327229950492684440e-01
1.431665904912072392e+03 3.266962007331570828e-01
1.431449592945228687e+03 3.289374442696864631e-01
1.431233280978384983e+03 3.256731865645380863e-01
1.431017091290776307e+03 3.249065394403949925e-01
1.430801023882402660e+03 3.382041013727703493e-01
1.430584834194793984e+03 3.430204147033182882e-01
1.430368766786420565e+03 3.537670796559442832e-01
1.430152699378046918e+03 3.529872871960154090e-01
1.429936998807378586e+03 3.543121586966848091e-01
1.429721175957475225e+03 3.540358063160581326e-01
1.429505475386806893e+03 3.563765053430432150e-01
1.429289897095373590e+03 3.481101316792789002e-01
1.429074196524705258e+03 3.537699649133634883e-01
1.428858618233271955e+03 3.586092877100218734e-01
1.428643162221073908e+03 3.435855859723356831e-01
1.428427828488110663e+03 3.511142643713526246e-01
1.428212494755147645e+03 3.608483596339957522e-01
1.427997161022184400e+03 3.568125812892852244e-01
1.427781949568456412e+03 3.578317539681609150e-01
1.427566982673198481e+03 3.614178773266762401e-01
1.427351771219470493e+03 3.596013606440476851e-01
1.427136804324212562e+03 3.578676338064972207e-01
1.426921959708189661e+03 3.691642282018722243e-01
1.426707115092166987e+03 3.683253708422953299e-01
1.426492270476144085e+03 3.609919848970095657e-01
1.426277548139356441e+03 3.611193439175256481e-01
1.426062948081803597e+03 3.587285038914940771e-01
1.425848348024250981e+03 3.589749871818328497e-01
1.425633870245933394e+03 3.580958458428707969e-01
1.425419392467615808e+03 3.593704946142122214e-01
1.425205036968533250e+03 3.560912360806562371e-01
1.424990681469450692e+03 3.493969360969128579e-01
1.424776448249603163e+03 3.578694625493907266e-01
1.424562092750520605e+03 3.586402943306649660e-01
1.424348226368378391e+03 3.566182348170626182e-01
1.424134115427766119e+03 3.508102576767997971e-01
1.423920126766388648e+03 3.467259396463117094e-01
1.423706260384246434e+03 3.476599158703037040e-01
1.423492394002104220e+03 3.590807679314925727e-01
1.423278649899197035e+03 3.519963514847178621e-01
1.423064783517054821e+03 3.548291161488831835e-01
1.422851406251852950e+03 3.575855403499008656e-01
1.422637784428180794e+03 3.557348559200251836e-01
1.422424284883743667e+03 3.609424627640537286e-01
1.422210785339306767e+03 3.614301200395759195e-01
1.421997530353339926e+03 3.660608807213714400e-01
1.421784153088137828e+03 3.570141986923659472e-01
1.421570898102170986e+03 3.576346067381783733e-01
1.421357643116204144e+03 3.511673069570961925e-01
1.421144632688707361e+03 3.520423193267272488e-01
1.420931622261210578e+03 3.496482257066362287e-01
1.420718611833714021e+03 3.573107670786089818e-01
1.420505845964687296e+03 3.687729405067218247e-01
1.420292835537190513e+03 3.559945661893120228e-01
1.420080191947399044e+03 3.591186682625157611e-01
1.419867426078372546e+03 3.522962798022515329e-01
1.419654904767816106e+03 3.594662638046463576e-01
1.419442261178024637e+03 3.491355781886609777e-01
1.419229739867468197e+03 3.570732022114937454e-01
1.419017340836146786e+03 3.586678607850893319e-01
1.418805064084060405e+03 3.552670634079480583e-01
1.418592787331974023e+03 3.520128266782595605e-01
1.418380510579887869e+03 3.494752817061326788e-01
1.418168233827801487e+03 3.538325087067098473e-01
1.417956323913420420e+03 3.524240521727906028e-01
1.417744169440569294e+03 3.506457074216443037e-01
1.417532137246952971e+03 3.532713505386041453e-01
1.417320349611807160e+03 3.499758689045727733e-01
1.417108561976661122e+03 3.582153168913136954e-01
1.416896774341515084e+03 3.592184639305725513e-01
1.416684986706369045e+03 3.605243693241636516e-01
1.416473443629693293e+03 3.546112882532406196e-01
1.416261900553017313e+03 3.635898086909477023e-01
1.416050357476341560e+03 3.535532350369370858e-01
1.415838936678900609e+03 3.533704465880800893e-01
1.415627515881459885e+03 3.550597620852004033e-01
1.415416339642489220e+03 3.535675491611823817e-01
1.415205041124283525e+03 3.617728749300642699e-01
1.414993864885312860e+03 3.580527797911056687e-01
1.414782688646342194e+03 3.480277108747217851e-01
1.414571756965841814e+03 3.650112709213542139e-01
1.414360825285341207e+03 3.528025788454556833e-01
1.414149893604840827e+03 3.548820732864796379e-01
1.413939084203575248e+03 3.483752202785361241e-01
1.413728397081544927e+03 3.560839639240985788e-01
1.413517587680279576e+03 3.590743380257170880e-01
1.413306778279013997e+03 3.536026144531726478e-01
1.413096457994688990e+03 3.593889660514997253e-01
1.412885893151893697e+03 3.437738370651913233e-01
1.412675450588333433e+03 3.473469480366637718e-01
1.412465008024773169e+03 3.481090830394777957e-01
1.412254810019683191e+03 3.530604377541480821e-01
1.412044612014593213e+03 3.621548759635466741e-01
1.411834414009503007e+03 3.628803873631639698e-01
1.411624216004413029e+03 3.619910947295397752e-01
1.411414262557793108e+03 3.517969095496523702e-01
1.411204309111173188e+03 3.564064264208135491e-01
1.410994355664553268e+03 3.563329366403271692e-01
1.410784402217933348e+03 3.504686476113151317e-01
1.410574693329783486e+03 3.565330062162269109e-01
1.410364984441633851e+03 3.613622023608824008e-01
1.410155397832719018e+03 3.603769570860274052e-01
1.409945688944569383e+03 3.614276760086079232e-01
1.409736346894124836e+03 3.537990634666638989e-01
1.409526760285210003e+03 3.512627269957622755e-01
1.409317418234765455e+03 3.543579873443434280e-01
1.409108076184320907e+03 3.573645495688030360e-01
1.408898856413111616e+03 3.487424524428958117e-01
1.408689636641902098e+03 3.547495841292166996e-01
1.408480539149927608e+03 3.539141440431481933e-01
1.408271441657953119e+03 3.456776573942961228e-01
1.408062466445213886e+03 3.476766797100613315e-01
1.407853491232474425e+03 3.452439060719483255e-01
1.407644638298970222e+03 3.592919457626825852e-01
1.407435785365466018e+03 3.514245797686919026e-01
1.407227054711196843e+03 3.536362413183860021e-01
1.407018446336162697e+03 3.573078402311224977e-01
1.406809837961128551e+03 3.554809724822212136e-01
1.406601229586094405e+03 3.596119207019494168e-01
1.406392743490295516e+03 3.628509914188349228e-01
1.406184501952966457e+03 3.597663641109417609e-01
1.405976015857167567e+03 3.569222481037195305e-01
1.405767774319838509e+03 3.558768087936004521e-01
1.405559532782509677e+03 3.637873242079265879e-01
1.405351413524415875e+03 3.648279034405494392e-01
1.405143294266322073e+03 3.592666671025998015e-01
1.404935297287463300e+03 3.598395928008462641e-01
1.404727300308604526e+03 3.557806088612551210e-01
1.404519547888216039e+03 3.565458959078236512e-01
1.404311673188592295e+03 3.592988570525463277e-01
1.404103798488968550e+03 3.558119570795948983e-01
1.403896168347815092e+03 3.545094111578859231e-01
1.403688538206661406e+03 3.566707785735488967e-01
1.403481030344742976e+03 3.592901281176977268e-01
1.403273400203589517e+03 3.576093703004462054e-01
1.403066014620906117e+03 3.562964233920133394e-01
1.402858751317457745e+03 3.552649781364644599e-01
1.402651365734774345e+03 3.610460325792029246e-01
1.402444102431326201e+03 3.597213356234605919e-01
1.402236839127877829e+03 3.597914830667021113e-01
1.402029820382899516e+03 3.509291635746500382e-01
1.401822801637921430e+03 3.644169383049333799e-01
1.401615782892943344e+03 3.610137799966597338e-01
1.401408764147965030e+03 3.611861660690736109e-01
1.401201867682221973e+03 3.567763517076565360e-01
1.400995093495713945e+03 3.506018401638503201e-01
1.400788441588440946e+03 3.516911004906452254e-01
1.400581789681168175e+03 3.540306908922578044e-01
1.400375137773895176e+03 3.581071023167098910e-01
1.400168608145857206e+03 3.568571576676183299e-01
1.399962200797054493e+03 3.594413702371652697e-01
1.399755671169016523e+03 3.580486141211223217e-01
1.399549386099448839e+03 3.588644474338464896e-01
1.399343101029881154e+03 3.565734655446747836e-01
1.399136938239548499e+03 3.510451188648948118e-01
1.398930653169980587e+03 3.500319317160990873e-01
1.398724612658883188e+03 3.521220252223394853e-01
1.398518694427020591e+03 3.490334308078710257e-01
1.398312531636687936e+03 3.531524013737949441e-01
1.398106735684060368e+03 3.613341827918015170e-01
1.397900817452197998e+03 3.485622780043805546e-01
1.397695021499570430e+03 3.503482203693335517e-01
1.397489470105413147e+03 3.582385515321419023e-01
1.397283796432020836e+03 3.541033305532940156e-01
1.397078122758628524e+03 3.533142689659384827e-01
1.396872449085236212e+03 3.522198794759179297e-01
1.396667264528784017e+03 3.508078369017221254e-01
1.396461835413861763e+03 3.559428930608826702e-01
1.396256406298939510e+03 3.530515881831050029e-01
1.396051221742487542e+03 3.586829073806224177e-01
1.395846037186035346e+03 3.589920339175114994e-01
1.395640852629583378e+03 3.599110753871410662e-01
1.395435790352366439e+03 3.432265390875209876e-01
1.395230728075149273e+03 3.533288618839234285e-01
1.395025788077167363e+03 3.630940198626155802e-01
1.394820970358420482e+03 3.383660354950365767e-01
1.394616152639673601e+03 3.498939387465716533e-01
1.394411334920926720e+03 3.443998221586466180e-01
1.394206517202179839e+03 3.574599389904202229e-01
1.394002066321138273e+03 3.588313207789097237e-01
1.393797493160861677e+03 3.563758109449916001e-01
1.393592920000584854e+03 3.637992893184679444e-01
1.393388469119543288e+03 3.591047306864353361e-01
1.393184140517736751e+03 3.603944091974505826e-01
1.392979811915929986e+03 3.600324545978125235e-01
1.392775605593358705e+03 3.535982690987515831e-01
1.392571399270787197e+03 3.685481321447832692e-01
1.392367192948215688e+03 3.522117544832329417e-01
1.392163231184114238e+03 3.653083290359175339e-01
1.391959147140777759e+03 3.564500310751851364e-01
1.391755185376676536e+03 3.527249423924499472e-01
1.391551223612575086e+03 3.651963501535290813e-01
1.391347628686178950e+03 3.552381050490074355e-01
1.391143789201312757e+03 3.509845355145658208e-01
1.390940071995681592e+03 3.436051093534966405e-01
1.390736477069285456e+03 3.485510956097884194e-01
1.390532882142889321e+03 3.564363348041561519e-01
1.390329409495728214e+03 3.629702555642834172e-01
1.390125936848567108e+03 3.472718617179181289e-01
1.389922586480641030e+03 3.566422480672621353e-01
1.389719236112715180e+03 3.581724532577701958e-01
1.389516130303259388e+03 3.580604417376015980e-01
1.389312902214568339e+03 3.569884682688487243e-01
1.389109674125877518e+03 3.489462573241513543e-01
1.388906568316421726e+03 3.564269155278765311e-01
1.388703584786200963e+03 3.487427047802180713e-01
1.388500723535215229e+03 3.579359988386975333e-01
1.388297862284229495e+03 3.478863030136983836e-01
1.388095001033243761e+03 3.533909354561483029e-01
1.387892262061493057e+03 3.532890713773207958e-01
1.387689645368977608e+03 3.540206598729011556e-01
1.387486906397226903e+03 3.467584843872853484e-01
1.387284411983946484e+03 3.535801607815380887e-01
1.387081917570666064e+03 3.536384340010907401e-01
1.386879423157385418e+03 3.620040378767689360e-01
1.386677051023340027e+03 3.543467882387927870e-01
1.386474801168529893e+03 3.609476561213013635e-01
1.386272429034484276e+03 3.565170318902401436e-01
1.386070301458909171e+03 3.617528181800297449e-01
1.385868173883333839e+03 3.668805741876576820e-01
1.385666168586993763e+03 3.487484326785258437e-01
1.385464163290653460e+03 3.626115591518501713e-01
1.385262157994313384e+03 3.555507204413680400e-01
1.385060274977208110e+03 3.590606205735151213e-01
1.384858391960103063e+03 3.544425117544775516e-01
1.384656753501468074e+03 3.589146786431186009e-01
1.384454992763598057e+03 3.607824288372024624e-01
1.384253354304963068e+03 3.584738884614295795e-01
1.384051715846328079e+03 3.609259602775554687e-01
1.383850321946163376e+03 3.519527608251933892e-01
1.383648805766763417e+03 3.551917691818022305e-01
1.383447411866598486e+03 3.600500434847755948e-01
1.383246017966433783e+03 3.597871068364862368e-01
1.383044868624739138e+03 3.570059465566635115e-01
1.382843719283044493e+03 3.581170148275402143e-01
1.382642447662114591e+03 3.547106684235867835e-01
1.382441420599654975e+03 3.569618796905614233e-01
1.382240393537195359e+03 3.613571161544287258e-01
1.382039488753971000e+03 3.533042328150619027e-01
1.381838583970746413e+03 3.527373976963885660e-01
1.381637679187521826e+03 3.606319327135634745e-01
1.381436896683532268e+03 3.606427248545168718e-01
1.381236114179542938e+03 3.622920865580614436e-01
1.381035576234023665e+03 3.615522777079485661e-01
1.380835038288504165e+03 3.584643663454002427e-01
1.380634500342984893e+03 3.571598311849915608e-01
1.380433962397465621e+03 3.580428343490151266e-01
1.380233546731181377e+03 3.613660196275039760e-01
1.380033253344132163e+03 3.568123824337461336e-01
1.379832959957083176e+03 3.488300688843518627e-01
1.379632666570033962e+03 3.545454367102186533e-01
1.379432495462219777e+03 3.605380647235738034e-01
1.379232568912875877e+03 3.529360189771538203e-01
1.379032520084296721e+03 3.588468369920967960e-01
1.378832471255717792e+03 3.499163674371481014e-01
1.378632544706373892e+03 3.485150508378188072e-01
1.378432618157029992e+03 3.492827972423944161e-01
1.378232813886921122e+03 3.613730028410261363e-01
1.378033131896047280e+03 3.595915546258894868e-01
1.377833449905173438e+03 3.554122358343230759e-01
1.377633890193534626e+03 3.658159202807776400e-01
1.377434330481896041e+03 3.644363496757412890e-01
1.377234893049492257e+03 3.537709472481748718e-01
1.377035455617088701e+03 3.561018329601841059e-01
1.376836018184684917e+03 3.596124231155895523e-01
1.376636703031516390e+03 3.588530322676130591e-01
1.376437387878347863e+03 3.534956007149275270e-01
1.376238317283649394e+03 3.711705299978521055e-01
1.376039124409715896e+03 3.569685629699182461e-01
1.375840053815017427e+03 3.558053018896121800e-01
1.375640983220318958e+03 3.624032221367038398e-01
1.375442034904855518e+03 3.631450519667189236e-01
1.375243331147862364e+03 3.588954439779529215e-01
1.375044505111633953e+03 3.535651886052533222e-01
1.374845679075405769e+03 3.520457172478206886e-01
1.374646975318412615e+03 3.569234634784183013e-01
1.374448271561419233e+03 3.584854614569608633e-01
1.374249812362896137e+03 3.546492074969306851e-01
1.374051230885138011e+03 3.593996809139717308e-01
1.373852771686614915e+03 3.610697815752619277e-01
1.373654312488092046e+03 3.570528307813932711e-01
1.373455975568803979e+03 3.592875128157856923e-01
1.373257760928750940e+03 3.556205235684061217e-01
1.373059424009463100e+03 3.523647210830119225e-01
1.372861331648645091e+03 3.523574598241761002e-01
1.372663239287827309e+03 3.547941745719588313e-01
1.372465146927009528e+03 3.576730586581141624e-01
1.372267299124661804e+03 3.527544134693547107e-01
1.372069329043078824e+03 3.563818914212271149e-01
1.371871481240731100e+03 3.539647361347421639e-01
1.371673511159148347e+03 3.587820939763531891e-01
1.371475907915270909e+03 3.532413434628342563e-01
1.371278304671393244e+03 3.528339190970060657e-01
1.371080701427515805e+03 3.513246649372033792e-01
1.370883098183638140e+03 3.524293578029220053e-01
1.370685494939760474e+03 3.556141572711792875e-01
1.370488013975118065e+03 3.628476634694790537e-01
1.370290777568945714e+03 3.461085859383081775e-01
1.370093418883538334e+03 3.515084347765541906e-01
1.369896182477365983e+03 3.497279654374801927e-01
1.369698946071193632e+03 3.470779346413193078e-01
1.369501831944256310e+03 3.529694860464467343e-01
1.369304840096554017e+03 3.599956834640022918e-01
1.369107603690381666e+03 3.578856485349893868e-01
1.368910734121914629e+03 3.590821881967872775e-01
1.368713864553447593e+03 3.628204349048377853e-01
1.368516994984980329e+03 3.528308658640303963e-01
1.368320247695748321e+03 3.613484232457153111e-01
1.368123500406516314e+03 3.558057852177116120e-01
1.367926753117284079e+03 3.570519373939397556e-01
1.367730250386522357e+03 3.669767656796718569e-01
1.367533625376525379e+03 3.549753764005356138e-01
1.367337122645763429e+03 3.655828643022881463e-01
1.367140864473471538e+03 3.525532461099418757e-01
1.366944361742709589e+03 3.548651520009681870e-01
1.366748103570417925e+03 3.544191908039734940e-01
1.366551723118891005e+03 3.573084268566507626e-01
1.366355587225834370e+03 3.617583407247599303e-01
1.366159573612012764e+03 3.532896995668297624e-01
1.365963437718956129e+03 3.669825090585434046e-01
1.365767424105134523e+03 3.596583695660376390e-01
1.365571410491312918e+03 3.615038490531691240e-01
1.365375519156726341e+03 3.567071907370956696e-01
1.365179872380609822e+03 3.651328859176914965e-01
1.364983981046023246e+03 3.648877091801375760e-01
1.364788334269906954e+03 3.553942262866506274e-01
1.364592565214555407e+03 3.512892646570561772e-01
1.364397040717674145e+03 3.662659719751895082e-01
1.364201516220792882e+03 3.611652628432271417e-01
1.364005991723911393e+03 3.632321778762137021e-01
1.363810589506265160e+03 3.574272950717688468e-01
1.363615187288618927e+03 3.611964005221764973e-01
1.363419907350207723e+03 3.596316184580047315e-01
1.363224627411796519e+03 3.560243374091357493e-01
1.363029469752620344e+03 3.593876659086723824e-01
1.362834434372679425e+03 3.615288746524185637e-01
1.362639154434268221e+03 3.569273544363307238e-01
1.362444241333562331e+03 3.571279373193431694e-01
1.362249328232856215e+03 3.641305408517196973e-01
1.362054537411385354e+03 3.537673823386134897e-01
1.361859624310679465e+03 3.622298353856842068e-01
1.361664833489208604e+03 3.445820921214316490e-01
1.361470042667737516e+03 3.576636229135029543e-01
1.361275374125501685e+03 3.617449733132331868e-01
1.361080827862501110e+03 3.615157252475408312e-01
1.360886403878735337e+03 3.627708331278150511e-01
1.360691857615734534e+03 3.655725185541338074e-01
1.360497433631968988e+03 3.600437696167851365e-01
1.360303009648203215e+03 3.573761371073270188e-01
1.360108585664437669e+03 3.683757084932953174e-01
1.359914528518377210e+03 3.650495247142082067e-01
1.359720349093081495e+03 3.726446625671279156e-01
1.359526169667786007e+03 3.609392997839916406e-01
1.359332112521725549e+03 3.542703637969864539e-01
1.359138055375665090e+03 3.583941119301452538e-01
1.358944120508839660e+03 3.621590955419207725e-01
1.358750307921249487e+03 3.605238651343901646e-01
1.358556373054424057e+03 3.618258734374736885e-01
1.358362560466833656e+03 3.658594516424159560e-01
1.358168870158478512e+03 3.664126265231719137e-01
1.357975179850123368e+03 3.657483686596383343e-01
1.357781611821003025e+03 3.647168299179656126e-01
1.357588043791882910e+03 3.629704890433125830e-01
1.357394598041997824e+03 3.566105156151037070e-01
1.357201152292112738e+03 3.694429005426698165e-01
1.357007706542227652e+03 3.609281745217568504e-01
1.356814383071577595e+03 3.686508465342041019e-01
1.356621181880162567e+03 3.560742177973777456e-01
1.356427980688747766e+03 3.601726748703109049e-01
1.356234901776567767e+03 3.560668321667644354e-01
1.356041700585152967e+03 3.633383642177788198e-01
1.355848743952207997e+03 3.682464328568209599e-01
1.355655665040028225e+03 3.631220276099244582e-01
1.355462952965553541e+03 3.632435005674783390e-01
1.355269996332608798e+03 3.693915031556020412e-01
1.355077161978899085e+03 3.621134585480661472e-01
1.354884449904424400e+03 3.688037896439305130e-01
1.354691737829949716e+03 3.562056722930547203e-01
1.354499270313945090e+03 3.703827629885080297e-01
1.354306680518705662e+03 3.657270804508860329e-01
1.354114090723466006e+03 3.545674626224794568e-01
1.353921623207461607e+03 3.644273483397102997e-01
1.353729155691456981e+03 3.638101456469167161e-01
1.353536810454687611e+03 3.657194850259925523e-01
1.353344709776388299e+03 3.626702342683838509e-01
1.353152486818853959e+03 3.619323201003624701e-01
1.352960263861319618e+03 3.667388306674977394e-01
1.352768163183020306e+03 3.734226410520006256e-01
1.352576062504720994e+03 3.677839648092998126e-01
1.352384084105656711e+03 3.670548951265131254e-01
1.352192227985827458e+03 3.619156538361147923e-01
1.352000371865998432e+03 3.672200261162845147e-01
1.351808515746169178e+03 3.607624495250376095e-01
1.351616659626340152e+03 3.716835653620149116e-01
1.351424925785746154e+03 3.651708998114459592e-01
1.351233191945151930e+03 3.707340744328106452e-01
1.351041824942263020e+03 3.665492167374357901e-01
1.350850213380904052e+03 3.655333550466646209e-01
1.350658724098780112e+03 3.631403722099428300e-01
1.350467357095891202e+03 3.631754320056541641e-01
1.350275990093002520e+03 3.602021994791516635e-01
1.350084623090113610e+03 3.688803994298433531e-01
1.349893500645694985e+03 3.590828818580254489e-01
1.349702255922041104e+03 3.602438380541694851e-01
1.349511133477622479e+03 3.651960499242352665e-01
1.349320011033203627e+03 3.605350787458323492e-01
1.349129010868020032e+03 3.546662892249556331e-01
1.348938010702836436e+03 3.641925871692936467e-01
1.348747132816887870e+03 3.617976675627684879e-01
1.348556377210174333e+03 3.626641838541513341e-01
1.348365499324225766e+03 3.638866719703016117e-01
1.348174743717512229e+03 3.638995810831012756e-01
1.347984110390033948e+03 3.634745663956349127e-01
1.347793477062555439e+03 3.658660730297327857e-01
1.347602966014312187e+03 3.589706262361729849e-01
1.347412332686833679e+03 3.662632897920385378e-01
1.347221943917825456e+03 3.655686944623972034e-01
1.347031555148817006e+03 3.595991533619342650e-01
1.346841166379808783e+03 3.587277050741699558e-01
1.346650899890035589e+03 3.595066280966223160e-01
1.346460755679497424e+03 3.604738969690246542e-01
1.346270611468959260e+03 3.652259752186416408e-01
1.346080467258421322e+03 3.631950095821004920e-01
1.345890445327118186e+03 3.578951426645242129e-01
1.345700423395815051e+03 3.688487816088892313e-01
1.345510401464512142e+03 3.611915343540043621e-01
1.345320624091679065e+03 3.669610907959043322e-01
1.345130724439611186e+03 3.641530385996857300e-01
1.344940947066778335e+03 3.625082099646345646e-01
1.344751291973180514e+03 3.651997346334135419e-01
1.344561514600347436e+03 3.651984703697714330e-01
1.344371981785984644e+03 3.656687376195385530e-01
1.344182326692386823e+03 3.668506216227407912e-01
1.343993038436494317e+03 3.667049562416579422e-01
1.343803505622131524e+03 3.601339400085293851e-01
1.343614095087003761e+03 3.637458899355539010e-01
1.343424806831111255e+03 3.625357935690072808e-01
1.343235518575218521e+03 3.586442126632179428e-01
1.343046352598561043e+03 3.667820546261887915e-01
1.342857186621903566e+03 3.612523919308073261e-01
1.342668142924480890e+03 3.635394938358242345e-01
1.342478976947823412e+03 3.558978804987856792e-01
1.342290055529635993e+03 3.771021879505934149e-01
1.342101134111448573e+03 3.633408525712915060e-01
1.341912212693261154e+03 3.647222932680518892e-01
1.341723413554308991e+03 3.689408435589672797e-01
1.341534736694591629e+03 3.615871709093401720e-01
1.341346059834874495e+03 3.675369931079862096e-01
1.341157382975157134e+03 3.624695644402516348e-01
1.340968706115439772e+03 3.627715726025893539e-01
1.340780151534957668e+03 3.638164460554377255e-01
1.340591719233710592e+03 3.590732707328908591e-01
1.340403286932463516e+03 3.685760547529056130e-01
1.340214976910451469e+03 3.703234994187128426e-01
1.340026666888439422e+03 3.716096471512972954e-01
1.339838356866427375e+03 3.686575730055903222e-01
1.339650169123650358e+03 3.649549639299090042e-01
1.339461981380873340e+03 3.658277732621702527e-01
1.339273793638096549e+03 3.587513973492203467e-01
1.339085850453789590e+03 3.678749539339388752e-01
1.338897907269482857e+03 3.678141673259339162e-01
1.338709841805940869e+03 3.655743976539332918e-01
1.338522020900869165e+03 3.655613338855749905e-01
1.338334199995797462e+03 3.666338022952207454e-01
1.322387275833019430e+03 3.674308981419693865e-01
1.322204223818115452e+03 3.741812265275901717e-01
1.322021171803211701e+03 3.745033564337025278e-01
1.321838119788307722e+03 3.858696049424585328e-01
1.321655312331873802e+03 3.762584338355854374e-01
1.304874199227429699e+03 3.786338796973088838e-01
1.304696160661163731e+03 3.777970717878084694e-01
1.304518244374132792e+03 3.746264489605304338e-01
1.304340328087101852e+03 3.757267142475935739e-01
1.304162411800071141e+03 3.788187518910701712e-01
1.286977777219886775e+03 3.715422069750216050e-01
1.286804996660728875e+03 3.690907224230491335e-01
1.286632093822335946e+03 3.787211319765291240e-01
1.286459313263178274e+03 3.781527306274440337e-01
1.286286532704020374e+03 3.727363035767725097e-01
1.286113874424097730e+03 3.775862449964003664e-01
1.285941216144175087e+03 3.752100778267608572e-01
1.285768557864252216e+03 3.754852800028238291e-01
1.285596021863564602e+03 3.819335103175789392e-01
1.285423485862876987e+03 3.795501213548360120e-01
1.285251194420659431e+03 3.730337629742308536e-01
1.285078780699206845e+03 3.776012850199329529e-01
1.284906366977754260e+03 3.714485795254418021e-01
1.284734075535536704e+03 3.745688110952037353e-01
1.284561784093319147e+03 3.727703265910984332e-01
1.284389614930336847e+03 3.701770042343819900e-01
1.284217445767354320e+03 3.840559758402649626e-01
1.284045276604372020e+03 3.834301112513904819e-01
1.283873229720624522e+03 3.888501617681660028e-01
1.283701182836877251e+03 3.808368877115471673e-01
1.283529258232365009e+03 3.784730015233747635e-01
1.283357333627852540e+03 3.832375963716165290e-01
1.283185409023340299e+03 3.841357369238204145e-01
1.283013606698063086e+03 3.930141674050052214e-01
1.282841804372785873e+03 3.898585004258413589e-01
1.282670246605978946e+03 3.991338254957133014e-01
1.282498566559936762e+03 4.013306548967990328e-01
1.282326886513894578e+03 3.893865208327212946e-01
1.282155328747087424e+03 3.860543937081027388e-01
1.281983893259515526e+03 3.714047118763404431e-01
1.281812335492708371e+03 3.675681689381621875e-01
1.281640900005136473e+03 3.839659290028429317e-01
1.281469464517564347e+03 3.803167045595453599e-01
1.281298151309227478e+03 3.787402098985520049e-01
1.281126838100890609e+03 3.713317630765382016e-01
1.280955524892553512e+03 3.830382830770839853e-01
1.280784456242686929e+03 3.686301810139536173e-01
1.280613265313585089e+03 3.762525282288115003e-01
1.280442074384483021e+03 3.740974853529552835e-01
1.280271128013851467e+03 3.805539560925717546e-01
1.280100059363984656e+03 3.766808347492924258e-01
1.279929235272587903e+03 3.752161569449214973e-01
1.279758288901956348e+03 3.869825779131644827e-01
1.279587464810559595e+03 3.780909288860314632e-01
1.279416640719163070e+03 3.664188664410347185e-01
1.279245938907001573e+03 3.772412471581918503e-01
1.279075114815604820e+03 3.758202809667967603e-01
1.278904535282678353e+03 3.767619765662004738e-01
1.278733833470516856e+03 3.746096677750782034e-01
1.278563376216825418e+03 3.781571849591834900e-01
1.278392796683898951e+03 3.693637847793733164e-01
1.278222339430207512e+03 3.739769432715330799e-01
1.278051882176516074e+03 3.786577760609009524e-01
1.277881547202059664e+03 3.796526066629686280e-01
1.277711212227603255e+03 3.814298322301474253e-01
1.277540877253147073e+03 3.788849756004060709e-01
1.277370664557925693e+03 3.705675565581498798e-01
1.277200451862704540e+03 3.818652592461533879e-01
1.277030483725953218e+03 3.732401062034059747e-01
1.276860393309967094e+03 3.633785237944990865e-01
1.276690302893980970e+03 3.786445363763238370e-01
1.276520334757229875e+03 3.690449803836261533e-01
1.276350488899713810e+03 3.746698021939909862e-01
1.276180520762962715e+03 3.742643925319714127e-01
1.276010674905446649e+03 3.776926063050236038e-01
1.275840829047930583e+03 3.760930086730852606e-01
1.275671105469649547e+03 3.748299972142442593e-01
1.275501381891368510e+03 3.819973887444553240e-01
1.275331658313087473e+03 3.726876477910913699e-01
1.275162179293276722e+03 3.764955121080398870e-01
1.274992455714995685e+03 3.712830372965338355e-01
1.274822976695184934e+03 3.757935040085552125e-01
1.274653497675374183e+03 3.781799636019811950e-01
1.274484140934798234e+03 3.781974263100825184e-01
1.274314661914987482e+03 3.821331033332119320e-01
1.274145427453646789e+03 3.753790595507375261e-01
1.273976192992306096e+03 3.731145051806448731e-01
1.273806958530965403e+03 3.709890001988892516e-01
1.273637846348859739e+03 3.719142548387000535e-01
1.273468734166754075e+03 3.782346023540900104e-01
1.273299744263883667e+03 3.725870215814935382e-01
1.273299621984648638e+03 3.782907240946385419e-01
1.273130632081778003e+03 3.718837595329362866e-01
1.273130509802542974e+03 3.718836683315541736e-01
1.272961764458142625e+03 3.749888785760792098e-01
1.272961642178907368e+03 3.737216771701789564e-01
1.272792774555271990e+03 3.767522047704160437e-01
1.272792652276036961e+03 3.786520284213081289e-01
1.272623784652401355e+03 3.779354079986378401e-01
1.272623662373166326e+03 3.766688998187291415e-01
1.272454794749530947e+03 3.772722462017115141e-01
1.272286049405130598e+03 3.678753382022589280e-01
1.272117304060730021e+03 3.793427041388043874e-01
1.271948558716329671e+03 3.811808965469451471e-01
1.271779935651164351e+03 3.783736283778051934e-01
1.271611312585999030e+03 3.680639679847458323e-01
1.271442689520833710e+03 3.793464013971203919e-01
1.271274188734903419e+03 3.750169122404777289e-01
1.271105687948973127e+03 3.828078060287177231e-01
1.270937309442278092e+03 3.797731459071363447e-01
1.270768930935582830e+03 3.804422948570032603e-01
1.270600552428887795e+03 3.736044412405953308e-01
1.270432418480662591e+03 3.739453999109667026e-01
1.270264162253202585e+03 3.707322356207530256e-01
1.270095906025742352e+03 3.681371599744251433e-01
1.269927772077517375e+03 3.785984054987822645e-01
1.269759760408527427e+03 3.835158159533508804e-01
1.269591626460302450e+03 3.836854582809209879e-01
1.269423614791312502e+03 3.781420883577988890e-01
1.269255725401557584e+03 3.803460993734686379e-01
1.269087836011802665e+03 3.690062153062029227e-01
1.268919946622047746e+03 3.790437242572083365e-01
1.268752057232292827e+03 3.846926306459598766e-01
1.268584412401008194e+03 3.796743891792909720e-01
1.268416645290488304e+03 3.873398330681701029e-01
1.268248878179968415e+03 3.733420811769877501e-01
1.268081355627918811e+03 3.720633205131617105e-01
1.267913710796634177e+03 3.831729877825691966e-01
1.267746188244584346e+03 3.724707928118770051e-01
1.267578665692534742e+03 3.708575133331781237e-01
1.267411387698955195e+03 3.788025016847238469e-01
1.267243865146905591e+03 3.714053381723258496e-01
1.267076464874091016e+03 3.810322267724325362e-01
1.266909186880511470e+03 3.766470683414659959e-01
1.266741908886931924e+03 3.736422842838614811e-01
1.266574753172587407e+03 3.777347047080739650e-01
1.266407719737478146e+03 3.828350227952952989e-01
1.266240564023133629e+03 3.730659541259718215e-01
1.266073530588024141e+03 3.793749314068394218e-01
1.265906497152914881e+03 3.772389230645871172e-01
1.265739463717805393e+03 3.792573172013672944e-01
1.265572552561931161e+03 3.819941890964689279e-01
1.265405641406056930e+03 3.828196139125434327e-01
1.265238974808652756e+03 3.760229532194213631e-01
1.265072063652778297e+03 3.725935817489400281e-01
1.264905274776139095e+03 3.753335634094271955e-01
1.264738608178734921e+03 3.782954052832954717e-01
1.264571941581330748e+03 3.845890045642875177e-01
1.264405397263161831e+03 3.817461514339245410e-01
1.264238852944992686e+03 3.773309763125520244e-01
1.264072308626823542e+03 3.744220110011611813e-01
1.263905886587889654e+03 3.801886650821539870e-01
1.263739464548955539e+03 3.830280698411935303e-01
1.263573042510021423e+03 3.803091278332539904e-01
1.263406742750322564e+03 3.846324903601352485e-01
1.263240442990623706e+03 3.731850009742989638e-01
1.263074265510159648e+03 3.751361072427811805e-01
1.262907965750460789e+03 3.743258670493074813e-01
1.262741910549231989e+03 3.806499134531263207e-01
1.262575733068768159e+03 3.839838644170769921e-01
1.262409677867539358e+03 3.853246506618963063e-01
1.262243744945545586e+03 3.884397273459526678e-01
1.262077812023551814e+03 3.801293407494980570e-01
1.261911879101558270e+03 3.830783316962472207e-01
1.261745946179564498e+03 3.773602497677805423e-01
1.261580257816040785e+03 3.751402090594504468e-01
1.261414569452517298e+03 3.797386587524840817e-01
1.261248758809758556e+03 3.813858487709541056e-01
1.261083070446235070e+03 3.726283221524810951e-01
1.260917504361946612e+03 3.771693433445096888e-01
1.260751938277657928e+03 3.761479259687229293e-01
1.260586372193369471e+03 3.728420999455984153e-01
1.260420806109081013e+03 3.792697527598465346e-01
1.260255362304027585e+03 3.820067026939857890e-01
1.260090040778209186e+03 3.762071010412865180e-01
1.259924596973155758e+03 3.776930802397907017e-01
1.259759397726572388e+03 3.789094076721937765e-01
1.259594076200754216e+03 3.817939462681853025e-01
1.259428876954170846e+03 3.805952964526739812e-01
