# Wavelength, Reflectance
1.644660801677784548e+03 3.486372900134195318e-01
1.643794712810597048e+03 3.524495788673622232e-01
1.642929478435597048e+03 3.824656903109083794e-01
1.642065220623097048e+03 3.660975626648506620e-01
1.641201817302784548e+03 3.733346857432370269e-01
1.640339512615284548e+03 3.842743239596892457e-01
1.639478062419972048e+03 3.705696177718361128e-01
1.638617588787159548e+03 3.875861280278171672e-01
1.637757969646534548e+03 3.698832253504755752e-01
1.636899449138722048e+03 3.696828966462462618e-01
1.636041783123097048e+03 3.870113384474869189e-01
1.635185093669972048e+03 3.822942917566151122e-01
1.634329380779347048e+03 3.690425807444680517e-01
1.633474522380909548e+03 3.610114711049486336e-01
1.632620640544972048e+03 3.813316970837860587e-01
1.631767613201222048e+03 3.566674913093582089e-01
1.630915562419972048e+03 3.543166531296634836e-01
1.630064488201222048e+03 3.526625634283852562e-01
1.629214268474659548e+03 3.657089755279301357e-01
1.628365025310597048e+03 3.524266689347975157e-01
1.627516636638722048e+03 3.781010041318600412e-01
1.626669224529347048e+03 3.778718168395843180e-01
1.625822788982472048e+03 3.699043698424094861e-01
1.624977329998097048e+03 3.604755266255018631e-01
1.624132603435597048e+03 3.797685980703804365e-01
1.623288975505909548e+03 3.754456049052847244e-01
1.622446079998097048e+03 3.757549295018814406e-01
1.621604283123097048e+03 3.729875862124278352e-01
1.620763218669972048e+03 3.676902995769412152e-01
1.619923252849659548e+03 3.726113386382315373e-01
1.619084019451222048e+03 3.744324989617071608e-01
1.618245762615284548e+03 3.664788529868630018e-01
1.617408360271534548e+03 3.589594602866222894e-01
1.616571934490284548e+03 3.588117807173611395e-01
1.615736363201222048e+03 3.602432321385681258e-01
1.614901768474659548e+03 3.587966031639088227e-01
1.614068150310597048e+03 3.626551588048552155e-01
1.613235264568409548e+03 3.721167790767685446e-01
1.612403355388722048e+03 3.660643103235133866e-01
1.611572300701222048e+03 3.602363727427084772e-01
1.610742222576222048e+03 3.601686156246903803e-01
1.609912998943409548e+03 3.615904789138936204e-01
1.609084629802784548e+03 3.370489626576941844e-01
1.608257237224659548e+03 3.589056741663910755e-01
1.607430577068409548e+03 3.589870244702643154e-01
1.606604893474659548e+03 3.584210632575265398e-01
1.605780186443409548e+03 3.584122264067522989e-01
1.604956333904347048e+03 3.463481129358814137e-01
1.604133213787159548e+03 3.415046983540639958e-01
1.603311070232472048e+03 3.511492520267506245e-01
1.602489903240284548e+03 3.511045279976416356e-01
1.601669468669972048e+03 3.626139569544510888e-01
1.600850010662159548e+03 3.552504238958045790e-01
1.600031407146534548e+03 3.549303190726639801e-01
1.599213658123097048e+03 3.472726003768896175e-01
1.598396763591847048e+03 3.576328620550162651e-01
1.597580601482472048e+03 3.476959297191597464e-01
1.596765782146534548e+03 3.565183663550809401e-01
1.595951451091847048e+03 3.607308157592896136e-01
1.595137974529347048e+03 3.738226838042845168e-01
1.594325596599659548e+03 3.582183285615626600e-01
1.593513829021534548e+03 3.576436621126526383e-01
1.592703038005909548e+03 3.519915014809155696e-01
1.591893223552784548e+03 3.475135167382936152e-01
1.591084141521534548e+03 3.594064156711276881e-01
1.590276036052784548e+03 3.702060854838903903e-01
1.589468540935597048e+03 3.653708690457613262e-01
1.588661900310597048e+03 3.588641523842908687e-01
1.587856480388722048e+03 3.684171695207626995e-01
1.587051670818409548e+03 3.668792350245778655e-01
1.586247715740284548e+03 3.574366521699516852e-01
1.585444737224659548e+03 3.594914923025944176e-01
1.584642491130909548e+03 3.654074261808661350e-01
1.583841099529347048e+03 3.548669574317225850e-01
1.583040684490284548e+03 3.580309779552585669e-01
1.582241001873097048e+03 3.700544741492869383e-01
1.581442295818409548e+03 3.528066419591421310e-01
1.580644200115284548e+03 3.658328213330987455e-01
1.579846958904347048e+03 3.437024820733186048e-01
1.579050816326222048e+03 3.622045482006609474e-01
1.578255284099659548e+03 3.573286942066487559e-01
1.577460728435597048e+03 3.521185995778359779e-01
1.576667027263722048e+03 3.635354574011016582e-01
1.575874058513722048e+03 3.597994681781891968e-01
1.575081822185597048e+03 3.577932593588308285e-01
1.574290562419972048e+03 3.507336652491711559e-01
1.573500157146534548e+03 3.623276988969010848e-01
1.572710606365284548e+03 3.548591243749404933e-01
1.571921788005909548e+03 3.478581486299380243e-01
1.571133702068409548e+03 3.547878670281787161e-01
1.570346714763722048e+03 3.591499624812054536e-01
1.569560337810597048e+03 3.469592930774956785e-01
1.568775059490284548e+03 3.633824470039723753e-01
1.567990269451222048e+03 3.596024572610451719e-01
1.567206455974659548e+03 3.669550403102234126e-01
1.566423496990284548e+03 3.602905812993252299e-01
1.565641270427784548e+03 3.616564247102741492e-01
1.564859898357472048e+03 3.704646434723460890e-01
1.564079380779347048e+03 3.672667556166688829e-01
1.563299717693409548e+03 3.621046224218828491e-01
1.562520664959034548e+03 3.623742265280222585e-01
1.561742588787159548e+03 3.671477614719763638e-01
1.560965367107472048e+03 3.626211859310469188e-01
1.560188877849659548e+03 3.604481943241176212e-01
1.559413121013722048e+03 3.615370179938247608e-01
1.558638218669972048e+03 3.607825857208582510e-01
1.557864292888722048e+03 3.616639989842353464e-01
1.557090977459034548e+03 3.523731067837139186e-01
1.556318516521534548e+03 3.534815613795074807e-01
1.555546788005909548e+03 3.618610897083769373e-01
1.554776036052784548e+03 3.583787566618129028e-01
1.554005894451222048e+03 3.565334926456473208e-01
1.553236729412159548e+03 3.614755699998116745e-01
1.553236607341847048e+03 3.672488917018834065e-01
1.552980503826222048e+03 3.570377285851382143e-01
1.552724278240284548e+03 3.470002240744161637e-01
1.552468296794972048e+03 3.493097630465902825e-01
1.552468174724659548e+03 3.575388145542466312e-01
1.552212315349659548e+03 3.554231886663512530e-01
1.551700596599659548e+03 3.550615967461457356e-01
1.550933750896534548e+03 3.583295200580080553e-01
1.550167637615284548e+03 3.664642362798933850e-01
1.549402378826222048e+03 3.595314383697250649e-01
1.548637974529347048e+03 3.446083853770610661e-01
1.547874180584034548e+03 3.602118902567929548e-01
1.547111241130909548e+03 3.592517124430060771e-01
1.546349156169972048e+03 3.575444847664435710e-01
1.545587925701222048e+03 3.644499928300178881e-01
1.544827305584034548e+03 3.611216817336507234e-01
1.544067417888722048e+03 3.578379158623896106e-01
1.543308506755909548e+03 3.620786456541150722e-01
1.542550450115284548e+03 3.529165006497022583e-01
1.541793003826222048e+03 3.666836890587036324e-01
1.541036289959034548e+03 3.580978997377173290e-01
1.540280430584034548e+03 3.604113791116900778e-01
1.539525303630909548e+03 3.521459610501561643e-01
1.538771153240284548e+03 3.565240763695963211e-01
1.538017613201222048e+03 3.617191751715567727e-01
1.537264805584034548e+03 3.720286523226171704e-01
1.536512852459034548e+03 3.479426467748918950e-01
1.535761387615284548e+03 3.613919304111471442e-01
1.535011265544972048e+03 3.572807803407810900e-01
1.534261387615284548e+03 3.566461639898474978e-01
1.533512608318409548e+03 3.592364946753149324e-01
1.532764439373097048e+03 3.486708181625731706e-01
1.532017002849659548e+03 3.566405459883693063e-01
1.531270542888722048e+03 3.651820714030926118e-01
1.530524693279347048e+03 3.545656200048695750e-01
1.529779576091847048e+03 3.541424531727602742e-01
1.529035191326222048e+03 3.621905743991818971e-01
1.528291661052784548e+03 3.618741123806765159e-01
1.527548619060597048e+03 3.602797007643031568e-01
1.526806797771534548e+03 3.518251318087475266e-01
1.526065342693409548e+03 3.490609639193517078e-01
1.525324986248097048e+03 3.559109529126197602e-01
1.524585118084034548e+03 3.514808249215065072e-01
1.523846104412159548e+03 3.575283513857690498e-01
1.523107823162159548e+03 3.543385331144258132e-01
1.522370396404347048e+03 3.560348128397403111e-01
1.521633579998097048e+03 3.565148481508128020e-01
1.520897496013722048e+03 3.651861154993280012e-01
1.520162144451222048e+03 3.698250493546269557e-01
1.519427647380909548e+03 3.602383728719646405e-01
1.518693760662159548e+03 3.621376314197095048e-01
1.517960606365284548e+03 3.541245925900124991e-01
1.517228550701222048e+03 3.540572606089839036e-01
1.516496983318409548e+03 3.631465412350609601e-01
1.515766026287159548e+03 3.615989294071996207e-01
1.515522740154347048e+03 3.602696350911276379e-01
1.515279454021534548e+03 3.479524150969232621e-01
1.515036045818409548e+03 3.530528033545405342e-01
1.515035923748097048e+03 3.523119056719132836e-01
1.514792881755909548e+03 3.499489264935032318e-01
1.514549839763722048e+03 3.453669310810739135e-01
1.514306553630909548e+03 3.560533600840067869e-01
1.513577915935597048e+03 3.567239686433074097e-01
1.512850010662159548e+03 3.647156021811119309e-01
1.512122837810597048e+03 3.498156298806908149e-01
1.511396519451222048e+03 3.583202392025810479e-01
1.510670811443409548e+03 3.573983650058127903e-01
1.509945835857472048e+03 3.591205749996044805e-01
1.509221592693409548e+03 3.720413505623860750e-01
1.508498081951222048e+03 3.625737961256154662e-01
1.507775303630909548e+03 3.657502190275981335e-01
1.507053257732472048e+03 3.691285772448649194e-01
1.506331944255909548e+03 3.669822068556014560e-01
1.505611363201222048e+03 3.662415498087125965e-01
1.504891636638722048e+03 3.555978475742631040e-01
1.504172398357472048e+03 3.686478631324615063e-01
1.503453930784671002e+03 3.609557606200871072e-01
1.502734656468600178e+03 3.646401944512777105e-01
1.502016116105913170e+03 3.597752660452812057e-01
1.501298432022173756e+03 3.642495136142414602e-01
1.500581359566253923e+03 3.564095639732687837e-01
1.499865021063718132e+03 3.697452741138804733e-01
1.499149416514565928e+03 3.595847986887237835e-01
1.498434423593233532e+03 3.567535314116248024e-01
1.497720286950848958e+03 3.523284377315454852e-01
1.497006761936284192e+03 3.698388273323889308e-01
1.496294093200667021e+03 3.629388970572883788e-01
1.495582036092869657e+03 3.535550883581494719e-01
1.494870712938455881e+03 3.599077039576053516e-01
1.494160001411862140e+03 3.691158393686385653e-01
1.493450146164215994e+03 3.586223942707026380e-01
1.492740902544389655e+03 3.628720157207838692e-01
1.492032392877947132e+03 3.607531625230268046e-01
1.491324617164888195e+03 3.593960268452366380e-01
1.490617453079649067e+03 3.569537986898751458e-01
1.489911022947793754e+03 3.608576901599380160e-01
1.489205326769322255e+03 3.683000556890937416e-01
1.488500364544234571e+03 3.692834341342359217e-01
1.487796013946966468e+03 3.557785520552678160e-01
1.487092397303082180e+03 3.572068743919931677e-01
1.486389392287017699e+03 3.587473212318826876e-01
1.485687243549900813e+03 3.589903267315471269e-01
1.484985706440603735e+03 3.606129998344089760e-01
1.484284903284690472e+03 3.582784927887338600e-01
1.483584711756597017e+03 3.591388714883013145e-01
1.482885376507451383e+03 3.667579094997316935e-01
1.482186530560561323e+03 3.522761506949085297e-01
1.481488540892619085e+03 3.526703847951246917e-01
1.480791162852496655e+03 3.670487475366399077e-01
1.480094396440194032e+03 3.501079818590148718e-01
1.479398486306839004e+03 3.592917268840733480e-01
1.478703065475740004e+03 3.617832076424318255e-01
1.478008500923588599e+03 3.669881033871935649e-01
1.477314547999256774e+03 3.647456110833530163e-01
1.476621329028308992e+03 3.493746279203673866e-01
1.475928721685180790e+03 3.609606308402137365e-01
1.475236848295436403e+03 3.558452521510668265e-01
1.474545586533511823e+03 3.618169386527125830e-01
1.473855058724971059e+03 3.659173924776423781e-01
1.473165142544250102e+03 3.543320595152132380e-01
1.472475960316912733e+03 3.436758285458635931e-01
1.471787512042959179e+03 3.511241623050937455e-01
1.471099675396825432e+03 3.662416281267082407e-01
1.470412572704075501e+03 3.613374488286861808e-01
1.469726081639145150e+03 3.634046425104313638e-01
1.469040202202034834e+03 3.629564791660305212e-01
1.468355056718308106e+03 3.689215257470860876e-01
1.467670645187965192e+03 3.587075627191476102e-01
1.466986845285442087e+03 3.582275675773430312e-01
1.466303657010738561e+03 3.546517912189321442e-01
1.465621202689419079e+03 3.578652449910038058e-01
1.464939359995919176e+03 3.524163423751937585e-01
1.464258251255803088e+03 3.560392701273538130e-01
1.463577754143506809e+03 3.716500231065504312e-01
1.462897990984594344e+03 3.571953414010300976e-01
1.462218839453501460e+03 3.641894270983150328e-01
1.461540299550228610e+03 3.461571424056686941e-01
1.460862371274775342e+03 3.592206702637425475e-01
1.460185299278269895e+03 3.555818651681945664e-01
1.459508716584020249e+03 3.575579207922394698e-01
1.458832867843154190e+03 3.568711685985221371e-01
1.458157630730108167e+03 3.524159753979769771e-01
1.457483127570445731e+03 3.633549316876879542e-01
1.456809236038603103e+03 3.608536921697400590e-01
1.456135956134580510e+03 3.615397145482520669e-01
1.455463410183941278e+03 3.483330560717590729e-01
1.454791475861122080e+03 3.565926676506682158e-01
1.454120153166122691e+03 3.667605702262303757e-01
1.453449442098942882e+03 3.605368125751245989e-01
1.452779587310710895e+03 3.550467484874166302e-01
1.452110221824734708e+03 3.598554104904172490e-01
1.451441467966578330e+03 3.579475756932748443e-01
1.450773448061805766e+03 3.539398497369423691e-01
1.450106039784853010e+03 3.503094153250159715e-01
1.449439243135719835e+03 3.626458297023041344e-01
1.448773180439970702e+03 3.544470628982389071e-01
1.448107729372041149e+03 3.497612243343564686e-01
1.447442767606367397e+03 3.587999539649382452e-01
1.446778662119641467e+03 3.603502905003694301e-01
1.446115045935171338e+03 3.565554873423554261e-01
1.445452286029648803e+03 3.566671901445838122e-01
1.444789893100818290e+03 3.560586137670992413e-01
1.444128234125371364e+03 3.572843917751796217e-01
1.443467309103308480e+03 3.549455650209250579e-01
1.442806873383501170e+03 3.670545341332168143e-01
1.442147171617077674e+03 3.482949959442189769e-01
1.441488081478473987e+03 3.485503454465205819e-01
1.440829602967690107e+03 3.553733743591750427e-01
1.440171613759161801e+03 3.575705583260549436e-01
1.439514603155145551e+03 3.625629969424942201e-01
1.439514480829581544e+03 3.384825037372523049e-01
1.439295640395661394e+03 3.427075526224174218e-01
1.439076677636177237e+03 3.492289647583967094e-01
1.438857959527820867e+03 3.459667518545370690e-01
1.438857837202256860e+03 3.486384663160342900e-01
1.438639119093900717e+03 3.441915945233283702e-01
1.438420523311108354e+03 3.418665178732933629e-01
1.438202049853879998e+03 3.482441823378331636e-01
1.438201927528316219e+03 3.508625085908406160e-01
1.437983454071087863e+03 3.374918570074276758e-01
1.437765102939423514e+03 3.441231521139267446e-01
1.437546751807759165e+03 3.422901283244294546e-01
1.437546629482195158e+03 3.379545701470901831e-01
1.437328156024966802e+03 3.363034380543143964e-01
1.437110049544430240e+03 3.508862909643961081e-01
1.436892065389457912e+03 3.468319168265157626e-01
1.436891943063893905e+03 3.459603595776606366e-01
1.436673836583357343e+03 3.357676350404981691e-01
1.436455730102821008e+03 3.488009152059022289e-01
1.436237868273412460e+03 3.470556792393319490e-01
1.436020006444003911e+03 3.373657179314338839e-01
1.435802144614595363e+03 3.442780254618642011e-01
1.435584405110750822e+03 3.365453036144358534e-01
1.435366787932470061e+03 3.435686477861532029e-01
1.435149170754189527e+03 3.496568369256005671e-01
1.434931553575908993e+03 3.498729593612986410e-01
1.434714181048756245e+03 3.417814441822369931e-01
1.434496686196039491e+03 3.517712682281231573e-01
1.434279313668886743e+03 3.498241146271801050e-01
1.434062063467298003e+03 3.567388959624154254e-01
1.433844935591273270e+03 3.528054246614656941e-01
1.433627807715248537e+03 3.461059439674507576e-01
1.433410679839223576e+03 3.428741164700193633e-01
1.433193796614326857e+03 3.327450987361930679e-01
1.432976791063865903e+03 3.334713975551493736e-01
1.432759907838969184e+03 3.259208361334431370e-01
1.432543146939636244e+03 3.169821451917830268e-01
1.432326508365867085e+03 3.358476568911478166e-01
1.432109869792098152e+03 3.063855464567631359e-01
1.431893231218329220e+03 3.201723646202411788e-01
1.431676714970124294e+03 3.065512285048299645e-01
1.431460321047483149e+03 3.107886225544734260e-01
1.431243927124842230e+03 3.199736090321032012e-01
1.431027655527765091e+03 3.366409747886232040e-01
1.430811506256251960e+03 3.450012639055776709e-01
1.430595234659174821e+03 3.407595318955855546e-01
1.430379085387661689e+03 3.562986943052106614e-01
1.430162936116148558e+03 3.537277075282328487e-01
1.429947153821327220e+03 3.566210779970993006e-01
1.429731249200942102e+03 3.594655671220498006e-01
1.429515466906120764e+03 3.557052999263908277e-01
1.429299806936863433e+03 3.632794943670880072e-01
1.429084024642042323e+03 3.593907174532266491e-01
1.428868364672784992e+03 3.509697277037844843e-01
1.428652827029091668e+03 3.508108841964387992e-01
1.428437411710962351e+03 3.602073695316101998e-01
1.428221996392832807e+03 3.637320124530677434e-01
1.428006581074703490e+03 3.591424140658094899e-01
1.427791288082137953e+03 3.652932463515221051e-01
1.427576239740700430e+03 3.653157384123062457e-01
1.427360946748135120e+03 3.641261221755323074e-01
1.427145898406697597e+03 3.629720489448362564e-01
1.426930972390824081e+03 3.607266898987706027e-01
1.426716046374950565e+03 3.641277067750039453e-01
1.426501120359076822e+03 3.659971092442000362e-01
1.426286316668767313e+03 3.602718582227115718e-01
1.426071635304021584e+03 3.629688738542681259e-01
1.425856953939276082e+03 3.676379500755031504e-01
1.425642394900094359e+03 3.599576663203830629e-01
1.425427835860912637e+03 3.627743203677654682e-01
1.425213399147294922e+03 3.542397382571987885e-01
1.424998962433677207e+03 3.645616334986575557e-01
1.424784648045623499e+03 3.610371152850684329e-01
1.424570211332005783e+03 3.543427226567296695e-01
1.424356263920643869e+03 3.579998681713255082e-01
1.424142071858153940e+03 3.607452137232298184e-01
1.423928002121228246e+03 3.556993304635309161e-01
1.423714054709866332e+03 3.493478786417645310e-01
1.423500107298504417e+03 3.641235515376281540e-01
1.423286282212706510e+03 3.579267645529752850e-01
1.423072334801344596e+03 3.600018063004104540e-01
1.422858876692238482e+03 3.533738635047268262e-01
1.422645173932004582e+03 3.486902005936606819e-01
1.422431593497334461e+03 3.621857689854405260e-01
1.422218013062664340e+03 3.531646483781369916e-01
1.422004677279122234e+03 3.645178667165260289e-01
1.421791219170016348e+03 3.748148611225703974e-01
1.421577883386474241e+03 3.609348869192648412e-01
1.421364547602932134e+03 3.564289328682520019e-01
1.421151456470517815e+03 3.516521457407377760e-01
1.420938365338103722e+03 3.491161722874557838e-01
1.420725274205689402e+03 3.549276385123179556e-01
1.420512427724403096e+03 3.560263244432019247e-01
1.420299336591989004e+03 3.636612482850641315e-01
1.420086612436266705e+03 3.692074777474994574e-01
1.419873765954980399e+03 3.548498648499558428e-01
1.419661164124822108e+03 3.478802445246041430e-01
1.419448439969099809e+03 3.647081855002893835e-01
1.419235838138941290e+03 3.562439339240628389e-01
1.419023358634347005e+03 3.658649406940206461e-01
1.418811001455316500e+03 3.672968344764613868e-01
1.418598644276285995e+03 3.623957165843888495e-01
1.418386287097255718e+03 3.439205544415361304e-01
1.418173929918225213e+03 3.585922348581275232e-01
1.417961939715886501e+03 3.499300867919522551e-01
1.417749704862420003e+03 3.501754333644133133e-01
1.417537592334517512e+03 3.464437918431911845e-01
1.417325724457743036e+03 3.609128088227355757e-01
1.417113856580968331e+03 3.566674529604552113e-01
1.416901988704193627e+03 3.526320344341490332e-01
1.416690120827419150e+03 3.625643051175430065e-01
1.416478497601772460e+03 3.657223795675407230e-01
1.416266874376125770e+03 3.636719993180754784e-01
1.416055251150479080e+03 3.489512390919093376e-01
1.415843750250396170e+03 3.661447764657961290e-01
1.415632249350313487e+03 3.579018704730834166e-01
1.415420993101358590e+03 3.621744311356153156e-01
1.415209614526839914e+03 3.591876204655802263e-01
1.414998358277885018e+03 3.596426324937445074e-01
1.414787102028930349e+03 3.556538229763134829e-01
1.414576090431103239e+03 3.594935699583264865e-01
1.414365078833276357e+03 3.553977166664776255e-01
1.414154067235449475e+03 3.597673910214856940e-01
1.413943177963186599e+03 3.492677896043676067e-01
1.413732411016487504e+03 3.543639243220794710e-01
1.413521521744224628e+03 3.500734880840843388e-01
1.413310632471961753e+03 3.493437575793072458e-01
1.413100232501954451e+03 3.547381711664726045e-01
1.412889587880819590e+03 3.537220013979678890e-01
1.412679065585248509e+03 3.611725851720807845e-01
1.412468543289677427e+03 3.444437561064413456e-01
1.412258265645234133e+03 3.575149529983842056e-01
1.412047988000791065e+03 3.566454105543542252e-01
1.411837710356347770e+03 3.596921482897128541e-01
1.411627432711904703e+03 3.655726953053404782e-01
1.411417399718589422e+03 3.572290386128619266e-01
1.411207366725274142e+03 3.527620470897935290e-01
1.410997333731958861e+03 3.577381426639918427e-01
1.410787300738643580e+03 3.573226727561822358e-01
1.410577512396456314e+03 3.514271501142687826e-01
1.410367724054269047e+03 3.616179529768087098e-01
1.410158058037645560e+03 3.497321478540075801e-01
1.409948269695458293e+03 3.508128000490994824e-01
1.409738848329962821e+03 3.515585638315972261e-01
1.409529182313339334e+03 3.576634776334214894e-01
1.409319760947843861e+03 3.543179763388007997e-01
1.409110339582348388e+03 3.480290008920277067e-01
1.408901040542416922e+03 3.534648682379530893e-01
1.408691741502485456e+03 3.503803567336881697e-01
1.408482564788117998e+03 3.632419709808490382e-01
1.408273388073750311e+03 3.509306066036344540e-01
1.408064333684946860e+03 3.479870836836480574e-01
1.407855279296143181e+03 3.535696120667022324e-01
1.407646347232903508e+03 3.517031705079244341e-01
1.407437415169663836e+03 3.516257439161468712e-01
1.407228605431988171e+03 3.701415528968928226e-01
1.407019918019876513e+03 3.605645628029459093e-01
1.406811230607764855e+03 3.533243989404944996e-01
1.406602543195653197e+03 3.626650890598875354e-01
1.406393978109105319e+03 3.617162865089734725e-01
1.406185657673685455e+03 3.563706150748632839e-01
1.405977092587137804e+03 3.606748439701331077e-01
1.405768772151717940e+03 3.611257266511106456e-01
1.405560451716298076e+03 3.652101701735089856e-01
1.405352253606442218e+03 3.582197189238680579e-01
1.405144055496586361e+03 3.642649275163395428e-01
1.404935979712294284e+03 3.588714301656732997e-01
1.404727903928002434e+03 3.537757039549244698e-01
1.404520072794838370e+03 3.596623890943090873e-01
1.404312119336110527e+03 3.639751904672929306e-01
1.404104165877382457e+03 3.580612595035036483e-01
1.403896457069782400e+03 3.638945152191511712e-01
1.403688748262182344e+03 3.530774564144551486e-01
1.403481161780146294e+03 3.550812854527277129e-01
1.403273452972546238e+03 3.569871497816729522e-01
1.403065988816073968e+03 3.643430203868548989e-01
1.402858646985165933e+03 3.625133320063800846e-01
1.402651182828693663e+03 3.642604834970648020e-01
1.402443840997785628e+03 3.650728601149667019e-01
1.402236499166877365e+03 3.718127874459846716e-01
1.402029401987097117e+03 3.604586012702780118e-01
1.401822304807316868e+03 3.549359116423813632e-01
1.401615207627536620e+03 3.593258512652458547e-01
1.401408110447756371e+03 3.609408374572847245e-01
1.401201135593539902e+03 3.556016128774588947e-01
1.400994283064887668e+03 3.567102683589291057e-01
1.400787552861799213e+03 3.654523643070371475e-01
1.400580822658710758e+03 3.513989604683120938e-01
1.400374092455622531e+03 3.570594311816712718e-01
1.400167484578098083e+03 3.549628126120937810e-01
1.399960999026137415e+03 3.637521507412705413e-01
1.399754391148612967e+03 3.549474436233183705e-01
1.399548027922216534e+03 3.565703643643975407e-01
1.399341664695820100e+03 3.569189024339125549e-01
1.399135423794987446e+03 3.574848879115702371e-01
1.398929060568591012e+03 3.614631988210652014e-01
1.398722941993322365e+03 3.594239846753030654e-01
1.398516945743617725e+03 3.640842885926236505e-01
1.398310704842785071e+03 3.640609183898876333e-01
1.398104830918644438e+03 3.540470574215782706e-01
1.397898834668939799e+03 3.680172939174536917e-01
1.397692960744799166e+03 3.556294871380883404e-01
1.397487331471786320e+03 3.545827271100600586e-01
1.397281579873209466e+03 3.590046552260381385e-01
1.397075828274632840e+03 3.612227804154714561e-01
1.396870076676056215e+03 3.668374687071973006e-01
1.396664814379735162e+03 3.580713528248979372e-01
1.396459307432286323e+03 3.627735837701143717e-01
1.396253800484837484e+03 3.582214398150130319e-01
1.396048538188516659e+03 3.561024641470256769e-01
1.395843275892195834e+03 3.631114616201252532e-01
1.395638013595874781e+03 3.620518842889800526e-01
1.395432873625117963e+03 3.578665656933996964e-01
1.395227733654360918e+03 3.595845300270032463e-01
1.395022716009167880e+03 3.558268095710357959e-01
1.394817820689538848e+03 3.586175728586811773e-01
1.394612925369909817e+03 3.552077999824965748e-01
1.394408030050280786e+03 3.653323579463244597e-01
1.394203134730651755e+03 3.653387868474323175e-01
1.393998606387714744e+03 3.545678718296231824e-01
1.393793955719213500e+03 3.613583938073446911e-01
1.393589305050712483e+03 3.662041216483021278e-01
1.393384776707775245e+03 3.598459309310887422e-01
1.393180370690402015e+03 3.550127606470089292e-01
1.392975964673028784e+03 3.638650715889936160e-01
1.392771680981219561e+03 3.544644693435614613e-01
1.392567397289410337e+03 3.606588558847381165e-01
1.392363113597601114e+03 3.548227753442726451e-01
1.392159074556919904e+03 3.580341729215085755e-01
1.391954913190674461e+03 3.485202521802820974e-01
1.391750874149993251e+03 3.609991796865262281e-01
1.391546835109311814e+03 3.554766952744252695e-01
1.391343163045322399e+03 3.514615186292612270e-01
1.391139246330204969e+03 3.527716651125145653e-01
1.390935451940651546e+03 3.521670108093807317e-01
1.390731779876662131e+03 3.601704455114293491e-01
1.390528107812672715e+03 3.554290996566267236e-01
1.390324558074247307e+03 3.528854332301605279e-01
1.390121008335821671e+03 3.597542732712499802e-01
1.389917580922960269e+03 3.638351049916240254e-01
1.389714153510098640e+03 3.567465073749738202e-01
1.389510970748365025e+03 3.623107225867970849e-01
1.389307665661067404e+03 3.604980742756253020e-01
1.389104360573769782e+03 3.586102816394329262e-01
1.388901177812036167e+03 3.595166038375466333e-01
1.388698117375866559e+03 3.574719394485327273e-01
1.388495179265260958e+03 3.535884485137998356e-01
1.388292241154655130e+03 3.540998007525763547e-01
1.388089303044049529e+03 3.582461789325684376e-01
1.387886487259007708e+03 3.564437749488602036e-01
1.387683793799529894e+03 3.583553104950216728e-01
1.387480978014488073e+03 3.555388955407457474e-01
1.387278406880574266e+03 3.547122771555242804e-01
1.387075835746660459e+03 3.606040449105386014e-01
1.386873264612746652e+03 3.600865241846910592e-01
1.386670815804396852e+03 3.622348533906727952e-01
1.386468489321610832e+03 3.663362746024068639e-01
1.386266040513261032e+03 3.623983710611528020e-01
1.386063836356039019e+03 3.664724084009999272e-01
1.385861632198817006e+03 3.595240542582892607e-01
1.385659550367159000e+03 3.565593499154298129e-01
1.385457468535500993e+03 3.624101894411584368e-01
1.385255386703842987e+03 3.572454625788934468e-01
1.385053427197748988e+03 3.631448494614562539e-01
1.384851467691654989e+03 3.575285689059909955e-01
1.384649752836688776e+03 3.601207329625522036e-01
1.384447915656158784e+03 3.645656341980367254e-01
1.384246200801192572e+03 3.587376395150825292e-01
1.384044485946226359e+03 3.591793687538620827e-01
1.383843015742388161e+03 3.649599211209329508e-01
1.383641423212985956e+03 3.527469132924859752e-01
1.383439953009147757e+03 3.594345350720702381e-01
1.383238482805309559e+03 3.588129096987017208e-01
1.383037257252599375e+03 3.546642167570819293e-01
1.382836031699888963e+03 3.634431124785215128e-01
1.382634683821614772e+03 3.533700673150894089e-01
1.382433580594468367e+03 3.666068644403720489e-01
1.382232477367321962e+03 3.576982224571044200e-01
1.382031496465739792e+03 3.558486972748294841e-01
1.381830515564157395e+03 3.566832389299791073e-01
1.381629534662574997e+03 3.686945034350880834e-01
1.381428676086556379e+03 3.595774925143424561e-01
1.381227817510537989e+03 3.590561326396208286e-01
1.381027203585647612e+03 3.616815628726607335e-01
1.380826589660757008e+03 3.568634704735546559e-01
1.380625975735866405e+03 3.557376346121358668e-01
1.380425361810976028e+03 3.640797485991504878e-01
1.380224870211649431e+03 3.555903945159078483e-01
1.380024500937886842e+03 3.616141143380829925e-01
1.379824131664124252e+03 3.653789487495964217e-01
1.379623762390361662e+03 3.698972959870646116e-01
1.379423515442163080e+03 3.453529209951655687e-01
1.379223513145092284e+03 3.536128172750229726e-01
1.379023388522457708e+03 3.645138952828533285e-01
1.378823263899822905e+03 3.646168471841740866e-01
1.378623261602752109e+03 3.649535144979291212e-01
1.378423259305681540e+03 3.609266338659393170e-01
1.378223379334174751e+03 3.675992848115273715e-01
1.378023621688231970e+03 3.562844774784862945e-01
1.377823864042288960e+03 3.584860891410437400e-01
1.377624228721910185e+03 3.638922592511764087e-01
1.377424593401531411e+03 3.619072149313403708e-01
1.377225080406716415e+03 3.661510226728329487e-01
1.377025567411901648e+03 3.662956533087933231e-01
1.376826054417086652e+03 3.689895033761409482e-01
1.376626663747835664e+03 3.687619685096402145e-01
1.376427273078584903e+03 3.690868088037911887e-01
1.376228127060461702e+03 3.678163069061904933e-01
1.376028858716774721e+03 3.580126571184155670e-01
1.375829712698651747e+03 3.589756982246835593e-01
1.375630566680528773e+03 3.667213641399411084e-01
1.375431542987969578e+03 3.698422899578954759e-01
1.375232763946538626e+03 3.566628794391409341e-01
1.375033862579543438e+03 3.642986850819156519e-01
1.374834961212548251e+03 3.633755647041929104e-01
1.374636182171117071e+03 3.596260661945014925e-01
1.374437403129686118e+03 3.656209856238410993e-01
1.374238868739382724e+03 3.694374178385730345e-01
1.374040212023515551e+03 3.643567870384223917e-01
1.373841677633212385e+03 3.560148520126061311e-01
1.373643143242909218e+03 3.590077664094084020e-01
1.373444731178169832e+03 3.678761006521766297e-01
1.373246441438994452e+03 3.610601056215739790e-01
1.373048029374255293e+03 3.576241188708852436e-01
1.372849861960643921e+03 3.512144487014560168e-01
1.372651694547032548e+03 3.561932283426951229e-01
1.372453527133421176e+03 3.536437135629929562e-01
1.372255604370937817e+03 3.602279788715421760e-01
1.372057559282890224e+03 3.608931461477129510e-01
1.371859636520406866e+03 3.683370138229265511e-01
1.371661591432359501e+03 3.619302551877094931e-01
1.371463913321003929e+03 3.574180714907044809e-01
1.371266235209648357e+03 3.558803611599180017e-01
1.371068557098292786e+03 3.519679937474908260e-01
1.370870878986937441e+03 3.725026826271534697e-01
1.370673200875581870e+03 3.658883481103101798e-01
1.370475645089790305e+03 3.655931104220914163e-01
1.370278333955126527e+03 3.561870528919705570e-01
1.370080900494898970e+03 3.516267926218728523e-01
1.369883589360235419e+03 3.605557340406898015e-01
1.369686278225571641e+03 3.544433349598971050e-01
1.369489089416471870e+03 3.634174764705395688e-01
1.369292022932936106e+03 3.666113271481142299e-01
1.369094711798272556e+03 3.632348731902012018e-01
1.368897767640300799e+03 3.617095112013480884e-01
1.368700823482329042e+03 3.679103718933277589e-01
1.368503879324357285e+03 3.492013737208464752e-01
1.368307057491949308e+03 3.713815710070347831e-01
1.368110235659541559e+03 3.509595882793537513e-01
1.367913413827133809e+03 3.648132871012749745e-01
1.367716836645853846e+03 3.575297714724812170e-01
1.367520137139009876e+03 3.622108079266372349e-01
1.367323559957729913e+03 3.643957533667391280e-01
1.367127227427577964e+03 3.601523754692063650e-01
1.366930650246298001e+03 3.604404627126379657e-01
1.366734317716146052e+03 3.620031715915219550e-01
1.366537862860430096e+03 3.554262227198154989e-01
1.366341652655842154e+03 3.593886748391874053e-01
1.366145564776817992e+03 3.702605505054744617e-01
1.365949354572230050e+03 3.617920283071554000e-01
1.365753266693205887e+03 3.673062990220239410e-01
1.365557178814181725e+03 3.597510802204658131e-01
1.365361213260721797e+03 3.649592641823721229e-01
1.365165492358389429e+03 3.666758731964104290e-01
1.364969526804929274e+03 3.524083935763135944e-01
1.364773805902597132e+03 3.564469952588480428e-01
1.364577962674700984e+03 3.525798850908503090e-01
1.364382364097932850e+03 3.606854227669639701e-01
1.364186765521164489e+03 3.624180671716342172e-01
1.363991166944396355e+03 3.537176842175919211e-01
1.363795690693192000e+03 3.541621330293431846e-01
1.363600214441987646e+03 3.573165220001736087e-01
1.363404860516347298e+03 3.650066170489060235e-01
1.363209506590706951e+03 3.553984170486603200e-01
1.363014274990630611e+03 3.658928587255904086e-01
1.362819165716118277e+03 3.641208658403569665e-01
1.362623811790477930e+03 3.661424567601133662e-01
1.362428824841529376e+03 3.583119121942980323e-01
1.362233837892580823e+03 3.642836782904034232e-01
1.362038973269196504e+03 3.591777012972200978e-01
1.361843986320247950e+03 3.614477040180213985e-01
1.361649121696863403e+03 3.638041011060353935e-01
1.361454257073478857e+03 3.620050863600283164e-01
1.361259514775658317e+03 3.603052052573811892e-01
1.361064894803401785e+03 3.490534025201825208e-01
1.360870397156709259e+03 3.626323836826371716e-01
1.360675777184452500e+03 3.625396840564842349e-01
1.360481279537759974e+03 3.674865489611892078e-01
1.360286781891067221e+03 3.603481871282654403e-01
1.360092284244374696e+03 3.690377413854673549e-01
1.359898153574373964e+03 3.721240818041938736e-01
1.359703900578809225e+03 3.675211657820726674e-01
1.359509647583244487e+03 3.646638173371450908e-01
1.359315516913243755e+03 3.583434021612454945e-01
1.359121386243243023e+03 3.641610881626307084e-01
1.358927377898806071e+03 3.646100278101608305e-01
1.358733491879933354e+03 3.622127837526670779e-01
1.358539483535496629e+03 3.592135083711170962e-01
1.358345597516623684e+03 3.648139147290538897e-01
1.358151833823314746e+03 3.689105524978912864e-01
1.357958070130005808e+03 3.696288201665858253e-01
1.357764428762260877e+03 3.685210351160044806e-01
1.357570787394515946e+03 3.578642235367300306e-01
1.357377268352335022e+03 3.685109124319295715e-01
1.357183749310154099e+03 3.628528328399607816e-01
1.356990230267973175e+03 3.568134832596911443e-01
1.356796833551356031e+03 3.562987861232785325e-01
1.356603559160303121e+03 3.627934053070721587e-01
1.356410284769249984e+03 3.578600860243681958e-01
1.356217132703760853e+03 3.609278784056624834e-01
1.356023858312707944e+03 3.648907936617860615e-01
1.355830828572782821e+03 3.597133645942039437e-01
1.355637676507293691e+03 3.651368547192758718e-01
1.355444891418496354e+03 3.608492072935434725e-01
1.355251861678571231e+03 3.622649599333704895e-01
1.355058954264210115e+03 3.642335032917706217e-01
1.354866169175412779e+03 3.589119703292946162e-01
1.354673384086615670e+03 3.565645433021075728e-01
1.354480843648946347e+03 3.649423386021105609e-01
1.354288180885713018e+03 3.585535859175244533e-01
1.354095518122479689e+03 3.553900509944645791e-01
1.353902977684810367e+03 3.528939686071087545e-01
1.353710437247141044e+03 3.544389399215060465e-01
1.353518019135035729e+03 3.543288964872837177e-01
1.353325845674058428e+03 3.554097027189538349e-01
1.353133549887516892e+03 3.631777655970760410e-01
1.352941254100975584e+03 3.546404175831597283e-01
1.352749080639998056e+03 3.552276810056704259e-01
1.352556907179020754e+03 3.607104065078653998e-01
1.352364856043607233e+03 3.585378723624944586e-01
1.352172927233757719e+03 3.645142281207817136e-01
1.351980998423908204e+03 3.629797078782311393e-01
1.351789069614058690e+03 3.632950997107838309e-01
1.351597140804209175e+03 3.576426997703033295e-01
1.351405334319923668e+03 3.671769957825145592e-01
1.351213527835637933e+03 3.622935688564465906e-01
1.351022088328044219e+03 3.621268725850050885e-01
1.350830404169322719e+03 3.488170141357684328e-01
1.350638842336164998e+03 3.584765967305353351e-01
1.350447402828571285e+03 3.599286120603107375e-01
1.350255963320977571e+03 3.668372903473296476e-01
1.350064523813383857e+03 3.559462533179618138e-01
1.349873328956918158e+03 3.613874576543299466e-01
1.349682011774888451e+03 3.590961700224654107e-01
1.349490816918422752e+03 3.536851279429152339e-01
1.349299622061956825e+03 3.622695638008893160e-01
1.349108549531055132e+03 3.568555321317755658e-01
1.348917477000153212e+03 3.570300171487761354e-01
1.348726526794815300e+03 3.538793577901131471e-01
1.348535698915041394e+03 3.548206759376452135e-01
1.348344748709703708e+03 3.646100462052771496e-01
1.348153920829929802e+03 3.582229592856328582e-01
1.347963215275719904e+03 3.570861924028179701e-01
1.347772509721509778e+03 3.504075688585390203e-01
1.347581926492863886e+03 3.580885245147227836e-01
1.347391220938653987e+03 3.551915519106806363e-01
1.347200760035571875e+03 3.615680324744240393e-01
1.347010299132489763e+03 3.595492812596521315e-01
1.346819838229407878e+03 3.642977711214226977e-01
1.346629499651889773e+03 3.658323480280393780e-01
1.346439283399935675e+03 3.547872618811649947e-01
1.346249067147981577e+03 3.555806704784263972e-01
1.346058850896027479e+03 3.549441365569191986e-01
1.345868756969637161e+03 3.607889645283803848e-01
1.345678663043247070e+03 3.531553942567264293e-01
1.345488569116856979e+03 3.643094756173137494e-01
1.345298719841594675e+03 3.519766550392676163e-01
1.345108748240768591e+03 3.597029979025100910e-01
1.344918898965506287e+03 3.636886616638531633e-01
1.344729172015807990e+03 3.580593794319980594e-01
1.344539322740545686e+03 3.538486427200326911e-01
1.344349718116411395e+03 3.543754824393801073e-01
1.344159991166713098e+03 3.598782787615724676e-01
1.343970631193706595e+03 3.575451800284617510e-01
1.343781026569572305e+03 3.477508714173160875e-01
1.343591544271002022e+03 3.522798990196069902e-01
1.343402184297995518e+03 3.538943007308960054e-01
1.343212824324989242e+03 3.555439851981537225e-01
1.343023586677546746e+03 3.606002735306897966e-01
1.342834349030104249e+03 3.527022891594615017e-01
1.342645233708225760e+03 3.522982206645774994e-01
1.342455996060783264e+03 3.584801897931950698e-01
1.342267003064468781e+03 3.586019193457268273e-01
1.342078010068154299e+03 3.540910819091647732e-01
1.341889017071839589e+03 3.620180739052574204e-01
1.341700146401089114e+03 3.521290709460913049e-01
1.341511398055902418e+03 3.494942475357463163e-01
1.341322649710715950e+03 3.630103524494228684e-01
1.341133901365529255e+03 3.698608118412417545e-01
1.340945153020342559e+03 3.559739778647799113e-01
1.340756527000719871e+03 3.521041467823152193e-01
1.340568023306661189e+03 3.599119068569723301e-01
1.340379519612602508e+03 3.571139864284381682e-01
1.340191138244107833e+03 3.646038828424585931e-01
1.340002756875612931e+03 3.621897675859404586e-01
1.339814375507118257e+03 3.654501511975834505e-01
1.339626116464187589e+03 3.542232491127901284e-01
1.339437857421256695e+03 3.479923673721466160e-01
1.339249598378325800e+03 3.559954369713505540e-01
1.339061583986522919e+03 3.613998777740138335e-01
1.338873569594720038e+03 3.520140830656662834e-01
1.338685432877353378e+03 3.554373556136191104e-01
1.338497540811114277e+03 3.554874579873273377e-01
1.338309648744875403e+03 3.502262917355868921e-01
1.322356682646905028e+03 3.599457683742320335e-01
1.322173561277660383e+03 3.571910840865882841e-01
1.321990439908415965e+03 3.617505956824172975e-01
1.321807318539171320e+03 3.560855865085257310e-01
1.321624441821054688e+03 3.693246891612076976e-01
1.304836970725765241e+03 3.612514401525765972e-01
1.304658864704643065e+03 3.623406030068139216e-01
1.304480881009084669e+03 3.704910192962264648e-01
1.304302897313526273e+03 3.641968902121028862e-01
1.304124913617967877e+03 3.646686739466540317e-01
1.286933768161618445e+03 3.571303929020318013e-01
1.286760922139746299e+03 3.646224826244905959e-01
1.286587953792310145e+03 3.652888029936497416e-01
1.286415107770437999e+03 3.612947494491985378e-01
1.286242261748565852e+03 3.616155727459775537e-01
1.286069538052257712e+03 3.599113513037014989e-01
1.285896814355949573e+03 3.594023117301977654e-01
1.285724090659641433e+03 3.657291503155883916e-01
1.285551489288897073e+03 3.676965479290582040e-01
1.285378887918152941e+03 3.637430233999280893e-01
1.285206531198536595e+03 3.629417186657024064e-01
1.285034052153356242e+03 3.669908031533371529e-01
1.284861573108176117e+03 3.665819766928429257e-01
1.284689216388559771e+03 3.684341913989783723e-01
1.284516859668943425e+03 3.713102043028449484e-01
1.284344625274891087e+03 3.726890806425075531e-01
1.284172390880838748e+03 3.714154378647395172e-01
1.284000156486786409e+03 3.692824553936185916e-01
1.283828044418298077e+03 3.693229920800802923e-01
1.283655932349809746e+03 3.718782770723667586e-01
1.283483942606885194e+03 3.712992212962104022e-01
1.283311952863960869e+03 3.760399801985560564e-01
1.283139963121036317e+03 3.845960772697161190e-01
1.282968095703675999e+03 3.741026712530826082e-01
1.282796228286315454e+03 3.841337298470740569e-01
1.282624605520082923e+03 3.855062687925805975e-01
1.282452860428286385e+03 3.758152849304451371e-01
1.282281115336489847e+03 3.801797386058564099e-01
1.282109492570257316e+03 3.621362503073505823e-01
1.281937992129588793e+03 3.662987961930026515e-01
1.281766369363356262e+03 3.607456259742053972e-01
1.281594868922687510e+03 3.704303950761730357e-01
1.281423368482018986e+03 3.676200617828164763e-01
1.281251990366914242e+03 3.655474268622218026e-01
1.281080612251809725e+03 3.721841012430543438e-01
1.280909234136704981e+03 3.651220801919347614e-01
1.280738100672728251e+03 3.599235727477098634e-01
1.280566844883187514e+03 3.632139678286739337e-01
1.280395589093647004e+03 3.706942382476950404e-01
1.280224577955234281e+03 3.734459883259580448e-01
1.280053444491257551e+03 3.708257628912232651e-01
1.279882555678408607e+03 3.700177402885449496e-01
1.279711544539995884e+03 3.688063103578913537e-01
1.279540655727147168e+03 3.724149077367285288e-01
1.279369766914298225e+03 3.676535130893481829e-01
1.279199000427013289e+03 3.716118908174671498e-01
1.279028111614164573e+03 3.640869902537659519e-01
1.278857467452443643e+03 3.691489136667148729e-01
1.278686700965158934e+03 3.729698549684999920e-01
1.278516179129002012e+03 3.551438464652825200e-01
1.278345534967281083e+03 3.627834075907827582e-01
1.278175013131124160e+03 3.649729913846870843e-01
1.278004491294967238e+03 3.679057339388694947e-01
1.277834091784374095e+03 3.615888181961314229e-01
1.277663692273781180e+03 3.641374299916045887e-01
1.277493292763188265e+03 3.695106601626365617e-01
1.277323015578159129e+03 3.627836036610793125e-01
1.277152738393130221e+03 3.686289651741732065e-01
1.276982705859229100e+03 3.656232758293097018e-01
1.276812550999763971e+03 3.653242759020369212e-01
1.276642396140298843e+03 3.612772515647276195e-01
1.276472363606397721e+03 3.672607626575380979e-01
1.276302453398060607e+03 3.691593583890624974e-01
1.276132420864159485e+03 3.660843241351013910e-01
1.275962510655822371e+03 3.576906426763852842e-01
1.275792600447485256e+03 3.733927007905042950e-01
1.275622812564712149e+03 3.607191246959285946e-01
1.275453024681938814e+03 3.675643382305975870e-01
1.275283236799165707e+03 3.604340027273419400e-01
1.275113693567520386e+03 3.677741750624872186e-01
1.274943905684747278e+03 3.676490112534385735e-01
1.274774362453101958e+03 3.703787757307890338e-01
1.274604819221456637e+03 3.728536878278570499e-01
1.274435398315375323e+03 3.600975484750465472e-01
1.274265855083730003e+03 3.648909546175367891e-01
1.274096556503212696e+03 3.665353993053723225e-01
1.273927257922695389e+03 3.608897107034044760e-01
1.273757959342178083e+03 3.667230569154342756e-01
1.273588783087224556e+03 3.643870422383092000e-01
1.273419606832271256e+03 3.650360717532663002e-01
1.273250552902881736e+03 3.630919978310433449e-01
1.273250430577317729e+03 3.590969780912579012e-01
1.273081376647928437e+03 3.630233119033650091e-01
1.273081254322364430e+03 3.736746231863405376e-01
1.272912445044102924e+03 3.696176088893065592e-01
1.272912322718538917e+03 3.669550337835290055e-01
1.272743391114713404e+03 3.641593185587053694e-01
1.272743268789149397e+03 3.634938357972996581e-01
1.272574337185323884e+03 3.674047125496268662e-01
1.272574214859760104e+03 3.733918524661400951e-01
1.272405283255934592e+03 3.720316083212928393e-01
1.272236473977673086e+03 3.701377663224291181e-01
1.272067664699411353e+03 3.695396345833752427e-01
1.271898855421149847e+03 3.741361959327413333e-01
1.271730168468452348e+03 3.652212956540107913e-01
1.271561481515754849e+03 3.630457237078374422e-01
1.271392794563057123e+03 3.616173742211327147e-01
1.271224229935923631e+03 3.769993134040681704e-01
1.271055665308789912e+03 3.665567790850440821e-01
1.270887223007220427e+03 3.633572859467060212e-01
1.270718780705650715e+03 3.693793036059251356e-01
1.270550338404081003e+03 3.708363736028058022e-01
1.270382140753639305e+03 3.685305342195899780e-01
1.270213820777633600e+03 3.684549212864850487e-01
1.270045500801627895e+03 3.697069746536545409e-01
1.269877303151186197e+03 3.766753778034637179e-01
1.269709227826308279e+03 3.778001934216415059e-01
1.269541030175866581e+03 3.698743812017897259e-01
1.269372954850988890e+03 3.646480313377258309e-01
1.269205001851674979e+03 3.743450179711781400e-01
1.269037048852361067e+03 3.745418968131164483e-01
1.268869095853047384e+03 3.695225704324111571e-01
1.268701142853733472e+03 3.773181976078788802e-01
1.268533434505547575e+03 3.794211405262916115e-01
1.268365603831797671e+03 3.601621813526392768e-01
1.268197773158047767e+03 3.653955777843980179e-01
1.268030187135425876e+03 3.662680398406822357e-01
1.267862478787239979e+03 3.646088512846000773e-01
1.267694892764618089e+03 3.614819715680366863e-01
1.267527306741995972e+03 3.692265656078198566e-01
1.267359965370502096e+03 3.648662928054345334e-01
1.267192379347879978e+03 3.665173351062756546e-01
1.267024915650822095e+03 3.773324990751226182e-01
1.266857574279327991e+03 3.734334583390147566e-01
1.266690232907834115e+03 3.656077172215825843e-01
1.266523013861904019e+03 3.652265078506812812e-01
1.266355917141537702e+03 3.712808174557379881e-01
1.266188698095607833e+03 3.604233838182603344e-01
1.266021601375241517e+03 3.705852371359201758e-01
1.265854504654875427e+03 3.717724752317865256e-01
1.265687407934509338e+03 3.670377900250817449e-01
1.265520433539707255e+03 3.642481891763172941e-01
1.265353459144904946e+03 3.676368713745447603e-01
1.265186729401230878e+03 3.638846651259285969e-01
1.265019755006428568e+03 3.664962410575460239e-01
1.264852902937190493e+03 3.802376753145187416e-01
1.264686173193516197e+03 3.772455005706067399e-01
1.264519443449841901e+03 3.647312081319678545e-01
1.264352836031731613e+03 3.649974690395547672e-01
1.264186228613621324e+03 3.671827759299817751e-01
1.264019621195511036e+03 3.676517645904297527e-01
1.263853136102964754e+03 3.710971242920691471e-01
1.263686651010418245e+03 3.659226315054721623e-01
1.263520165917871964e+03 3.717656924084530301e-01
1.263353803150889689e+03 3.667255843780947711e-01
1.263187440383907187e+03 3.784715723887301375e-01
1.263021199942488920e+03 3.764301829918247910e-01
1.262854837175506418e+03 3.721840037501991105e-01
1.262688719059651930e+03 3.707318363157159347e-01
1.262522478618233663e+03 3.668381270840440078e-01
1.262356360502379175e+03 3.702058243178336094e-01
1.262190364712088694e+03 3.725907705330241404e-01
1.262024368921798214e+03 3.711475572442561321e-01
1.261858373131507506e+03 3.735074214379354163e-01
1.261692377341217025e+03 3.682874125854732617e-01
1.261526626202054558e+03 3.682250968435298311e-01
1.261360875062891864e+03 3.617730660668491138e-01
1.261195001598165391e+03 3.609119820426161529e-01
1.261029250459002697e+03 3.671782759267783192e-01
1.260863621645404237e+03 3.685358176512933959e-01
1.260697992831805550e+03 3.674390942007597638e-01
1.260532364018206863e+03 3.686882825233496197e-01
1.260366735204608176e+03 3.721059872772569110e-01
1.260201228716573496e+03 3.636238155347735201e-01
1.260035844554102823e+03 3.629449038862098131e-01
1.259870338066068143e+03 3.644700139133897343e-01
1.259705076229161477e+03 3.690401726737134736e-01
1.259539692066690804e+03 3.679889441836264319e-01
1.259374430229783911e+03 3.633370526942543144e-01
