# Wavelength, Reflectance
1.644648669896322872e+03 3.432956701776753716e-01
1.643782581029135372e+03 3.233438490483233063e-01
1.642917346654135372e+03 3.447363738374154551e-01
1.642053088841635372e+03 3.370380371322332924e-01
1.641189685521322872e+03 3.280549826722284901e-01
1.640327380833822872e+03 3.260652552460941989e-01
1.639465930638510372e+03 3.597267791493840572e-01
1.638605457005697872e+03 3.548312324490707770e-01
1.637745837865072872e+03 3.506174439459905368e-01
1.636887317357260372e+03 3.485507888117279074e-01
1.636029651341635372e+03 3.328391375603800273e-01
1.635172961888510372e+03 3.553948375625151090e-01
1.634317248997885372e+03 3.513442747461839599e-01
1.633462390599447872e+03 3.371344344033550544e-01
1.632608508763510372e+03 3.469164277317502432e-01
1.631755481419760372e+03 3.440649852497031369e-01
1.630903430638510372e+03 3.475689627758707934e-01
1.630052356419760372e+03 3.370236495377347263e-01
1.629202136693197872e+03 3.463945966492570361e-01
1.628352893529135372e+03 3.562642592399563601e-01
1.627504504857260372e+03 3.611032510523770056e-01
1.626657092747885372e+03 3.569494885144003371e-01
1.625810657201010372e+03 3.468553177541545685e-01
1.624965198216635372e+03 3.499210379085658240e-01
1.624120471654135372e+03 3.563752176336425492e-01
1.623276843724447872e+03 3.420292623220467232e-01
1.622433948216635372e+03 3.448548629216483530e-01
1.621592151341635372e+03 3.409902663397676448e-01
1.620751086888510372e+03 3.346728552329093498e-01
1.619911121068197872e+03 3.547854178206500952e-01
1.619071887669760372e+03 3.350851087378118320e-01
1.618233630833822872e+03 3.451399665314386911e-01
1.617396228490072872e+03 3.479538236874518131e-01
1.616559802708822872e+03 3.402334427231020197e-01
1.615724231419760372e+03 3.463930936834362928e-01
1.614889636693197872e+03 3.412163661336293230e-01
1.614056018529135372e+03 3.447118970293560070e-01
1.613223132786947872e+03 3.314135935886043938e-01
1.612391223607260372e+03 3.521799653766058413e-01
1.611560168919760372e+03 3.315891697875837374e-01
1.610730090794760372e+03 3.283676578670215451e-01
1.609900867161947872e+03 3.269908126909285562e-01
1.609072498021322872e+03 3.408972881937277766e-01
1.608245105443197872e+03 3.306798418038279230e-01
1.607418445286947872e+03 3.345764860462493995e-01
1.606592761693197872e+03 3.275364317908353584e-01
1.605768054661947872e+03 3.358131274027881807e-01
1.604944202122885372e+03 3.257103606824287012e-01
1.604121082005697872e+03 3.205128610170691617e-01
1.603298938451010372e+03 3.389223110313804299e-01
1.602477771458822872e+03 3.297076691988308217e-01
1.601657336888510372e+03 3.207704616693398680e-01
1.600837878880697872e+03 3.291113926648989163e-01
1.600019275365072872e+03 3.384198285091301606e-01
1.599201526341635372e+03 3.328483547489000660e-01
1.598384631810385372e+03 3.493096399074099301e-01
1.597568469701010372e+03 3.379220408506854456e-01
1.596753650365072872e+03 3.377464364906013761e-01
1.595939319310385372e+03 3.245297397555957364e-01
1.595125842747885372e+03 3.224221463457163095e-01
1.594313464818197872e+03 3.336190421407098650e-01
1.593501697240072872e+03 3.419386408529065946e-01
1.592690906224447872e+03 3.298346076418711137e-01
1.591881091771322872e+03 3.314822004578777404e-01
1.591072009740072872e+03 3.358554046856234709e-01
1.590263904271322872e+03 3.327810679485511680e-01
1.589456409154135372e+03 3.371993977886531546e-01
1.588649768529135372e+03 3.384554925682384807e-01
1.587844348607260372e+03 3.446661601950533615e-01
1.587039539036947872e+03 3.374436971152015019e-01
1.586235583958822872e+03 3.247046538622513911e-01
1.585432605443197872e+03 3.426153851946721063e-01
1.584630359349447872e+03 3.183662131992467947e-01
1.583828967747885372e+03 3.372779420121713723e-01
1.583028552708822872e+03 3.382263582226380239e-01
1.582228870091635372e+03 3.327399211660689859e-01
1.581430164036947872e+03 3.221010692675293496e-01
1.580632068333822872e+03 3.240053819695194459e-01
1.579834827122885372e+03 3.193828261200572505e-01
1.579038684544760372e+03 3.223451249036990984e-01
1.578243152318197872e+03 3.282922906968911980e-01
1.577448596654135372e+03 3.227185399040909952e-01
1.576654895482260372e+03 3.354191011763725250e-01
1.575861926732260372e+03 3.334751800991145876e-01
1.575069690404135372e+03 3.393136154217916700e-01
1.574278430638510372e+03 3.196497410811481310e-01
1.573488025365072872e+03 3.363154317418832751e-01
1.572698474583822872e+03 3.263263132641837649e-01
1.571909656224447872e+03 3.193260057976242683e-01
1.571121570286947872e+03 3.335123451611286538e-01
1.570334582982260372e+03 3.314855672630818706e-01
1.569548206029135372e+03 3.363447278998276668e-01
1.568762927708822872e+03 3.390206202390277368e-01
1.567978137669760372e+03 3.269632725126019879e-01
1.567194324193197872e+03 3.334554115649507877e-01
1.566411365208822872e+03 3.273485308112109582e-01
1.565629138646322872e+03 3.413463324683050915e-01
1.564847766576010372e+03 3.372125524941285701e-01
1.564067248997885372e+03 3.331508812261015917e-01
1.563287585911947872e+03 3.325387211192199488e-01
1.562508533177572872e+03 3.378218517277631339e-01
1.561730457005697872e+03 3.317205894559369650e-01
1.560953235326010372e+03 3.381678869740383786e-01
1.560176746068197872e+03 3.278710653747892168e-01
1.559400989232260372e+03 3.233322485189982776e-01
1.558626086888510372e+03 3.381807255147525337e-01
1.557852161107260372e+03 3.326319022290428751e-01
1.557078845677572872e+03 3.269842829386999661e-01
1.556306384740072872e+03 3.287653303988332110e-01
1.555534656224447872e+03 3.296812470402147865e-01
1.554763904271322872e+03 3.343054795667295132e-01
1.553993762669760372e+03 3.253922043402381337e-01
1.553224597630697872e+03 3.334113972796435843e-01
1.553224475560385372e+03 3.404482422281151499e-01
1.552968372044760372e+03 3.370250564328158283e-01
1.552712146458822872e+03 3.392213826488146289e-01
1.552456165013510372e+03 3.336047320139042816e-01
1.552456042943197872e+03 3.421859328922692844e-01
1.552200183568197872e+03 3.378405296187552698e-01
1.551688464818197872e+03 3.359475731344560012e-01
1.550921619115072872e+03 3.241730332287116600e-01
1.550155505833822872e+03 3.235183983047631995e-01
1.549390247044760372e+03 3.386894394801115982e-01
1.548625842747885372e+03 3.376889337523999446e-01
1.547862048802572872e+03 3.355028509583129481e-01
1.547099109349447872e+03 3.399637282582014808e-01
1.546337024388510372e+03 3.336965697243804985e-01
1.545575793919760372e+03 3.249350227084941145e-01
1.544815173802572872e+03 3.240128704371859070e-01
1.544055286107260372e+03 3.452462663771140305e-01
1.543296374974447872e+03 3.330048773344809754e-01
1.542538318333822872e+03 3.319123764873626037e-01
1.541780872044760372e+03 3.216990770790201792e-01
1.541024158177572872e+03 3.287701619209891790e-01
1.540268298802572872e+03 3.386890743830557327e-01
1.539513171849447872e+03 3.325027972988319203e-01
1.538759021458822872e+03 3.398735469686539612e-01
1.538005481419760372e+03 3.342219319294925106e-01
1.537252673802572872e+03 3.299935294555884080e-01
1.536500720677572872e+03 3.369415127535828614e-01
1.535749255833822872e+03 3.341412711579916373e-01
1.534999133763510372e+03 3.310674097004329686e-01
1.534249255833822872e+03 3.180260832129941373e-01
1.533500476536947872e+03 3.301915174974023315e-01
1.532752307591635372e+03 3.303807493129379824e-01
1.532004871068197872e+03 3.342436004345963885e-01
1.531258411107260372e+03 3.240177165003267357e-01
1.530512561497885372e+03 3.265456683172612840e-01
1.529767444310385372e+03 3.339987784770751533e-01
1.529023059544760372e+03 3.247133064800803437e-01
1.528279529271322872e+03 3.267678531639293671e-01
1.527536487279135372e+03 3.386654234480430681e-01
1.526794665990072872e+03 3.299447965959808604e-01
1.526053210911947872e+03 3.229751535536973250e-01
1.525312854466635372e+03 3.294721195030446137e-01
1.524572986302572872e+03 3.342012070044451111e-01
1.523833972630697872e+03 3.362533876618446493e-01
1.523095691380697872e+03 3.338948534166395476e-01
1.522358264622885372e+03 3.296459449273446141e-01
1.521621448216635372e+03 3.243020213909065808e-01
1.520885364232260372e+03 3.369916875447871440e-01
1.520150012669760372e+03 3.365000386313571346e-01
1.519415515599447872e+03 3.296091939889791433e-01
1.518681628880697872e+03 3.334756131310678273e-01
1.517948474583822872e+03 3.266212564473453539e-01
1.517216418919760372e+03 3.314953129342815830e-01
1.516484851536947872e+03 3.245146480269113232e-01
1.515753894505697872e+03 3.380040474854007493e-01
1.515510608372885372e+03 3.395411587982755108e-01
1.515267322240072872e+03 3.384038331750867656e-01
1.515023914036947872e+03 3.361967046592665986e-01
1.515023791966635372e+03 3.263614719184338986e-01
1.514780749974447872e+03 3.325537579615581163e-01
1.514537707982260372e+03 3.373769361137328171e-01
1.514294421849447872e+03 3.362280616377935627e-01
1.513565784154135372e+03 3.319801289450017845e-01
1.512837878880697872e+03 3.282302043500415767e-01
1.512110706029135372e+03 3.303288033377730915e-01
1.511384387669760372e+03 3.300085288691788632e-01
1.510658679661947872e+03 3.339842910085897287e-01
1.509933704076010372e+03 3.356058060529573672e-01
1.509209460911947872e+03 3.266259412522170003e-01
1.508485950169760372e+03 3.234675144541628300e-01
1.507763171849447872e+03 3.349721174279812752e-01
1.507041125951010372e+03 3.317978112026295778e-01
1.506319812474447872e+03 3.358582126783007937e-01
1.505599231419760372e+03 3.382135945645637909e-01
1.504879504857260372e+03 3.465396552759464899e-01
1.504160266576010372e+03 3.407465328352250467e-01
1.503441866038726175e+03 3.422945441798190824e-01
1.502722628003615000e+03 3.354152818936050884e-01
1.502004123884866431e+03 3.354504946398761400e-01
1.501286476001873780e+03 3.264706877979439703e-01
1.500569439715849740e+03 3.372348528076173912e-01
1.499853137346188305e+03 3.316602671355426413e-01
1.499137568892889021e+03 3.295878083582739482e-01
1.498422612036558348e+03 3.459320143134231862e-01
1.497708511415983821e+03 3.387487784507796085e-01
1.496995022392377905e+03 3.354842530574198012e-01
1.496282389604528134e+03 3.318088139687437321e-01
1.495570368413646975e+03 3.316331351665328109e-01
1.494859081139128193e+03 3.327495300595250116e-01
1.494148405461578022e+03 3.387228586821171006e-01
1.493438586019783997e+03 3.233264951397886167e-01
1.492729378174958356e+03 3.413326887384728336e-01
1.492020904246495320e+03 3.372421259706260277e-01
1.491313164234394662e+03 3.339154141784997920e-01
1.490606035819262388e+03 3.364335484273238697e-01
1.489899641320492719e+03 3.303667334772042441e-01
1.489193980738085202e+03 3.400978091950110915e-01
1.488489054072040290e+03 3.241408316240402265e-01
1.487784739002963761e+03 3.280622264226005780e-01
1.487081157850249838e+03 3.409267133760020552e-01
1.486378188294504298e+03 3.311585999368434896e-01
1.485676074974514904e+03 3.210743764637868924e-01
1.484974573251494348e+03 3.302244682687309196e-01
1.484273805444835943e+03 3.251719698595032515e-01
1.483573649235146149e+03 3.293378812526152610e-01
1.482874349261212501e+03 3.366344643035290018e-01
1.482175538564853923e+03 3.270305819137890313e-01
1.481477584104251264e+03 3.350553475496033107e-01
1.480780241240617215e+03 3.290718504013582235e-01
1.480083509973951777e+03 3.346863139283804411e-01
1.479387634943042485e+03 3.294565916984202869e-01
1.478692249189708036e+03 3.336756780755933405e-01
1.477997719672129733e+03 3.342979836405446936e-01
1.477303801751520268e+03 3.350224170503129928e-01
1.476610617747272954e+03 3.386126250421149231e-01
1.475918045339994251e+03 3.348971394186422423e-01
1.475226206849077926e+03 3.316249763957400676e-01
1.474534979955130211e+03 3.377307325350170641e-01
1.473844486977544875e+03 3.371589385311855036e-01
1.473154605596928150e+03 3.339727058089346778e-01
1.472465458132673803e+03 3.289225655967391582e-01
1.471777044584781834e+03 3.248854918708940498e-01
1.471089242633858476e+03 3.288187330412354337e-01
1.470402174599297496e+03 3.322254557583095291e-01
1.469715718161705126e+03 3.274615054936670933e-01
1.469029873321081368e+03 3.427151351886842390e-01
1.468344762396819988e+03 3.333184763293534081e-01
1.467660385388920986e+03 3.291560755410230521e-01
1.466976619977990595e+03 3.294072095822658253e-01
1.466293466164028814e+03 3.307131497407910792e-01
1.465611046266429412e+03 3.261469942754769979e-01
1.464929237965798620e+03 3.374601261043635447e-01
1.464248163581530207e+03 3.341233935123991694e-01
1.463567700794230404e+03 3.338109843403835320e-01
1.462887971923292980e+03 3.338827631927910322e-01
1.462208854649324167e+03 3.228728603151707066e-01
1.461530348972324191e+03 3.315531950341865097e-01
1.460852454892292599e+03 3.425804060112004890e-01
1.460175417048017152e+03 3.222919410579905275e-01
1.459498868481316549e+03 3.283228693307121415e-01
1.458823053830978552e+03 3.290518137910921070e-01
1.458147850777608937e+03 3.321976893954800003e-01
1.457473381640601701e+03 3.323605981709623070e-01
1.456799524100563076e+03 3.260171244247105360e-01
1.456126278157493289e+03 3.194515091007417706e-01
1.455453766130785652e+03 3.318654580348817107e-01
1.454781865701046854e+03 3.238548854713812486e-01
1.454110576868276439e+03 3.302009432905694264e-01
1.453439899632474862e+03 3.304997549858599837e-01
1.452770078632429204e+03 3.245741913877990825e-01
1.452100746909958616e+03 3.324802035502592568e-01
1.451432026784456411e+03 3.262585520650319038e-01
1.450764040575316812e+03 3.380749538937275478e-01
1.450096665963145824e+03 3.310901926067889023e-01
1.449429902947943447e+03 3.284793762345659118e-01
1.448763873849103220e+03 3.198891182049229953e-01
1.448098456347231831e+03 3.319048477966898836e-01
1.447433528122935286e+03 3.353769048518194240e-01
1.446769456134394886e+03 3.412075612523597923e-01
1.446105873423429330e+03 3.311035858778126340e-01
1.445443146948219919e+03 3.304804057728245592e-01
1.444780787431191584e+03 3.280280408064560893e-01
1.444119161830525854e+03 3.280087446441973809e-01
1.443458270146222276e+03 3.267556074993481774e-01
1.442797867739493540e+03 3.329819593881295225e-01
1.442138199249127183e+03 3.274104619712588926e-01
1.441479142355729664e+03 3.202506042935495678e-01
1.440820697059300528e+03 3.193426759080376098e-01
1.440162741040446463e+03 3.311720055153725140e-01
1.439505763576742083e+03 3.230242042887454534e-01
1.439505641257348316e+03 3.104257473213352658e-01
1.439286811861971955e+03 3.110354978267401149e-01
1.439067860147201827e+03 3.206063602034618376e-01
1.438849153071219007e+03 3.300433744247262546e-01
1.438849030751825239e+03 3.300419383575973198e-01
1.438630323675842419e+03 3.161924045684954554e-01
1.438411738919253594e+03 3.054676044458892736e-01
1.438193276482058309e+03 3.264739901558648127e-01
1.438193154162664541e+03 3.207488774153016142e-01
1.437974691725469256e+03 3.211474096934766043e-01
1.437756351607667739e+03 3.206446300630496071e-01
1.437538011489865994e+03 3.115830695160665686e-01
1.437537889170472454e+03 3.164509463891231333e-01
1.437319426733277169e+03 3.236853018427248707e-01
1.437101331254262959e+03 3.112462317671589873e-01
1.436883358094642517e+03 3.138081185511416016e-01
1.436883235775248750e+03 3.203338325011891863e-01
1.436665140296234767e+03 3.229415624381865024e-01
1.436447044817220558e+03 3.090240044162669841e-01
1.436229193976993884e+03 3.195228158992413081e-01
1.436011343136767209e+03 3.209905107034420335e-01
1.435793492296540762e+03 3.250828231109599287e-01
1.435575763775707628e+03 3.147234515909917429e-01
1.435358157574268489e+03 3.205739152847650875e-01
1.435140551372829350e+03 3.177158567509255072e-01
1.434922945171390211e+03 3.191640514289365016e-01
1.434705583608738380e+03 3.322921829223966506e-01
1.434488099726692781e+03 3.254077481921110460e-01
1.434270738164041177e+03 3.373998659623482776e-01
1.434053498920783113e+03 3.233464628134025687e-01
1.433836381996918817e+03 3.309556044558557009e-01
1.433619265073054521e+03 3.231306361652852011e-01
1.433402148149190225e+03 3.195081003477213688e-01
1.433185275864113464e+03 3.200576116345422162e-01
1.432968281259642708e+03 3.160653454158527387e-01
1.432751408974565948e+03 3.079236367726820855e-01
1.432534659008882727e+03 3.136150055112700286e-01
1.432318031362593501e+03 3.075062223608183154e-01
1.432101403716304048e+03 2.996362703001050898e-01
1.431884776070014595e+03 3.080480548570739274e-01
1.431668270743118910e+03 3.053389435004940089e-01
1.431451887735616992e+03 2.890337558255411943e-01
1.431235504728115075e+03 2.983195603500872206e-01
1.431019244040006924e+03 3.080400134527588873e-01
1.430803105671292315e+03 3.185274616233736422e-01
1.430586844983184164e+03 3.256300250447900502e-01
1.430370706614469782e+03 3.251863373007503055e-01
1.430154568245755172e+03 3.309481589146455738e-01
1.429938796835221865e+03 3.244671867613035388e-01
1.429722903105294790e+03 3.224611255901603246e-01
1.429507131694761483e+03 3.346949946785953700e-01
1.429291482603621944e+03 3.412076129159071769e-01
1.429075711193088637e+03 3.411042107323828398e-01
1.428860062101949097e+03 3.296304152810827781e-01
1.428644535330203098e+03 3.295095909447927074e-01
1.428429130877851094e+03 3.286868165046322732e-01
1.428213726425498862e+03 3.312805244719987385e-01
1.427998321973146858e+03 3.352947774309796847e-01
1.427783039840188394e+03 3.368768321691196777e-01
1.427568002346017465e+03 3.355700142396778052e-01
1.427352720213059001e+03 3.429117727139550098e-01
1.427137682718888072e+03 3.328034985090312925e-01
1.426922767544110911e+03 3.376304926501333403e-01
1.426707852369333750e+03 3.443548700030832355e-01
1.426492937194556362e+03 3.370130697167124656e-01
1.426278144339172968e+03 3.371912106685611143e-01
1.426063473803183115e+03 3.432562323686523253e-01
1.425848803267193489e+03 3.399586940649717004e-01
1.425634255050597403e+03 3.320285206480228513e-01
1.425419706834001317e+03 3.299265382478345776e-01
1.425205280936798999e+03 3.412861841190570900e-01
1.424990855039596681e+03 3.400661080756901544e-01
1.424776551461788131e+03 3.408614362225756977e-01
1.424562125564585813e+03 3.317404095979501477e-01
1.424348188944958338e+03 3.373137051196460900e-01
1.424134007686543555e+03 3.280133720767259287e-01
1.423919948747522312e+03 3.310049962916112865e-01
1.423706012127894837e+03 3.340155285009572816e-01
1.423492075508267590e+03 3.190638009130645769e-01
1.423278261208033882e+03 3.324731710388088568e-01
1.423064324588406407e+03 3.344212885454266870e-01
1.422850877246353775e+03 3.316311796338937690e-01
1.422637185265513835e+03 3.320324097887500936e-01
1.422423615604067663e+03 3.358899834412152896e-01
1.422210045942621491e+03 3.383441451126169564e-01
1.421996720919962627e+03 3.394042473456604370e-01
1.421783273577910222e+03 3.352740991476336196e-01
1.421569948555251358e+03 3.353469559532686328e-01
1.421356623532592494e+03 3.208762543064880846e-01
1.421143543148721164e+03 3.259594135612917665e-01
1.420930462764849835e+03 3.290162412621471244e-01
1.420717382380978506e+03 3.290361967822630351e-01
1.420504546635894712e+03 3.314364110217839499e-01
1.420291466252023383e+03 3.441747109175350983e-01
1.420078752826333357e+03 3.376899009955987574e-01
1.419865917081249336e+03 3.392513688569471775e-01
1.419653325974952850e+03 3.347348790876078506e-01
1.419440612549262823e+03 3.389768996723994676e-01
1.419228021442966337e+03 3.365027406724131476e-01
1.419015552656063619e+03 3.318543619978847614e-01
1.418803206188554668e+03 3.284361510437515119e-01
1.418590859721045717e+03 3.306651617058039005e-01
1.418378513253536767e+03 3.343097677324119998e-01
1.418166166786027816e+03 3.346222616946121775e-01
1.417954187276699940e+03 3.332205920175072555e-01
1.417741963128584757e+03 3.341297854869021422e-01
1.417529861299863342e+03 3.333082908065901351e-01
1.417318004109929234e+03 3.340976414501125591e-01
1.417106146919995126e+03 3.348248418671420645e-01
1.416894289730061018e+03 3.425723197950762411e-01
1.416682432540126911e+03 3.424313410053064222e-01
1.416470819988980338e+03 3.358339389460936464e-01
1.416259207437833766e+03 3.434810992423982801e-01
1.416047594886687193e+03 3.342961402470273624e-01
1.415836104654934161e+03 3.362584710763018570e-01
1.415624614423181356e+03 3.331858889873057228e-01
1.415413368830215859e+03 3.371906379910136753e-01
1.415202000917856822e+03 3.357131611260000814e-01
1.414990755324891325e+03 3.333717496770293720e-01
1.414779509731925828e+03 3.344749478348237881e-01
1.414568508777747866e+03 3.263119766045193271e-01
1.414357507823569904e+03 3.322070227552138544e-01
1.414146506869391942e+03 3.384339874224170375e-01
1.413935628234607748e+03 3.305311109419535320e-01
1.413724871919217094e+03 3.298328185662530720e-01
1.413513993284432900e+03 3.354141044717612319e-01
1.413303114649648705e+03 3.354065168246454509e-01
1.413092725292439354e+03 3.294719245971528543e-01
1.412882091296442468e+03 3.388611701380782604e-01
1.412671579619839349e+03 3.356023978527231111e-01
1.412461067943236458e+03 3.342398137743110564e-01
1.412250800905420647e+03 3.411096241592639911e-01
1.412040533867605063e+03 3.269834559125041618e-01
1.411830266829789480e+03 3.277880459120582901e-01
1.411619999791973896e+03 3.389828286083340081e-01
1.411409977392945621e+03 3.352531082396200679e-01
1.411199954993917572e+03 3.351310650634818922e-01
1.410989932594889297e+03 3.377899067895043239e-01
1.410779910195861248e+03 3.339719911173990585e-01
1.410570132435620508e+03 3.331904941296368605e-01
1.410360354675379767e+03 3.263800406712603075e-01
1.410150699234532794e+03 3.295238107610849454e-01
1.409940921474292054e+03 3.395445127047977407e-01
1.409731510672232616e+03 3.333365165640290173e-01
1.409521855231385416e+03 3.273532954383966964e-01
1.409312444429325978e+03 3.290699258681948902e-01
1.409103033627266541e+03 3.279270197384233088e-01
1.408893745144600643e+03 3.303038468266783489e-01
1.408684456661934746e+03 3.362723964393184439e-01
1.408475290498662844e+03 3.299297621279203008e-01
1.408266124335390714e+03 3.367845801860153143e-01
1.408057080491512352e+03 3.340014764551521020e-01
1.407848036647633990e+03 3.268395931234023277e-01
1.407639115123149395e+03 3.284422776388706833e-01
1.407430193598664573e+03 3.394947047555567088e-01
1.407221394393573746e+03 3.319086795628033437e-01
1.407012717507876687e+03 3.320052314245305891e-01
1.406804040622179400e+03 3.362836269247730936e-01
1.406595363736482113e+03 3.334356190177878432e-01
1.406386809170178822e+03 3.394500566091486760e-01
1.406178499242662838e+03 3.323503639759257666e-01
1.405969944676359319e+03 3.343893714549182050e-01
1.405761634748843335e+03 3.340497893487953118e-01
1.405553324821327351e+03 3.468296342967982504e-01
1.405345137213205135e+03 3.422847883692316517e-01
1.405136949605082691e+03 3.345960252279591707e-01
1.404928884316354242e+03 3.288748849638308824e-01
1.404720819027625566e+03 3.339135151489863729e-01
1.404512998377684653e+03 3.325745979076647485e-01
1.404305055408349745e+03 3.415457750959177696e-01
1.404097112439014836e+03 3.373464347527154739e-01
1.403889414108467463e+03 3.421993728861651429e-01
1.403681715777920090e+03 3.436370429943905735e-01
1.403474139766766484e+03 3.372574607062122087e-01
1.403266441436219111e+03 3.328425780498392439e-01
1.403058987744459273e+03 3.412163665743843111e-01
1.402851656372092975e+03 3.408776482605222480e-01
1.402644202680333137e+03 3.350022705162951087e-01
1.402436871307967067e+03 3.377947105708432041e-01
1.402229539935600769e+03 3.344762778555421812e-01
1.402022453202022007e+03 3.388379218926252379e-01
1.401815366468443244e+03 3.398318115281429019e-01
1.401608279734864482e+03 3.363020356993450810e-01
1.401401193001285719e+03 3.377956507351817517e-01
1.401194228587100724e+03 3.362210483282433438e-01
1.400987386492309497e+03 3.301684718393892437e-01
1.400780666716912037e+03 3.341575034770140062e-01
1.400573946941514350e+03 3.385483298551563713e-01
1.400367227166116891e+03 3.453439404751983410e-01
1.400160629710112971e+03 3.447655343180405230e-01
1.399954154573502819e+03 3.410299717441930833e-01
1.399747557117499127e+03 3.355547271339626714e-01
1.399541204300282743e+03 3.412869835398987806e-01
1.399334851483066359e+03 3.361765216922111832e-01
1.399128620985243742e+03 3.340344173338817835e-01
1.398922268168027358e+03 3.357706052392509521e-01
1.398716159989598282e+03 3.365499569391299794e-01
1.398510174130563200e+03 3.355233133017459513e-01
1.398303943632740584e+03 3.314452094984234876e-01
1.398098080093099043e+03 3.328148449074757043e-01
1.397892094234063734e+03 3.323739923784925221e-01
1.397686230694422420e+03 3.396993243809769414e-01
1.397480611793568414e+03 3.325322730921866365e-01
1.397274870573320641e+03 3.359825398231783833e-01
1.397069129353072867e+03 3.359298398101367433e-01
1.396863388132825094e+03 3.446394789358119271e-01
1.396658136190152163e+03 3.363161321996407382e-01
1.396452639608691925e+03 3.400884103627638821e-01
1.396247143027231687e+03 3.344231675848399199e-01
1.396041891084558756e+03 3.330772851910103194e-01
1.395836639141886053e+03 3.375366750207751121e-01
1.395631387199213123e+03 3.399501452232995269e-01
1.395426257575933960e+03 3.380591958359568938e-01
1.395221127952655024e+03 3.334731963302271507e-01
1.395016120648769629e+03 3.410754689489435831e-01
1.394811235664277774e+03 3.334477834064119572e-01
1.394606350679786146e+03 3.440904146480281423e-01
1.394401465695294519e+03 3.330409571254914769e-01
1.394196580710802891e+03 3.419945993426625752e-01
1.393992062684492339e+03 3.365777291579999386e-01
1.393787422338788247e+03 3.361873402560286994e-01
1.393582781993083927e+03 3.394611817952136179e-01
1.393378263966773375e+03 3.457159528276762539e-01
1.393173868259856818e+03 3.438118664079775622e-01
1.392969472552940033e+03 3.396099781966093190e-01
1.392765199165417016e+03 3.417271267584516270e-01
1.392560925777893999e+03 3.335800475003571353e-01
1.392356652390370982e+03 3.296468769243221519e-01
1.392152623641635273e+03 3.336227635379895862e-01
1.391948472573506024e+03 3.356656117766889103e-01
1.391744443824770315e+03 3.366524110512392198e-01
1.391540415076034833e+03 3.347868727021273694e-01
1.391336753285480427e+03 3.405089876314412178e-01
1.391132846856138485e+03 3.376577633756515096e-01
1.390929062746190539e+03 3.425325417619261570e-01
1.390725400955636132e+03 3.351373606726592014e-01
1.390521739165081726e+03 3.408908789041568133e-01
1.390318199693921088e+03 3.322495566208431006e-01
1.390114660222760222e+03 3.463236286263478569e-01
1.389911243070993351e+03 3.371406491321409793e-01
1.389707825919226480e+03 3.352899799735515884e-01
1.389504653406246916e+03 3.358704947511909067e-01
1.389301358573873813e+03 3.327887609426133375e-01
1.389098063741500482e+03 3.370708246872234914e-01
1.388894891228520919e+03 3.364711255732046880e-01
1.388691841034935123e+03 3.385531010649428518e-01
1.388488913160743095e+03 3.292350398817572854e-01
1.388285985286551067e+03 3.407767059511372931e-01
1.388083057412359040e+03 3.433423168988539165e-01
1.387880251857560779e+03 3.396053053113675113e-01
1.387677568622156286e+03 3.442395303814564933e-01
1.387474763067357799e+03 3.389073355883093219e-01
1.387272202151347074e+03 3.388383438150904814e-01
1.387069641235336121e+03 3.409873088232573402e-01
1.386867080319325396e+03 3.397824229047426425e-01
1.386664641722708211e+03 3.418149994019430427e-01
1.386462325445484794e+03 3.340455506854921319e-01
1.386259886848867609e+03 3.385636904381674195e-01
1.386057692891037959e+03 3.348405575827738678e-01
1.385855498933208310e+03 3.398743882829505791e-01
1.385653427294772200e+03 3.363150996307656126e-01
1.385451355656336318e+03 3.439196022616987647e-01
1.385249284017900436e+03 3.425283165725339085e-01
1.385047334698858094e+03 3.369609064553650279e-01
1.384845385379815980e+03 3.372347734873889502e-01
1.384643680699561173e+03 3.335017758206745286e-01
1.384441853699912599e+03 3.348398278176905607e-01
1.384240149019657792e+03 3.353910907506574279e-01
1.384038444339402986e+03 3.399238409587930221e-01
1.383836984297935714e+03 3.371089119698775782e-01
1.383635401937074676e+03 3.297856385959062608e-01
1.383433941895607404e+03 3.360434016728583995e-01
1.383232481854140133e+03 3.366480077237152257e-01
1.383031266451460169e+03 3.369036504731634518e-01
1.382830051048780433e+03 3.365244915048343222e-01
1.382628713326706702e+03 3.293646228500085038e-01
1.382427620243420506e+03 3.456195305317775746e-01
1.382226527160134538e+03 3.498589567365903430e-01
1.382025556396242109e+03 3.382917094885343201e-01
1.381824585632349681e+03 3.342350390083838607e-01
1.381623614868457253e+03 3.304499046665945183e-01
1.381422766423958592e+03 3.361780367068362141e-01
1.381221917979459704e+03 3.354044799386664555e-01
1.381021314173748578e+03 3.440401641024209423e-01
1.380820710368037226e+03 3.465381015640957019e-01
1.380620106562326100e+03 3.413976607159244780e-01
1.380419502756614747e+03 3.425425954015210439e-01
1.380219021270297389e+03 3.346093707909716941e-01
1.380018662103373572e+03 3.410443788386974262e-01
1.379818302936449754e+03 3.398707076102087110e-01
1.379617943769525937e+03 3.366840183599104641e-01
1.379417706921995887e+03 3.366031929064897121e-01
1.379217714713253372e+03 3.409394206327558408e-01
1.379017600185116862e+03 3.386511975050896517e-01
1.378817485656980580e+03 3.380612107973828273e-01
1.378617493448238065e+03 3.399024312387097235e-01
1.378417501239495323e+03 3.403806713372173331e-01
1.378217631350146576e+03 3.515865946933852682e-01
1.378017883780191369e+03 3.443009362842780474e-01
1.377818136210236162e+03 3.402151243903709377e-01
1.377618510959674722e+03 3.411541303394356461e-01
1.377418885709113283e+03 3.502335722726943601e-01
1.377219382777945611e+03 3.417187015906560932e-01
1.377019879846777940e+03 3.418908914205708860e-01
1.376820376915610268e+03 3.431626469509493349e-01
1.376620996303836364e+03 3.450673493419827986e-01
1.376421615692062232e+03 3.411183901605160940e-01
1.376222479719075864e+03 3.370375161075584991e-01
1.376023221426695500e+03 3.417966546960479191e-01
1.375824085453708904e+03 3.482466126823456909e-01
1.375624949480722535e+03 3.411189529161568479e-01
1.375425935827129706e+03 3.488226045581296342e-01
1.375227166812324413e+03 3.501795577559269623e-01
1.375028275478125352e+03 3.420939853224518323e-01
1.374829384143926291e+03 3.356799155839883531e-01
1.374630615129120770e+03 3.509105999420122357e-01
1.374431846114315476e+03 3.380347746060748948e-01
1.374233321738297718e+03 3.444485800564532352e-01
1.374034675042885965e+03 3.396282044445669834e-01
1.373836150666868207e+03 3.419512452426274329e-01
1.373637626290850221e+03 3.413620932561120536e-01
1.373439224234226003e+03 3.429178099006213731e-01
1.373240944496995553e+03 3.365015724660181395e-01
1.373042542440371335e+03 3.332534397120276992e-01
1.372844385022534652e+03 3.414927778714770823e-01
1.372646227604697970e+03 3.351374958410138216e-01
1.372448070186861287e+03 3.326120748855528886e-01
1.372250157407812139e+03 3.429662086248945752e-01
1.372052122309368997e+03 3.388273389936589108e-01
1.371854209530319849e+03 3.376466998689996446e-01
1.371656174431876707e+03 3.384024592789391939e-01
1.371458506291615095e+03 3.465411762958815478e-01
1.371260838151353255e+03 3.372345197853395260e-01
1.371063170011091415e+03 3.419719323137362932e-01
1.370865501870829576e+03 3.413696553548714041e-01
1.370667833730567736e+03 3.408130924794940952e-01
1.370470287909699664e+03 3.480932818892623626e-01
1.370272986727619127e+03 3.426095700606858752e-01
1.370075563226144595e+03 3.285026183398505606e-01
1.369878262044064059e+03 3.363794510421676542e-01
1.369680960861983522e+03 3.314467247053650700e-01
1.369483781999296525e+03 3.441211743854876715e-01
1.369286725456003296e+03 3.443064068351439633e-01
1.369089424273922759e+03 3.479684490253975304e-01
1.368892490050023298e+03 3.352767711216876334e-01
1.368695555826123837e+03 3.439693716526636136e-01
1.368498621602224375e+03 3.430103393519515764e-01
1.368301809697718681e+03 3.410844465470665443e-01
1.368104997793212988e+03 3.432533043289455188e-01
1.367908185888707294e+03 3.403607724117980182e-01
1.367711618622988908e+03 3.473918869681232868e-01
1.367514929037876982e+03 3.407693013022043971e-01
1.367318361772158596e+03 3.449806595277275512e-01
1.367122039145227973e+03 3.305651079626063527e-01
1.366925471879509587e+03 3.412628023956399970e-01
1.366729149252578736e+03 3.476287795196877362e-01
1.366532704306254345e+03 3.421291481432126025e-01
1.366336503998717262e+03 3.445103198097658748e-01
1.366140426010573719e+03 3.471832050329224373e-01
1.365944225703036636e+03 3.404084233184906383e-01
1.365748147714893321e+03 3.504345476010243265e-01
1.365552069726750005e+03 3.419011783882679456e-01
1.365356114058000230e+03 3.419777475059231353e-01
1.365160403028038218e+03 3.407336376771642472e-01
1.364964447359288442e+03 3.362977319108189644e-01
1.364768736329326430e+03 3.422410630998767855e-01
1.364572902979970422e+03 3.351408050977256470e-01
1.364377314269401950e+03 3.457104673098841396e-01
1.364181725558833477e+03 3.412151938532285711e-01
1.363986136848265005e+03 3.350474486654343997e-01
1.363790670457090300e+03 3.333931534743171943e-01
1.363595204065915595e+03 3.336398946298000934e-01
1.363399859994134658e+03 3.346939256435584875e-01
1.363204515922353494e+03 3.372926611790501572e-01
1.363009294169966324e+03 3.492350532277762598e-01
1.362814194736972695e+03 3.397086138634135000e-01
1.362618850665191758e+03 3.387823039998166808e-01
1.362423873551591896e+03 3.460708601883585867e-01
1.362228896437992034e+03 3.363765271746143593e-01
1.362034041643785940e+03 3.420120447947255782e-01
1.361839064530186079e+03 3.365892932478565802e-01
1.361644209735979985e+03 3.402748269128314518e-01
1.361449354941773890e+03 3.483194529860422217e-01
1.361254622466961564e+03 3.426256795752218864e-01
1.361060012311543005e+03 3.429996863987830880e-01
1.360865524475517987e+03 3.517536828152815764e-01
1.360670914320099428e+03 3.372350315725040626e-01
1.360476426484074409e+03 3.385422982440201567e-01
1.360281938648049390e+03 3.441338184972317360e-01
1.360087450812024599e+03 3.384864341636313334e-01
1.359893329934180883e+03 3.378428079125729844e-01
1.359699086736943400e+03 3.425919632761350586e-01
1.359504843539705917e+03 3.385998471473157245e-01
1.359310722661862201e+03 3.306630084287434101e-01
1.359116601784018485e+03 3.485131268531417859e-01
1.358922603225568309e+03 3.441267280004806084e-01
1.358728726986512129e+03 3.425110700316510992e-01
1.358534728428062181e+03 3.341986481084294747e-01
1.358340852189005773e+03 3.477545993338271857e-01
1.358147098269343132e+03 3.462034826064966930e-01
1.357953344349680719e+03 3.448378915165694614e-01
1.357759712749411847e+03 3.451646619738716337e-01
1.357566081149142974e+03 3.495384036582848686e-01
1.357372571868267869e+03 3.409741392837145613e-01
1.357179062587392764e+03 3.383579501717938198e-01
1.356985553306517659e+03 3.409818569866246984e-01
1.356792166345036321e+03 3.446078242239983824e-01
1.356598901702948524e+03 3.445524639211934859e-01
1.356405637060860954e+03 3.398541473641343291e-01
1.356212494738166924e+03 3.365012183731020401e-01
1.356019230096079355e+03 3.465026777241430045e-01
1.355826210092779093e+03 3.457859743897012672e-01
1.355633067770085290e+03 3.357455623391921717e-01
1.355440292405572563e+03 3.399979170442354315e-01
1.355247272402272301e+03 3.441199159777251770e-01
1.355054374718365807e+03 3.411045875335437239e-01
1.354861599353853080e+03 3.423281973000526501e-01
1.354668823989340353e+03 3.449062011735351541e-01
1.354476293263614934e+03 3.439643735862599194e-01
1.354283640218495975e+03 3.399587594153242742e-01
1.354090987173377016e+03 3.423936736178825324e-01
1.353898456447651597e+03 3.488348583169236794e-01
1.353705925721926405e+03 3.502887774452738134e-01
1.353513517315594754e+03 3.528768993135286136e-01
1.353321353548050638e+03 3.484678145415236461e-01
1.353129067461112754e+03 3.470580971161764672e-01
1.352936781374174871e+03 3.478149270693761119e-01
1.352744617606630754e+03 3.314729208963190232e-01
1.352552453839086638e+03 3.427688524249249968e-01
1.352360412390936290e+03 3.379975814139880019e-01
1.352168493262179709e+03 3.348991552842280339e-01
1.351976574133422901e+03 3.435596583356069211e-01
1.351784655004666320e+03 3.445391732644335625e-01
1.351592735875909739e+03 3.378173072506093777e-01
1.351400939066546698e+03 3.414381623221710571e-01
1.351209142257183657e+03 3.422104162655837944e-01
1.351017712406001920e+03 3.454595536342022766e-01
1.350826037916032874e+03 3.376524960039004597e-01
1.350634485745457368e+03 3.441172349181916279e-01
1.350443055894275631e+03 3.400234759390588501e-01
1.350251626043093665e+03 3.431460456020467564e-01
1.350060196191911928e+03 3.477056012257648820e-01
1.349869010979517725e+03 3.453830348341805356e-01
1.349677703447729755e+03 3.445441234246245932e-01
1.349486518235335325e+03 3.434496679527221930e-01
1.349295333022941122e+03 3.401681880994230078e-01
1.349104270129940460e+03 3.484793796731024962e-01
1.348913207236939797e+03 3.432527913461661528e-01
1.348722266663333130e+03 3.368926457735708091e-01
1.348531448409120003e+03 3.418212935575464795e-01
1.348340507835513108e+03 3.396963383105339740e-01
1.348149689581299981e+03 3.403922137929193403e-01
1.347958993646480394e+03 3.345927268252138487e-01
1.347768297711661035e+03 3.349771413889436888e-01
1.347577724096235443e+03 3.428952041545580420e-01
1.347387028161416083e+03 3.347605484999353620e-01
1.347196576865384031e+03 3.394625285595943565e-01
1.347006125569352207e+03 3.469370417745772928e-01
1.346815674273320155e+03 3.467488586175597187e-01
1.346625345296681871e+03 3.461774633268722146e-01
1.346435138639437355e+03 3.458059318718463837e-01
1.346244931982192838e+03 3.323804785745230750e-01
1.346054725324948549e+03 3.351289399340154351e-01
1.345864640987097573e+03 3.332418894244845164e-01
1.345674556649246824e+03 3.455306889641084900e-01
1.345484472311396075e+03 3.412724994951408242e-01
1.345294632612332862e+03 3.450387169516490604e-01
1.345104670593875653e+03 3.409303490624126520e-01
1.344914830894812440e+03 3.372998749662637907e-01
1.344725113515142766e+03 3.406739185037924722e-01
1.344535273816079552e+03 3.413683025593952647e-01
1.344345678755803647e+03 3.371259905171400950e-01
1.344155961376133973e+03 3.423302354661063029e-01
1.343966610954645603e+03 3.421418112434605474e-01
1.343777015894369697e+03 3.396101025279940067e-01
1.343587543153487559e+03 3.384853826554830025e-01
1.343398192731999188e+03 3.366219432926914057e-01
1.343208842310510818e+03 3.401981278110046136e-01
1.343019614208416215e+03 3.463258484604342935e-01
1.342830386106321384e+03 3.374754797904484516e-01
1.342641280323620549e+03 3.458438692272075010e-01
1.342452052221525719e+03 3.395481806303360939e-01
1.342263068758218651e+03 3.362611416998180225e-01
1.342074085294911356e+03 3.360511909962263788e-01
1.341885101831604061e+03 3.462768086688648439e-01
1.341696240687690533e+03 3.362150803412752298e-01
1.341507501863170774e+03 3.432124915784179886e-01
1.341318763038651014e+03 3.417526105591566776e-01
1.341130024214131254e+03 3.428481552461639104e-01
1.340941285389611494e+03 3.404801616212083104e-01
1.340752668884485274e+03 3.448887453197702624e-01
1.340564174698753050e+03 3.428485990896727453e-01
1.340375680513020825e+03 3.347910758355983063e-01
1.340187308646682141e+03 3.472838182101421478e-01
1.339998936780343456e+03 3.491018281560158698e-01
1.339810564914004999e+03 3.384512327249777353e-01
1.339622315367060082e+03 3.402117740998663042e-01
1.339434065820115165e+03 3.411835678500920177e-01
1.339245816273170249e+03 3.390858189643663478e-01
1.339057811365012867e+03 3.346236065965783046e-01
1.338869806456855486e+03 3.339313820136557975e-01
1.338681679229304336e+03 3.323878755073956803e-01
1.338493796640540495e+03 3.365296771529299180e-01
1.338305914051776881e+03 3.424417947931101547e-01
1.322353752638346577e+03 3.345684756742184351e-01
1.322170640505938309e+03 3.359487404470385963e-01
1.321987528373529813e+03 3.362433696760335766e-01
1.321804416241121544e+03 3.475900438001540138e-01
1.321621548747500583e+03 3.366955053475040316e-01
1.304834924430069123e+03 3.433957046685846559e-01
1.304656827392803507e+03 3.437935409168805800e-01
1.304478852674931659e+03 3.502419856073165638e-01
1.304300877957059811e+03 3.462044838347819176e-01
1.304122903239187963e+03 3.492282265125273844e-01
1.286932624922459354e+03 3.513622787384982904e-01
1.286759787619123927e+03 3.508081111947580211e-01
1.286586827996394959e+03 3.527188913825455296e-01
1.286413990693059532e+03 3.508511203055857397e-01
1.286241153389724104e+03 3.486073281635915233e-01
1.286068438405782445e+03 3.463588835677871569e-01
1.285895723421841012e+03 3.439589683296173650e-01
1.285723008437899352e+03 3.429119492042547734e-01
1.285550415773351460e+03 3.466970017945152360e-01
1.285377823108803568e+03 3.519523468775612729e-01
1.285205475083042984e+03 3.460500729525826658e-01
1.285033004737888859e+03 3.550579049308517643e-01
1.284860534392734735e+03 3.566303761643186965e-01
1.284688186366974151e+03 3.545109254451636049e-01
1.284515838341213794e+03 3.565907567423977631e-01
1.284343612634846977e+03 3.513832913725735696e-01
1.284171386928480388e+03 3.527771487340406464e-01
1.283999161222113571e+03 3.559911403663114093e-01
1.283827057835140522e+03 3.580168897471044387e-01
1.283654954448167700e+03 3.499025388191044916e-01
1.283482973380588419e+03 3.593114732448756121e-01
1.283310992313009137e+03 3.578234012020098942e-01
1.283139011245429856e+03 3.584618953099220628e-01
1.282967152497244342e+03 3.649551727714507310e-01
1.282795293749058828e+03 3.613273084854974893e-01
1.282623679639660622e+03 3.683221526427561399e-01
1.282451943210868876e+03 3.659145818931807126e-01
1.282280206782076903e+03 3.611400354157127124e-01
1.282108592672678924e+03 3.469998701257394069e-01
1.281937100882674486e+03 3.508349094001639301e-01
1.281765486773276507e+03 3.489648969206629592e-01
1.281593994983272069e+03 3.525272071117708239e-01
1.281422503193267630e+03 3.498516301811222529e-01
1.281251133722657187e+03 3.485500837685720499e-01
1.281079764252046516e+03 3.514843065616137241e-01
1.280908394781435845e+03 3.507535783206593427e-01
1.280737269949612710e+03 3.543349665774557788e-01
1.280566022798395807e+03 3.430111946732194994e-01
1.280394775647178903e+03 3.514111491354156014e-01
1.280223773134749308e+03 3.527222477177598403e-01
1.280052648302926173e+03 3.508904538625198799e-01
1.279881768109890345e+03 3.527092413874887700e-01
1.279710765597460977e+03 3.418875070329489563e-01
1.279539885404425149e+03 3.472503656224318336e-01
1.279369005211389549e+03 3.536765819510500064e-01
1.279198247337747489e+03 3.535699531679256102e-01
1.279027367144711661e+03 3.483556637935533162e-01
1.278856731590463369e+03 3.550716134418006598e-01
1.278685973716821536e+03 3.510190940345438992e-01
1.278515460481967011e+03 3.488179772594344197e-01
1.278344824927718719e+03 3.528554276066693252e-01
1.278174311692863967e+03 3.536450698374445367e-01
1.278003798458009442e+03 3.506877703699647908e-01
1.277833407542548684e+03 3.491518125372640169e-01
1.277663016627087927e+03 3.502943293888238774e-01
1.277492625711626943e+03 3.503009455199224131e-01
1.277322357115559953e+03 3.528282762390350102e-01
1.277152088519492736e+03 3.520088015620185806e-01
1.276982064562213282e+03 3.497931282383581197e-01
1.276811918285539832e+03 3.482383538805020606e-01
1.276641772008866383e+03 3.488449034424038753e-01
1.276471748051586701e+03 3.589590156732304083e-01
1.276301846413700787e+03 3.518741333568500274e-01
1.276131822456421105e+03 3.489573853582323970e-01
1.275961920818535191e+03 3.485963232709595738e-01
1.275792019180649277e+03 3.539846099308882055e-01
1.275622239862157130e+03 3.470317566401533438e-01
1.275452460543664984e+03 3.427635852990159049e-01
1.275282681225172837e+03 3.404343623931180285e-01
1.275113146545467998e+03 3.499261538036321784e-01
1.274943367226975852e+03 3.510737092189901154e-01
1.274773832547271013e+03 3.530288529623440419e-01
1.274604297867566402e+03 3.445982890863854009e-01
1.274434885507255331e+03 3.490056577543455552e-01
1.274265350827550492e+03 3.433859677161589241e-01
1.274096060786633416e+03 3.519298250646329396e-01
1.273926770745716112e+03 3.415015099940330590e-01
1.273757480704798809e+03 3.558761389982498247e-01
1.273588312983275273e+03 3.479745349376683339e-01
1.273419145261751510e+03 3.492210191513889228e-01
1.273250099859621741e+03 3.480098257605665490e-01
1.273249977540227974e+03 3.448538978498900676e-01
1.273080932138098206e+03 3.504686303578661288e-01
1.273080809818704438e+03 3.498374887308732251e-01
1.272912009055361978e+03 3.541950904600069117e-01
1.272911886735968437e+03 3.472542104241163052e-01
1.272742963653232209e+03 3.439734704586969727e-01
1.272742841333838442e+03 3.515424840364648196e-01
1.272573918251102441e+03 3.464196993052455209e-01
1.272573795931708673e+03 3.495727780044650124e-01
1.272404872848972673e+03 3.476530946960915136e-01
1.272236072085630212e+03 3.382870456377027879e-01
1.272067271322287752e+03 3.547513857671461546e-01
1.271898470558945519e+03 3.483847246874661185e-01
1.271729792114996826e+03 3.500238848408040448e-01
1.271561113671048133e+03 3.466997074546485647e-01
1.271392435227099440e+03 3.503840571074307020e-01
1.271223879102544515e+03 3.479558558927481893e-01
1.271055322977989590e+03 3.531812140135698885e-01
1.270886889172828432e+03 3.501501724511936198e-01
1.270718455367667275e+03 3.419841660511471204e-01
1.270550021562505890e+03 3.528265939571230136e-01
1.270381832396132268e+03 3.500017042107176901e-01
1.270213520910364650e+03 3.594191863364617490e-01
1.270045209424597260e+03 3.555542162111512972e-01
1.269877020258223411e+03 3.463126573518812146e-01
1.269708953411243556e+03 3.499047678222098612e-01
1.269540764244869706e+03 3.582772590412044988e-01
1.269372697397889624e+03 3.584406146663761117e-01
1.269204752870303309e+03 3.555188258329941009e-01
1.269036808342716995e+03 3.563438626059795555e-01
1.268868863815130680e+03 3.567108507404849194e-01
1.268700919287544593e+03 3.570538658515878816e-01
1.268533219398745587e+03 3.564513952373049022e-01
1.268365397190553040e+03 3.550352205978848930e-01
1.268197574982360493e+03 3.586455526272497307e-01
1.268029997412955481e+03 3.581073541858667553e-01
1.267862297524156475e+03 3.501096945930229909e-01
1.267694719954751463e+03 3.560538076702335353e-01
1.267527142385346224e+03 3.563823287814539831e-01
1.267359809454728520e+03 3.433431270021624626e-01
1.267192231885323508e+03 3.480848821114999048e-01
1.267024776635312037e+03 3.557915654942802597e-01
1.266857443704694333e+03 3.501812887596323365e-01
1.266690110774076857e+03 3.529271619457817755e-01
1.266522900162852920e+03 3.563837788711743948e-01
1.266355811871022524e+03 3.493799181224583883e-01
1.266188601259798588e+03 3.543805975975812261e-01
1.266021512967968420e+03 3.435485419432696697e-01
1.265854424676138251e+03 3.491287457836994013e-01
1.265687336384308082e+03 3.497598310435133251e-01
1.265520370411871454e+03 3.509976508367432801e-01
1.265353404439435053e+03 3.523150742636712018e-01
1.265186683105785960e+03 3.519706069091084744e-01
1.265019717133349559e+03 3.537733476553771017e-01
1.264852873480306698e+03 3.508294025818062267e-01
1.264686152146657605e+03 3.524420676856725443e-01
1.264519430813008739e+03 3.553499625284370911e-01
1.264352831798753414e+03 3.601662526306160239e-01
1.264186232784498088e+03 3.460705830963557439e-01
1.264019633770242763e+03 3.523183874795404735e-01
1.263853157075381205e+03 3.549300413346642147e-01
1.263686680380519647e+03 3.558110429057971258e-01
1.263520203685658089e+03 3.549403757147384098e-01
1.263353849310190071e+03 3.546876981671817641e-01
1.263187494934722281e+03 3.510104185244229402e-01
1.263021262878648258e+03 3.343169075581513550e-01
1.262854908503180241e+03 3.470288617840315282e-01
1.262688798766499986e+03 3.456730822093743716e-01
1.262522566710425735e+03 3.490244970036049943e-01
1.262356456973745253e+03 3.560589821305131242e-01
1.262190469556458766e+03 3.531927308846913860e-01
1.262024482139172051e+03 3.518190991667694556e-01
1.261858494721885336e+03 3.573031971490673309e-01
1.261692507304598621e+03 3.510433371608971398e-01
1.261526764526099441e+03 3.528967537763318951e-01
1.261361021747600262e+03 3.569878012475578566e-01
1.261195156649707315e+03 3.491182983887704538e-01
1.261029413871207908e+03 3.499540849836567102e-01
1.260863793412102495e+03 3.499665656351934606e-01
1.260698172952997083e+03 3.482904316325409200e-01
1.260532552493891444e+03 3.513978821609211600e-01
1.260366932034786032e+03 3.501667759192759743e-01
1.260201433895074160e+03 3.427768648985028421e-01
1.260036058074756284e+03 3.491353959821363317e-01
1.259870559935044412e+03 3.537697665011684256e-01
1.259705306434120075e+03 3.466532073311682782e-01
1.259539930613801971e+03 3.545855897669616952e-01
1.259374677112877634e+03 3.533707940168418493e-01
