# Wavelength, Reflectance
1.644664854745700268e+03 3.346888577787116570e-01
1.643798765878512768e+03 3.201538906789293537e-01
1.642933531503512768e+03 3.705275048446867170e-01
1.642069273691012768e+03 3.430803146887916322e-01
1.641205870370700268e+03 3.385411363338374224e-01
1.640343565683200268e+03 3.162336495645872714e-01
1.639482115487887768e+03 3.286902956352312222e-01
1.638621641855075268e+03 3.657955648757095224e-01
1.637762022714450268e+03 3.471456135541544641e-01
1.636903502206637768e+03 3.618894994592475323e-01
1.636045836191012768e+03 3.472220593065348249e-01
1.635189146737887768e+03 3.552238307676505724e-01
1.634333433847262768e+03 3.675704184990503665e-01
1.633478575448825268e+03 3.498058957011556669e-01
1.632624693612887768e+03 3.639949145756113946e-01
1.631771666269137768e+03 3.633318699653467210e-01
1.630919615487887768e+03 3.484004657816459072e-01
1.630068541269137768e+03 3.478984439512424198e-01
1.629218321542575268e+03 3.569262530370069797e-01
1.628369078378512768e+03 3.401411173004471045e-01
1.627520689706637768e+03 3.438921237977718981e-01
1.626673277597262768e+03 3.281179575416247052e-01
1.625826842050387768e+03 3.500029991773927485e-01
1.624981383066012768e+03 3.399257825962345159e-01
1.624136656503512768e+03 3.502774065760709266e-01
1.623293028573825268e+03 3.348371087614327446e-01
1.622450133066012768e+03 3.401533017822362948e-01
1.621608336191012768e+03 3.401489814513016241e-01
1.620767271737887768e+03 3.466447917165429438e-01
1.619927305917575268e+03 3.499588269565301335e-01
1.619088072519137768e+03 3.329276081586226010e-01
1.618249815683200268e+03 3.279755441021930396e-01
1.617412413339450268e+03 3.405400519299532913e-01
1.616575987558200268e+03 3.390140814529992164e-01
1.615740416269137768e+03 3.281488916025247504e-01
1.614905821542575268e+03 3.350174274462633939e-01
1.614072203378512768e+03 3.264561593055798627e-01
1.613239317636325268e+03 3.214403343874492891e-01
1.612407408456637768e+03 3.585976243001785524e-01
1.611576353769137768e+03 3.344897347694218981e-01
1.610746275644137768e+03 3.475525365181621473e-01
1.609917052011325268e+03 3.285127748940750991e-01
1.609088682870700268e+03 3.334443327580095540e-01
1.608261290292575268e+03 3.390811197116204156e-01
1.607434630136325268e+03 3.214759748985828725e-01
1.606608946542575268e+03 3.357582942823876815e-01
1.605784239511325268e+03 3.369240620623804583e-01
1.604960386972262768e+03 3.371866860166843893e-01
1.604137266855075268e+03 3.222872281298271302e-01
1.603315123300387768e+03 3.251865650775572214e-01
1.602493956308200268e+03 3.139615870697709532e-01
1.601673521737887768e+03 3.239840104840385759e-01
1.600854063730075268e+03 3.311015094939024905e-01
1.600035460214450268e+03 3.145423292040878116e-01
1.599217711191012768e+03 3.384353571791690052e-01
1.598400816659762768e+03 3.327235466339790726e-01
1.597584654550387768e+03 3.342119429102962114e-01
1.596769835214450268e+03 3.298816358043078489e-01
1.595955504159762768e+03 3.150744750913819781e-01
1.595142027597262768e+03 3.269093056905152395e-01
1.594329649667575268e+03 3.359777817430418256e-01
1.593517882089450268e+03 3.336541858534760596e-01
1.592707091073825268e+03 3.371245123421902079e-01
1.591897276620700268e+03 3.417635988243825640e-01
1.591088194589450268e+03 3.216958349385803384e-01
1.590280089120700268e+03 3.274843279121121831e-01
1.589472594003512768e+03 3.246195140659899336e-01
1.588665953378512768e+03 3.283371516269223411e-01
1.587860533456637768e+03 3.251569818004176327e-01
1.587055723886325268e+03 3.274441711946381450e-01
1.586251768808200268e+03 3.372085881232909088e-01
1.585448790292575268e+03 3.269399732898238264e-01
1.584646544198825268e+03 3.245070026587956735e-01
1.583845152597262768e+03 3.374093369322899716e-01
1.583044737558200268e+03 3.295290522975559688e-01
1.582245054941012768e+03 3.288034586650783742e-01
1.581446348886325268e+03 3.468411306305442809e-01
1.580648253183200268e+03 3.323736794014602314e-01
1.579851011972262768e+03 3.306420925477027151e-01
1.579054869394137768e+03 3.413926681113169104e-01
1.578259337167575268e+03 3.193651104387006390e-01
1.577464781503512768e+03 3.234277572783809673e-01
1.576671080331637768e+03 3.266016726431698602e-01
1.575878111581637768e+03 3.371444890333606947e-01
1.575085875253512768e+03 3.293454821641643160e-01
1.574294615487887768e+03 3.377141067174910805e-01
1.573504210214450268e+03 3.327727848849098002e-01
1.572714659433200268e+03 3.259235481093651909e-01
1.571925841073825268e+03 3.221164983106419855e-01
1.571137755136325268e+03 3.275443328792341235e-01
1.570350767831637768e+03 3.269414614875999492e-01
1.569564390878512768e+03 3.206833355175420786e-01
1.568779112558200268e+03 3.249682798170511200e-01
1.567994322519137768e+03 3.323937349268599184e-01
1.567210509042575268e+03 3.317450856404773885e-01
1.566427550058200268e+03 3.350050915316821754e-01
1.565645323495700268e+03 3.295378697377518429e-01
1.564863951425387768e+03 3.346589050863676973e-01
1.564083433847262768e+03 3.298397869666410687e-01
1.563303770761325268e+03 3.383232523161496808e-01
1.562524718026950268e+03 3.287023747444011712e-01
1.561746641855075268e+03 3.276222003900199908e-01
1.560969420175387768e+03 3.372536901472931725e-01
1.560192930917575268e+03 3.295288595871554982e-01
1.559417174081637768e+03 3.282241917254993813e-01
1.558642271737887768e+03 3.213977472217783293e-01
1.557868345956637768e+03 3.317318252356212804e-01
1.557095030526950268e+03 3.372553565751426063e-01
1.556322569589450268e+03 3.359875156287052689e-01
1.555550841073825268e+03 3.311817996845642931e-01
1.554780089120700268e+03 3.349665424749841969e-01
1.554009947519137768e+03 3.332159366809515633e-01
1.553240782480075268e+03 3.347663082883792218e-01
1.553240660409762768e+03 3.247111717375328888e-01
1.552984556894137768e+03 3.306083971360148643e-01
1.552728331308200268e+03 3.250609252428994234e-01
1.552472349862887768e+03 3.364885239272116801e-01
1.552472227792575268e+03 3.256847828369427988e-01
1.552216368417575268e+03 3.345047350940401065e-01
1.551704649667575268e+03 3.234191002699139394e-01
1.550937803964450268e+03 3.326058819354302809e-01
1.550171690683200268e+03 3.410462570768209023e-01
1.549406431894137768e+03 3.315372779329334718e-01
1.548642027597262768e+03 3.389348351378751456e-01
1.547878233651950268e+03 3.222717750628288913e-01
1.547115294198825268e+03 3.251782754855475632e-01
1.546353209237887768e+03 3.341379285901298068e-01
1.545591978769137768e+03 3.224068119103928876e-01
1.544831358651950268e+03 3.282390517695856769e-01
1.544071470956637768e+03 3.325713526338006654e-01
1.543312559823825268e+03 3.264247311422928677e-01
1.542554503183200268e+03 3.168832273495050811e-01
1.541797056894137768e+03 3.212092684856555636e-01
1.541040343026950268e+03 3.320309311636954752e-01
1.540284483651950268e+03 3.216301981415911615e-01
1.539529356698825268e+03 3.249354188655881881e-01
1.538775206308200268e+03 3.277150405450017234e-01
1.538021666269137768e+03 3.276088969528376249e-01
1.537268858651950268e+03 3.255498749206812148e-01
1.536516905526950268e+03 3.284837780344330715e-01
1.535765440683200268e+03 3.240785868231381706e-01
1.535015318612887768e+03 3.302556303003833515e-01
1.534265440683200268e+03 3.135833640549244850e-01
1.533516661386325268e+03 3.272057783830925604e-01
1.532768492441012768e+03 3.236987296896258193e-01
1.532021055917575268e+03 3.253293451555844817e-01
1.531274595956637768e+03 3.272900107276906501e-01
1.530528746347262768e+03 3.276106440199272329e-01
1.529783629159762768e+03 3.272419603971613578e-01
1.529039244394137768e+03 3.308893666454774118e-01
1.528295714120700268e+03 3.336098678540213025e-01
1.527552672128512768e+03 3.328813573602051323e-01
1.526810850839450268e+03 3.257483737374411437e-01
1.526069395761325268e+03 3.262035118850396542e-01
1.525329039316012768e+03 3.356590466151249119e-01
1.524589171151950268e+03 3.308283662402412006e-01
1.523850157480075268e+03 3.264362239014933498e-01
1.523111876230075268e+03 3.255389520756898358e-01
1.522374449472262768e+03 3.336010651360316603e-01
1.521637633066012768e+03 3.297333466035323180e-01
1.520901549081637768e+03 3.315282478488562612e-01
1.520166197519137768e+03 3.289531281215097858e-01
1.519431700448825268e+03 3.298521065291163401e-01
1.518697813730075268e+03 3.287785216950483425e-01
1.517964659433200268e+03 3.276055022346660017e-01
1.517232603769137768e+03 3.303379219338489214e-01
1.516501036386325268e+03 3.276396717400312242e-01
1.515770079355075268e+03 3.249651578858809842e-01
1.515526793222262768e+03 3.306311211062669675e-01
1.515283507089450268e+03 3.267212866754541367e-01
1.515040098886325268e+03 3.363555372700619550e-01
1.515039976816012768e+03 3.266255459533314864e-01
1.514796934823825268e+03 3.369353450579711806e-01
1.514553892831637768e+03 3.298650713587650274e-01
1.514310606698825268e+03 3.252360067358024409e-01
1.513581969003512768e+03 3.300933536055745687e-01
1.512854063730075268e+03 3.326733774072193617e-01
1.512126890878512768e+03 3.284571403363742981e-01
1.511400572519137768e+03 3.239912239409841188e-01
1.510674864511325268e+03 3.306956790736701457e-01
1.509949888925387768e+03 3.274047193653279453e-01
1.509225645761325268e+03 3.325151615294999474e-01
1.508502135019137768e+03 3.182059568487383139e-01
1.507779356698825268e+03 3.302882073085808834e-01
1.507057310800387768e+03 3.299200542135126701e-01
1.506335997323825268e+03 3.275976309637575468e-01
1.505615416269137768e+03 3.326421739547084089e-01
1.504895689706637768e+03 3.385266758743198379e-01
1.504176451425387768e+03 3.351914646405098064e-01
1.503458049719725068e+03 3.189355639833535427e-01
1.502738709512310152e+03 3.247698209891036192e-01
1.502020103325515038e+03 3.313929504174218943e-01
1.501302353496109845e+03 3.211193135661301046e-01
1.500585215350554336e+03 3.255465087138337266e-01
1.499868811225618629e+03 3.275845759541568536e-01
1.499153141121302724e+03 3.352695465394897600e-01
1.498438082700836958e+03 3.338091252374081330e-01
1.497723880637760658e+03 3.235130400328165012e-01
1.497010290258534269e+03 3.333875942577270157e-01
1.496297556236697801e+03 3.376297146622136980e-01
1.495585433898711017e+03 3.275418489023790292e-01
1.494874045581344035e+03 3.265630201277765488e-01
1.494163268947826964e+03 3.304012322987341932e-01
1.493453348671699587e+03 3.227737960641166026e-01
1.492744040079422120e+03 3.289188838761920586e-01
1.492035465507764457e+03 3.310894014567494770e-01
1.491327624956726595e+03 3.298982985920063671e-01
1.490620396089538644e+03 3.275600937811030677e-01
1.489913901242970496e+03 3.277670966881748860e-01
1.489208140417022150e+03 3.311120950584554024e-01
1.488503113611693607e+03 3.338366571985074138e-01
1.487798698490214747e+03 3.240751266874307146e-01
1.487095017389355917e+03 3.318857191570975251e-01
1.486391947972346770e+03 3.243730246713140142e-01
1.485689734912727545e+03 3.294678694348208703e-01
1.484988133536958003e+03 3.268643891818134306e-01
1.484287266181808491e+03 3.307586073875292687e-01
1.483587010510508662e+03 3.349624307245749333e-01
1.482887611196598755e+03 3.270375365412587221e-01
1.482188701229768412e+03 3.312485325527382285e-01
1.481490647620328218e+03 3.198948189303156275e-01
1.480793205694737708e+03 3.325608116157458549e-01
1.480096375452996881e+03 3.208619348826441398e-01
1.479400401568645975e+03 3.315115837393345366e-01
1.478704917031375089e+03 3.301744336514905176e-01
1.478010288851493897e+03 3.279923168018047397e-01
1.477316272355462388e+03 3.287159970159539424e-01
1.476622989880050909e+03 3.295136590557961043e-01
1.475930319088489114e+03 3.223379758113864568e-01
1.475238382317547121e+03 3.329582008540612481e-01
1.474547057230455039e+03 3.376467463550822945e-01
1.473856466163982759e+03 3.306694354941421277e-01
1.473166486781360391e+03 3.295761554680344263e-01
1.472477241419357597e+03 3.288115717794557469e-01
1.471788730077974833e+03 3.171221320199207327e-01
1.471100830420441980e+03 3.309796433603969801e-01
1.470413664783528702e+03 3.241169342204685555e-01
1.469727110830465335e+03 3.275063772530741324e-01
1.469041168561251880e+03 3.292444308416633825e-01
1.468355960312658226e+03 3.245684999250131320e-01
1.467671486084684375e+03 3.325648371116857183e-01
1.466987623540560435e+03 3.200734254377703980e-01
1.466304372680286178e+03 3.213113683370188434e-01
1.465621855840631952e+03 3.194770404139575248e-01
1.464939950684827409e+03 3.260702670091012445e-01
1.464258779549642668e+03 3.240403566299452365e-01
1.463578220098307838e+03 3.324955624240154561e-01
1.462898394667592811e+03 3.292080698175467446e-01
1.462219180920727467e+03 3.304185738251044779e-01
1.461540578857712262e+03 3.262444790004184747e-01
1.460862588478546741e+03 3.331124323356035033e-01
1.460185454456770913e+03 3.204165200183628492e-01
1.459508809782075105e+03 3.217370526739518066e-01
1.458832899127999099e+03 3.244517297193043603e-01
1.458157600157772777e+03 3.248847239452379299e-01
1.457483035208166484e+03 3.202876173923480119e-01
1.456809081942409875e+03 3.294867161168963943e-01
1.456135740360503178e+03 3.155918817130551890e-01
1.455463132799216282e+03 3.312510607289100295e-01
1.454791136921779071e+03 3.240646332445432098e-01
1.454119752728191997e+03 3.234714184493441280e-01
1.453448980218454608e+03 3.257895732327991678e-01
1.452779064066106912e+03 3.157608070590891547e-01
1.452109637260839236e+03 3.276731254198089194e-01
1.451440822139421243e+03 3.292358106914884397e-01
1.450772741038623280e+03 3.251871802587930627e-01
1.450105271621675001e+03 3.297117172088694925e-01
1.449438413888576633e+03 3.221819797448419731e-01
1.448772290176098068e+03 3.185945352229553329e-01
1.448106778147469186e+03 3.261615181973410160e-01
1.447441755465920323e+03 3.287361033816065814e-01
1.446777589141761382e+03 3.262951322139566734e-01
1.446113912164682233e+03 3.294194543417712229e-01
1.445451091544992778e+03 3.220548017064505664e-01
1.444788637935613224e+03 3.232561561994426458e-01
1.444126918346853472e+03 3.245473389907101436e-01
1.443465932778713523e+03 3.301439449303664175e-01
1.442805436557653593e+03 3.347392779614409841e-01
1.442145674357213238e+03 3.202280034449760393e-01
1.441486523840623022e+03 3.202839341235202975e-01
1.440827985007882489e+03 3.284513750220895423e-01
1.440169935522221749e+03 3.143888022169506469e-01
1.439512864730720821e+03 3.184245759366485240e-01
1.439512742393950930e+03 3.167751961688352047e-01
1.439293881912477218e+03 3.174545104295793951e-01
1.439074899094233615e+03 3.268733984692146488e-01
1.438856160949529794e+03 3.286135269807862191e-01
1.438856038612759903e+03 3.146020556100195820e-01
1.438637300468056310e+03 3.205647563896132368e-01
1.438418684660122381e+03 3.242354272609104804e-01
1.438200191188958797e+03 3.198247442012496222e-01
1.438200068852188679e+03 3.206274948289069560e-01
1.437981575381024868e+03 3.129412149412205135e-01
1.437763204246631176e+03 3.243797097690094278e-01
1.437544833112237257e+03 3.169972487734946665e-01
1.437544710775467365e+03 3.201792399787671273e-01
1.437326217304303555e+03 3.120704821890429304e-01
1.437108090843449645e+03 3.117793440243410430e-01
1.436890086719365854e+03 3.254612066126122416e-01
1.436889964382595963e+03 3.158684677500106508e-01
1.436671837921742053e+03 3.200169033942700803e-01
1.436453711460888144e+03 3.159088242970215510e-01
1.436235829673574244e+03 3.150479715837923855e-01
1.436017947886260345e+03 3.172969949064472495e-01
1.435800066098946445e+03 3.182042629796297817e-01
1.435582306648402437e+03 3.151819168070395527e-01
1.435364669534628320e+03 3.241061363496073322e-01
1.435147032420854430e+03 3.190544058152802176e-01
1.434929395307080313e+03 3.252660620260042768e-01
1.434712002866846433e+03 3.252508565894763892e-01
1.434494488089842434e+03 3.124204276773190347e-01
1.434277095649608327e+03 3.239594968843064748e-01
1.434059825546144111e+03 3.214048117235468460e-01
1.433842677779450014e+03 3.268647055150406544e-01
1.433625530012755917e+03 3.204079687405705368e-01
1.433408382246061819e+03 3.123450681690093655e-01
1.433191479152907732e+03 3.201760128985786102e-01
1.432974453722983526e+03 3.091451215261969976e-01
1.432757550629829211e+03 3.151791693189989196e-01
1.432540769873445015e+03 3.070672292257381475e-01
1.432324111453830938e+03 3.028470407179028601e-01
1.432107453034216633e+03 2.895817433451259304e-01
1.431890794614602328e+03 2.880530398768859079e-01
1.431674258531758142e+03 2.930392228322915571e-01
1.431457844785683847e+03 2.983094705330812113e-01
1.431241431039609552e+03 2.946771364842447061e-01
1.431025139630305148e+03 3.002527161897601271e-01
1.430808970557770863e+03 3.162900458820034344e-01
1.430592679148466459e+03 3.258636907690694029e-01
1.430376510075932174e+03 3.241517087922529128e-01
1.430160341003397662e+03 3.191575775968115702e-01
1.429944538941173278e+03 3.186575787947235061e-01
1.429728614542178775e+03 3.217433851279565826e-01
1.429512812479954391e+03 3.296465190411312363e-01
1.429297132754499899e+03 3.220995566911315500e-01
1.429081330692275287e+03 3.262261901545935316e-01
1.428865650966820795e+03 3.261225608322935732e-01
1.428650093578136421e+03 3.329236243648009963e-01
1.428434658526221710e+03 3.320921691232655570e-01
1.428219223474307228e+03 3.381491689931899747e-01
1.428003788422392745e+03 3.324710742060416058e-01
1.427788475707248153e+03 3.326502095164352024e-01
1.427573407665643344e+03 3.376233605610414190e-01
1.427358094950498753e+03 3.352005975456391340e-01
1.427143026908894171e+03 3.334765503101562167e-01
1.426928081204059481e+03 3.272298548051817968e-01
1.426713135499224791e+03 3.407912357169468609e-01
1.426498189794390100e+03 3.342293683829064554e-01
1.426283366426325301e+03 3.316280622915922516e-01
1.426068665395030621e+03 3.320615863964938019e-01
1.425853964363735940e+03 3.371512314512359887e-01
1.425639385669211151e+03 3.418102244976154447e-01
1.425424806974686362e+03 3.361923380826969954e-01
1.425210350616931464e+03 3.214353967322858274e-01
1.424995894259176794e+03 3.264087715256757116e-01
1.424781560238191787e+03 3.292082047590121352e-01
1.424567103880437116e+03 3.297688851856414027e-01
1.424353136869762238e+03 3.248910638677139917e-01
1.424138925185547350e+03 3.351281929073227639e-01
1.423924835838102354e+03 3.283779917703100182e-01
1.423710868827427475e+03 3.286321437905247445e-01
1.423496901816752597e+03 3.261367109393049635e-01
1.423283057142847611e+03 3.271154682758253274e-01
1.423069090132172505e+03 3.297356844800624631e-01
1.422855612468577419e+03 3.235439033059428482e-01
1.422641890131442551e+03 3.307936729295324896e-01
1.422428290131077574e+03 3.250927716195706196e-01
1.422214690130712370e+03 3.240660788530350112e-01
1.422001334803887403e+03 3.339820849898733068e-01
1.421787857140292317e+03 3.333275203135159792e-01
1.421574501813467123e+03 3.368031386313186104e-01
1.421361146486642156e+03 3.170302043110120316e-01
1.421148035833356971e+03 3.274600073783723864e-01
1.420934925180071787e+03 3.250846854073418668e-01
1.420721814526786602e+03 3.230674032445283173e-01
1.420508948547041427e+03 3.308813314154968599e-01
1.420295837893756243e+03 3.332581559262277615e-01
1.420083094250780960e+03 3.240970495403890372e-01
1.419870228271035785e+03 3.297283011914043382e-01
1.419657606964830620e+03 3.259377942239256587e-01
1.419444863321855337e+03 3.274027663674948241e-01
1.419232242015649945e+03 3.256519955631104191e-01
1.419019743046214671e+03 3.210808641680234499e-01
1.418807366413549289e+03 3.251875777788129085e-01
1.418594989780883907e+03 3.314461385621069178e-01
1.418382613148218525e+03 3.269547843429797540e-01
1.418170236515553370e+03 3.326533764781962055e-01
1.417958226893197889e+03 3.231903515255385440e-01
1.417745972597302398e+03 3.321679910370400890e-01
1.417533840638177026e+03 3.293354167805240817e-01
1.417321953352591663e+03 3.180149193786970252e-01
1.417110066067006073e+03 3.301639235573614051e-01
1.416898178781420711e+03 3.290552362947098963e-01
1.416686291495835121e+03 3.309094573170547893e-01
1.416474648883789541e+03 3.338623266665374234e-01
1.416263006271744189e+03 3.285687919311368055e-01
1.416051363659698609e+03 3.282792735907166803e-01
1.415839843384422920e+03 3.281894810391429163e-01
1.415628323109147459e+03 3.190391236637303285e-01
1.415417047507411780e+03 3.276962040674014642e-01
1.415205649568906210e+03 3.275648221005347249e-01
1.414994373967170532e+03 3.321057961319789920e-01
1.414783098365434853e+03 3.263124754672947492e-01
1.414572067437239184e+03 3.320246311633918701e-01
1.414361036509043515e+03 3.220584212318715056e-01
1.414150005580847846e+03 3.275649628155063442e-01
1.413939096989422069e+03 3.224902114893629101e-01
1.413728310734766410e+03 3.197445655601103831e-01
1.413517402143340632e+03 3.293538843116708970e-01
1.413306493551914855e+03 3.341333555571362468e-01
1.413096074307569097e+03 3.255278455830238338e-01
1.412885410389683329e+03 3.259613411347167533e-01
1.412674868808567453e+03 3.295443727038627757e-01
1.412464327227451577e+03 3.377668416181358602e-01
1.412254030319875710e+03 3.335827059555126484e-01
1.412043733412299844e+03 3.285986737384840595e-01
1.411833436504723977e+03 3.445968064401129793e-01
1.411623139597148111e+03 3.314861607020069267e-01
1.411413087363112254e+03 3.366811998118706128e-01
1.411203035129076170e+03 3.148299506436545436e-01
1.410992982895040313e+03 3.289918954146139329e-01
1.410782930661004457e+03 3.252113056171988537e-01
1.410573123100508383e+03 3.312251956014752308e-01
1.410363315540012309e+03 3.299173360599276794e-01
1.410153630316286353e+03 3.357701642144609311e-01
1.409943822755790279e+03 3.244960222103004388e-01
1.409734382205604106e+03 3.286229969255297090e-01
1.409524696981878151e+03 3.247663762690359279e-01
1.409315256431691978e+03 3.271490423726906571e-01
1.409105815881506032e+03 3.212581086456026691e-01
1.408896497668089751e+03 3.317578729014878380e-01
1.408687179454673696e+03 3.267938915077498452e-01
1.408477983578027533e+03 3.266269377023399145e-01
1.408268787701381370e+03 3.259429205454316136e-01
1.408059714161505099e+03 3.299672227135326819e-01
1.407850640621629054e+03 3.303807016083350478e-01
1.407641689418522674e+03 3.209739359721000551e-01
1.407432738215416521e+03 3.291076284161706389e-01
1.407223909349080259e+03 3.326614674304622654e-01
1.407015202819513888e+03 3.245221156971034859e-01
1.406806496289947745e+03 3.253725720724129356e-01
1.406597789760381374e+03 3.403194854631729771e-01
1.406389205567585122e+03 3.305961404537358650e-01
1.406180866048328653e+03 3.324056354031892369e-01
1.405972281855532401e+03 3.384707302888085301e-01
1.405763942336275932e+03 3.313670162509863015e-01
1.405555602817019462e+03 3.315447615821277005e-01
1.405347385634533111e+03 3.352869898941364668e-01
1.405139168452046761e+03 3.353550239733618099e-01
1.404931073606330301e+03 3.331498657024865584e-01
1.404722978760613842e+03 3.332826047893868160e-01
1.404515128588437392e+03 3.395204732455729402e-01
1.404307156079490824e+03 3.353579304988638654e-01
1.404099183570544483e+03 3.257608964899809667e-01
1.403891455735137924e+03 3.285582244570575128e-01
1.403683727899731366e+03 3.354073584855430945e-01
1.403476122401094699e+03 3.393353367721111957e-01
1.403268394565688141e+03 3.356463845651430633e-01
1.403060911403821592e+03 3.262019064561066939e-01
1.402853550578724935e+03 3.354131044360191827e-01
1.402646067416858386e+03 3.384033434642873539e-01
1.402438706591761729e+03 3.364273741914811655e-01
1.402231345766665072e+03 3.304153679845279745e-01
1.402024229615108425e+03 3.319712506380258499e-01
1.401817113463551550e+03 3.315475263595024091e-01
1.401609997311994903e+03 3.307930655223182415e-01
1.401402881160438255e+03 3.322528848011558900e-01
1.401195887345651499e+03 3.222932519498618031e-01
1.400989015867634862e+03 3.253663465509159525e-01
1.400782266726387888e+03 3.383949096964000702e-01
1.400575517585141142e+03 3.322237920408968037e-01
1.400368768443894396e+03 3.340195685752104793e-01
1.400162141639417541e+03 3.327542780743401596e-01
1.399955637171710578e+03 3.312078290812328074e-01
1.399749010367233950e+03 3.265699316827554988e-01
1.399542628236296878e+03 3.309439679006839774e-01
1.399336246105360033e+03 3.300475284263703069e-01
1.399129986311193079e+03 3.340302243891562495e-01
1.398923604180256234e+03 3.303531854702030368e-01
1.398717466722859399e+03 3.304433692916947107e-01
1.398511451602232228e+03 3.247159223117404014e-01
1.398305191808065501e+03 3.287689387937064445e-01
1.398099299024208449e+03 3.334802610371575549e-01
1.397893283903581505e+03 3.249483239732716133e-01
1.397687391119724452e+03 3.308124197740458516e-01
1.397481743009407410e+03 3.284566173618804763e-01
1.397275972562320248e+03 3.243647086271403412e-01
1.397070202115233315e+03 3.297113848902241684e-01
1.396864431668146153e+03 3.334628410276458954e-01
1.396659150568139012e+03 3.382958184263415435e-01
1.396453624794591860e+03 3.317225497203862838e-01
1.396248099021044709e+03 3.329904927955680827e-01
1.396042817921037567e+03 3.351028488041903342e-01
1.395837536821030426e+03 3.367621331847672206e-01
1.395632255721023284e+03 3.349526150783547762e-01
1.395427096957786034e+03 3.330671455937894154e-01
1.395221938194548784e+03 3.251233899899168556e-01
1.395016901768081652e+03 3.285819369045010485e-01
1.394811987678384412e+03 3.340776855727375372e-01
1.394607073588687172e+03 3.337209152883438001e-01
1.394402159498989931e+03 3.432457512918483666e-01
1.394197245409292464e+03 3.364434924399495319e-01
1.393992698329905124e+03 3.337932808083567959e-01
1.393788028913747894e+03 3.340863235550747268e-01
1.393583359497590664e+03 3.299119629023751221e-01
1.393378812418203097e+03 3.381171567586662707e-01
1.393174387675585876e+03 3.347970100973673424e-01
1.392969962932968429e+03 3.380505842636825076e-01
1.392765660527120872e+03 3.318046580812188950e-01
1.392561358121273543e+03 3.306642517939596959e-01
1.392357055715426213e+03 3.378261825003981422e-01
1.392152997983118667e+03 3.328735040290903280e-01
1.391948817914041229e+03 3.295321194834048839e-01
1.391744760181733682e+03 3.271748408684553855e-01
1.391540702449426135e+03 3.320364891866819934e-01
1.391337011727428717e+03 3.235298545677952609e-01
1.391133076331891061e+03 3.261095551208522680e-01
1.390929263273123524e+03 3.289287863202400297e-01
1.390725572551125879e+03 3.350905872969702215e-01
1.390521881829128461e+03 3.326408714334472272e-01
1.390318313443900706e+03 3.363448525611454354e-01
1.390114745058673179e+03 3.290973998839495374e-01
1.389911299010215544e+03 3.289178586344063127e-01
1.389707852961757908e+03 3.325236464849613549e-01
1.389504651586840282e+03 3.398233403901797511e-01
1.389301327875152538e+03 3.260305609152720496e-01
1.389098004163464793e+03 3.369778536380764189e-01
1.388894802788547167e+03 3.350130143940011629e-01
1.388691723750399433e+03 3.241128083241887614e-01
1.388488767049021590e+03 3.373968768352397229e-01
1.388285810347643746e+03 3.426313481841448683e-01
1.388082853646266130e+03 3.328454614246683096e-01
1.387880019281658178e+03 3.353535180912306513e-01
1.387677307253820345e+03 3.359356334494337792e-01
1.387474472889212620e+03 3.300261893169569860e-01
1.387271883198144678e+03 3.326624716025894934e-01
1.387069293507076964e+03 3.334183849631894847e-01
1.386866703816009021e+03 3.369600099269544069e-01
1.386664236461711198e+03 3.301342208070647266e-01
1.386461891444183266e+03 3.380723403884768330e-01
1.386259424089885215e+03 3.235405935489247820e-01
1.386057201409127401e+03 3.368209563339040757e-01
1.385854978728369360e+03 3.390827194181750270e-01
1.385652878384381438e+03 3.362548771904405598e-01
1.385450778040393516e+03 3.347644831194124260e-01
1.385248677696405366e+03 3.299178878047666075e-01
1.385046699689187335e+03 3.237911862856253098e-01
1.384844721681969304e+03 3.337243340251784818e-01
1.384642988348291283e+03 3.334164121582755547e-01
1.384441132677843143e+03 3.408115606388379404e-01
1.384239399344165122e+03 3.345333352448620068e-01
1.384037666010487101e+03 3.369517672694282706e-01
1.383836177350348862e+03 3.300695761338483525e-01
1.383634566353440732e+03 3.324864415909978832e-01
1.383433077693302721e+03 3.303834990065980803e-01
1.383231589033164482e+03 3.351127668713995700e-01
1.383030345046566254e+03 3.360458605736056925e-01
1.382829101059968025e+03 3.363903968956190593e-01
1.382627734736599905e+03 3.265015867216635170e-01
1.382426613086771567e+03 3.391354800677610637e-01
1.382225491436943457e+03 3.288253495725241282e-01
1.382024492123885238e+03 3.436825612667417373e-01
1.381823492810826792e+03 3.327694758653501617e-01
1.381622493497768573e+03 3.358304446091750495e-01
1.381421616521480246e+03 3.387296304975743189e-01
1.381220739545191918e+03 3.406766328730856386e-01
1.381020107242443601e+03 3.318206551947835425e-01
1.380819474939695283e+03 3.391707996696770033e-01
1.380618842636946965e+03 3.362609168824607919e-01
1.380418210334198420e+03 3.272293149957082870e-01
1.380217700368220221e+03 3.310878468237340999e-01
1.380017312739011686e+03 3.361104450138593935e-01
1.379816925109803151e+03 3.356461368107546139e-01
1.379616537480594843e+03 3.358763789353803597e-01
1.379416272188156427e+03 3.337520598655018822e-01
1.379216251569257793e+03 3.338768202983717903e-01
1.379016108613589267e+03 3.356896150667502687e-01
1.378815965657920742e+03 3.378745542693566972e-01
1.378615945039022336e+03 3.335368904700655723e-01
1.378415924420123702e+03 3.340776103713403722e-01
1.378216026137995186e+03 3.302602572334325526e-01
1.378016250192636562e+03 3.359833595459136846e-01
1.377816474247278165e+03 3.373513172709542984e-01
1.377616820638689433e+03 3.375732989065201584e-01
1.377417167030100927e+03 3.389814082996942535e-01
1.377217635758282086e+03 3.428892600361002629e-01
1.377018104486463471e+03 3.355050060210905682e-01
1.376818573214644857e+03 3.333891626246648920e-01
1.376619164279596134e+03 3.346010782810334150e-01
1.376419755344547411e+03 3.409973639910395815e-01
1.376220591083038698e+03 3.411315507977837891e-01
1.376021304484760094e+03 3.361285804890263851e-01
1.375822140223251381e+03 3.336610232757495353e-01
1.375622975961742441e+03 3.355109272248890662e-01
1.375423934037003846e+03 3.362809153195249201e-01
1.375225136785805034e+03 3.423452493445680589e-01
1.375026217197836104e+03 3.391574299915238733e-01
1.374827297609867401e+03 3.403988057983932114e-01
1.374628500358668362e+03 3.369673958532450331e-01
1.374429703107469550e+03 3.344946659508613584e-01
1.374231150529810748e+03 3.320774687479040588e-01
1.374032475615381827e+03 3.306832598724687156e-01
1.373833923037723025e+03 3.383727281940276943e-01
1.373635370460063996e+03 3.384662609964577684e-01
1.373436940219175085e+03 3.413665081284985581e-01
1.373238632315056066e+03 3.336730931540104472e-01
1.373040202074167155e+03 3.345133290352876321e-01
1.372842016506818254e+03 3.324975496297301603e-01
1.372643830939469126e+03 3.343039963035419615e-01
1.372445645372120225e+03 3.420318585502359898e-01
1.372247704478311107e+03 3.447407870760074711e-01
1.372049641247732097e+03 3.276783152459371018e-01
1.371851700353922979e+03 3.258526765439387352e-01
1.371653637123343970e+03 3.340888730077251068e-01
1.371455940903074861e+03 3.364731941003457072e-01
1.371258244682805753e+03 3.313860177598620949e-01
1.371060548462536644e+03 3.367951636767139711e-01
1.370862852242267536e+03 3.390258300388900303e-01
1.370665156021998428e+03 3.310091424559549744e-01
1.370467582138499210e+03 3.374641269753342887e-01
1.370270252928540003e+03 3.354299058095852604e-01
1.370072801381810905e+03 3.290639779461624337e-01
1.369875472171851698e+03 3.306993804119080504e-01
1.369678142961892490e+03 3.299794595338776948e-01
1.369480936088703174e+03 3.398157049912104988e-01
1.369283851552283977e+03 3.324145714467488522e-01
1.369086522342324770e+03 3.331412473045616274e-01
1.368889560142675236e+03 3.364943374375056195e-01
1.368692597943025930e+03 3.388677021607868212e-01
1.368495635743376624e+03 3.420696010295176115e-01
1.368298795880497437e+03 3.339879223278886533e-01
1.368101956017618022e+03 3.361134822480423834e-01
1.367905116154738607e+03 3.359899028486285077e-01
1.367708520965399202e+03 3.340273836571470145e-01
1.367511803439289906e+03 3.364437684963815789e-01
1.367315208249950501e+03 3.344451231208198649e-01
1.367118857734151106e+03 3.311971536461644772e-01
1.366922262544811701e+03 3.308095457350655466e-01
1.366725912029012079e+03 3.371716913346274325e-01
1.366529439176442793e+03 3.372234413053847302e-01
1.366333210997413289e+03 3.416093338928519185e-01
1.366137105155153677e+03 3.421758707940580901e-01
1.365940876976124173e+03 3.415596479243040995e-01
1.365744771133864560e+03 3.329849571814495479e-01
1.365548665291605175e+03 3.313877507102407360e-01
1.365352681786115454e+03 3.355713668597123389e-01
1.365156942954165970e+03 3.481257317970588017e-01
1.364960959448676249e+03 3.479497834556063984e-01
1.364765220616726765e+03 3.392252109434780727e-01
1.364569359448007162e+03 3.377769415874313230e-01
1.364373742952827570e+03 3.331920280298915626e-01
1.364178126457647750e+03 3.390271121485888828e-01
1.363982509962468157e+03 3.315732036834275198e-01
1.363787015804058456e+03 3.326433499889902556e-01
1.363591521645648754e+03 3.328974037897326488e-01
1.363396149824008944e+03 3.380556799609150120e-01
1.363200778002369361e+03 3.310339377670831196e-01
1.363005528517499670e+03 3.434588620055153418e-01
1.362810401369399870e+03 3.381429980635545784e-01
1.362615029547760059e+03 3.413553903709119486e-01
1.362420024736430150e+03 3.360837276974191767e-01
1.362225019925100469e+03 3.375496336165730860e-01
1.362030137450540678e+03 3.321336978997351252e-01
1.361835132639210769e+03 3.377561446151617908e-01
1.361640250164650979e+03 3.393711353041085066e-01
1.361445367690090961e+03 3.316954721189776523e-01
1.361250607552301290e+03 3.417541332465875992e-01
1.361055969751281282e+03 3.346384600467875448e-01
1.360861454287031393e+03 3.371574019153915636e-01
1.360666816486011385e+03 3.385042999328434221e-01
1.360472301021761496e+03 3.357321680138016240e-01
1.360277785557511606e+03 3.364972625127709005e-01
1.360083270093261490e+03 3.425276197777228915e-01
1.359889121639321502e+03 3.370994849971756802e-01
1.359694850848611622e+03 3.397367606230657922e-01
1.359500580057901516e+03 3.385424243922308118e-01
1.359306431603961528e+03 3.381381652679950611e-01
1.359112283150021540e+03 3.307607697636926747e-01
1.358918257032851443e+03 3.372120221612371349e-01
1.358724353252451237e+03 3.349219569172500188e-01
1.358530327135281141e+03 3.442973920179089320e-01
1.358336423354881163e+03 3.374114716664625147e-01
1.358142641911251076e+03 3.386022772375236189e-01
1.357948860467620761e+03 3.386101237670296471e-01
1.357755201360760793e+03 3.389320172752742222e-01
1.357561542253900598e+03 3.227882009104853789e-01
1.357368005483810293e+03 3.388882224962979639e-01
1.357174468713720216e+03 3.383747619828870179e-01
1.356980931943629912e+03 3.354712566966884246e-01
1.356787517510309726e+03 3.452138345497882121e-01
1.356594225413759432e+03 3.342922370261534604e-01
1.356400933317209137e+03 3.384380030734593370e-01
1.356207763557428962e+03 3.385446930639807728e-01
1.356014471460878667e+03 3.395104701536809655e-01
1.355821424037868383e+03 3.367651055137738103e-01
1.355628254278087979e+03 3.302970899866132237e-01
1.355435451528617705e+03 3.441066181086575582e-01
1.355242404105607420e+03 3.392643164495423025e-01
1.355049479019367027e+03 3.362751142650932112e-01
1.354856676269896525e+03 3.306566829915241201e-01
1.354663873520426250e+03 3.292179749972080627e-01
1.354471315444495758e+03 3.405086613966526454e-01
1.354278635031795375e+03 3.365512641611000944e-01
1.354085954619094991e+03 3.403060854567380722e-01
1.353893396543164499e+03 3.446626457702574031e-01
1.353700838467234007e+03 3.380405700554111603e-01
1.353508402728073634e+03 3.332208557701553109e-01
1.353316211662453043e+03 3.395984824950631920e-01
1.353123898260062560e+03 3.408928366908671181e-01
1.352931584857672078e+03 3.282564421486418582e-01
1.352739393792051487e+03 3.442444980005174293e-01
1.352547202726430896e+03 3.366752349774981834e-01
1.352355133997580424e+03 3.473125053035806542e-01
1.352163187605499843e+03 3.435614182817198770e-01
1.351971241213419262e+03 3.407994145210669901e-01
1.351779294821338681e+03 3.384240499267046065e-01
1.351587348429257872e+03 3.404738720198110524e-01
1.351395524373947410e+03 3.360274271826991233e-01
1.351203700318636720e+03 3.441437294413284831e-01
1.351012243273635931e+03 3.379921224099673993e-01
1.350820541555095360e+03 3.309273717316981722e-01
1.350628962173324680e+03 3.312358322944586320e-01
1.350437505128323892e+03 3.319157767411696769e-01
1.350246048083323103e+03 3.282844982208953932e-01
1.350054591038322314e+03 3.408867197026115847e-01
1.349863378666861536e+03 3.406003442266385406e-01
1.349672043958630866e+03 3.331113690284787099e-01
1.349480831587170087e+03 3.413542751472174452e-01
1.349289619215709308e+03 3.361134550621836525e-01
1.349098529181018421e+03 3.343514065432420246e-01
1.348907439146327533e+03 3.364924420068979294e-01
1.348716471448406764e+03 3.308648786224920868e-01
1.348525626087255887e+03 3.383962429181915366e-01
1.348334658389335118e+03 3.336330795238413027e-01
1.348143813028184240e+03 3.383178896545547820e-01
1.347953090003803254e+03 3.312429348394599904e-01
1.347762366979422268e+03 3.289504902118605689e-01
1.347571766291811400e+03 3.394415591388577624e-01
1.347381043267430414e+03 3.360273945407484808e-01
1.347190564916589437e+03 3.353730720643957053e-01
1.347000086565748461e+03 3.301541918179338730e-01
1.346809608214907485e+03 3.412380675587181056e-01
1.346619252200836399e+03 3.366647368817863306e-01
1.346429018523535433e+03 3.276188344942074782e-01
1.346238784846234466e+03 3.336715602272257164e-01
1.346048551168933272e+03 3.317158237499789886e-01
1.345858439828402197e+03 3.418404409369477093e-01
1.345668328487871122e+03 3.293299604111356582e-01
1.345478217147340047e+03 3.337841019683485122e-01
1.345288350480348981e+03 3.328582731121550453e-01
1.345098361476587797e+03 3.394261590334467504e-01
1.344908494809596732e+03 3.364955118073847395e-01
1.344718750479375558e+03 3.378318389707329339e-01
1.344528883812384493e+03 3.331778454496852060e-01
1.344339261818933210e+03 3.343070451227272422e-01
1.344149517488712036e+03 3.334424486333461557e-01
1.343960140168800763e+03 3.359220369794720384e-01
1.343770518175349480e+03 3.247315674208171021e-01
1.343581018518668316e+03 3.356395360605952671e-01
1.343391641198757043e+03 3.331226402669690834e-01
1.343202263878845770e+03 3.393250825998661568e-01
1.343013008895704615e+03 3.333636951103211010e-01
1.342823753912563234e+03 3.352833852890966804e-01
1.342634621266191971e+03 3.388865232654285076e-01
1.342445366283050589e+03 3.373269830858794394e-01
1.342256355973449217e+03 3.434689150193747098e-01
1.342067345663847846e+03 3.305066644414269561e-01
1.341878335354246474e+03 3.399399032908281826e-01
1.341689447381415221e+03 3.333544244904891318e-01
1.341500681745353631e+03 3.389266594274648603e-01
1.341311916109292270e+03 3.327948885420458636e-01
1.341123150473230908e+03 3.365657621951115841e-01
1.340934384837169546e+03 3.402267185486987922e-01
1.340745741537878075e+03 3.306003418052210208e-01
1.340557220575356496e+03 3.405717405373172024e-01
1.340368699612834916e+03 3.366038238355230638e-01
1.340180300987083456e+03 3.375789993683193102e-01
1.339991902361331995e+03 3.332409112018397956e-01
1.339803503735580534e+03 3.382662862794731939e-01
1.339615227446598965e+03 3.277065440674818975e-01
1.339426951157617395e+03 3.341364967576580525e-01
1.339238674868635826e+03 3.341078550516107804e-01
1.339050643253194266e+03 3.398351977117892719e-01
1.338862611637752707e+03 3.371122203672142215e-01
1.338674457685541029e+03 3.376110923244549089e-01
1.338486548406869360e+03 3.308985135079288709e-01
1.338298639128197692e+03 3.374198309518918193e-01
1.322344211609523427e+03 3.322343597463335296e-01
1.322161073464880701e+03 3.402010192130324184e-01
1.321977935320237748e+03 3.385150676546994086e-01
1.321794797175594795e+03 3.398052821289098691e-01
1.321611903704491851e+03 3.422660692086805789e-01
1.304822894741092568e+03 3.474202976382942398e-01
1.304644772404018340e+03 3.421161594542003193e-01
1.304466772403714231e+03 3.396110130885751088e-01
1.304288772403409894e+03 3.368889685260225697e-01
1.304110772403105784e+03 3.443228442825310709e-01
1.286918052098810222e+03 3.396109250708080340e-01
1.286745190242844728e+03 3.479066499450453875e-01
1.286572206050109116e+03 3.396923464117491687e-01
1.286399344194143623e+03 3.479548200617211817e-01
1.286226482338178130e+03 3.425761966775647815e-01
1.286053742818982528e+03 3.473161013737323111e-01
1.285881003299787153e+03 3.430464307891216702e-01
1.285708263780591551e+03 3.369437278007384462e-01
1.285535646598166068e+03 3.387813229700091799e-01
1.285363029415740357e+03 3.420635109743878632e-01
1.285190656906854656e+03 3.419535941227505593e-01
1.285018162061199064e+03 3.508660177622461296e-01
1.284845667215543472e+03 3.485802291515615048e-01
1.284673294706657771e+03 3.496802729528436515e-01
1.284500922197772297e+03 3.420808776210255142e-01
1.284328672025656488e+03 3.407772485165223575e-01
1.284156421853540905e+03 3.473077522609914758e-01
1.283984171681425323e+03 3.530716015575332545e-01
1.283812043846079405e+03 3.537760618597925455e-01
1.283639916010733714e+03 3.457445246367878422e-01
1.283467910512158142e+03 3.504382014164136305e-01
1.283295905013582342e+03 3.555652340576376802e-01
1.283123899515006542e+03 3.595764083900755415e-01
1.282952016353200861e+03 3.558429213311528616e-01
1.282780133191395180e+03 3.590916361959494152e-01
1.282608494703129281e+03 3.524912074569181986e-01
1.282436733878093492e+03 3.578454116807964214e-01
1.282264973053057702e+03 3.590274571763517053e-01
1.282093334564791803e+03 3.398723861015574554e-01
1.281921818413296023e+03 3.459089694403973403e-01
1.281750179925030125e+03 3.475537993401738857e-01
1.281578663773534345e+03 3.442378181384082581e-01
1.281407147622038337e+03 3.402865593040065861e-01
1.281235753807312449e+03 3.410562617273639741e-01
1.281064359992586560e+03 3.486215321229531039e-01
1.280892966177860671e+03 3.518148710473363860e-01
1.280721817036674793e+03 3.468802112608669330e-01
1.280550545558718795e+03 3.428106997405386269e-01
1.280379274080763025e+03 3.414400803203718748e-01
1.280208247276347038e+03 3.466128792964539573e-01
1.280037098135160932e+03 3.416082873641954065e-01
1.279866193667515063e+03 3.408646128743608172e-01
1.279695166863099075e+03 3.454789576676120522e-01
1.279524262395452979e+03 3.412193589488779488e-01
1.279353357927806883e+03 3.450373142432449081e-01
1.279182575796930905e+03 3.455767761455168507e-01
1.279011671329284809e+03 3.511952500476788197e-01
1.278841011535178723e+03 3.388474356427858547e-01
1.278670229404302745e+03 3.424358637142331241e-01
1.278499691946966550e+03 3.440545839774538650e-01
1.278329032152860464e+03 3.429996078958695849e-01
1.278158494695524496e+03 3.456805133305070887e-01
1.277987957238188301e+03 3.427597271543202373e-01
1.277817542117622224e+03 3.450193507240192359e-01
1.277647126997055921e+03 3.467791424216662977e-01
1.277476711876489844e+03 3.379772890553739417e-01
1.277306419092693659e+03 3.461404398053046227e-01
1.277136126308897474e+03 3.497335066939618597e-01
1.276966078198641299e+03 3.374866143073146363e-01
1.276795907751615005e+03 3.409783449927687449e-01
1.276625737304588938e+03 3.466015796127197013e-01
1.276455689194332535e+03 3.434234162619696495e-01
1.276285763420846251e+03 3.458322173478746708e-01
1.276115715310590076e+03 3.429491458865547293e-01
1.275945789537103792e+03 3.350781476358778432e-01
1.275775863763617508e+03 3.491787156058187014e-01
1.275606060326901343e+03 3.491846073823580698e-01
1.275436256890184950e+03 3.499745255852901304e-01
1.275266453453468557e+03 3.483036948876984673e-01
1.275096894690292402e+03 3.470425124881107437e-01
1.274927091253576009e+03 3.462985117039140692e-01
1.274757532490399626e+03 3.444737459832614701e-01
1.274587973727223243e+03 3.411456516469789646e-01
1.274418537300816979e+03 3.417359035733695261e-01
1.274248978537640596e+03 3.393182508050427981e-01
1.274079664448003996e+03 3.433753648894236066e-01
1.273910350358367623e+03 3.362028744560117688e-01
1.273741036268731250e+03 3.379295224198003988e-01
1.273571844515864768e+03 3.426119783771252592e-01
1.273402652762998287e+03 3.413479446532655115e-01
1.273233583346901924e+03 3.357781180856925229e-01
1.273233461010131805e+03 3.488909295169905778e-01
1.273064391594035442e+03 3.419579227234195717e-01
1.273064269257265323e+03 3.419578393495339430e-01
1.272895444514708743e+03 3.418999384682677167e-01
1.272895322177938851e+03 3.443967343542268522e-01
1.272726375098612380e+03 3.392787330462834205e-01
1.272726252761842261e+03 3.523828185181102080e-01
1.272557305682515789e+03 3.441945541139683207e-01
1.272557183345745898e+03 3.398272624509410811e-01
1.272388236266419426e+03 3.429192872272283088e-01
1.272219411523862846e+03 3.386452190571642706e-01
1.272050586781306265e+03 3.443233981628007756e-01
1.271881762038749685e+03 3.436424138358481484e-01
1.271713059632963223e+03 3.515008120484824361e-01
1.271544357227176533e+03 3.457164687958692029e-01
1.271375654821389844e+03 3.362744575834598071e-01
1.271207074752373273e+03 3.475821620650264010e-01
1.271038494683356703e+03 3.427747864344912743e-01
1.270870036951110023e+03 3.453884868067021996e-01
1.270701579218863344e+03 3.454210937454546548e-01
1.270533121486616665e+03 3.461633317419161027e-01
1.270364908427909995e+03 3.514876031139269608e-01
1.270196573032433434e+03 3.407876505677788770e-01
1.270028237636956646e+03 3.519826704550773622e-01
1.269860024578249977e+03 3.466034405092231485e-01
1.269691933856313199e+03 3.401134933537560689e-01
1.269523720797606529e+03 3.420897722901981020e-01
1.269355630075669751e+03 3.516848706752834230e-01
1.269187661690503091e+03 3.468983032218939111e-01
1.269019693305336205e+03 3.521325039772275067e-01
1.268851724920169545e+03 3.569273286693248615e-01
1.268683756535002658e+03 3.528301285082394712e-01
1.268516032823375781e+03 3.496670517162943082e-01
1.268348186774979013e+03 3.527509894257829792e-01
1.268180340726582244e+03 3.480212202600881377e-01
1.268012739351725259e+03 3.481682903360877046e-01
1.267845015640098609e+03 3.415448317428917968e-01
1.267677414265241623e+03 3.398699352571276089e-01
1.267509812890384865e+03 3.471267749810511005e-01
1.267342456189067889e+03 3.424059344413542538e-01
1.267174854814210903e+03 3.496051517468748426e-01
1.267007375776124036e+03 3.364903952138709742e-01
1.266840019074807060e+03 3.441293382315816496e-01
1.266672662373490311e+03 3.474677808142276336e-01
1.266505428008943227e+03 3.408111267204434469e-01
1.266338315981166261e+03 3.414185799140843636e-01
1.266171081616619404e+03 3.444463647987777155e-01
1.266003969588842210e+03 3.400265929998396719e-01
1.265836857561065244e+03 3.486938392515001595e-01
1.265669745533288278e+03 3.449067413663635118e-01
1.265502755842281204e+03 3.486833633568295343e-01
1.265335766151274356e+03 3.493690000886279790e-01
1.265169021133807291e+03 3.407734136445058626e-01
1.265002031442800217e+03 3.476445894132728087e-01
1.264835164088563033e+03 3.504142234928429023e-01
1.264668419071095968e+03 3.463248988591363098e-01
1.264501674053628903e+03 3.453649491322257625e-01
1.264335051372931730e+03 3.443433765853322615e-01
1.264168428692234784e+03 3.495849258418560757e-01
1.264001806011537610e+03 3.461787862929541215e-01
1.263835305667610328e+03 3.443278950207194766e-01
1.263668805323683273e+03 3.477368224836886457e-01
1.263502304979755991e+03 3.385843705496838218e-01
1.263335926972598827e+03 3.408757247137080282e-01
1.263169548965441663e+03 3.480844591818350042e-01
1.263003293295054618e+03 3.449286521080718870e-01
1.262836915287897227e+03 3.536713658796826754e-01
1.262670781954280073e+03 3.497821424933651446e-01
1.262504526283892801e+03 3.505605809084168523e-01
1.262338392950275647e+03 3.505620729031727056e-01
1.262172381953428385e+03 3.502638831952964438e-01
1.262006370956581122e+03 3.476250250965116084e-01
1.261840359959733860e+03 3.472534166202121408e-01
1.261674348962886597e+03 3.487775062804364112e-01
1.261508582639579117e+03 3.416811646024312532e-01
1.261342816316271865e+03 3.369171510513215839e-01
1.261176927656194493e+03 3.436872112067814178e-01
1.261011161332887241e+03 3.432493965941685321e-01
1.260845517346349880e+03 3.413581368662305104e-01
1.260679873359812518e+03 3.466616928435738987e-01
1.260514229373275157e+03 3.446724683780538756e-01
1.260348585386737795e+03 3.466206456928295765e-01
1.260183063736970325e+03 3.374218169945062407e-01
1.260017664423972747e+03 3.493767908539771594e-01
1.259852142774205504e+03 3.413819117548103077e-01
1.259686865797978044e+03 3.513459930611693149e-01
1.259521466484980465e+03 3.478510795638369291e-01
1.259356189508753005e+03 3.516979798028058157e-01
