# Wavelength, Reflectance
1.644388249545122790e+03 3.449963011288192938e-01
1.643522160677935290e+03 3.427281554956419507e-01
1.642656926302935290e+03 3.458732548950147478e-01
1.641792668490435290e+03 3.357549528693565821e-01
1.640929265170122790e+03 3.451678450121696273e-01
1.640066960482622790e+03 3.689738189117815481e-01
1.639205510287310290e+03 3.601120469408372049e-01
1.638345036654497790e+03 3.552105570083413100e-01
1.637485417513872790e+03 3.604152053789085319e-01
1.636626897006060290e+03 3.317928020042314463e-01
1.635769230990435290e+03 3.575552381522748568e-01
1.634912541537310290e+03 3.651430455393733787e-01
1.634056828646685290e+03 3.442513685056182160e-01
1.633201970248247790e+03 3.671826564980570362e-01
1.632348088412310290e+03 3.716024990488703272e-01
1.631495061068560290e+03 3.493936770598252139e-01
1.630643010287310290e+03 3.613240924098805595e-01
1.629791936068560290e+03 3.676721593653407560e-01
1.628941716341997790e+03 3.523513324258448209e-01
1.628092473177935290e+03 3.342981940816104891e-01
1.627244084506060290e+03 3.570634658360704039e-01
1.626396672396685290e+03 3.424205778776935327e-01
1.625550236849810290e+03 3.391941455626508173e-01
1.624704777865435290e+03 3.553771680991248405e-01
1.623860051302935290e+03 3.486754255123884483e-01
1.623016423373247790e+03 3.511033872589306992e-01
1.622173527865435290e+03 3.436972088073127485e-01
1.621331730990435290e+03 3.602537656410150224e-01
1.620490666537310290e+03 3.386824281384937518e-01
1.619650700716997790e+03 3.483918835618941001e-01
1.618811467318560290e+03 3.487790747910197164e-01
1.617973210482622790e+03 3.375154668202960950e-01
1.617135808138872790e+03 3.389568425726722234e-01
1.616299382357622790e+03 3.374367808558527138e-01
1.615463811068560290e+03 3.374029453448191274e-01
1.614629216341997790e+03 3.464416015848565955e-01
1.613795598177935290e+03 3.498012274528728427e-01
1.612962712435747790e+03 3.438726322167970362e-01
1.612130803256060290e+03 3.436047015924874048e-01
1.611299748568560290e+03 3.557950839780509300e-01
1.610469670443560290e+03 3.494951280094638624e-01
1.609640446810747790e+03 3.354081659044211849e-01
1.608812077670122790e+03 3.449362090347448118e-01
1.607984685091997790e+03 3.336599877573726003e-01
1.607158024935747790e+03 3.326646863538326726e-01
1.606332341341997790e+03 3.409872559015262872e-01
1.605507634310747790e+03 3.330867505016507635e-01
1.604683781771685290e+03 3.260998105769372102e-01
1.603860661654497790e+03 3.321048439904185634e-01
1.603038518099810290e+03 3.349516156023997215e-01
1.602217351107622790e+03 3.421766856793257983e-01
1.601396916537310290e+03 3.338899479818104865e-01
1.600577458529497790e+03 3.417016227967315523e-01
1.599758855013872790e+03 3.388342159454609259e-01
1.598941105990435290e+03 3.337517593512659975e-01
1.598124211459185290e+03 3.396812006577316079e-01
1.597308049349810290e+03 3.443050938890622192e-01
1.596493230013872790e+03 3.263577584438304702e-01
1.595678898959185290e+03 3.307464595484971293e-01
1.594865422396685290e+03 3.373577798880041390e-01
1.594053044466997790e+03 3.385347486521183558e-01
1.593241276888872790e+03 3.381168401754254260e-01
1.592430485873247790e+03 3.416079634250841490e-01
1.591620671420122790e+03 3.394978460615378779e-01
1.590811589388872790e+03 3.420470939661056642e-01
1.590003483920122790e+03 3.372398495608370794e-01
1.589195988802935290e+03 3.407652058745462842e-01
1.588389348177935290e+03 3.492625343074237665e-01
1.587583928256060290e+03 3.361723309675977989e-01
1.586779118685747790e+03 3.505864757788610953e-01
1.585975163607622790e+03 3.284841711350057203e-01
1.585172185091997790e+03 3.377220091704848381e-01
1.584369938998247790e+03 3.336727749536516074e-01
1.583568547396685290e+03 3.312800482938881297e-01
1.582768132357622790e+03 3.271959696015558916e-01
1.581968449740435290e+03 3.254843603278140818e-01
1.581169743685747790e+03 3.291342079618844729e-01
1.580371647982622790e+03 3.338175446499109800e-01
1.579574406771685290e+03 3.389129270199687793e-01
1.578778264193560290e+03 3.260350653505523222e-01
1.577982731966997790e+03 3.370672912321785453e-01
1.577188176302935290e+03 3.250434134078790116e-01
1.576394475131060290e+03 3.360936568058219831e-01
1.575601506381060290e+03 3.396672130703295989e-01
1.574809270052935290e+03 3.216398454291563569e-01
1.574018010287310290e+03 3.340708577098998044e-01
1.573227605013872790e+03 3.170082150893317463e-01
1.572438054232622790e+03 3.292465725532945364e-01
1.571649235873247790e+03 3.303247058316930440e-01
1.570861149935747790e+03 3.308434788216433886e-01
1.570074162631060290e+03 3.361335776002103426e-01
1.569287785677935290e+03 3.250363984864972355e-01
1.568502507357622790e+03 3.329049731056730188e-01
1.567717717318560290e+03 3.311369139289152552e-01
1.566933903841997790e+03 3.331398718093718236e-01
1.566150944857622790e+03 3.405738314655022969e-01
1.565368718295122790e+03 3.308853796565535688e-01
1.564587346224810290e+03 3.335122692819197932e-01
1.563806828646685290e+03 3.378328004707250032e-01
1.563027165560747790e+03 3.223265482969132067e-01
1.562248112826372790e+03 3.374403679878823503e-01
1.561470036654497790e+03 3.289366672118805290e-01
1.560692814974810290e+03 3.474712411394998424e-01
1.559916325716997790e+03 3.284030472232248310e-01
1.559140568881060290e+03 3.359698693729300523e-01
1.558365666537310290e+03 3.392722327472229571e-01
1.557591740756060290e+03 3.298409378168627448e-01
1.556818425326372790e+03 3.377274366704045572e-01
1.556045964388872790e+03 3.252568337513842001e-01
1.555274235873247790e+03 3.371545542616456448e-01
1.554503483920122790e+03 3.385826225736873196e-01
1.553733342318560290e+03 3.399714557706857154e-01
1.552964177279497790e+03 3.321287185826782284e-01
1.552964055209185290e+03 3.429448078826084489e-01
1.552707951693560290e+03 3.356955300085209815e-01
1.552451726107622790e+03 3.386354528695798560e-01
1.552195744662310290e+03 3.407916068720461267e-01
1.552195622591997790e+03 3.438748316369967806e-01
1.551939763216997790e+03 3.326454445736936050e-01
1.551428044466997790e+03 3.353820718955615177e-01
1.550661198763872790e+03 3.353832337478520609e-01
1.549895085482622790e+03 3.269289085359954883e-01
1.549129826693560290e+03 3.365383855437787397e-01
1.548365422396685290e+03 3.340235077221687110e-01
1.547601628451372790e+03 3.364121099734263542e-01
1.546838688998247790e+03 3.407819532976934518e-01
1.546076604037310290e+03 3.436552895657010165e-01
1.545315373568560290e+03 3.326490672943316351e-01
1.544554753451372790e+03 3.324264436909309395e-01
1.543794865756060290e+03 3.329782744137326222e-01
1.543035954623247790e+03 3.397709569113632755e-01
1.542277897982622790e+03 3.287169643150579801e-01
1.541520451693560290e+03 3.299695124245612399e-01
1.540763737826372790e+03 3.370270397572895926e-01
1.540007878451372790e+03 3.305810682452810512e-01
1.539252751498247790e+03 3.283759667695616558e-01
1.538498601107622790e+03 3.342169498251389426e-01
1.537745061068560290e+03 3.415888974763813812e-01
1.536992253451372790e+03 3.244123540349125312e-01
1.536240300326372790e+03 3.387150347273106266e-01
1.535488835482622790e+03 3.359117576173148434e-01
1.534738713412310290e+03 3.329107018019111797e-01
1.533988835482622790e+03 3.240171919986346016e-01
1.533240056185747790e+03 3.252885852935272215e-01
1.532491887240435290e+03 3.263496092361792278e-01
1.531744450716997790e+03 3.332238265502767693e-01
1.530997990756060290e+03 3.299341458978669039e-01
1.530252141146685290e+03 3.388950056633378005e-01
1.529507023959185290e+03 3.330197274215749847e-01
1.528762639193560290e+03 3.312683811052797300e-01
1.528019108920122790e+03 3.303127016625289070e-01
1.527276066927935290e+03 3.332573908457621692e-01
1.526534245638872790e+03 3.342505999604948874e-01
1.525792790560747790e+03 3.375420618902659209e-01
1.525052434115435290e+03 3.367812884183468136e-01
1.524312565951372790e+03 3.319410771112782377e-01
1.523573552279497790e+03 3.375966702448968126e-01
1.522835271029497790e+03 3.309847681692382748e-01
1.522097844271685290e+03 3.282343362152488342e-01
1.521361027865435290e+03 3.351598023431795470e-01
1.520624943881060290e+03 3.383038295349473645e-01
1.519889592318560290e+03 3.384707668572509154e-01
1.519155095248247790e+03 3.393110419476010886e-01
1.518421208529497790e+03 3.340775746308669580e-01
1.517688054232622790e+03 3.335850033139263759e-01
1.516955998568560290e+03 3.377444126603667551e-01
1.516224431185747790e+03 3.322310987640181290e-01
1.515493474154497790e+03 3.336513836993768023e-01
1.515250188021685290e+03 3.434968957665795464e-01
1.515006901888872790e+03 3.271014043923775039e-01
1.514763493685747790e+03 3.311679496489438601e-01
1.514763371615435290e+03 3.346391993810126642e-01
1.514520329623247790e+03 3.379976726560522393e-01
1.514277287631060290e+03 3.337244674819181967e-01
1.514034001498247790e+03 3.360756577371815101e-01
1.513305363802935290e+03 3.270074840779981784e-01
1.512577458529497790e+03 3.344398447627623949e-01
1.511850285677935290e+03 3.302097344195951134e-01
1.511123967318560290e+03 3.354057626099325451e-01
1.510398259310747790e+03 3.296778738776051654e-01
1.509673283724810290e+03 3.445550516595611290e-01
1.508949040560747790e+03 3.384846434363784073e-01
1.508225529818560290e+03 3.428785244737399540e-01
1.507502751498247790e+03 3.341077199300228062e-01
1.506780705599810290e+03 3.365364704305361387e-01
1.506059392123247790e+03 3.392935123310277801e-01
1.505338811068560290e+03 3.368212675035059389e-01
1.504619084506060290e+03 3.335995288580692053e-01
1.503899846224810290e+03 3.355923208629046917e-01
1.503181461449831659e+03 3.447279186385880934e-01
1.502463280906528553e+03 3.339498520167349382e-01
1.501745833200514426e+03 3.458229498248064360e-01
1.501029240471337516e+03 3.422307139270391874e-01
1.500313258439901574e+03 3.348645722252843182e-01
1.499598009245754838e+03 3.341672814472670949e-01
1.498883492888897081e+03 3.314272174992097808e-01
1.498169587229780063e+03 3.320376639311630740e-01
1.497456536547500491e+03 3.310423884001874595e-01
1.496744096562961886e+03 3.393710681108374483e-01
1.496032511555260498e+03 3.301880240629159191e-01
1.495321537245299851e+03 3.334468407833285908e-01
1.494611295772628409e+03 3.283049551733795979e-01
1.493901664997697935e+03 3.335144189574142382e-01
1.493192889199604679e+03 3.293086467557465036e-01
1.492484724099252389e+03 3.320170736026518132e-01
1.491777291836189079e+03 3.432323853126830748e-01
1.491070592410414747e+03 3.343650843375600701e-01
1.490364503682381610e+03 3.361883038180790151e-01
1.489659147791637452e+03 3.398492247193257154e-01
1.488954524738182272e+03 3.328776636973046488e-01
1.488250634522016298e+03 3.282021828592447399e-01
1.487547355003591065e+03 3.344313849011643636e-01
1.486844808322455037e+03 3.385684650142822827e-01
1.486142872339059977e+03 3.357771983608514588e-01
1.485441791332501907e+03 3.304999451889323314e-01
1.484741321023685032e+03 3.326595085719628031e-01
1.484041583552157135e+03 3.358874125041628744e-01
1.483342456778370206e+03 3.353075377043231997e-01
1.482644184981420494e+03 3.349210700727204837e-01
1.481946401742663511e+03 3.240408325275461188e-01
1.481249473480743745e+03 3.374364991516177747e-01
1.480553155916564947e+03 3.335897155756430421e-01
1.479857449050126888e+03 3.315118743757011210e-01
1.479162597160526275e+03 3.373352893595221169e-01
1.478468233829118390e+03 3.353606937898016560e-01
1.477774725474547722e+03 3.366610377696810374e-01
1.477081827817718022e+03 3.283603298914114510e-01
1.476389662998177300e+03 3.346681636773237711e-01
1.475698108876377546e+03 3.428286843729355660e-01
1.475007287591866771e+03 3.271462828826925406e-01
1.474317077005096962e+03 3.379767749367806884e-01
1.473627599255616360e+03 3.443465688723809093e-01
1.472938732203876498e+03 3.376181175067159423e-01
1.472250597989425842e+03 3.375967194934899607e-01
1.471563196612264164e+03 3.259004312782033952e-01
1.470876405932843454e+03 3.271637911741803184e-01
1.470190348090711723e+03 3.366255345278291178e-01
1.469504900946321186e+03 3.211411131291897481e-01
1.468820064499671162e+03 3.289142221117353215e-01
1.468135960890310571e+03 3.269431054019963367e-01
1.467452590118238959e+03 3.329026389471944070e-01
1.466769830043908087e+03 3.311224602108692183e-01
1.466087680667318182e+03 3.378872571906320066e-01
1.465406264128017483e+03 3.286505831654815690e-01
1.464725458286457524e+03 3.310796410513929811e-01
1.464045385282186771e+03 3.311322859720842171e-01
1.463365922975656986e+03 3.335165587607467064e-01
1.462687193506416179e+03 3.382799167002933927e-01
1.462009074734916339e+03 3.347905095186186064e-01
1.461331566661157240e+03 3.305823741372260205e-01
1.460654669285139335e+03 3.254182778563582401e-01
1.459978626885958420e+03 3.327692265831147522e-01
1.459303073044970233e+03 3.413089795581815133e-01
1.458628252041271253e+03 3.300892453601523280e-01
1.457954041735313240e+03 3.298911574406883651e-01
1.457280564266644205e+03 3.287243620134713273e-01
1.456607697495716138e+03 3.304981796494286250e-01
1.455935441422528811e+03 3.241750750186739305e-01
1.455263918186630690e+03 3.302367816676390344e-01
1.454593005648473536e+03 3.278615205652548603e-01
1.453922703808057349e+03 3.347595944764359399e-01
1.453253012665381902e+03 3.295704069806241199e-01
1.452584176499543673e+03 3.381905898052267601e-01
1.451915828891898400e+03 3.273310793063778923e-01
1.451248091981993866e+03 3.260628850421316560e-01
1.450581087909378311e+03 3.276978512127540766e-01
1.449914694534503724e+03 3.342716289849098632e-01
1.449248911857370103e+03 3.317010588074933986e-01
1.448583862017525689e+03 3.387865445047953394e-01
1.447919422875422015e+03 3.336499881786225696e-01
1.447255472291511069e+03 3.349209589841310453e-01
1.446592376684437568e+03 3.361863523831911671e-01
1.445929769635556568e+03 3.260046993289197892e-01
1.445268017563513013e+03 3.371541828034207433e-01
1.444606631910113720e+03 3.280976670204131529e-01
1.443945979094003860e+03 3.240713807132499236e-01
1.443286059115182752e+03 3.327367316142078035e-01
1.442626627694554600e+03 3.405855298919734375e-01
1.441967929111215426e+03 3.373472139226194599e-01
1.441309841225617220e+03 3.346268013462999069e-01
1.440652364037759980e+03 3.303053009088771641e-01
1.439995375408095242e+03 3.252020612296219748e-01
1.439339363894816188e+03 3.218752936606300574e-01
1.439339241755267949e+03 3.226991866538352349e-01
1.439120734103572431e+03 3.117942294399630998e-01
1.438902104312328902e+03 3.195222737145279046e-01
1.438683718800181623e+03 3.270999420649438605e-01
1.438683596660633384e+03 3.213426156762347330e-01
1.438465211148486105e+03 3.206897619856678427e-01
1.438246947775886838e+03 3.115376407203506171e-01
1.438028806542836037e+03 3.207023677118891469e-01
1.438028684403287798e+03 3.215031451600710577e-01
1.437810543170236997e+03 3.282163729342385539e-01
1.437592524076734207e+03 3.220198397759316822e-01
1.437374504983231418e+03 3.146652193629510541e-01
1.437374382843683179e+03 3.091070971723303695e-01
1.437156241610632378e+03 3.216403758351399911e-01
1.436938466796225839e+03 3.165915773851138426e-01
1.436720814121367766e+03 3.174911055071981680e-01
1.436720691981819527e+03 3.119100012340107475e-01
1.436502917167412988e+03 3.264009917261293525e-01
1.436285142353006677e+03 3.175206183241006119e-01
1.436067611817696616e+03 3.214050376776076412e-01
1.435850081282386554e+03 3.204742365286081252e-01
1.435632550747076493e+03 3.095799716902681853e-01
1.435415142351314671e+03 3.269595628494361139e-01
1.435197856095101088e+03 3.233489809593712017e-01
1.434980569838887504e+03 3.222261328060031516e-01
1.434763283582673694e+03 3.153029030841427716e-01
1.434546241605556361e+03 3.291623225140419273e-01
1.434329077488891016e+03 3.277806310917699140e-01
1.434112035511773684e+03 3.378872291789246085e-01
1.433895115674204590e+03 3.253737706620742354e-01
1.433678317976183507e+03 3.236228789219541269e-01
1.433461520278162652e+03 3.334362089671557561e-01
1.433244722580141570e+03 3.230641680093315760e-01
1.433028169161217193e+03 3.242492335078285826e-01
1.432811493602744349e+03 3.072410971836319615e-01
1.432594940183819745e+03 3.131742642419200751e-01
1.432378508904443379e+03 3.059367008954551048e-01
1.432162199764615025e+03 2.989458678313963724e-01
1.431945890624786898e+03 2.922130460765003379e-01
1.431729581484958771e+03 3.050910364984876777e-01
1.431513394484678656e+03 3.027198427691145666e-01
1.431297329623946780e+03 3.031069751519553934e-01
1.431081264763214904e+03 2.992913636163674340e-01
1.430865322042031266e+03 3.078475575668846442e-01
1.430649501460395641e+03 3.293508858820051177e-01
1.430433558739212003e+03 3.275689674724407419e-01
1.430217738157576605e+03 3.258797782834136902e-01
1.430001917575940979e+03 3.288274834024018656e-01
1.429786463412950070e+03 3.246972827245450666e-01
1.429570887110410922e+03 3.270111956169162171e-01
1.429355432947420013e+03 3.264680386399050338e-01
1.429140100923977116e+03 3.294360457323379232e-01
1.428924646760986207e+03 3.321617375441715536e-01
1.428709314737543536e+03 3.299453532064252625e-01
1.428494104853648878e+03 3.263448061252286481e-01
1.428279017109302458e+03 3.337945068893737877e-01
1.428063929364956039e+03 3.364034875273405611e-01
1.427848841620609619e+03 3.453344507232924965e-01
1.427633876015811438e+03 3.378771104125115610e-01
1.427419154690109508e+03 3.317152884452017614e-01
1.427204189085311327e+03 3.369120430392854026e-01
1.426989467759609397e+03 3.365580742543249904e-01
1.426774868573455706e+03 3.475739442223949593e-01
1.426560269387302014e+03 3.404327300506884146e-01
1.426345670201148323e+03 3.463512492282408983e-01
1.426131193154542871e+03 3.382157236040481130e-01
1.425916838247485430e+03 3.386596932478294630e-01
1.425702483340428216e+03 3.416659613579177135e-01
1.425488250572919014e+03 3.338323879215495116e-01
1.425274017805409812e+03 3.440957219940781187e-01
1.425059907177448849e+03 3.374523334012307085e-01
1.424845796549487886e+03 3.396502409239565146e-01
1.424631808061075162e+03 3.316012263314274122e-01
1.424417697433114199e+03 3.370137045335016568e-01
1.424204075363345964e+03 3.356587677003923798e-01
1.423990209014481252e+03 3.341023425675225256e-01
1.423776464805165006e+03 3.308045426060919891e-01
1.423562842735396771e+03 3.330765278531858664e-01
1.423349220665628309e+03 3.251357849045238835e-01
1.423135720735408313e+03 3.364108551182400930e-01
1.422922098665640078e+03 3.321729932748608283e-01
1.422708965154064572e+03 3.300959631864740507e-01
1.422495587363392588e+03 3.331922416526764130e-01
1.422282331712269070e+03 3.281684397297420230e-01
1.422069076061145324e+03 3.401238271846216410e-01
1.421856064689118057e+03 3.425717555312671192e-01
1.421642931177542323e+03 3.350599686880073036e-01
1.421429919805515055e+03 3.351095478467450706e-01
1.421216908433487788e+03 3.329549511165698084e-01
1.421004141340556771e+03 3.230957748712288691e-01
1.420791374247625754e+03 3.254436465508230847e-01
1.420578607154694737e+03 3.281775197773901809e-01
1.420366084340860198e+03 3.332800533960102451e-01
1.420153317247929181e+03 3.390615570420523750e-01
1.419940916573642880e+03 3.326458205939554769e-01
1.419728393759808114e+03 3.423705830474643164e-01
1.419516115225069825e+03 3.249395576154424647e-01
1.419303714550783525e+03 3.311872953408023790e-01
1.419091436016045236e+03 3.328474605362480299e-01
1.418879279620855186e+03 3.296148876483500634e-01
1.418667245365213148e+03 3.235170359998769118e-01
1.418455211109571337e+03 3.324729009315590678e-01
1.418243176853929526e+03 3.374036911313169629e-01
1.418031142598287488e+03 3.303118580367750412e-01
1.417819474761290166e+03 3.403571017822665801e-01
1.417607562645196595e+03 3.278063869194439706e-01
1.417395772668651034e+03 3.303593874884097059e-01
1.417184226971201724e+03 3.304667671290752451e-01
1.416972681273752642e+03 3.305130541209691519e-01
1.416761135576303332e+03 3.287336701808427075e-01
1.416549589878854249e+03 3.359957376650214989e-01
1.416338288460501417e+03 3.362425603375813199e-01
1.416126987042148585e+03 3.383847107254598918e-01
1.415915685623795753e+03 3.407627787792474883e-01
1.415704506344991159e+03 3.339330249175125331e-01
1.415493327066186566e+03 3.295437297391218268e-01
1.415282392066478224e+03 3.334960271574265445e-01
1.415071334927221869e+03 3.375066419507361526e-01
1.414860399927513527e+03 3.310963734773086919e-01
1.414649464927805411e+03 3.335738187397703225e-01
1.414438774207193319e+03 3.317029459646213541e-01
1.414228083486581454e+03 3.388559538649260072e-01
1.414017392765969589e+03 3.265655176213067001e-01
1.413806824184905963e+03 3.310130194249293889e-01
1.413596377743390349e+03 3.310138015907568843e-01
1.413385809162326723e+03 3.338116139742584587e-01
1.413175240581262869e+03 3.365370828205353493e-01
1.412965160558391972e+03 3.333950554868095328e-01
1.412754836256424596e+03 3.310851936477610113e-01
1.412544634094005460e+03 3.285419604459024479e-01
1.412334431931586096e+03 3.299159919771690874e-01
1.412124474048263437e+03 3.380811497337652405e-01
1.411914516164940551e+03 3.324293293787495274e-01
1.411704558281617665e+03 3.470210680471687015e-01
1.411494600398294779e+03 3.277287559387146998e-01
1.411284886794068370e+03 3.315866988545618232e-01
1.411075173189841962e+03 3.402685980731142701e-01
1.410865459585615554e+03 3.320557747101466339e-01
1.410655745981389146e+03 3.289610079318319724e-01
1.410446276656258988e+03 3.410696663994082778e-01
1.410236807331128830e+03 3.262018210722757439e-01
1.410027460145546911e+03 3.272730911242828777e-01
1.409817990820416753e+03 3.371758784073140558e-01
1.409608887913931312e+03 3.289858502188833245e-01
1.409399540728349393e+03 3.374606795826370353e-01
1.409190437821863725e+03 3.295538682680624332e-01
1.408981334915378284e+03 3.311296042236810955e-01
1.408772354148440854e+03 3.260040233323041603e-01
1.408563373381503425e+03 3.339292931408250342e-01
1.408354514754114234e+03 3.344366992865157595e-01
1.408145656126725044e+03 3.208753181548212319e-01
1.407936919638884092e+03 3.282802837820613107e-01
1.407728183151043140e+03 3.293668584899989704e-01
1.407519568802750200e+03 3.302805360976692750e-01
1.407310954454457487e+03 3.273944716922315146e-01
1.407102462245712786e+03 3.295681115745154321e-01
1.406894092176516324e+03 3.303646512638771515e-01
1.406685722107319862e+03 3.277794682736998588e-01
1.406477352038123399e+03 3.331652249790387210e-01
1.406269104108475176e+03 3.343450436642519397e-01
1.406061100457923203e+03 3.374869923363267299e-01
1.405852852528274980e+03 3.394838300465500280e-01
1.405644848877723007e+03 3.371582580470403601e-01
1.405436845227171034e+03 3.360455802894746768e-01
1.405228963716167300e+03 3.412194571306624846e-01
1.405021082205163566e+03 3.364085312020009821e-01
1.404813322833707844e+03 3.376609132107218914e-01
1.404605563462252348e+03 3.377589653938551928e-01
1.404398048369893104e+03 3.268328548761722518e-01
1.404190411137985848e+03 3.391315512616081551e-01
1.403982773906078364e+03 3.302101514307793639e-01
1.403775380953267359e+03 3.316275019160633830e-01
1.403567988000456353e+03 3.350728024714282882e-01
1.403360717187193586e+03 3.348968080851200124e-01
1.403153324234382580e+03 3.373594865670159759e-01
1.402946175560667825e+03 3.442434491346894609e-01
1.402739149026501309e+03 3.330464433187370066e-01
1.402532000352786781e+03 3.373877502245120064e-01
1.402324973818620265e+03 3.401563970028156914e-01
1.402117947284453749e+03 3.334880698780242625e-01
1.401911165029383710e+03 3.364254126788954746e-01
1.401704382774313444e+03 3.387749664841122610e-01
1.401497600519243406e+03 3.339169887996940034e-01
1.401290818264173140e+03 3.339995146005408921e-01
1.401084158148651341e+03 3.421909839749754378e-01
1.400877620172677553e+03 3.403913588979635141e-01
1.400671204336252003e+03 3.394428912773719276e-01
1.400464788499826454e+03 3.424170245075101593e-01
1.400258372663400905e+03 3.400046201088977593e-01
1.400052078966523368e+03 3.338138696659452842e-01
1.399845907409194297e+03 3.364449986665189463e-01
1.399639613712316759e+03 3.365723989135887551e-01
1.399433564294535699e+03 3.367490441210410079e-01
1.399227514876754640e+03 3.371571806986529141e-01
1.399021587598521819e+03 3.357150907197437584e-01
1.398815538180740759e+03 3.367541863072774921e-01
1.398609733042056178e+03 3.429088742056552452e-01
1.398404050042919607e+03 3.479438067605379326e-01
1.398198122764686786e+03 3.317968348311918780e-01
1.397992561905098455e+03 3.391890532078470355e-01
1.397786878905962112e+03 3.407867167120159912e-01
1.397581318046373781e+03 3.338562089014713852e-01
1.397376001465881700e+03 3.335373018659517075e-01
1.397170562745841607e+03 3.287911165471512631e-01
1.396965124025801515e+03 3.348396899130899884e-01
1.396759685305761423e+03 3.317378124660937955e-01
1.396554735143914058e+03 3.372506668903381133e-01
1.396349540702970216e+03 3.382254099307643869e-01
1.396144346262026374e+03 3.381117905988753058e-01
1.395939396100179010e+03 3.368128003836564632e-01
1.395734445938331646e+03 3.426313623138647069e-01
1.395529495776484282e+03 3.359812290897564724e-01
1.395324667754184929e+03 3.382356068086400658e-01
1.395119839731885804e+03 3.302623476407533509e-01
1.394915133849134691e+03 3.357483024501325408e-01
1.394710550105931816e+03 3.439585758725398068e-01
1.394505966362728941e+03 3.395092013952447085e-01
1.394301382619526066e+03 3.360922855568084788e-01
1.394096798876323192e+03 3.367770637190983796e-01
1.393892581551765034e+03 3.381926870702930965e-01
1.393688242087658409e+03 3.323916260036370307e-01
1.393483902623552012e+03 3.443999353128379681e-01
1.393279685298993627e+03 3.357469920280475306e-01
1.393075590113983480e+03 3.324110708903156297e-01
1.392871494928973334e+03 3.322049505795381941e-01
1.392667521883511426e+03 3.286768248850736596e-01
1.392463548838049292e+03 3.316824910998253384e-01
1.392259575792587384e+03 3.360901223103699986e-01
1.392055847026221954e+03 3.325257505303524930e-01
1.391851996120308058e+03 3.406202210644767581e-01
1.391648267353942401e+03 3.248300291641393334e-01
1.391444538587576972e+03 3.316961328191059821e-01
1.391241176239855804e+03 3.238733568340184665e-01
1.391037569613038386e+03 3.251033965015686644e-01
1.390834085125769207e+03 3.306109667409714570e-01
1.390630722778048039e+03 3.313773970914200007e-01
1.390427360430327099e+03 3.329781447147240336e-01
1.390224120222154170e+03 3.407720795378770262e-01
1.390020880013981241e+03 3.287556141900628282e-01
1.389817761945356551e+03 3.292533033630717365e-01
1.389614643876731861e+03 3.308369199025980589e-01
1.389411770087203649e+03 3.434971710142442625e-01
1.389208774158126971e+03 3.418031273361551436e-01
1.389005778229050520e+03 3.319206608853595419e-01
1.388802904439522308e+03 3.353394335574743090e-01
1.388600152789542108e+03 3.353283068805859024e-01
1.388397523279110146e+03 3.370336241975320224e-01
1.388194893768678185e+03 3.408839524993377279e-01
1.387992264258246223e+03 3.393258622979964945e-01
1.387789756887362273e+03 3.411099599007811345e-01
1.387587371656026789e+03 3.376092750901997230e-01
1.387384864285142839e+03 3.364270143056274365e-01
1.387182601193355595e+03 3.343470046102425819e-01
1.386980338101568123e+03 3.330751807281821519e-01
1.386778075009780650e+03 3.298248026293248425e-01
1.386575934057541417e+03 3.426876103232356918e-01
1.386373915244850423e+03 3.397579421666955812e-01
1.386171774292611190e+03 3.354073155305653531e-01
1.385969877619468207e+03 3.330800761318714054e-01
1.385767980946325224e+03 3.346307962369379774e-01
1.385566206412730708e+03 3.310821872565459234e-01
1.385364431879135964e+03 3.364897996672429059e-01
1.385162657345541220e+03 3.427322651193652203e-01
1.384961004951494715e+03 3.310275580818474728e-01
1.384759352557448210e+03 3.326940368389795788e-01
1.384557944442497956e+03 3.364530768106747116e-01
1.384356414187999690e+03 3.397664890741278199e-01
1.384155006073049435e+03 3.375797720584192696e-01
1.383953597958099408e+03 3.365809860783730567e-01
1.383752434122245404e+03 3.303962228413276914e-01
1.383551148146843616e+03 3.396849780259776908e-01
1.383349984310989612e+03 3.473782902674151241e-01
1.383148820475135835e+03 3.411072783638743333e-01
1.382947900918378537e+03 3.371025092912915966e-01
1.382746981361621010e+03 3.302888451325667329e-01
1.382545939665315473e+03 3.353314134200380825e-01
1.382345142248106185e+03 3.394690211090848897e-01
1.382144344830896898e+03 3.416299559727036805e-01
1.381943669553235850e+03 3.412497618025092661e-01
1.381742994275574802e+03 3.351542304599787747e-01
1.381542318997913753e+03 3.266141478898141881e-01
1.381341765859800716e+03 3.431394029373558974e-01
1.381141212721687907e+03 3.375287528561961015e-01
1.380940903862671348e+03 3.362930262600961617e-01
1.380740595003654789e+03 3.429381735904786233e-01
1.380540286144638230e+03 3.365719369651617998e-01
1.380339977285621671e+03 3.412558648519135041e-01
1.380139790566153351e+03 3.416391000601258776e-01
1.379939725986233270e+03 3.377875924355188686e-01
1.379739661406312962e+03 3.366401258835534094e-01
1.379539596826392881e+03 3.436033913090634773e-01
1.379339654386020811e+03 3.300128549850013804e-01
1.379139956224745220e+03 3.403613249108972671e-01
1.378940135923921389e+03 3.367016801441978791e-01
1.378740315623097558e+03 3.381953656539136710e-01
1.378540617461821967e+03 3.434771508847547783e-01
1.378340919300546375e+03 3.350877612187370125e-01
1.378141343278818795e+03 3.421260639356973887e-01
1.377941889396639681e+03 3.430701560170756337e-01
1.377742435514460340e+03 3.430712022097240910e-01
1.377543103771829237e+03 3.345019762105542749e-01
1.377343772029198135e+03 3.317790387396310492e-01
1.377144562426115272e+03 3.452669858818758764e-01
1.376945352823032408e+03 3.447526940647561156e-01
1.376746143219949317e+03 3.371348294391735001e-01
1.376547055756414693e+03 3.383554810810016633e-01
1.376347968292880068e+03 3.461615225402211449e-01
1.376149125108441694e+03 3.477060893171415867e-01
1.375950159784455082e+03 3.357715590732704425e-01
1.375751316600016708e+03 3.367209253799941515e-01
1.375552473415578334e+03 3.466829208898333237e-01
1.375353752370688198e+03 3.393272201496378426e-01
1.375155275604894314e+03 3.447232164311233027e-01
1.374956676699552418e+03 3.456901552574564440e-01
1.374758077794210294e+03 3.462264593174713689e-01
1.374559601028416409e+03 3.379742878047568566e-01
1.374361124262622752e+03 3.354957623485337881e-01
1.374162891775925118e+03 3.519448833201163085e-01
1.373964537149679472e+03 3.343774523624996609e-01
1.373766304662982066e+03 3.366633136091839451e-01
1.373568072176284659e+03 3.387857207940905835e-01
1.373369961829135264e+03 3.416842504593798902e-01
1.373171973621534335e+03 3.367023929697717799e-01
1.372973863274384939e+03 3.368616042994373450e-01
1.372775997206332022e+03 3.395834244460284035e-01
1.372578131138279105e+03 3.325838499814084415e-01
1.372380265070226187e+03 3.396065074955109120e-01
1.372182643281269748e+03 3.347784062842749098e-01
1.371984899352764842e+03 3.375654473312219017e-01
1.371787277563808402e+03 3.289186260284853169e-01
1.371589533635303496e+03 3.350988944050141138e-01
1.371392156125443307e+03 3.353977459512660353e-01
1.371194778615583118e+03 3.421234818147639301e-01
1.370997401105722929e+03 3.329553889518969134e-01
1.370800023595862740e+03 3.420709041533808170e-01
1.370602646086002551e+03 3.429363959794240468e-01
1.370405390715690601e+03 3.357168623846043531e-01
1.370208379624474901e+03 3.281618500495315227e-01
1.370011246393711190e+03 3.321369936638753351e-01
1.369814235302495490e+03 3.392189966751003039e-01
1.369617224211279790e+03 3.330192534101114044e-01
1.369420335259612330e+03 3.380916952578526535e-01
1.369223568447493108e+03 3.402851269373876053e-01
1.369026557356277408e+03 3.396899904015030502e-01
1.368829912683706198e+03 3.340471683710382056e-01
1.368633268011135215e+03 3.391815785005100059e-01
1.368436623338564004e+03 3.368833743616451715e-01
1.368240100805541033e+03 3.404840595511769430e-01
1.368043578272518289e+03 3.357431606634261323e-01
1.367847055739495318e+03 3.397331668888384226e-01
1.367650777485568597e+03 3.439516120677005295e-01
1.367454377092093864e+03 3.388253862907106284e-01
1.367258098838167371e+03 3.416427432755017590e-01
1.367062064863337127e+03 3.356444190857134635e-01
1.366865786609410634e+03 3.359253474810775519e-01
1.366669752634580391e+03 3.415742881705015055e-01
1.366473596520201909e+03 3.395748048481543324e-01
1.366277684684919905e+03 3.385506159551438521e-01
1.366081894989186139e+03 3.431667032203931100e-01
1.365885983153904135e+03 3.391431843948860547e-01
1.365690193458170143e+03 3.374091164159659928e-01
1.365494403762436377e+03 3.344518986482528655e-01
1.365298736206250624e+03 3.482466936877547381e-01
1.365103312929161348e+03 3.429088667480579278e-01
1.364907645372975821e+03 3.413149686900928126e-01
1.364712222095886546e+03 3.374605573946962700e-01
1.364516676679249031e+03 3.353375843144045243e-01
1.364321375541707766e+03 3.478582914724397401e-01
1.364126074404166729e+03 3.400313300112700610e-01
1.363930773266625692e+03 3.373305026786083127e-01
1.363735594268632667e+03 3.295857900009535046e-01
1.363540415270639642e+03 3.440785284000305588e-01
1.363345358412194855e+03 3.336140136129926437e-01
1.363150301553750296e+03 3.396212590461923364e-01
1.362955366834853521e+03 3.479416617892322483e-01
1.362760554255505212e+03 3.509731334407016901e-01
1.362565497397060426e+03 3.479053461231971789e-01
1.362370806957260129e+03 3.343282553721341754e-01
1.362176116517460059e+03 3.413026872088992247e-01
1.361981548217208001e+03 3.413637574740043257e-01
1.361786857777407704e+03 3.298709749573702776e-01
1.361592289477155646e+03 3.383197845448301377e-01
1.361397721176903588e+03 3.442676222959863974e-01
1.361203275016199768e+03 3.413914252410737982e-01
1.361008950995044188e+03 3.383684927646082308e-01
1.360814749113436619e+03 3.395277655196135003e-01
1.360620425092281039e+03 3.456307607134761484e-01
1.360426223210673470e+03 3.408126763866762277e-01
1.360232021329065901e+03 3.415891386467388435e-01
1.360037819447458560e+03 3.462824789328874386e-01
1.359843983984495480e+03 3.408853048960425181e-01
1.359650026381984389e+03 3.483424315861695097e-01
1.359456068779473298e+03 3.395615002718929132e-01
1.359262233316510219e+03 3.391473003681034215e-01
1.359068397853547367e+03 3.466173275086527061e-01
1.358874684530132527e+03 3.382164803004092946e-01
1.358681093346265925e+03 3.366047768771363580e-01
1.358487380022851312e+03 3.452930999537913159e-01
1.358293788838984710e+03 3.377430552556469623e-01
1.358100319794666120e+03 3.423264345688286081e-01
1.357906850750347758e+03 3.409853413276598411e-01
1.357713503845577634e+03 3.467467053132114452e-01
1.357520156940807283e+03 3.401812420044313390e-01
1.357326932175585398e+03 3.337524180013204389e-01
1.357133707410363286e+03 3.380338487850352847e-01
1.356940482645141174e+03 3.419954361262322329e-01
1.356747380019467300e+03 3.387388659790504519e-01
1.356554399533341666e+03 3.413997330686754372e-01
1.356361419047216032e+03 3.428518741737881514e-01
1.356168560700638409e+03 3.382003645973446493e-01
1.355975580214512775e+03 3.419120626332944890e-01
1.355782844007483391e+03 3.419069300759396413e-01
1.355589985660905995e+03 3.367993192384842183e-01
1.355397493732973089e+03 3.417094386249505122e-01
1.355204757525943705e+03 3.409905835017183473e-01
1.355012143458462560e+03 3.414484482431200951e-01
1.354819651530529654e+03 3.474209070976873592e-01
1.354627159602596521e+03 3.410927552208732894e-01
1.354434911953759865e+03 3.381531883715015452e-01
1.354242542165375198e+03 3.395781085765486873e-01
1.354050172376990304e+03 3.406409479609666668e-01
1.353857924728153876e+03 3.349369101945351979e-01
1.353665677079317220e+03 3.377057640189556342e-01
1.353473551570028803e+03 3.429403525344356662e-01
1.353281670339836637e+03 3.452835916773843161e-01
1.353089666970096459e+03 3.372094329458867334e-01
1.352897663600356282e+03 3.399790018250024026e-01
1.352705782370164115e+03 3.445755347557890591e-01
1.352513901139972177e+03 3.303311019592319875e-01
1.352322142049328249e+03 3.363025580241263968e-01
1.352130505098232561e+03 3.345675262722812571e-01
1.351938868147136873e+03 3.317965069518449828e-01
1.351747231196041184e+03 3.434405083044599349e-01
1.351555594244945496e+03 3.374656933302737083e-01
1.351364079433397819e+03 3.403692856641782338e-01
1.351172564621850370e+03 3.404668951507177632e-01
1.350981416228947410e+03 3.383303306390639253e-01
1.350790023556948199e+03 3.366618073310096437e-01
1.350598753024497000e+03 3.356377793592563163e-01
1.350407604631594040e+03 3.329425878295707575e-01
1.350216456238691080e+03 3.353627559211393994e-01
1.350025307845788120e+03 3.358659384758171385e-01
1.349834403731981411e+03 3.389296655307742490e-01
1.349643377478626689e+03 3.387718277392260391e-01
1.349452473364819980e+03 3.463322918270133055e-01
1.349261569251013270e+03 3.397685012784858460e-01
1.349070787276755027e+03 3.466495322840656423e-01
1.348880005302496556e+03 3.448012711737139524e-01
1.348689345467786325e+03 3.378410559405577995e-01
1.348498807772624104e+03 3.347411588788223868e-01
1.348308147937913873e+03 3.399538046503083333e-01
1.348117610242751880e+03 3.399820878580418482e-01
1.347927194687137899e+03 3.429116381129649338e-01
1.347736779131524145e+03 3.445970819093904791e-01
1.347546485715458402e+03 3.318012868717437058e-01
1.347356070159844421e+03 3.436310204840757332e-01
1.347165898883326918e+03 3.343728589333390122e-01
1.346975727606809414e+03 3.463899666755150264e-01
1.346785556330291911e+03 3.402268964676785079e-01
1.346595507193322646e+03 3.356564885965501732e-01
1.346405580195901393e+03 3.352794757599917852e-01
1.346215653198480140e+03 3.399899073672694727e-01
1.346025726201059115e+03 3.400307383429014840e-01
1.345835921343186101e+03 3.374936925938095134e-01
1.345646116485313087e+03 3.429714189428388349e-01
1.345456311627440073e+03 3.380935312195718634e-01
1.345266751048663536e+03 3.345056354283632016e-01
1.345077068330338761e+03 3.370830646236478989e-01
1.344887507751561998e+03 3.401287743859895407e-01
1.344698069312333701e+03 3.414684003863608930e-01
1.344508508733556937e+03 3.348272135999570964e-01
1.344319192433876651e+03 3.406193970349815081e-01
1.344129753994648354e+03 3.364263280824594804e-01
1.343940681974064319e+03 3.362355470067667773e-01
1.343751365674384033e+03 3.330644343087669768e-01
1.343562171514251986e+03 3.346165915648408040e-01
1.343373099493668178e+03 3.341034701214798397e-01
1.343184027473084143e+03 3.356276968750214196e-01
1.342995077592048574e+03 3.350078663905314835e-01
1.342806127711012778e+03 3.362563351749373042e-01
1.342617299969525220e+03 3.378563874544385226e-01
1.342428350088489424e+03 3.356279799220787119e-01
1.342239644486550105e+03 3.370670034336815113e-01
1.342050938884610787e+03 3.402270568126807282e-01
1.341862233282671468e+03 3.422624586625905296e-01
1.341673649820280161e+03 3.403907005608060587e-01
1.341485188497437321e+03 3.352044727940292068e-01
1.341296727174594253e+03 3.438052699128081868e-01
1.341108265851751185e+03 3.368668555393498631e-01
1.340919804528908344e+03 3.352010828324761826e-01
1.340731465345613515e+03 3.368966881675400371e-01
1.340543248301866925e+03 3.395371972095948543e-01
1.340355031258120107e+03 3.362386340089779102e-01
1.340166936353921756e+03 3.439036015431332083e-01
1.339978841449723177e+03 3.375996910501167791e-01
1.339790746545524826e+03 3.310937211039505224e-01
1.339602773780874486e+03 3.348591066166458630e-01
1.339414801016224374e+03 3.439891830287716834e-01
1.339226828251574034e+03 3.405170750860084805e-01
1.339039099766020172e+03 3.367567728784790493e-01
1.338851371280466083e+03 3.333647418177863586e-01
1.338663520655363982e+03 3.358853831641325227e-01
1.338475914309358359e+03 3.426602575139763851e-01
1.338288307963352509e+03 3.356977107214187961e-01
1.322359600926899930e+03 3.331746977260711118e-01
1.322176758023273123e+03 3.411328089968800881e-01
1.321993915119646545e+03 3.401109316344541056e-01
1.321811072216019738e+03 3.427228783173763005e-01
1.321628473591489410e+03 3.359201566655043991e-01
1.304866530557347232e+03 3.470528305717117123e-01
1.304688695375195948e+03 3.474592888411549563e-01
1.304510982332592903e+03 3.405210367949226824e-01
1.304333269289989630e+03 3.447755607227969699e-01
1.304155556247386585e+03 3.458649827572620183e-01
1.286990552704247648e+03 3.361146918215940915e-01
1.286817969522668136e+03 3.444006053109590071e-01
1.286645264201540385e+03 3.374578063997541455e-01
1.286472681019960874e+03 3.482356598158861671e-01
1.286300097838381589e+03 3.390736381162309798e-01
1.286127636796350089e+03 3.463350840429070265e-01
1.285955175754318816e+03 3.420701835848626859e-01
1.285782714712287543e+03 3.423062050432682524e-01
1.285610375809804509e+03 3.416149581040866523e-01
1.285438036907321248e+03 3.480796662073824543e-01
1.285265942283934464e+03 3.428864499417086931e-01
1.285093725520999669e+03 3.441365378968156974e-01
1.284921508758064647e+03 3.437550217845709577e-01
1.284749414134677863e+03 3.531803170552038629e-01
1.284577319511291080e+03 3.500966104299516601e-01
1.284405347027452535e+03 3.507395716630904992e-01
1.284233374543613991e+03 3.514762605991596511e-01
1.284061402059775446e+03 3.488342586599879613e-01
1.283889551715484913e+03 3.488739594263400856e-01
1.283717701371194607e+03 3.486622212525981590e-01
1.283545973166452313e+03 3.540332918071238955e-01
1.283374244961710019e+03 3.585319226787600511e-01
1.283202516756967952e+03 3.571987327929706524e-01
1.283030910691773897e+03 3.616081237471278076e-01
1.282859304626579842e+03 3.552665509238395747e-01
1.282687942840482037e+03 3.656937260325592853e-01
1.282516458914836221e+03 3.714489974687785745e-01
1.282344974989190405e+03 3.653607889547466070e-01
1.282173613203092600e+03 3.534869528025216256e-01
1.282002373556543262e+03 3.448529972715936864e-01
1.281831011770445457e+03 3.451331564721000222e-01
1.281659772123895891e+03 3.438940428382146197e-01
1.281488532477346553e+03 3.493679465902524428e-01
1.281317414970345226e+03 3.440485290415364883e-01
1.281146297463343899e+03 3.377192269355380749e-01
1.280975179956342572e+03 3.423153021372818960e-01
1.280804306728437496e+03 3.452340941854796785e-01
1.280633311360984408e+03 3.418208391905080412e-01
1.280462315993531320e+03 3.539735122424546576e-01
1.280291564905174482e+03 3.436990144921569512e-01
1.280120691677269633e+03 3.431838825079481237e-01
1.279950062728461035e+03 3.488173665226282361e-01
1.279779311640104197e+03 3.470436232938783894e-01
1.279608682691295598e+03 3.497870410612123337e-01
1.279438053742487000e+03 3.434204496123722250e-01
1.279267546933226640e+03 3.433278906226563398e-01
1.279096917984418042e+03 3.426166954654327190e-01
1.278926533314705694e+03 3.486229173682632299e-01
1.278756026505445334e+03 3.401968776814144890e-01
1.278585763975281225e+03 3.550740072521617052e-01
1.278415379305569104e+03 3.413943198231090825e-01
1.278245116775404995e+03 3.497419974415234556e-01
1.278074854245240886e+03 3.380123242036816023e-01
1.277904713854625015e+03 3.515880836173342905e-01
1.277734573464009145e+03 3.470592965397572560e-01
1.277564433073393275e+03 3.432951644997909724e-01
1.277394414822325643e+03 3.464214107425845901e-01
1.277224396571257785e+03 3.449847312235322372e-01
1.277054622599286631e+03 3.390317385272422213e-01
1.276884726487767011e+03 3.475356812991680644e-01
1.276714830376247619e+03 3.449993066492480498e-01
1.276545056404276238e+03 3.424518322708355322e-01
1.276375404571853096e+03 3.417234072205331263e-01
1.276205630599881715e+03 3.513732861824608311e-01
1.276035978767458573e+03 3.485074045700946033e-01
1.275866326935035431e+03 3.425765325293818608e-01
1.275696797242160301e+03 3.413318838625211127e-01
1.275527267549285398e+03 3.421171574362832368e-01
1.275357737856410495e+03 3.473279654495348701e-01
1.275188452442631842e+03 3.410613040428938092e-01
1.275018922749756939e+03 3.403197952910189117e-01
1.274849637335978287e+03 3.384960636924551070e-01
1.274680351922199634e+03 3.476965210866868605e-01
1.274511188647969220e+03 3.407658873066281013e-01
1.274341903234190568e+03 3.452575275405987409e-01
1.274172862099508393e+03 3.455402874561471216e-01
1.274003820964826218e+03 3.533841816030567906e-01
1.273834779830143816e+03 3.438332315330185907e-01
1.273665860835009880e+03 3.391502883940631929e-01
1.273496941839875717e+03 3.453712302667119594e-01
1.273328144984289793e+03 3.366897340507564729e-01
1.273328022844741781e+03 3.391845598992979105e-01
1.273159225989155857e+03 3.522167694933809323e-01
1.273159103849607618e+03 3.403678452370998420e-01
1.272990551273118172e+03 3.428042540043123032e-01
1.272990429133569933e+03 3.421805951157363967e-01
1.272821754417532247e+03 3.451721439211695719e-01
1.272821632277984008e+03 3.482885767203611205e-01
1.272652957561946323e+03 3.469652589673051235e-01
1.272652835422398084e+03 3.463419499182347483e-01
1.272484160706360399e+03 3.419522605816358030e-01
1.272315608129870952e+03 3.476560294586356625e-01
1.272147055553381279e+03 3.495890279641495346e-01
1.271978502976891832e+03 3.470378820651556784e-01
1.271810072539950625e+03 3.399348872029595015e-01
1.271641642103009190e+03 3.459920007782342766e-01
1.271473211666067755e+03 3.471420314389733197e-01
1.271304903368674786e+03 3.453651225888877963e-01
1.271136595071281590e+03 3.480376257561390574e-01
1.270968408913436633e+03 3.450417382741493566e-01
1.270800222755591449e+03 3.519300650278679998e-01
1.270632036597746492e+03 3.458157458577979515e-01
1.270464094718998012e+03 3.461397156603413516e-01
1.270296030700701067e+03 3.541957945376729144e-01
1.270127966682404349e+03 3.541310080495554402e-01
1.269960024803655642e+03 3.500128392615718398e-01
1.269792205064455175e+03 3.529443775642743808e-01
1.269624263185706695e+03 3.530604058283878244e-01
1.269456443446506228e+03 3.494392363364206000e-01
1.269288745846853999e+03 3.528534257449647549e-01
1.269121048247201770e+03 3.492530020488239240e-01
1.268953350647549541e+03 3.508721087003073280e-01
1.268785653047897085e+03 3.613871412553759099e-01
1.268618199727341334e+03 3.486737385396498912e-01
1.268450624267237117e+03 3.530342463799032715e-01
1.268283048807133127e+03 3.425715763415400628e-01
1.268115717626125388e+03 3.421202042637431773e-01
1.267948264305569410e+03 3.430896732700151053e-01
1.267780933124561898e+03 3.433017260039684659e-01
1.267613601943554158e+03 3.373442701675237188e-01
1.267446515041642670e+03 3.458275857995349312e-01
1.267279183860634930e+03 3.379547034566757202e-01
1.267111974819175430e+03 3.480743357079063571e-01
1.266944887917264168e+03 3.437784136703270765e-01
1.266777801015352679e+03 3.458558413907886764e-01
1.266610836252989657e+03 3.385764132385229441e-01
1.266443993630174646e+03 3.511443825843329480e-01
1.266277028867811396e+03 3.403051050124469845e-01
1.266110186244996385e+03 3.440863803583854574e-01
1.265943343622181374e+03 3.514793968928490719e-01
1.265776500999366363e+03 3.489670389514896720e-01
1.265609780516099590e+03 3.483214032229624557e-01
1.265443060032832818e+03 3.547245397085135310e-01
1.265276583828662297e+03 3.461337068152394170e-01
1.265109863345395524e+03 3.371753188309659088e-01
1.264943265001676991e+03 3.424912089722512709e-01
1.264776788797506470e+03 3.377537328086068213e-01
1.264610312593335948e+03 3.456445783783700376e-01
1.264443958528713665e+03 3.497365886948148317e-01
1.264277604464091382e+03 3.517790377684944514e-01
1.264111250399469327e+03 3.483656148328218571e-01
1.263945018474395056e+03 3.420700282498141398e-01
1.263778786549321012e+03 3.461084258118318213e-01
1.263612554624246968e+03 3.433262705444707352e-01
1.263446444838720936e+03 3.437103498113732170e-01
1.263280335053195131e+03 3.477265383782165431e-01
1.263114347407217338e+03 3.401296841237833601e-01
1.262948237621691533e+03 3.463388216693740751e-01
1.262782372115261978e+03 3.494250744873827474e-01
1.262616384469284185e+03 3.426251941683946534e-01
1.262450518962854630e+03 3.438784014030664138e-01
1.262284775595973315e+03 3.486333951807808473e-01
1.262119032229091999e+03 3.427822884273615256e-01
1.261953288862210684e+03 3.501137690875857356e-01
1.261787545495329141e+03 3.439343111601055325e-01
1.261622046407544303e+03 3.432404739285097039e-01
1.261456547319759238e+03 3.441564097550692813e-01
1.261290926092425934e+03 3.445959909323019765e-01
1.261125427004641097e+03 3.447900866403047493e-01
1.260960050056404270e+03 3.504881178994384006e-01
1.260794673108167444e+03 3.463062689653209625e-01
1.260629296159930618e+03 3.443194130863232449e-01
1.260463919211693792e+03 3.361669576449854979e-01
1.260298664403004977e+03 3.421120580924792431e-01
1.260133531733864629e+03 3.471346252538333732e-01
1.259968276925176042e+03 3.422907183208513948e-01
1.259803266395583705e+03 3.434339401826973504e-01
1.259638133726443129e+03 3.531660082655710409e-01
1.259473123196851020e+03 3.418889011649707821e-01
