# Wavelength, Reflectance
1.644176694887605208e+03 3.043028441909775839e-01
1.643310606020417708e+03 3.039222543768818063e-01
1.642445371645417708e+03 3.120517935741675131e-01
1.641581113832917708e+03 3.159906161485953602e-01
1.640717710512605208e+03 3.173531170474964136e-01
1.639855405825105208e+03 3.191567859190479473e-01
1.638993955629792708e+03 3.124552598966143790e-01
1.638133481996980208e+03 3.379744578161999469e-01
1.637273862856355208e+03 3.088519955814876261e-01
1.636415342348542708e+03 3.266261418130324556e-01
1.635557676332917708e+03 3.118448288469111151e-01
1.634700986879792708e+03 3.267993387275873185e-01
1.633845273989167708e+03 3.166138284884861820e-01
1.632990415590730208e+03 3.236759825102009103e-01
1.632136533754792708e+03 3.144594051528927792e-01
1.631283506411042708e+03 3.063575578398539112e-01
1.630431455629792708e+03 3.148336189802612983e-01
1.629580381411042708e+03 3.111208753856924414e-01
1.628730161684480208e+03 3.064129486259663526e-01
1.627880918520417708e+03 3.090445292377023145e-01
1.627032529848542708e+03 3.137727140021341898e-01
1.626185117739167708e+03 3.123382418738160360e-01
1.625338682192292708e+03 3.140434213193506463e-01
1.624493223207917708e+03 3.171574083213824502e-01
1.623648496645417708e+03 3.128770488697772412e-01
1.622804868715730208e+03 3.107339203003019468e-01
1.621961973207917708e+03 3.022475086609788808e-01
1.621120176332917708e+03 3.198413258903095024e-01
1.620279111879792708e+03 3.121542452153258651e-01
1.619439146059480208e+03 3.129000448267462708e-01
1.618599912661042708e+03 3.135947784707401875e-01
1.617761655825105208e+03 3.038220133553623525e-01
1.616924253481355208e+03 3.151379397548214611e-01
1.616087827700105208e+03 3.053245632194795944e-01
1.615252256411042708e+03 3.081262529224390589e-01
1.614417661684480208e+03 3.132156520434665192e-01
1.613584043520417708e+03 3.074412214186515446e-01
1.612751157778230208e+03 3.102559476175620334e-01
1.611919248598542708e+03 3.195776645894154999e-01
1.611088193911042708e+03 3.073905186971413461e-01
1.610258115786042708e+03 3.116983760435190209e-01
1.609428892153230208e+03 3.139299635295184077e-01
1.608600523012605208e+03 3.088234570838578330e-01
1.607773130434480208e+03 3.121777305565260341e-01
1.606946470278230208e+03 3.069142340125293744e-01
1.606120786684480208e+03 3.099006122677558928e-01
1.605296079653230208e+03 3.098429396449992601e-01
1.604472227114167708e+03 3.047654272893225436e-01
1.603649106996980208e+03 3.031872680245714102e-01
1.602826963442292708e+03 3.058548915315658090e-01
1.602005796450105208e+03 3.101289813729848355e-01
1.601185361879792708e+03 3.057374760504799061e-01
1.600365903871980208e+03 3.042358313166181882e-01
1.599547300356355208e+03 3.012453506848342122e-01
1.598729551332917708e+03 3.013126572249056334e-01
1.597912656801667708e+03 3.047882006185672621e-01
1.597096494692292708e+03 3.025874073872825143e-01
1.596281675356355208e+03 3.056607958659646740e-01
1.595467344301667708e+03 3.048285091206673902e-01
1.594653867739167708e+03 3.005796198870556157e-01
1.593841489809480208e+03 3.077602990079224554e-01
1.593029722231355208e+03 3.067284476394321335e-01
1.592218931215730208e+03 3.061746226093585155e-01
1.591409116762605208e+03 3.002333931401013900e-01
1.590600034731355208e+03 3.077811765822469625e-01
1.589791929262605208e+03 3.009101516277724597e-01
1.588984434145417708e+03 2.979619241268102736e-01
1.588177793520417708e+03 3.071072481748878813e-01
1.587372373598542708e+03 3.001950862762675087e-01
1.586567564028230208e+03 2.991561611305919022e-01
1.585763608950105208e+03 3.024096623270045581e-01
1.584960630434480208e+03 3.026530855549217081e-01
1.584158384340730208e+03 3.065999705446754153e-01
1.583356992739167708e+03 3.064791369821295297e-01
1.582556577700105208e+03 3.024322667705767742e-01
1.581756895082917708e+03 3.081573070916594492e-01
1.580958189028230208e+03 3.048099016183357102e-01
1.580160093325105208e+03 3.052745589644453861e-01
1.579362852114167708e+03 3.088245910801305505e-01
1.578566709536042708e+03 3.059601742141284109e-01
1.577771177309480208e+03 3.122105199617234428e-01
1.576976621645417708e+03 3.015947708599189814e-01
1.576182920473542708e+03 3.086867317584421344e-01
1.575389951723542708e+03 3.067063000645557924e-01
1.574597715395417708e+03 3.038322293217466941e-01
1.573806455629792708e+03 3.015929000611208832e-01
1.573016050356355208e+03 3.048746496184811527e-01
1.572226499575105208e+03 3.045690873304714441e-01
1.571437681215730208e+03 3.038553508167681771e-01
1.570649595278230208e+03 3.058141880618086006e-01
1.569862607973542708e+03 3.020193866845721775e-01
1.569076231020417708e+03 3.077709876205151351e-01
1.568290952700105208e+03 3.031219250701148171e-01
1.567506162661042708e+03 3.054722330832233546e-01
1.566722349184480208e+03 3.011120639644567776e-01
1.565939390200105208e+03 3.047614581407444567e-01
1.565157163637605208e+03 3.059770706155451325e-01
1.564375791567292708e+03 3.027722086389924572e-01
1.563595273989167708e+03 3.019824102428012025e-01
1.562815610903230208e+03 3.027445935030658175e-01
1.562036558168855208e+03 3.027402494559150448e-01
1.561258481996980208e+03 3.053693038682860350e-01
1.560481260317292708e+03 3.008178249034581531e-01
1.559704771059480208e+03 3.001585592930706703e-01
1.558929014223542708e+03 2.997159370751103502e-01
1.558154111879792708e+03 3.011035952261937876e-01
1.557380186098542708e+03 3.070383768053259188e-01
1.556606870668855208e+03 3.009687298172341041e-01
1.555834409731355208e+03 3.012406330012127875e-01
1.555062681215730208e+03 3.010308826167898966e-01
1.554291929262605208e+03 3.026214849899682147e-01
1.553521787661042708e+03 3.063186278060845980e-01
1.552752622621980208e+03 3.040131944296847188e-01
1.552752500551667708e+03 2.953745940683332738e-01
1.552496397036042708e+03 3.034607951585044927e-01
1.552240171450105208e+03 2.997835743707731315e-01
1.551984190004792708e+03 3.034903264643729059e-01
1.551984067934480208e+03 3.019226151305080541e-01
1.551728208559480208e+03 3.056892927481206779e-01
1.551216489809480208e+03 3.028509660418055027e-01
1.550449644106355208e+03 3.034737416551664957e-01
1.549683530825105208e+03 3.022810552905970116e-01
1.548918272036042708e+03 3.049208547682925041e-01
1.548153867739167708e+03 3.026803914929251382e-01
1.547390073793855208e+03 3.015565699576763792e-01
1.546627134340730208e+03 2.977474158151383055e-01
1.545865049379792708e+03 3.000153050167950752e-01
1.545103818911042708e+03 2.995501369839220218e-01
1.544343198793855208e+03 3.004865209155529460e-01
1.543583311098542708e+03 3.058646868750498071e-01
1.542824399965730208e+03 2.989509609498410270e-01
1.542066343325105208e+03 2.991798013762076436e-01
1.541308897036042708e+03 2.986027341920425848e-01
1.540552183168855208e+03 3.048590385808830905e-01
1.539796323793855208e+03 3.018924460462550918e-01
1.539041196840730208e+03 2.986543387282522555e-01
1.538287046450105208e+03 3.052928430223038059e-01
1.537533506411042708e+03 3.052373801379487106e-01
1.536780698793855208e+03 3.067236456594774618e-01
1.536028745668855208e+03 2.953722017235567154e-01
1.535277280825105208e+03 3.044970811958851997e-01
1.534527158754792708e+03 2.983043659637126810e-01
1.533777280825105208e+03 3.025756487733280986e-01
1.533028501528230208e+03 2.997539570011898968e-01
1.532280332582917708e+03 3.008961903261977988e-01
1.531532896059480208e+03 2.997827526717570246e-01
1.530786436098542708e+03 3.032526954013561871e-01
1.530040586489167708e+03 2.991595450053790572e-01
1.529295469301667708e+03 2.994015196408965629e-01
1.528551084536042708e+03 3.006739962432966595e-01
1.527807554262605208e+03 3.039332003083601297e-01
1.527064512270417708e+03 2.986346888412821365e-01
1.526322690981355208e+03 2.964801345402252042e-01
1.525581235903230208e+03 2.999176491473778960e-01
1.524840879457917708e+03 3.022742132254687686e-01
1.524101011293855208e+03 3.042860274295643985e-01
1.523361997621980208e+03 3.025694236886566912e-01
1.522623716371980208e+03 3.014027368630122217e-01
1.521886289614167708e+03 2.993966990935837957e-01
1.521149473207917708e+03 3.026603891623528275e-01
1.520413389223542708e+03 2.998743387950722483e-01
1.519678037661042708e+03 3.030912005806777332e-01
1.518943540590730208e+03 3.082894377407924269e-01
1.518209653871980208e+03 2.997158893697643434e-01
1.517476499575105208e+03 3.035224619060262197e-01
1.516744443911042708e+03 3.034464017336724329e-01
1.516012876528230208e+03 2.974961141500824247e-01
1.515281919496980208e+03 2.983390175608764405e-01
1.515038633364167708e+03 3.014626754769218486e-01
1.514795347231355208e+03 3.031686043474710601e-01
1.514551939028230208e+03 3.043540814730407718e-01
1.514551816957917708e+03 2.983483876220641706e-01
1.514308774965730208e+03 3.010838629436848324e-01
1.514065732973542708e+03 2.973270367493781041e-01
1.513822446840730208e+03 2.957775164075300833e-01
1.513093809145417708e+03 2.995905220808295910e-01
1.512365903871980208e+03 3.005999600054568566e-01
1.511638731020417708e+03 3.007562696632575250e-01
1.510912412661042708e+03 2.986318483039530625e-01
1.510186704653230208e+03 3.016902472968076565e-01
1.509461729067292708e+03 2.999121553393513384e-01
1.508737485903230208e+03 3.074047949345227182e-01
1.508013975161042708e+03 3.028417052386180863e-01
1.507291196840730208e+03 3.059906848327884066e-01
1.506569150942292708e+03 3.020553292827495295e-01
1.505847837465730208e+03 3.063710390895617031e-01
1.505127256411042708e+03 3.033661339805159285e-01
1.504407529848542708e+03 3.096373927146981453e-01
1.503688291567292708e+03 3.102075700993642826e-01
1.502969897929648369e+03 3.097956864913057884e-01
1.502251972194491827e+03 2.999722135960702363e-01
1.501534779036616101e+03 3.021188308930927158e-01
1.500818440552234733e+03 3.043226950762666361e-01
1.500102712548920408e+03 3.018004094868685372e-01
1.499387717122887125e+03 3.010327316394050823e-01
1.498673454274134428e+03 2.990501841510172509e-01
1.497959801906449002e+03 3.037248037977264836e-01
1.497247004212257934e+03 3.030425697557876941e-01
1.496534816999134136e+03 3.030133879029559552e-01
1.495823484459504698e+03 3.054018306109840264e-01
1.495112762400942302e+03 2.946974681310679522e-01
1.494402772919660947e+03 3.001127957587891304e-01
1.493693393919446862e+03 2.953585604570794776e-01
1.492984869592726909e+03 2.983969556412987556e-01
1.492276955747074226e+03 3.044782411075322437e-01
1.491569774478702357e+03 3.063500310179925190e-01
1.490863325787611302e+03 3.034386924078089076e-01
1.490157487577587517e+03 3.036659456642516464e-01
1.489452381944844547e+03 3.045744657603429717e-01
1.488748008889382390e+03 3.030551290627686578e-01
1.488044368411200821e+03 2.996648352499918233e-01
1.487341338414086749e+03 3.059450795910237941e-01
1.486639040994253492e+03 3.026759063688352902e-01
1.485937354055487276e+03 3.049789925290741222e-01
1.485236521790215420e+03 3.035947209435336802e-01
1.484536300006011061e+03 3.011913486795381178e-01
1.483836810799087289e+03 3.030883923354435461e-01
1.483137932073230786e+03 3.039346536399796239e-01
1.482439908020868643e+03 2.978291251199332024e-01
1.481742372353360224e+03 3.043562848050082037e-01
1.481045691359346165e+03 3.020902095261634446e-01
1.480349620846399375e+03 3.021810435768005343e-01
1.479654160814519855e+03 2.986128277091138483e-01
1.478959555456134694e+03 3.068190751166008923e-01
1.478265438482603258e+03 3.003388995460467559e-01
1.477572176182565954e+03 3.121945251040161295e-01
1.476879524363596147e+03 3.043825083414395949e-01
1.476187605121907154e+03 3.054859833225389565e-01
1.475496296361285204e+03 3.043614766627220636e-01
1.474805720177944295e+03 2.991475058107494478e-01
1.474115754475670656e+03 3.097786003557769230e-01
1.473426521350677604e+03 3.045130646779901085e-01
1.472737898706752048e+03 3.093915695536771926e-01
1.472050008640107080e+03 3.051850618466797616e-01
1.471362851150743154e+03 3.004466979071588884e-01
1.470676304142446270e+03 3.061911824476071797e-01
1.469990489711430428e+03 2.997407184070297603e-01
1.469305285761481628e+03 3.034643083074042846e-01
1.468620692292600324e+03 2.979068409345387303e-01
1.467936831400999608e+03 3.054326639564085566e-01
1.467253703086679707e+03 2.982163200240404155e-01
1.466571185253427302e+03 3.025882841635512688e-01
1.465889277901242167e+03 2.987032085043267449e-01
1.465208103126337619e+03 3.002032112301833977e-01
1.464527538832500568e+03 2.996052410847951930e-01
1.463847707115944104e+03 3.011836268761773905e-01
1.463168485880455137e+03 3.059059489119746456e-01
1.462489997222246757e+03 3.030039189133877930e-01
1.461812119045105874e+03 3.037023128669131822e-01
1.461134851349032260e+03 3.003455832142307713e-01
1.460458194134025916e+03 3.003862448068742030e-01
1.459782391592513704e+03 2.993146273716026373e-01
1.459107077435855444e+03 2.996197507462956544e-01
1.458432495856477999e+03 3.001019546126751369e-01
1.457758524758167823e+03 2.996184854277288978e-01
1.457085286237138462e+03 2.997588260259892445e-01
1.456412658197176370e+03 2.964013040223583695e-01
1.455740640638281548e+03 2.999903369940541409e-01
1.455069355656667540e+03 2.970159692844977495e-01
1.454398681156120801e+03 2.999320157600199876e-01
1.453728617136641333e+03 2.962648531603918611e-01
1.453059163598229361e+03 2.962504074647722141e-01
1.452390564733311521e+03 3.004667222537353299e-01
1.451722454253247406e+03 3.046329014688943793e-01
1.451054954254250788e+03 3.021644909211800289e-01
1.450388186832534757e+03 3.016947039746660231e-01
1.449722029891886223e+03 3.008205838884165373e-01
1.449056483432304958e+03 3.045289689928216137e-01
1.448391669550004281e+03 3.015333096848614725e-01
1.447727466148771100e+03 3.021404338084336394e-01
1.447063751132391644e+03 3.030148623263209662e-01
1.446400890789506548e+03 3.037361566848544303e-01
1.445738518831475403e+03 3.014220327473196570e-01
1.445077001546938163e+03 3.037145031898944580e-01
1.444415850551041558e+03 3.055520989007915467e-01
1.443755432132425767e+03 3.022598282356105948e-01
1.443095746291090563e+03 3.070654711364537715e-01
1.442436548834609312e+03 3.098431435226003949e-01
1.441778083955408647e+03 3.011404353201257433e-01
1.441120229557275479e+03 3.028319214794465419e-01
1.440462985640209581e+03 2.998136512581664470e-01
1.439806230107997635e+03 3.014549106899343522e-01
1.439150451345493366e+03 3.033824883215851531e-01
1.439150329249279821e+03 2.997636768766943072e-01
1.438931899123396306e+03 2.991114727483802915e-01
1.438713346901299246e+03 3.053306173153660930e-01
1.438495038871629276e+03 2.993179937292905213e-01
1.438494916775415959e+03 3.029028238921344651e-01
1.438276608745745762e+03 3.074125791009770792e-01
1.438058422812289336e+03 3.029159088400948385e-01
1.437840358975046229e+03 3.100110129378996771e-01
1.437840236878832684e+03 3.049597619483655486e-01
1.437622173041589576e+03 3.033494327577735961e-01
1.437404231300559786e+03 3.002598302066197267e-01
1.437186289559530223e+03 3.046392976445305711e-01
1.437186167463316679e+03 3.008095905189986374e-01
1.436968103626073571e+03 2.989202410331749937e-01
1.436750406077470871e+03 3.018627806421195214e-01
1.436532830625081715e+03 3.061914380351338782e-01
1.436532708528868170e+03 3.000482085197502258e-01
1.436315010980265470e+03 3.046089476813637065e-01
1.436097313431662769e+03 3.019006408786349405e-01
1.435879860075486931e+03 3.016357608625090947e-01
1.435662406719311093e+03 3.018621775290875053e-01
1.435444953363135255e+03 3.022890936912775994e-01
1.435227622103172962e+03 3.051843717464084449e-01
1.435010412939424214e+03 3.044509314902706376e-01
1.434793203775675238e+03 3.058876472423175952e-01
1.434575994611926262e+03 3.076630375911738602e-01
1.434359029640604376e+03 3.057397413735323255e-01
1.434141942573068945e+03 3.042846545605762398e-01
1.433924977601747059e+03 3.076565944611619474e-01
1.433708134726638491e+03 3.075015120140927594e-01
1.433491413947743467e+03 3.020906126927916935e-01
1.433274693168848444e+03 3.048389003587869683e-01
1.433057972389953420e+03 3.069212149243297216e-01
1.432841495803485259e+03 3.021432634383532378e-01
1.432624897120803780e+03 3.061338788914781395e-01
1.432408420534335619e+03 3.091447607087651206e-01
1.432192066044081002e+03 3.008075955917313138e-01
1.431975833650039931e+03 3.004138972692255161e-01
1.431759601255998632e+03 3.008281986174701217e-01
1.431543368861957561e+03 2.922123900944531005e-01
1.431327258564129806e+03 2.963982899246476732e-01
1.431111270362515597e+03 3.009371728859964179e-01
1.430895282160901161e+03 2.981561445802972665e-01
1.430679416055500496e+03 2.935609330253616256e-01
1.430463672046313150e+03 3.000915201709355440e-01
1.430247805940912258e+03 2.996693597970628842e-01
1.430032061931724911e+03 3.038837039571718468e-01
1.429816317922537564e+03 2.988566617449131546e-01
1.429600940201990625e+03 3.033153693897747694e-01
1.429385440385230368e+03 2.970531030290683994e-01
1.429170062664683201e+03 2.973472155723995147e-01
1.428954807040349806e+03 3.011891357997253937e-01
1.428739429319802866e+03 3.008029961428748678e-01
1.428524173695469472e+03 3.047031522999933961e-01
1.428309040167349394e+03 3.051362204380135279e-01
1.428094028735442862e+03 3.036164971705109794e-01
1.427879017303536330e+03 3.062901024706768394e-01
1.427664005871629570e+03 3.083596570577270546e-01
1.427449116535936582e+03 3.065613705726009108e-01
1.427234471392670457e+03 3.100426508040234896e-01
1.427019582056977242e+03 3.099552018081858096e-01
1.426804936913711117e+03 3.101681428040781174e-01
1.426590413866658309e+03 3.030641205527486171e-01
1.426375890819605729e+03 3.043104593469134200e-01
1.426161367772552921e+03 3.072978933324679307e-01
1.425946966821713659e+03 3.059763490189774671e-01
1.425732687967087941e+03 3.147932326394935476e-01
1.425518409112462223e+03 3.082575996588884926e-01
1.425304252354049822e+03 3.050496580367186850e-01
1.425090095595637422e+03 3.063210549233568170e-01
1.424876060933438566e+03 3.054649261355558143e-01
1.424662026271239711e+03 3.062478441264522289e-01
1.424448113705254400e+03 3.069910355738926233e-01
1.424234079043055544e+03 3.039739299042002463e-01
1.424020532765710414e+03 3.040286125686154084e-01
1.423806742295938420e+03 3.044190747653909290e-01
1.423593073922379972e+03 3.085460516821656451e-01
1.423379527645035068e+03 3.071585969812157813e-01
1.423165981367689938e+03 3.049113483291812088e-01
1.422952557186558352e+03 3.059158857969184186e-01
1.422739010909213448e+03 3.029363191716268888e-01
1.422525953016722269e+03 2.990956229072634365e-01
1.422312650931804228e+03 2.989404419986129713e-01
1.422099470943099504e+03 3.032433779266271445e-01
1.421886290954394781e+03 3.130240562132358684e-01
1.421673355158117147e+03 3.095536525916396386e-01
1.421460297265625968e+03 3.068265524789948184e-01
1.421247361469348334e+03 3.057542038798792272e-01
1.421034425673070473e+03 3.044458165654855830e-01
1.420821734069219701e+03 3.003708219269591861e-01
1.420609042465368930e+03 3.001139992813376400e-01
1.420396350861518158e+03 3.075156545725313273e-01
1.420183903450094249e+03 3.049605620888325430e-01
1.419971211846243477e+03 3.105099608149392010e-01
1.419758886531033113e+03 3.067491165898373895e-01
1.419546439119609204e+03 3.080772448719014123e-01
1.419334235900612384e+03 3.053387411487266667e-01
1.419121910585402020e+03 3.085514667640795738e-01
1.418909707366404973e+03 3.078867447490820086e-01
1.418697626243621471e+03 3.038623276273890728e-01
1.418485667217051514e+03 3.034902320854266367e-01
1.418273708190481557e+03 3.039918832589180164e-01
1.418061749163911600e+03 3.035535876611540895e-01
1.417849790137341415e+03 3.060228418941550732e-01
1.417638197399411865e+03 3.041444612261245406e-01
1.417426360469055226e+03 3.010552686772338671e-01
1.417214645634912131e+03 3.015863236444605300e-01
1.417003174993196126e+03 3.032084504787075363e-01
1.416791704351479893e+03 3.048672886418216099e-01
1.416580233709763661e+03 3.077930237318471374e-01
1.416368763068047656e+03 3.105877143040040589e-01
1.416157536618758286e+03 3.054377170230223593e-01
1.415946310169469143e+03 3.062290420625523590e-01
1.415735083720179773e+03 3.070531234490955219e-01
1.415523979367103948e+03 3.063401557751151971e-01
1.415312875014028350e+03 3.033551522961258073e-01
1.415102014853379387e+03 3.084730821853852722e-01
1.414891032596517107e+03 3.090420385243903278e-01
1.414680172435868144e+03 3.065924139999479658e-01
1.414469312275219409e+03 3.078090755748050800e-01
1.414258696306997535e+03 3.107281585209941688e-01
1.414048080338775435e+03 3.035768119709510438e-01
1.413837464370553562e+03 3.060742471912415996e-01
1.413626970498545006e+03 3.068243785319416106e-01
1.413416598722749995e+03 3.075864378314531744e-01
1.413206104850741667e+03 3.033568205821406960e-01
1.412995610978733112e+03 3.032532830667818979e-01
1.412785605491578508e+03 3.026723525830125050e-01
1.412575355811997042e+03 3.062203320204943124e-01
1.412365228228628894e+03 3.088422584990927477e-01
1.412155100645260745e+03 3.107146557108721452e-01
1.411945217254319687e+03 3.078722140333564616e-01
1.411735333863378401e+03 3.089924808622176999e-01
1.411525450472437342e+03 3.101656658986324810e-01
1.411315567081496283e+03 3.070390710336917683e-01
1.411105927882981860e+03 3.076764798531291811e-01
1.410896288684467663e+03 3.090944360763765442e-01
1.410686649485953467e+03 3.042312371991792164e-01
1.410477010287439271e+03 3.086905770926713366e-01
1.410267615281351937e+03 3.052804898201599282e-01
1.410058220275264603e+03 3.073858116619074821e-01
1.409848947365390814e+03 3.073144182628280152e-01
1.409639552359303480e+03 3.053162552300552335e-01
1.409430523641856553e+03 3.004257223892022322e-01
1.409221250731982764e+03 3.030809231927056313e-01
1.409012222014535837e+03 3.055888876516730801e-01
1.408803193297088910e+03 3.002702465450702851e-01
1.408594286675855301e+03 3.097184284501518503e-01
1.408385380054621919e+03 3.063697670868000822e-01
1.408176595529601855e+03 3.024010133168839598e-01
1.407967811004581790e+03 3.057247653096944462e-01
1.407759148575775271e+03 3.027787892042148044e-01
1.407550486146968751e+03 3.018610658965875659e-01
1.407341945814375777e+03 3.061833367236891368e-01
1.407133405481782574e+03 3.074946286144451535e-01
1.406924987245403145e+03 3.074965271117530152e-01
1.406716691105236805e+03 3.058596323228124914e-01
1.406508394965070693e+03 3.067669882748808030e-01
1.406300098824904580e+03 3.111427426732570889e-01
1.406091924780951786e+03 3.099117422889796636e-01
1.405883994929426080e+03 3.099173693483227576e-01
1.405675820885473513e+03 3.061342625124142125e-01
1.405467891033947581e+03 3.114355102063156022e-01
1.405259961182421875e+03 3.132260255624887413e-01
1.405052153427109488e+03 3.156166673914657661e-01
1.404844345671797328e+03 3.118910713550708813e-01
1.404636660012698485e+03 3.106454697803316956e-01
1.404428974353599642e+03 3.080475643389896656e-01
1.404221532886927662e+03 3.124436018422626637e-01
1.404013969324042364e+03 3.100057155363725725e-01
1.403806405761156839e+03 3.066944797361020880e-01
1.403599086390698403e+03 3.063673816485760204e-01
1.403391767020239968e+03 3.042642430339897452e-01
1.403184569745995077e+03 3.118670903216527179e-01
1.402977250375536414e+03 3.110125081794711255e-01
1.402770175197505068e+03 3.085526696097891652e-01
1.402563222115686813e+03 3.099216566771197390e-01
1.402356146937655467e+03 3.070632676033349662e-01
1.402149193855837211e+03 3.093185821695551008e-01
1.401942240774019183e+03 3.118707641314541479e-01
1.401735531884628017e+03 3.065157278184486578e-01
1.401528822995236851e+03 3.087947769005009446e-01
1.401322114105845685e+03 3.020250946543951986e-01
1.401115405216454747e+03 3.111296813466843392e-01
1.400908818423276898e+03 3.119933750371773340e-01
1.400702353726312822e+03 3.092003404926358390e-01
1.400496011125562063e+03 3.100416684608967022e-01
1.400289668524811304e+03 3.079346160261220988e-01
1.400083325924060546e+03 3.044774377338080318e-01
1.399877105419523105e+03 3.080057679539755511e-01
1.399671007011199208e+03 3.093470564040524118e-01
1.399464786506661994e+03 3.093970677223311094e-01
1.399258810194551643e+03 3.063118951408919655e-01
1.399052833882441291e+03 3.140389307362497773e-01
1.398846979666544257e+03 3.088377574530473679e-01
1.398641003354433906e+03 3.085128096325856495e-01
1.398435271234750417e+03 3.086607777992789736e-01
1.398229661211280472e+03 3.088122943338919013e-01
1.398023806995383666e+03 3.083170961880201677e-01
1.397818319068127039e+03 3.086613296340656731e-01
1.397612709044657095e+03 3.045561946462718717e-01
1.397407221117400468e+03 3.063171060473786622e-01
1.397201977382570931e+03 3.052107585008029256e-01
1.396996611551527849e+03 3.071774213950063115e-01
1.396791245720484767e+03 3.082107790700523986e-01
1.396585879889441685e+03 3.109257836407444131e-01
1.396381002443252555e+03 3.092089622570236007e-01
1.396175880804636336e+03 3.090223983445989919e-01
1.395970759166020343e+03 3.106914300423034847e-01
1.395765881719830986e+03 3.096843267893192309e-01
1.395561004273641856e+03 3.104558572805768413e-01
1.395356126827452499e+03 3.157598579262473337e-01
1.395151371477476914e+03 3.107808664325787951e-01
1.394946616127501102e+03 3.049311396443880606e-01
1.394741982873738834e+03 3.061016831876365862e-01
1.394537471716189884e+03 3.054358980689243497e-01
1.394332960558641162e+03 3.078863621600754219e-01
1.394128449401092212e+03 3.100595544863143926e-01
1.393923938243543489e+03 3.090158332409989050e-01
1.393719793374634946e+03 3.052202021514436314e-01
1.393515526409513086e+03 3.070855746760862148e-01
1.393311259444391226e+03 3.094202044074267910e-01
1.393107114575482683e+03 3.104553377865089114e-01
1.392903091802787685e+03 3.124789928859443289e-01
1.392699069030092687e+03 3.095652941270162217e-01
1.392495168353611234e+03 3.106667993425668017e-01
1.392291267677129781e+03 3.125195325894515874e-01
1.392087367000648101e+03 3.052520547185920141e-01
1.391883710516593510e+03 3.098235148222734381e-01
1.391679931936325602e+03 3.088070720750679121e-01
1.391476275452271011e+03 3.114994864170952393e-01
1.391272618968216420e+03 3.083059595880940917e-01
1.391069328772802237e+03 3.046299063973366139e-01
1.390865794384960964e+03 3.059075066370520735e-01
1.390662382093333235e+03 3.019274608341309674e-01
1.390459091897919052e+03 3.078656716651790304e-01
1.390255801702504868e+03 3.153059464382432231e-01
1.390052633603304230e+03 3.093044355837149539e-01
1.389849465504103364e+03 3.084491169282488343e-01
1.389646419501116043e+03 3.059138106149245084e-01
1.389443373498128722e+03 3.089263242998023795e-01
1.389240571687568490e+03 3.095466509036777780e-01
1.389037647780794714e+03 3.112676197111447496e-01
1.388834723874020710e+03 3.072606544010681451e-01
1.388631922063460479e+03 3.071044291825701378e-01
1.388429242349113565e+03 3.059906261004645134e-01
1.388226684730980196e+03 3.086763647437833491e-01
1.388024127112846600e+03 3.091962964179004181e-01
1.387821569494713231e+03 3.040817880693319486e-01
1.387619133972793179e+03 3.065980220800417211e-01
1.387416820547086672e+03 3.100936606072217661e-01
1.387214385025166621e+03 3.117645302158973952e-01
1.387012193695673659e+03 3.080102599649848782e-01
1.386810002366180697e+03 3.094028142087599242e-01
1.386607811036687508e+03 3.109196075167356410e-01
1.386405741803407864e+03 3.102929096794324604e-01
1.386203794666341764e+03 3.127758056609672987e-01
1.386001725433062347e+03 3.124748881892277508e-01
1.385799900392209565e+03 3.091738283146268640e-01
1.385598075351357011e+03 3.112057179054477651e-01
1.385396372406717774e+03 3.088022389721992722e-01
1.385194669462078537e+03 3.071907787215313324e-01
1.384992966517439299e+03 3.077211663480770021e-01
1.384791385669013607e+03 3.076699249607827702e-01
1.384589804820587915e+03 3.118099258269982355e-01
1.384388468164589085e+03 3.092476747787133440e-01
1.384187009412376710e+03 3.143595951117775789e-01
1.383985672756377880e+03 3.132293310816768317e-01
1.383784336100379051e+03 3.122507277872001996e-01
1.383583243636807083e+03 3.095171686420317703e-01
1.383382029077021798e+03 3.076084398360663386e-01
1.383180936613449830e+03 3.121241702955360187e-01
1.382979844149878090e+03 3.176481543422832177e-01
1.382778995878732985e+03 3.127177935420202837e-01
1.382578147607588107e+03 3.162552285918793227e-01
1.382377177240229685e+03 3.142057001384189752e-01
1.382176451065298124e+03 3.204054713400338317e-01
1.381975724890366564e+03 3.123939681748107988e-01
1.381775120811648549e+03 3.113158116033767908e-01
1.381574516732930533e+03 3.115417835497940602e-01
1.381373912654212518e+03 3.123999881115794297e-01
1.381173430671707820e+03 3.152150731488985724e-01
1.380972948689203349e+03 3.132749136448496619e-01
1.380772710899125514e+03 3.157453548390881104e-01
1.380572473109047905e+03 3.133820009929567107e-01
1.380372235318970297e+03 3.084803698718895926e-01
1.380171997528892689e+03 3.116186039466463109e-01
1.379971881835028398e+03 3.143453523283614159e-01
1.379771888237377652e+03 3.082712512164549334e-01
1.379571894639726906e+03 3.130495697809616562e-01
1.379371901042076161e+03 3.113787535603259049e-01
1.379172029540638960e+03 3.102792812274024481e-01
1.378972402231628621e+03 3.114110872045928180e-01
1.378772652826404737e+03 3.153507806798234725e-01
1.378572903421180854e+03 3.130439631069666939e-01
1.378373276112170515e+03 3.119877152794549580e-01
1.378173648803160177e+03 3.140628000327385094e-01
1.377974143590363383e+03 3.135578358116652420e-01
1.377774760473779907e+03 3.133700738737552061e-01
1.377575377357196430e+03 3.112035576090478872e-01
1.377376116336826499e+03 3.113291704225956691e-01
1.377176855316456567e+03 3.141367251007132211e-01
1.376977716392299953e+03 3.149375126346671827e-01
1.376778577468143567e+03 3.126530421571843688e-01
1.376579438543986953e+03 3.145491870713593707e-01
1.376380421716044111e+03 3.133524219843678571e-01
1.376181404888101042e+03 3.152696558669003668e-01
1.375982632252584835e+03 3.204538510990260769e-01
1.375783737520855311e+03 3.160600781844402074e-01
1.375584964885339105e+03 3.130931145526222315e-01
1.375386192249823125e+03 3.112795112296775635e-01
1.375187541710520463e+03 3.160603226016392431e-01
1.374989135363644664e+03 3.141182007585535674e-01
1.374790606920555547e+03 3.134884286109512752e-01
1.374592078477466202e+03 3.135896565440274286e-01
1.374393672130590403e+03 3.100433451207865732e-01
1.374195265783714831e+03 3.137792286142829790e-01
1.373997103629265894e+03 3.100579442189586588e-01
1.373798819378603639e+03 3.123915748367060985e-01
1.373600657224154929e+03 3.136646162070397814e-01
1.373402495069705992e+03 3.167057699426352735e-01
1.373204455011470827e+03 3.127531130618083632e-01
1.373006537049448752e+03 3.100257848704285890e-01
1.372808496991213588e+03 3.123498472262130066e-01
1.372610701125405058e+03 3.127344803344138113e-01
1.372412905259596755e+03 3.151498967139125251e-01
1.372215109393788225e+03 3.087185405524431325e-01
1.372017557720406785e+03 3.074445373865394293e-01
1.371819883950811800e+03 3.085488145981932773e-01
1.371622332277430360e+03 3.080687479603567147e-01
1.371424658507835375e+03 3.069071719154253808e-01
1.371227351026880797e+03 3.073519927094209292e-01
1.371030043545926219e+03 3.118243494584969078e-01
1.370832736064971641e+03 3.141612260129361678e-01
1.370635428584017063e+03 3.119189883461311319e-01
1.370438121103062485e+03 3.130487819213362832e-01
1.370240935718321225e+03 3.134146049934280476e-01
1.370043994526007054e+03 3.155126163218185953e-01
1.369846931237479566e+03 3.137967823482417096e-01
1.369649990045165396e+03 3.082378008188709217e-01
1.369453048852850998e+03 3.086629777859824508e-01
1.369256229756750372e+03 3.114285375749346052e-01
1.369059532756863064e+03 3.153352541330706194e-01
1.368862591564548893e+03 3.177132366549321185e-01
1.368666016660875130e+03 3.157569721235233273e-01
1.368469441757201366e+03 3.128308525209623769e-01
1.368272866853527603e+03 3.117934867425877221e-01
1.368076414046067157e+03 3.177715082722745166e-01
1.367879961238606711e+03 3.128065121109882551e-01
1.367683508431146493e+03 3.120871309512995295e-01
1.367487299816113136e+03 3.109954857042109833e-01
1.367290969104866235e+03 3.143903821965120526e-01
1.367094760489832879e+03 3.157556642997261243e-01
1.366898796067226385e+03 3.098333919368835288e-01
1.366702587452192802e+03 3.165409131237441054e-01
1.366506623029586308e+03 3.117919513152914157e-01
1.366310536510766497e+03 3.188701547223262711e-01
1.366114694184373320e+03 3.141770040242038986e-01
1.365918973954193916e+03 3.111202300859898795e-01
1.365723131627800740e+03 3.168321219159385138e-01
1.365527411397621108e+03 3.111617733676878550e-01
1.365331691167441704e+03 3.130627442239978242e-01
1.365136093033475618e+03 3.111841550494263697e-01
1.364940739091936393e+03 3.165696415224285576e-01
1.364745140957970307e+03 3.184185101889329128e-01
1.364549787016431083e+03 3.186872084273270622e-01
1.364354310978678313e+03 3.141010627865888361e-01
1.364159079133352634e+03 3.138378104899120502e-01
1.363963847288026955e+03 3.159726719394844174e-01
1.363768615442701275e+03 3.167846595202252757e-01
1.363573505693588913e+03 3.135625179505444060e-01
1.363378395944476779e+03 3.138439399292173859e-01
1.363183408291577962e+03 3.141579590907779829e-01
1.362988420638679145e+03 3.194096840234897372e-01
1.362793555081993873e+03 3.179962867166569729e-01
1.362598811621521918e+03 3.160314693583805012e-01
1.362403823968623101e+03 3.157544671664208047e-01
1.362209202604364691e+03 3.140873343953059504e-01
1.362014581240106281e+03 3.141821961266456076e-01
1.361820081972061416e+03 3.196445497514797673e-01
1.361625460607803006e+03 3.133372858122713267e-01
1.361430961339757914e+03 3.184045807885509394e-01
1.361236462071713049e+03 3.115482780570524302e-01
1.361042084899881502e+03 3.136330436625132667e-01
1.360847829824263499e+03 3.147208671898303889e-01
1.360653696844859041e+03 3.193693671623991093e-01
1.360459441769241039e+03 3.148821678138721269e-01
1.360265308789836354e+03 3.161002855380777299e-01
1.360071175810431896e+03 3.156099120242285005e-01
1.359877042831027211e+03 3.128548456913745057e-01
1.359683276140263160e+03 3.197638820215235045e-01
1.359489387353285338e+03 3.202512142313407306e-01
1.359295498566307742e+03 3.132986890550997772e-01
1.359101731875543692e+03 3.135029852332301692e-01
1.358907965184779414e+03 3.183663962278658333e-01
1.358714320590228681e+03 3.139181856269980253e-01
1.358520798091891493e+03 3.161153476826396580e-01
1.358327153497340760e+03 3.167137681938778093e-01
1.358133630999003572e+03 3.143085348186105410e-01
1.357940230596879701e+03 3.177966701932908311e-01
1.357746830194755830e+03 3.179561480164236897e-01
1.357553551888845504e+03 3.142162109104207346e-01
1.357360273582935179e+03 3.168222044079688215e-01
1.357167117373238398e+03 3.177165462556683639e-01
1.356973961163541617e+03 3.144857463860430413e-01
1.356780804953844608e+03 3.137619384090141184e-01
1.356587770840361145e+03 3.158698818469428127e-01
1.356394858823091226e+03 3.111811349457541676e-01
1.356201946805821308e+03 3.142700775012369219e-01
1.356009156884764934e+03 3.193631642958053574e-01
1.355816244867495016e+03 3.202524606291420328e-01
1.355623577042651959e+03 3.194867770764477366e-01
1.355430787121595358e+03 3.123527387626464091e-01
1.355238363489179392e+03 3.158231671029345100e-01
1.355045695664336336e+03 3.195644670686752509e-01
1.354853149935706824e+03 3.198324597564774496e-01
1.354660726303290630e+03 3.147180434342832789e-01
1.354468302670874664e+03 3.190329391601464670e-01
1.354276123230885332e+03 3.123572995642626693e-01
1.354083821694682683e+03 3.159848320948391298e-01
1.353891520158480034e+03 3.150019547933258779e-01
1.353699340718490930e+03 3.107851290164114211e-01
1.353507161278501826e+03 3.156216476529307147e-01
1.353315103934726039e+03 3.117811924103637278e-01
1.353123290783377342e+03 3.140631104335786516e-01
1.352931355535815101e+03 3.173647865550479064e-01
1.352739420288252859e+03 3.137603728543741366e-01
1.352547607136903935e+03 3.137899431832310015e-01
1.352355793985555238e+03 3.130826839251819593e-01
1.352164102930419858e+03 3.122546870688263088e-01
1.351972533971498024e+03 3.134140937025354234e-01
1.351780965012576189e+03 3.167772622464699595e-01
1.351589396053654355e+03 3.175116608799033457e-01
1.351397827094732520e+03 3.124361977026773873e-01
1.351206380232024003e+03 3.205204180173703010e-01
1.351014933369315713e+03 3.147441732712089046e-01
1.350823852795247603e+03 3.121142935142892094e-01
1.350632528028752631e+03 3.121148927399124418e-01
1.350441325358471204e+03 3.110988909287870641e-01
1.350250244784403321e+03 3.092261072208097317e-01
1.350059164210335211e+03 3.145582004569908996e-01
1.349868083636267102e+03 3.112178312951769943e-01
1.349677247254626081e+03 3.127365655203914740e-01
1.349486288776771516e+03 3.156447550526508272e-01
1.349295452395130496e+03 3.107087881565621101e-01
1.349104616013489249e+03 3.140639622535704167e-01
1.348913901728061774e+03 3.131473034559220103e-01
1.348723187442634071e+03 3.124722644531960913e-01
1.348532595253419913e+03 3.146070588267513846e-01
1.348342125160419300e+03 3.119930768069651972e-01
1.348151532971205143e+03 3.138159366937421924e-01
1.347961062878204302e+03 3.151558883333964722e-01
1.347770714881417234e+03 3.126357493272963195e-01
1.347580366884629939e+03 3.108612881860403632e-01
1.347390140984056188e+03 3.077731858397738107e-01
1.347199792987268893e+03 3.116054880957898621e-01
1.347009689182908460e+03 3.106598643798638149e-01
1.346819585378548254e+03 3.085807433233344610e-01
1.346629481574187821e+03 3.130034486368602487e-01
1.346439499866041160e+03 3.123940542468070514e-01
1.346249640254107589e+03 3.177238818141471244e-01
1.346059780642174246e+03 3.097596790461736305e-01
1.345869921030240903e+03 3.173262597829223375e-01
1.345680183514520877e+03 3.099468283835561944e-01
1.345490445998801079e+03 3.132359525529103128e-01
1.345300708483081053e+03 3.119907662913082858e-01
1.345111215159788117e+03 3.081994311377111440e-01
1.344921599740281636e+03 3.116326485567227356e-01
1.344732106416988699e+03 3.095133651109355788e-01
1.344542735189909081e+03 3.150103614541496788e-01
1.344353241866616145e+03 3.126111428399332426e-01
1.344163992735749844e+03 3.142189533174716276e-01
1.343974621508670452e+03 3.109799246975535891e-01
1.343785616570231241e+03 3.099628648364917138e-01
1.343596367439365167e+03 3.127469832056623544e-01
1.343407240404712638e+03 3.096341602144444538e-01
1.343218235466273427e+03 3.089407663385587144e-01
1.343029230527834216e+03 3.103655931270953294e-01
1.342840347685608549e+03 3.119174178732594394e-01
1.342651464843382882e+03 3.089664940242742297e-01
1.342462704097370533e+03 3.101340659095452312e-01
1.342273821255144867e+03 3.131202312011295841e-01
1.342085182605346063e+03 3.140155066370683978e-01
1.341896543955547259e+03 3.143858646595701911e-01
1.341707905305748454e+03 3.095682153379595292e-01
1.341519388752163195e+03 3.110224497185039017e-01
1.341330994294791481e+03 3.127323409074361238e-01
1.341142599837419539e+03 3.124045944615480019e-01
1.340954205380047597e+03 3.134740765784818084e-01
1.340765810922675882e+03 3.103182322620497979e-01
1.340577538561517486e+03 3.101788323563197114e-01
1.340389388296572633e+03 3.131530615047745103e-01
1.340201238031627554e+03 3.127972248396425070e-01
1.340013209862896247e+03 3.088736732714705280e-01
1.339825181694164712e+03 3.103622113666876792e-01
1.339637153525433177e+03 3.153683902244958093e-01
1.339449247452915188e+03 3.108867413476554264e-01
1.339261341380397198e+03 3.143875816294964820e-01
1.339073435307879208e+03 3.105101173892219069e-01
1.338885773427788081e+03 3.062536730470684643e-01
1.338698111547696953e+03 3.098907305426807368e-01
1.338510327571392509e+03 3.098132833913148643e-01
1.338322787787514926e+03 3.097270545721387824e-01
1.338135248003637344e+03 3.115103308792822046e-01
1.322212192421205373e+03 3.088477420644405447e-01
1.322029414389652857e+03 3.089802720664952540e-01
1.321846636358100113e+03 3.090086639711402960e-01
1.321663858326547597e+03 3.108000867293611580e-01
1.321481324487421944e+03 3.073796644817213819e-01
1.304725328536752386e+03 3.182340017134289711e-01
1.304547556449951571e+03 3.177352737388267068e-01
1.304369906459364529e+03 3.168716325507886511e-01
1.304192256468777259e+03 3.173848305408779602e-01
1.304014606478189990e+03 3.203979548190874493e-01
1.286855693023095910e+03 3.178506662604259625e-01
1.286683171073474114e+03 3.176381021426221141e-01
1.286510527027638773e+03 3.170168010198680109e-01
1.286338005078016977e+03 3.199639640059483425e-01
1.286165483128395181e+03 3.160857676000705663e-01
1.285993083274986930e+03 3.189715296967620128e-01
1.285820683421578678e+03 3.181757286531444739e-01
1.285648283568170200e+03 3.187271587700406528e-01
1.285476005810975494e+03 3.224892774619597668e-01
1.285303728053780560e+03 3.203058309682581539e-01
1.285131694489012489e+03 3.224356369273406742e-01
1.284959538828031100e+03 3.168544795159696226e-01
1.284787383167049711e+03 3.199609973786574635e-01
1.284615349602281867e+03 3.242217208687730445e-01
1.284443316037513796e+03 3.239439553673759131e-01
1.284271404568959497e+03 3.241940126153115553e-01
1.284099493100404970e+03 3.212299342348012288e-01
1.283927581631850444e+03 3.252857628389654310e-01
1.283755792259509462e+03 3.199020858408027634e-01
1.283584002887168481e+03 3.247668442871796679e-01
1.283412335611040817e+03 3.238946575147277906e-01
1.283240668334913380e+03 3.229525601261283851e-01
1.283069001058785716e+03 3.303372111385545207e-01
1.282897455878871597e+03 3.301833582363112307e-01
1.282725910698957478e+03 3.267118096984271691e-01
1.282554609711470448e+03 3.307129117772306115e-01
1.282383186627769646e+03 3.288189789974463317e-01
1.282211763544069072e+03 3.308192835543512511e-01
1.282040462556581815e+03 3.264371924629796973e-01
1.281869283665308103e+03 3.185285553492542276e-01
1.281697982677821074e+03 3.224276293666547000e-01
1.281526803786547362e+03 3.245844297917362953e-01
1.281355624895273650e+03 3.276049345949577640e-01
1.281184568100213482e+03 3.255690144887128934e-01
1.281013511305153088e+03 3.173969853559210352e-01
1.280842454510092921e+03 3.189845908427396681e-01
1.280671641907459616e+03 3.237525744338341505e-01
1.280500707208612766e+03 3.171033541772504405e-01
1.280329772509765917e+03 3.184617420927174369e-01
1.280159082003346157e+03 3.199172251451038451e-01
1.279988269400712852e+03 3.188389136893172160e-01
1.279817700990506410e+03 3.187830562104316257e-01
1.279647010484086422e+03 3.215688481272496735e-01
1.279476442073880207e+03 3.169719136196212927e-01
1.279305873663673765e+03 3.196372283550508731e-01
1.279135427349680867e+03 3.209122442278685705e-01
1.278964858939474425e+03 3.186378948973325187e-01
1.278794534721694845e+03 3.189745567043278385e-01
1.278624088407701947e+03 3.207273406907646951e-01
1.278453886286135912e+03 3.211203920877672702e-01
1.278283562068356559e+03 3.191401126642529062e-01
1.278113359946790524e+03 3.203066737389103080e-01
1.277943157825224489e+03 3.180170977577179703e-01
1.277773077799871999e+03 3.184139307873196656e-01
1.277602997774519281e+03 3.230922581540101035e-01
1.277432917749166791e+03 3.221376468866473664e-01
1.277262959820027618e+03 3.179860531948075497e-01
1.277093001890888672e+03 3.223097856776018788e-01
1.276923288154176362e+03 3.188493145120290251e-01
1.276753452321250734e+03 3.195380503829016727e-01
1.276583616488325106e+03 3.230202722378521241e-01
1.276413902751613023e+03 3.198013990674940521e-01
1.276244311111114257e+03 3.210001957120947602e-01
1.276074597374402174e+03 3.187588512206689928e-01
1.275905005733903408e+03 3.216103754673612647e-01
1.275735414093404870e+03 3.213257675505362121e-01
1.275565944549119422e+03 3.225861685117461519e-01
1.275396475004834201e+03 3.192372357166471941e-01
1.275227005460548980e+03 3.175234676632500141e-01
1.275057780108690622e+03 3.178604082825099986e-01
1.274888310564405401e+03 3.190250683511935414e-01
1.274719085212547270e+03 3.212871680625467574e-01
1.274549859860688912e+03 3.203936290457384817e-01
1.274380756605044098e+03 3.190533210139277487e-01
1.274211531253185740e+03 3.198241684994125311e-01
1.274042550093754244e+03 3.201854123780223382e-01
1.273873568934322975e+03 3.180976985239805654e-01
1.273704587774891479e+03 3.192393798200430788e-01
1.273535728711673528e+03 3.189200207822010524e-01
1.273366869648455577e+03 3.138147372662722923e-01
1.273198132681451170e+03 3.151411355904834011e-01
1.273198010585237625e+03 3.227550825382541344e-01
1.273029273618233219e+03 3.223825494446846962e-01
1.273029151522019674e+03 3.198448802765413990e-01
1.272860658747442130e+03 3.169427911354865679e-01
1.272860536651228813e+03 3.182112946619179428e-01
1.272691921780437724e+03 3.184161017643059588e-01
1.272691799684224179e+03 3.200011851059995083e-01
1.272523184813433318e+03 3.202470000687251406e-01
1.272523062717219773e+03 3.196129458137959567e-01
1.272354447846428911e+03 3.167300298785540313e-01
1.272185955071851367e+03 3.168118687942360623e-01
1.272017462297273823e+03 3.216318564784248490e-01
1.271848969522696279e+03 3.193761462544113527e-01
1.271680598844332053e+03 3.220097547535749061e-01
1.271512228165968054e+03 3.161380720123117549e-01
1.271343857487603827e+03 3.201620808414294417e-01
1.271175608905453373e+03 3.199101884458442346e-01
1.271007360323302692e+03 3.188147594107706984e-01
1.270839233837365555e+03 3.208316722160258760e-01
1.270671107351428418e+03 3.221391645473158372e-01
1.270502980865491281e+03 3.219183173904801576e-01
1.270335098571981007e+03 3.225332435743850645e-01
1.270167094182257188e+03 3.192139538410374011e-01
1.269999089792533596e+03 3.216508810882394154e-01
1.269831207499023321e+03 3.206304916125269355e-01
1.269663447301726592e+03 3.206727227298029614e-01
1.269495565008216317e+03 3.241981579058592633e-01
1.269327804810919588e+03 3.246248177165356741e-01
1.269160166709836176e+03 3.194646209919144719e-01
1.268992528608752991e+03 3.263349096386323200e-01
1.268824890507669579e+03 3.200763417870460814e-01
1.268657252406586394e+03 3.217008080365656442e-01
1.268489858497929845e+03 3.245977487328886024e-01
1.268322342493059978e+03 3.197669732058563419e-01
1.268154826488190110e+03 3.233347906051465825e-01
1.267987554675747333e+03 3.208259346931474076e-01
1.267820160767091011e+03 3.211526669657614463e-01
1.267652888954648006e+03 3.245414517025218548e-01
1.267485617142205001e+03 3.236007960672100947e-01
1.267318589522189086e+03 3.204325119100848718e-01
1.267151317709746081e+03 3.194400216277624160e-01
1.266984167993516621e+03 3.213781903060425882e-01
1.266817140373500706e+03 3.230296312190023000e-01
1.266650112753484564e+03 3.222059549484032615e-01
1.266483207229682193e+03 3.211316349313583784e-01
1.266316423802093141e+03 3.241718103574647847e-01
1.266149518278290543e+03 3.207322226689463540e-01
1.265982734850701490e+03 3.231994513257395174e-01
1.265815951423112438e+03 3.203978725378661685e-01
1.265649167995523158e+03 3.189969352687594406e-01
1.265482506664147650e+03 3.186490267632091089e-01
1.265315845332772142e+03 3.223659693927712344e-01
1.265149428193823269e+03 3.154316254644516371e-01
1.264982766862447761e+03 3.219379601001365887e-01
1.264816227627285571e+03 3.192496725668036994e-01
1.264649810488336925e+03 3.208721599949396208e-01
1.264483393349388280e+03 3.219244013419402806e-01
1.264317098306652952e+03 3.234499935083756106e-01
1.264150803263917624e+03 3.201545879228598901e-01
1.263984508221182523e+03 3.185665640859377534e-01
1.263818335274660740e+03 3.221585989375439496e-01
1.263652162328138957e+03 3.203135630898361064e-01
1.263485989381617173e+03 3.228811447354307251e-01
1.263319938531308935e+03 3.207969771705816431e-01
1.263153887681000697e+03 3.230536434495342446e-01
1.262987958926905776e+03 3.238361962895187074e-01
1.262821908076597538e+03 3.215492704854165940e-01
1.262656101418716162e+03 3.276716332827417921e-01
1.262490172664621241e+03 3.207599967992287859e-01
1.262324366006739865e+03 3.179638480575781578e-01
1.262158681445071807e+03 3.198468570936462418e-01
1.261992996883403976e+03 3.231673317519334621e-01
1.261827312321736144e+03 3.242075466297203445e-01
1.261661627760068086e+03 3.234299188743017250e-01
1.261496187390827117e+03 3.220471399335284035e-01
1.261330747021586149e+03 3.204278805673376196e-01
1.261165184556131635e+03 3.201543398858263112e-01
1.260999744186890666e+03 3.205509233126508928e-01
1.260834425913863242e+03 3.201851633862589641e-01
1.260669107640835591e+03 3.230339022569500562e-01
1.260503789367808167e+03 3.188139541705066748e-01
1.260338471094780516e+03 3.177155704510510881e-01
1.260173274917966410e+03 3.248167606898006432e-01
1.260008200837365848e+03 3.196814446343282934e-01
1.259843004660551742e+03 3.210611671663117228e-01
1.259678052676164725e+03 3.196364002913839042e-01
1.259512978595564164e+03 3.238031981560814954e-01
1.259348026611176920e+03 3.197090456661809688e-01
