# Wavelength, Reflectance
1.644708679934957445e+03 3.632445823152609665e-01
1.643842591067769945e+03 3.733923169137451370e-01
1.642977356692769945e+03 3.681896269949553879e-01
1.642113098880269945e+03 3.719231123276129924e-01
1.641249695559957445e+03 3.785796947170164128e-01
1.640387390872457445e+03 3.955966138222410944e-01
1.639525940677144945e+03 3.664262241283126609e-01
1.638665467044332445e+03 3.870617381338677943e-01
1.637805847903707445e+03 3.791349913919043746e-01
1.636947327395894945e+03 3.513491009856323788e-01
1.636089661380269945e+03 3.774460971022532418e-01
1.635232971927144945e+03 3.640194801530400315e-01
1.634377259036519945e+03 3.870529437434500619e-01
1.633522400638082445e+03 3.784070666489003365e-01
1.632668518802144945e+03 3.603156252327270881e-01
1.631815491458394945e+03 3.710589551512327722e-01
1.630963440677144945e+03 3.721644395717167986e-01
1.630112366458394945e+03 3.652787519578042374e-01
1.629262146731832445e+03 3.814385403793836282e-01
1.628412903567769945e+03 3.582355147423257336e-01
1.627564514895894945e+03 3.662363723308804109e-01
1.626717102786519945e+03 3.501062611673418368e-01
1.625870667239644945e+03 3.551836964887348791e-01
1.625025208255269945e+03 3.597895016467435592e-01
1.624180481692769945e+03 3.515675424648975200e-01
1.623336853763082445e+03 3.790593217255817104e-01
1.622493958255269945e+03 3.607760883096632898e-01
1.621652161380269945e+03 3.737349973319301077e-01
1.620811096927144945e+03 3.567068943036524331e-01
1.619971131106832445e+03 3.498198463501053790e-01
1.619131897708394945e+03 3.397708496955192947e-01
1.618293640872457445e+03 3.457162752409036477e-01
1.617456238528707445e+03 3.596504973357178558e-01
1.616619812747457445e+03 3.512998372188190777e-01
1.615784241458394945e+03 3.643853671058473465e-01
1.614949646731832445e+03 3.475156874335747492e-01
1.614116028567769945e+03 3.625352200412833570e-01
1.613283142825582445e+03 3.536186565156700934e-01
1.612451233645894945e+03 3.573015047366733810e-01
1.611620178958394945e+03 3.516991988703190852e-01
1.610790100833394945e+03 3.628901537969045354e-01
1.609960877200582445e+03 3.529556864921308823e-01
1.609132508059957445e+03 3.410027807038220060e-01
1.608305115481832445e+03 3.392801416417510207e-01
1.607478455325582445e+03 3.471570252104734244e-01
1.606652771731832445e+03 3.698283725836143399e-01
1.605828064700582445e+03 3.503767606126402256e-01
1.605004212161519945e+03 3.485199430752763949e-01
1.604181092044332445e+03 3.515028310991936134e-01
1.603358948489644945e+03 3.422757287018631800e-01
1.602537781497457445e+03 3.393515066523388746e-01
1.601717346927144945e+03 3.528820908478813023e-01
1.600897888919332445e+03 3.493616488732106395e-01
1.600079285403707445e+03 3.479442805204941425e-01
1.599261536380269945e+03 3.574638308595728398e-01
1.598444641849019945e+03 3.288107045668974271e-01
1.597628479739644945e+03 3.512143061735580329e-01
1.596813660403707445e+03 3.483931028473439273e-01
1.595999329349019945e+03 3.505008887959136232e-01
1.595185852786519945e+03 3.453381439343511938e-01
1.594373474856832445e+03 3.389026126886839352e-01
1.593561707278707445e+03 3.427534640257909326e-01
1.592750916263082445e+03 3.445486131387833773e-01
1.591941101809957445e+03 3.424227777250894444e-01
1.591132019778707445e+03 3.469940149934510054e-01
1.590323914309957445e+03 3.377314163147781545e-01
1.589516419192769945e+03 3.453816669269987871e-01
1.588709778567769945e+03 3.425490147569027477e-01
1.587904358645894945e+03 3.439777995574535563e-01
1.587099549075582445e+03 3.412272032902576857e-01
1.586295593997457445e+03 3.432795635854969385e-01
1.585492615481832445e+03 3.476980456115368878e-01
1.584690369388082445e+03 3.470239622221575893e-01
1.583888977786519945e+03 3.421069666700453649e-01
1.583088562747457445e+03 3.482318622687334830e-01
1.582288880130269945e+03 3.417094406999524603e-01
1.581490174075582445e+03 3.629114332659369446e-01
1.580692078372457445e+03 3.444016730496646250e-01
1.579894837161519945e+03 3.437612187205228431e-01
1.579098694583394945e+03 3.380647353367542962e-01
1.578303162356832445e+03 3.386534903255687956e-01
1.577508606692769945e+03 3.539562097941347796e-01
1.576714905520894945e+03 3.396204817921394392e-01
1.575921936770894945e+03 3.486616548795755666e-01
1.575129700442769945e+03 3.424906067566769741e-01
1.574338440677144945e+03 3.446562947072100980e-01
1.573548035403707445e+03 3.605405781582339819e-01
1.572758484622457445e+03 3.383438140094385815e-01
1.571969666263082445e+03 3.420036990811833322e-01
1.571181580325582445e+03 3.367238998209756140e-01
1.570394593020894945e+03 3.397702672527641021e-01
1.569608216067769945e+03 3.371741537527105370e-01
1.568822937747457445e+03 3.378663741446080171e-01
1.568038147708394945e+03 3.407029569910158817e-01
1.567254334231832445e+03 3.426766718456946692e-01
1.566471375247457445e+03 3.449376984390763456e-01
1.565689148684957445e+03 3.457409936384178151e-01
1.564907776614644945e+03 3.469043219756847707e-01
1.564127259036519945e+03 3.480859906529877312e-01
1.563347595950582445e+03 3.474678604542061344e-01
1.562568543216207445e+03 3.460663380238206410e-01
1.561790467044332445e+03 3.415307000790008818e-01
1.561013245364644945e+03 3.422629957929041455e-01
1.560236756106832445e+03 3.469146863609719467e-01
1.559460999270894945e+03 3.380663321240970909e-01
1.558686096927144945e+03 3.425054244578878970e-01
1.557912171145894945e+03 3.417804493483221351e-01
1.557138855716207445e+03 3.377182565483054510e-01
1.556366394778707445e+03 3.404650959524129217e-01
1.555594666263082445e+03 3.396986215374522278e-01
1.554823914309957445e+03 3.378732302815846134e-01
1.554053772708394945e+03 3.417157233033014663e-01
1.553284607669332445e+03 3.465131990761132763e-01
1.553284485599019945e+03 3.257702641230031948e-01
1.553028382083394945e+03 3.398260545821075729e-01
1.552772156497457445e+03 3.388812821162823230e-01
1.552516175052144945e+03 3.339478410510689499e-01
1.552516052981832445e+03 3.427033405105792130e-01
1.552260193606832445e+03 3.438408034194987417e-01
1.551748474856832445e+03 3.355782699272922831e-01
1.550981629153707445e+03 3.394756957108406303e-01
1.550215515872457445e+03 3.442451625893005462e-01
1.549450257083394945e+03 3.407401763339227285e-01
1.548685852786519945e+03 3.427713482311027238e-01
1.547922058841207445e+03 3.247583032506471401e-01
1.547159119388082445e+03 3.409803249843500472e-01
1.546397034427144945e+03 3.345376280146156178e-01
1.545635803958394945e+03 3.356135186312590446e-01
1.544875183841207445e+03 3.390973314857825271e-01
1.544115296145894945e+03 3.332473949764387378e-01
1.543356385013082445e+03 3.406791008217944783e-01
1.542598328372457445e+03 3.399960630446653420e-01
1.541840882083394945e+03 3.402451026489289876e-01
1.541084168216207445e+03 3.457074678077218799e-01
1.540328308841207445e+03 3.389673639016056450e-01
1.539573181888082445e+03 3.328010503766411499e-01
1.538819031497457445e+03 3.352042055181980174e-01
1.538065491458394945e+03 3.432030812577644419e-01
1.537312683841207445e+03 3.404384508171015566e-01
1.536560730716207445e+03 3.366904345302823010e-01
1.535809265872457445e+03 3.372732670783651909e-01
1.535059143802144945e+03 3.411612557409344215e-01
1.534309265872457445e+03 3.472631042765159659e-01
1.533560486575582445e+03 3.470385967500151936e-01
1.532812317630269945e+03 3.383246274844731727e-01
1.532064881106832445e+03 3.339315567206580515e-01
1.531318421145894945e+03 3.351429263201514130e-01
1.530572571536519945e+03 3.431080324286265859e-01
1.529827454349019945e+03 3.373545624341178772e-01
1.529083069583394945e+03 3.417452932641841801e-01
1.528339539309957445e+03 3.430250022285887268e-01
1.527596497317769945e+03 3.362162690269884791e-01
1.526854676028707445e+03 3.251248842260408556e-01
1.526113220950582445e+03 3.348447231519365297e-01
1.525372864505269945e+03 3.448222199160552726e-01
1.524632996341207445e+03 3.402431716879025236e-01
1.523893982669332445e+03 3.427323464512447848e-01
1.523155701419332445e+03 3.420052895688817651e-01
1.522418274661519945e+03 3.370028542672591776e-01
1.521681458255269945e+03 3.352988835932866896e-01
1.520945374270894945e+03 3.328414290759477145e-01
1.520210022708394945e+03 3.426399683919727490e-01
1.519475525638082445e+03 3.421241645321836944e-01
1.518741638919332445e+03 3.316153384811887928e-01
1.518008484622457445e+03 3.391155829845302061e-01
1.517276428958394945e+03 3.426789772605658979e-01
1.516544861575582445e+03 3.326636896126172749e-01
1.515813904544332445e+03 3.328422480140736939e-01
1.515570618411519945e+03 3.458532307957399854e-01
1.515327332278707445e+03 3.461280254577767113e-01
1.515083924075582445e+03 3.474430330861607019e-01
1.515083802005269945e+03 3.381198593873149805e-01
1.514840760013082445e+03 3.315190928747895893e-01
1.514597718020894945e+03 3.328313555522654510e-01
1.514354431888082445e+03 3.374119953719907361e-01
1.513625794192769945e+03 3.416986590668132928e-01
1.512897888919332445e+03 3.436510741461048513e-01
1.512170716067769945e+03 3.392911993298725060e-01
1.511444397708394945e+03 3.360957243244900861e-01
1.510718689700582445e+03 3.315373771458082208e-01
1.509993714114644945e+03 3.403858491980511491e-01
1.509269470950582445e+03 3.413074189700221472e-01
1.508545960208394945e+03 3.444829021917437673e-01
1.507823181888082445e+03 3.490231472507055455e-01
1.507101135989644945e+03 3.343546109614410344e-01
1.506379822513082445e+03 3.420409288802929160e-01
1.505659241458394945e+03 3.459187878902920121e-01
1.504939514895894945e+03 3.393392954340616052e-01
1.504220276614644945e+03 3.446208588901524261e-01
1.503501892825582445e+03 3.459898757418669590e-01
1.502782645120271809e+03 3.352852141263279462e-01
1.502064066008736063e+03 3.413144573524611869e-01
1.501346343222324549e+03 3.427835697508002655e-01
1.500629232096716578e+03 3.386714101671574606e-01
1.499912854964072039e+03 3.455394251949731044e-01
1.499197211824391388e+03 3.338747400612874228e-01
1.498482180345514053e+03 3.383915787809751441e-01
1.497768005191760949e+03 3.360013435037908502e-01
1.497054441698810933e+03 3.353630433729073435e-01
1.496341734530985377e+03 3.428604090311589414e-01
1.495629639023963136e+03 3.405013330868231214e-01
1.494918277509904556e+03 3.359069420966209751e-01
1.494207527656649063e+03 3.362688176024349884e-01
1.493497634128518030e+03 3.446940246129299168e-01
1.492788352261190084e+03 3.454611275346592403e-01
1.492079804386825799e+03 3.380089318885048377e-01
1.491371990505425629e+03 3.355257796246154389e-01
1.490664788284828319e+03 3.409191810355487462e-01
1.489958320057194896e+03 3.325956105463178103e-01
1.489252585822525134e+03 3.424375268618681245e-01
1.488547585580819259e+03 3.397728007475770973e-01
1.487843196999916699e+03 3.233123393381086563e-01
1.487139542411977573e+03 3.495188345629649529e-01
1.486436499484841761e+03 3.366555395147672880e-01
1.485734312882830409e+03 3.403995666149545740e-01
1.485032737941622145e+03 3.341019435844848062e-01
1.484331896993377541e+03 3.402125571589319497e-01
1.483631667705936252e+03 3.431647177796802173e-01
1.482932294743619423e+03 3.357700093962220356e-01
1.482233411109944882e+03 3.342381467406433382e-01
1.481535383801394801e+03 3.316420802644274857e-01
1.480837968153648035e+03 3.287239230765331421e-01
1.480141164166704357e+03 3.401147436739914709e-01
1.479445216504884911e+03 3.384277168619788667e-01
1.478749758171708208e+03 3.392686806045218662e-01
1.478055156163655738e+03 3.398180962404631078e-01
1.477361165816406356e+03 3.355587163290880692e-01
1.476667909462121088e+03 3.385822646622741461e-01
1.475975264768638681e+03 3.405389635820309513e-01
1.475283354068120161e+03 3.409810128257705908e-01
1.474592055028404729e+03 3.584097442585069682e-01
1.473901489981652958e+03 3.442841998014943838e-01
1.473211536595704501e+03 3.385678048154857067e-01
1.472522317202719705e+03 3.274953788096978124e-01
1.471833831802698796e+03 3.284381080178970791e-01
1.471145958063480975e+03 3.451278465768075621e-01
1.470458818317227042e+03 3.328719011994993870e-01
1.469772290231776196e+03 3.496069440118399485e-01
1.469086373807128439e+03 3.253405442587943286e-01
1.468401191375444341e+03 3.453836086465437161e-01
1.467716742936724131e+03 3.369131540582733231e-01
1.467032906158807236e+03 3.433307089821882041e-01
1.466349681041693202e+03 3.343644614794082370e-01
1.465667189917543055e+03 3.253858246898848616e-01
1.464985310454196224e+03 3.331328020284202163e-01
1.464304164983813052e+03 3.428624840693886289e-01
1.463623631174232969e+03 3.424259934084873391e-01
1.462943831357616546e+03 3.329186615792805171e-01
1.462264643201803437e+03 3.348829333254255691e-01
1.461586066706793645e+03 3.360564433447546517e-01
1.460908101872586712e+03 3.410150952772901811e-01
1.460230993363504240e+03 3.300381994051589940e-01
1.459554374183064283e+03 3.403404067924204468e-01
1.458878488995588214e+03 3.349008146516037066e-01
1.458203215468915232e+03 3.366161841058091242e-01
1.457528675935205911e+03 3.339635703928242050e-01
1.456854748062299905e+03 3.371449927182924577e-01
1.456181431850196986e+03 3.353860943763272151e-01
1.455508849631057728e+03 3.344163830460507580e-01
1.454836879072721786e+03 3.346984978664697685e-01
1.454165520175188931e+03 3.381703272941375404e-01
1.453494772938459164e+03 3.395986878232084560e-01
1.452824882026853857e+03 3.369048222829137962e-01
1.452155480443891065e+03 3.361816115155887297e-01
1.451486690521731362e+03 3.396035560367931527e-01
1.450818634592535545e+03 3.337277387346671564e-01
1.450151190324142817e+03 3.269082032283079919e-01
1.449484357716553177e+03 3.416469798698390514e-01
1.448818259101927424e+03 3.362627731191704106e-01
1.448152772148104759e+03 3.351497774472393942e-01
1.447487774522924610e+03 3.393635078157239970e-01
1.446823633222868921e+03 3.409965846359542252e-01
1.446159981251455520e+03 3.372824234686964129e-01
1.445497185605166806e+03 3.266717024530655378e-01
1.444834756955359808e+03 3.392730518156342190e-01
1.444173062298516697e+03 3.375258550452098771e-01
1.443512101634637247e+03 3.439812365255588977e-01
1.442851630299400540e+03 3.487019107826168640e-01
1.442191892957127266e+03 3.295610664128892364e-01
1.441532767275657307e+03 3.440489421622588972e-01
1.440874253254990663e+03 3.351987322729793051e-01
1.440216228562966307e+03 3.334896955479603742e-01
1.439559182528226984e+03 3.339816090260561143e-01
1.439559060196066412e+03 3.323385592615309969e-01
1.439340207960700809e+03 3.369546029228493444e-01
1.439121233393174634e+03 3.346891599518233562e-01
1.438902503489969604e+03 3.366777482850988878e-01
1.438902381157809032e+03 3.325718910300324849e-01
1.438683651254604001e+03 3.261036475203746288e-01
1.438465043683559770e+03 3.258217249849229002e-01
1.438246558444676111e+03 3.304113258381642937e-01
1.438246436112515539e+03 3.328059089257619507e-01
1.438027950873631653e+03 3.313426433197479981e-01
1.437809587966908794e+03 3.375558476218904480e-01
1.437591225060185707e+03 3.199122215309122552e-01
1.437591102728024907e+03 3.301863022838743555e-01
1.437372617489141248e+03 3.297763020264664058e-01
1.437154499246739533e+03 3.191227451425873718e-01
1.436936503336498390e+03 3.286296807761869831e-01
1.436936381004337818e+03 3.318011926503253717e-01
1.436718262761935875e+03 3.304301979334489103e-01
1.436500144519534160e+03 3.287776968850010251e-01
1.436282270941453589e+03 3.389852041167451535e-01
1.436064397363373018e+03 3.232220201054569753e-01
1.435846523785292447e+03 3.321971319524926747e-01
1.435628772539372449e+03 3.357078358101293070e-01
1.435411143625613249e+03 3.393881087703972677e-01
1.435193514711854050e+03 3.441739989176137993e-01
1.434975885798094623e+03 3.348143192782653821e-01
1.434758501548656568e+03 3.356121951512418544e-01
1.434540994967057941e+03 3.504411965779380411e-01
1.434323610717619886e+03 3.385413307537983307e-01
1.434106348800342630e+03 3.307271975958396837e-01
1.433889209215225719e+03 3.359994035310026606e-01
1.433672069630109036e+03 3.326263796074061529e-01
1.433454930044992352e+03 3.403313528618137074e-01
1.433238035124196813e+03 3.286550372817233501e-01
1.433021017871240701e+03 3.293821432851095077e-01
1.432804122950445162e+03 3.307269119193551044e-01
1.432587350361810195e+03 3.411757097763614133e-01
1.432370700105336027e+03 3.252191062628113638e-01
1.432154049848861632e+03 3.213007139185599104e-01
1.431937399592387465e+03 3.310878750695258055e-01
1.431720871668073869e+03 3.276586195826984294e-01
1.431504466075920845e+03 3.252941113177065247e-01
1.431288060483767822e+03 3.134203566166235411e-01
1.431071777223775371e+03 3.219948524829494008e-01
1.430855616295943719e+03 3.259892385575612339e-01
1.430639333035951267e+03 3.299247299444190706e-01
1.430423172108119616e+03 3.312975057732944761e-01
1.430207011180287964e+03 3.363238037957614335e-01
1.429991217248938028e+03 3.355979797344102455e-01
1.429775300985427521e+03 3.420834165440341246e-01
1.429559507054077585e+03 3.330280789044914869e-01
1.429343835454888449e+03 3.376095117983305416e-01
1.429128041523538514e+03 3.383213478664341967e-01
1.428912369924349377e+03 3.347218394328774771e-01
1.428696820657320814e+03 3.403040706497391099e-01
1.428481393722452822e+03 3.416266363178976917e-01
1.428265966787584830e+03 3.507462649177699454e-01
1.428050539852716838e+03 3.464992533243704265e-01
1.427835235250009646e+03 3.503585331027965766e-01
1.427620175311623598e+03 3.490801702567126186e-01
1.427404870708916178e+03 3.523275419494732996e-01
1.427189810770530130e+03 3.541412288932812014e-01
1.426974873164304654e+03 3.428464502598057573e-01
1.426759935558079178e+03 3.490102914397913980e-01
1.426544997951853702e+03 3.508044769525764384e-01
1.426330182677789026e+03 3.423499526988898478e-01
1.426115489735884694e+03 3.420313779190762293e-01
1.425900796793980589e+03 3.451273200493044646e-01
1.425686226184237057e+03 3.521384623522483825e-01
1.425471655574493525e+03 3.457386530075224340e-01
1.425257207296910565e+03 3.418796842407060277e-01
1.425042759019327605e+03 3.442352480980453433e-01
1.424828433073905217e+03 3.535020155538094455e-01
1.424613984796322484e+03 3.449496886806666662e-01
1.424400025847382040e+03 3.506334764827780393e-01
1.424185822234120224e+03 3.468757631192159185e-01
1.423971740953019207e+03 3.442126460351565553e-01
1.423757782004078763e+03 3.473435537688858710e-01
1.423543823055138319e+03 3.441779750708211516e-01
1.423329986438358674e+03 3.495719966122091127e-01
1.423116027489418229e+03 3.488572440769902583e-01
1.422902557869120301e+03 3.354011597869280270e-01
1.422688843584501228e+03 3.499261245833671929e-01
1.422475251632042728e+03 3.370346318518329665e-01
1.422261659679584227e+03 3.472323159252621583e-01
1.422048312391446871e+03 3.504172187515517956e-01
1.421834842771148942e+03 3.532529092507453172e-01
1.421621495483011586e+03 3.581648355177983745e-01
1.421408148194874457e+03 3.474490012755822588e-01
1.421195045571058472e+03 3.483709810598131229e-01
1.420981942947242487e+03 3.375679631165320882e-01
1.420768840323426502e+03 3.459824649653334694e-01
1.420555982363931662e+03 3.477562094335174270e-01
1.420342879740115677e+03 3.551113007546397582e-01
1.420130144112781636e+03 3.477259698690567946e-01
1.419917286153286796e+03 3.450022860525497892e-01
1.419704672858113327e+03 3.501709745332660662e-01
1.419491937230779058e+03 3.453076531618027301e-01
1.419279323935605589e+03 3.519839904474966197e-01
1.419066832972592920e+03 3.417102531819854461e-01
1.418854464341740595e+03 3.425219323956590900e-01
1.418642095710888270e+03 3.497205529396981705e-01
1.418429727080036173e+03 3.402219564229190252e-01
1.418217358449183848e+03 3.488365116492947449e-01
1.418005356814813467e+03 3.494884780800908142e-01
1.417793110516121942e+03 3.497548082057346797e-01
1.417580986549590989e+03 3.420079282520688269e-01
1.417369107247381180e+03 3.428404707570121834e-01
1.417157227945171599e+03 3.456643066651333696e-01
1.416945348642961790e+03 3.598438965257954036e-01
1.416733469340751981e+03 3.485827486683990006e-01
1.416521834702863543e+03 3.488438336250938576e-01
1.416310200064975106e+03 3.412482107582674451e-01
1.416098565427086669e+03 3.464298654167863312e-01
1.415887053121358804e+03 3.462458005237512015e-01
1.415675540815630939e+03 3.409490971645577351e-01
1.415464273174224445e+03 3.442260467819913128e-01
1.415252883200657379e+03 3.531888725222669945e-01
1.415041615559250658e+03 3.529022417746238149e-01
1.414830347917844165e+03 3.476505714326075247e-01
1.414619324940758816e+03 3.535872300200524898e-01
1.414408301963673466e+03 3.398478775676785912e-01
1.414197278986588117e+03 3.427343247701262197e-01
1.413986378341663567e+03 3.473792706198843838e-01
1.413775600028899362e+03 3.467625763976667219e-01
1.413564699383974812e+03 3.469405199887964364e-01
1.413353798739050035e+03 3.491237971479764224e-01
1.413143387422768001e+03 3.500898202313013630e-01
1.412932731442164595e+03 3.497067530038064920e-01
1.412722197793721762e+03 3.421037305904335302e-01
1.412511664145278928e+03 3.505901570550470359e-01
1.412301375161157466e+03 3.477705926315001750e-01
1.412091086177035777e+03 3.583982599906485045e-01
1.411880797192914315e+03 3.541614322176062091e-01
1.411670508208792853e+03 3.540530553961492854e-01
1.411460463888992535e+03 3.459157906740342736e-01
1.411250419569192218e+03 3.464551761031478549e-01
1.411040375249391900e+03 3.470805588152844345e-01
1.410830330929591582e+03 3.502011766434290352e-01
1.410620531274112636e+03 3.500737796547974123e-01
1.410410731618633690e+03 3.430895251879848007e-01
1.410201054295315316e+03 3.532448200059226107e-01
1.409991254639836143e+03 3.464941780279792716e-01
1.409781821980839140e+03 3.591955439496020697e-01
1.409572144657520766e+03 3.481473017150808480e-01
1.409362711998523537e+03 3.492272449265420575e-01
1.409153279339526307e+03 3.418056218727849038e-01
1.408943969012689877e+03 3.533434345755889772e-01
1.408734658685853447e+03 3.475535329381491123e-01
1.408525470691177588e+03 3.467058071436417421e-01
1.408316282696501730e+03 3.467246193816877486e-01
1.408107217033986444e+03 3.494531665934546005e-01
1.407898151371471158e+03 3.540011967296864959e-01
1.407689208041116444e+03 3.505767732493438316e-01
1.407480264710761958e+03 3.474995997030899675e-01
1.407271443712567816e+03 3.490513178811890938e-01
1.407062745046534474e+03 3.507220749986199593e-01
1.406854046380501131e+03 3.474991195853665560e-01
1.406645347714467789e+03 3.552432150958518831e-01
1.406436771380595019e+03 3.543541908754573311e-01
1.406228439711043620e+03 3.540767161294309795e-01
1.406019863377170850e+03 3.567807123666791869e-01
1.405811531707619451e+03 3.556735338976971250e-01
1.405603200038068053e+03 3.600692679744191826e-01
1.405394990700677226e+03 3.574523155150456932e-01
1.405186781363286400e+03 3.503576543551656375e-01
1.404978694358056146e+03 3.460351203916211538e-01
1.404770607352825891e+03 3.569292459524566752e-01
1.404562765011917008e+03 3.548847511786817899e-01
1.404354800338847326e+03 3.548759232771626082e-01
1.404146835665777644e+03 3.534822431983690727e-01
1.403939115657029333e+03 3.514858102760726744e-01
1.403731395648281023e+03 3.543602109323719107e-01
1.403523797971693511e+03 3.626294692604863368e-01
1.403316077962944973e+03 3.559920273273876057e-01
1.403108602618518034e+03 3.638100526765273290e-01
1.402901249606251668e+03 3.606599179218786810e-01
1.402693774261824501e+03 3.553703331216130357e-01
1.402486421249558134e+03 3.497999164076722178e-01
1.402279068237291540e+03 3.476968237538950457e-01
1.402071959889346545e+03 3.590608897078290118e-01
1.401864851541401322e+03 3.593202511688057266e-01
1.401657743193456099e+03 3.593571760788993874e-01
1.401450634845510876e+03 3.566339584064852075e-01
1.401243648829726453e+03 3.564255470088032451e-01
1.401036785146102375e+03 3.515794254589961754e-01
1.400830043794639096e+03 3.519558635936230750e-01
1.400623302443175817e+03 3.571951041797851167e-01
1.400416561091712538e+03 3.562606172409629179e-01
1.400209942072409831e+03 3.412553222677729425e-01
1.400003445385267923e+03 3.526533684434980387e-01
1.399796826365965217e+03 3.535195194115715034e-01
1.399590452010983881e+03 3.509270195511589030e-01
1.399384077656002319e+03 3.522063156219375490e-01
1.399177825633181556e+03 3.452375557016676422e-01
1.398971451278200220e+03 3.574208950227107939e-01
1.398765321587540029e+03 3.491182652758582639e-01
1.398559314229040638e+03 3.522343650611736710e-01
1.398353062206219874e+03 3.571193922874902338e-01
1.398147177179880828e+03 3.591973093341501166e-01
1.397941169821381436e+03 3.559169634369203084e-01
1.397735284795042389e+03 3.528504284138532232e-01
1.397529644433024941e+03 3.685425986424413769e-01
1.397323881738846694e+03 3.524410988164521918e-01
1.397118119044668447e+03 3.466651663473184763e-01
1.396912356350490199e+03 3.582416449570053341e-01
1.396707082984954241e+03 3.468919028234997426e-01
1.396501564955097365e+03 3.563755865887069940e-01
1.396296046925240262e+03 3.590783287368323751e-01
1.396090773559704530e+03 3.577257228355979479e-01
1.395885500194168799e+03 3.608383315654803969e-01
1.395680226828633067e+03 3.546230791551069905e-01
1.395475075795257908e+03 3.569169072013517741e-01
1.395269924761882976e+03 3.501754762771597806e-01
1.395064896060668389e+03 3.559144594562399511e-01
1.394859989691614601e+03 3.554034492454242189e-01
1.394655083322560813e+03 3.537642734677445278e-01
1.394450176953506798e+03 3.488803565019219510e-01
1.394245270584453010e+03 3.579572822015534839e-01
1.394040731211880939e+03 3.558663782712033208e-01
1.393836069507148522e+03 3.561861764069023661e-01
1.393631407802415879e+03 3.574933952936980019e-01
1.393426868429843807e+03 3.603694601578330547e-01
1.393222451389432536e+03 3.546580462285985891e-01
1.393018034349021264e+03 3.591182819938504855e-01
1.392813739640770564e+03 3.596221927728407985e-01
1.392609444932519864e+03 3.534797991153683094e-01
1.392405150224269164e+03 3.525614347960043804e-01
1.392201100180339608e+03 3.470472154503373985e-01
1.391996927804249481e+03 3.514499917317183142e-01
1.391792877760320152e+03 3.622158296685443757e-01
1.391588827716390597e+03 3.478646215828690158e-01
1.391385144668942985e+03 3.453162541471414548e-01
1.391181216957174229e+03 3.465537784623873852e-01
1.390977411577566045e+03 3.515558438999424884e-01
1.390773728530118433e+03 3.489423008060668074e-01
1.390570045482671048e+03 3.562247287451009159e-01
1.390366484767384009e+03 3.558016997450613728e-01
1.390162924052096969e+03 3.532102340521918182e-01
1.389959485668970729e+03 3.606405080148172293e-01
1.389756047285844488e+03 3.504280740827115936e-01
1.389552853567039392e+03 3.524251029902878973e-01
1.389349537516073724e+03 3.575583017743056979e-01
1.389146221465108056e+03 3.618587280255724514e-01
1.388943027746302960e+03 3.541582457560046304e-01
1.388739956359658663e+03 3.547031527617269253e-01
1.388537007305174939e+03 3.562927885949387918e-01
1.388334058250690987e+03 3.594895947969672934e-01
1.388131109196207262e+03 3.566093042937391044e-01
1.387928282473884110e+03 3.530190314270227891e-01
1.387725578083721530e+03 3.510149362004760798e-01
1.387522751361398377e+03 3.554680429101739203e-01
1.387320169303396597e+03 3.547468449457685247e-01
1.387117587245394589e+03 3.673647682811567727e-01
1.386915005187392808e+03 3.569879616776679421e-01
1.386712545461551372e+03 3.471050695713983614e-01
1.386510208067870735e+03 3.573248855074422359e-01
1.386307748342029527e+03 3.591169864199177386e-01
1.386105533280509462e+03 3.525390461802502817e-01
1.385903318218989398e+03 3.541251967628197272e-01
1.385701225489630133e+03 3.632159666683863475e-01
1.385499132760270641e+03 3.609443211279382280e-01
1.385297040030911376e+03 3.551915717627642799e-01
1.385095069633712683e+03 3.431857093267996484e-01
1.384893099236513763e+03 3.555529704633993981e-01
1.384691373503636441e+03 3.580344500954562026e-01
1.384489525438598321e+03 3.606207357526156065e-01
1.384287799705720772e+03 3.505114261746305471e-01
1.384086073972843224e+03 3.508165351450053260e-01
1.383884592904287047e+03 3.544087166116302590e-01
1.383682989503570070e+03 3.576965034684847500e-01
1.383481508435013893e+03 3.597404018607729959e-01
1.383280027366457716e+03 3.615342028186207535e-01
1.383078790962222683e+03 3.608560436366240465e-01
1.382877554557987651e+03 3.590511062146190535e-01
1.382676195821592046e+03 3.425744793960709966e-01
1.382475081749517813e+03 3.522542865356846908e-01
1.382273967677443352e+03 3.546585010868539278e-01
1.382072975937529691e+03 3.621418672047297393e-01
1.381871984197616030e+03 3.537918748006135261e-01
1.381670992457702141e+03 3.534235250333803147e-01
1.381470123049949052e+03 3.583314543848970524e-01
1.381269253642195963e+03 3.634774735761675535e-01
1.381068628898764246e+03 3.548442923981988684e-01
1.380868004155332301e+03 3.567052041798764450e-01
1.380667379411900583e+03 3.546995273050960740e-01
1.380466754668468639e+03 3.535473905400193240e-01
1.380266252257197493e+03 3.576737278500240480e-01
1.380065872178086920e+03 3.502988548008154068e-01
1.379865492098976347e+03 3.610191329858346010e-01
1.379665112019865774e+03 3.577945138419863502e-01
1.379464854272915773e+03 3.575845805105311026e-01
1.379264841190287143e+03 3.596281981200935562e-01
1.379064705775497714e+03 3.542850251833629116e-01
1.378864570360708512e+03 3.608212482771413487e-01
1.378664557278079883e+03 3.459473155454476645e-01
1.378464544195451026e+03 3.495966180619635155e-01
1.378264653444982969e+03 3.549249036613202346e-01
1.378064885026675711e+03 3.594334310959159118e-01
1.377865116608368226e+03 3.558931083834240838e-01
1.377665470522221312e+03 3.538598686264372017e-01
1.377465824436074627e+03 3.565407468116926770e-01
1.377266300682088513e+03 3.555342050213802230e-01
1.377066776928102172e+03 3.607397506056577718e-01
1.376867253174116058e+03 3.607970765364498233e-01
1.376667851752290517e+03 3.607226645223108319e-01
1.376468450330464975e+03 3.644866502198539360e-01
1.376269293572960805e+03 3.517469154070488879e-01
1.376070014483295836e+03 3.594801768387079210e-01
1.375870857725791438e+03 3.569348391171906498e-01
1.375671700968287269e+03 3.538900049008045223e-01
1.375472666542943671e+03 3.552831877427060636e-01
1.375273876781921217e+03 3.515603606734869491e-01
1.375074964688738191e+03 3.581525172457521999e-01
1.374876052595555166e+03 3.608658854510592429e-01
1.374677262834532712e+03 3.559658472130773355e-01
1.374478473073510258e+03 3.562127013497378147e-01
1.374279927976809176e+03 3.620823297513598993e-01
1.374081260547947522e+03 3.578808857550143108e-01
1.373882715451246213e+03 3.560722571385184776e-01
1.373684170354545131e+03 3.554521814845350014e-01
1.373485747590004621e+03 3.570224564323848937e-01
1.373287447157624683e+03 3.574970889451129508e-01
1.373089024393084401e+03 3.534974260099060239e-01
1.372890846292865035e+03 3.555687026761338299e-01
1.372692668192645897e+03 3.538249812992542709e-01
1.372494490092426531e+03 3.595314959678231892e-01
1.372296556656528537e+03 3.502964242195544808e-01
1.372098500888469971e+03 3.561125466313827537e-01
1.371900567452571977e+03 3.543577884841070391e-01
1.371702511684513411e+03 3.514308194195427393e-01
1.371504822912936561e+03 3.571045180437761868e-01
1.371307134141359938e+03 3.595420614610003729e-01
1.371109445369783089e+03 3.558761348991445472e-01
1.370911756598206466e+03 3.541966124774290070e-01
1.370714067826629616e+03 3.609707586335357821e-01
1.370516501387213566e+03 3.633740663205285437e-01
1.370319179612118660e+03 3.484588821316886298e-01
1.370121735504863182e+03 3.468581804241257505e-01
1.369924413729768276e+03 3.500513300958580931e-01
1.369727091954673597e+03 3.452892493528348372e-01
1.369529892511739263e+03 3.568757355645302831e-01
1.369332815400965728e+03 3.618790168476762048e-01
1.369135493625870822e+03 3.611222012230836942e-01
1.368938538847257860e+03 3.523775634723146366e-01
1.368741584068644897e+03 3.491245617830093795e-01
1.368544629290031935e+03 3.574138875285677308e-01
1.368347796843579772e+03 3.639574637423386161e-01
1.368150964397127382e+03 3.569109938780690716e-01
1.367954131950674991e+03 3.610062545299540515e-01
1.367757544168543973e+03 3.541403643827190639e-01
1.367560834054252155e+03 3.581840297075065682e-01
1.367364246272121136e+03 3.576426187224682751e-01
1.367167903154311261e+03 3.486584525087710884e-01
1.366971315372180243e+03 3.552702580671086019e-01
1.366774972254370368e+03 3.520458080044183147e-01
1.366578506804400149e+03 3.606073333861885000e-01
1.366382286018750847e+03 3.470289991379692518e-01
1.366186187565262344e+03 3.593070947915277813e-01
1.365989966779613042e+03 3.619873993335213647e-01
1.365793868326124539e+03 3.622558932632186091e-01
1.365597769872636036e+03 3.500242039208232292e-01
1.365401793751308105e+03 3.528833878584556882e-01
1.365206062294301319e+03 3.564176708977557784e-01
1.365010086172973388e+03 3.618104395957663644e-01
1.364814354715966829e+03 3.593037472277672562e-01
1.364618500926799470e+03 3.608335550305041273e-01
1.364422891801953483e+03 3.570331154449469802e-01
1.364227282677107496e+03 3.624215530730297563e-01
1.364031673552261509e+03 3.505521763221293718e-01
1.363836186759576094e+03 3.593299446668865582e-01
1.363640699966890679e+03 3.568621057179595102e-01
1.363445335506365836e+03 3.531030831133449843e-01
1.363249971045840994e+03 3.542959415714393434e-01
1.363054728917476950e+03 3.597968890689882127e-01
1.362859609121273479e+03 3.562441436414598983e-01
1.362664244660748636e+03 3.608723293355425299e-01
1.362469247196705737e+03 3.554003696699173931e-01
1.362274249732662838e+03 3.554673299367753225e-01
1.362079374600780511e+03 3.548605482650748488e-01
1.361884377136737612e+03 3.466054658266100597e-01
1.361689502004855285e+03 3.588955377709231453e-01
1.361494626872973186e+03 3.602676873373023558e-01
1.361299874073251431e+03 3.504070277060918337e-01
1.361105243605690475e+03 3.599741941798416667e-01
1.360910735470290092e+03 3.563222676918687548e-01
1.360716105002729137e+03 3.542869272874747955e-01
1.360521596867328753e+03 3.591956029885987056e-01
1.360327088731928370e+03 3.613730981681405607e-01
1.360132580596527987e+03 3.584154628070235216e-01
1.359938439457609547e+03 3.577818709007912212e-01
1.359744175986530308e+03 3.619642593687233956e-01
1.359549912515451297e+03 3.509000114188576824e-01
1.359355771376532857e+03 3.505574302568975620e-01
1.359161630237614190e+03 3.492227769637750168e-01
1.358967611430856323e+03 3.537351532674178900e-01
1.358773714956259255e+03 3.485719195368349177e-01
1.358579696149501387e+03 3.464171127379976900e-01
1.358385799674904092e+03 3.511855677622400806e-01
1.358192025532467596e+03 3.601102491966927110e-01
1.357998251390030873e+03 3.580148810264838777e-01
1.357804599579754949e+03 3.583588997870026938e-01
1.357610947769479026e+03 3.593633958881174983e-01
1.357417418291363674e+03 3.613239811599584517e-01
1.357223888813248323e+03 3.502402737437538827e-01
1.357030359335132971e+03 3.529692533732758375e-01
1.356836952189178191e+03 3.510872757150138024e-01
1.356643667375384211e+03 3.517138015949419216e-01
1.356450382561590004e+03 3.586501114203145546e-01
1.356257220079956596e+03 3.501876248253314450e-01
1.356063935266162616e+03 3.561379801514921173e-01
1.355870895116689780e+03 3.547981226919649234e-01
1.355677732635056145e+03 3.566889391596666514e-01
1.355484937149904681e+03 3.596098901031924977e-01
1.355291897000431845e+03 3.537859159161339528e-01
1.355098979183119582e+03 3.463656817716867509e-01
1.354906183697968117e+03 3.533127728053699901e-01
1.354713388212816426e+03 3.490690201301118734e-01
1.354520837391986333e+03 3.545467450079301530e-01
1.354328164238995214e+03 3.547036212071517092e-01
1.354135491086004322e+03 3.558351178800459036e-01
1.353942940265174002e+03 3.575665073703664931e-01
1.353750389444343682e+03 3.576314277096687699e-01
1.353557960955674162e+03 3.519775373305294441e-01
1.353365777131325558e+03 3.564961825390044470e-01
1.353173470974816610e+03 3.585180824192759630e-01
1.352981164818307434e+03 3.585828007762582592e-01
1.352788980993959058e+03 3.481427964390286234e-01
1.352596797169610682e+03 3.548438601883662225e-01
1.352404735677422877e+03 3.555188784014519099e-01
1.352212796517395645e+03 3.523766618819101915e-01
1.352020857357368641e+03 3.508729801410404026e-01
1.351828918197341409e+03 3.587340158336756457e-01
1.351636979037314177e+03 3.608718437012208291e-01
1.351445162209447744e+03 3.680421057013542607e-01
1.351253345381581084e+03 3.564782512997728969e-01
1.351061895550196596e+03 3.487096532196755083e-01
1.350870201054490735e+03 3.531319395795784466e-01
1.350678628890945447e+03 3.548307720291177247e-01
1.350487179059560731e+03 3.555623896772575621e-01
1.350295729228176015e+03 3.442443790563863293e-01
1.350104279396791526e+03 3.545397570159664613e-01
1.349913074229727954e+03 3.508315266659244869e-01
1.349721746730504037e+03 3.602905479194088989e-01
1.349530541563440693e+03 3.591648305065679447e-01
1.349339336396377348e+03 3.592291819411364551e-01
1.349148253561474576e+03 3.566884887476231003e-01
1.348957170726571803e+03 3.574571266966872218e-01
1.348766210223829603e+03 3.598319486095533093e-01
1.348575372053248202e+03 3.531769820949336447e-01
1.348384411550506002e+03 3.509787350704661746e-01
1.348193573379924374e+03 3.550904897192093124e-01
1.348002857541503545e+03 3.477811038291965251e-01
1.347812141703082716e+03 3.440574930857690505e-01
1.347621548196822459e+03 3.556001981003662493e-01
1.347430832358401631e+03 3.439143990266412820e-01
1.347240361184301946e+03 3.473163689581413305e-01
1.347049890010202489e+03 3.521477220169246247e-01
1.346859418836102805e+03 3.525968364134442479e-01
1.346669069994163692e+03 3.574887909246436957e-01
1.346478843484385379e+03 3.488469188842492907e-01
1.346288616974607066e+03 3.578032256467974515e-01
1.346098390464828753e+03 3.509333043668818042e-01
1.345908286287211013e+03 3.558425092922872790e-01
1.345718182109593272e+03 3.463789133289414957e-01
1.345528077931975531e+03 3.441107570914139213e-01
1.345338218418679162e+03 3.561714711376120501e-01
1.345148236573221993e+03 3.485389595826488551e-01
1.344958377059925624e+03 3.523290233619502665e-01
1.344768639878789600e+03 3.495536742075887604e-01
1.344578780365493230e+03 3.529481557604594588e-01
1.344389165516518005e+03 3.568418025013523343e-01
1.344199428335382208e+03 3.532159270710627519e-01
1.344010058150728128e+03 3.530495679101960937e-01
1.343820443301752903e+03 3.463682584712771129e-01
1.343630950784938477e+03 3.521017310233107711e-01
1.343441580600284396e+03 3.570646827153967640e-01
1.343252210415630543e+03 3.489808120112779521e-01
1.343062962563137262e+03 3.524512914856549606e-01
1.342873714710643981e+03 3.612722274683438095e-01
1.342684589190311272e+03 3.519184291220059935e-01
1.342495341337817990e+03 3.509870778217674681e-01
1.342306338149645853e+03 3.607614354568835502e-01
1.342117334961473716e+03 3.571008495057216847e-01
1.341928331773301579e+03 3.508584837758988439e-01
1.341739450917290242e+03 3.613912392919567673e-01
1.341550692393439476e+03 3.546332827192811288e-01
1.341361933869588711e+03 3.531330427770782987e-01
1.341173175345737945e+03 3.556100772012131817e-01
1.340984416821886953e+03 3.497640879098899980e-01
1.340795780630196759e+03 3.515051555428881924e-01
1.340607266770667366e+03 3.555898350273337116e-01
1.340418752911137744e+03 3.542427532454252015e-01
1.340230361383768923e+03 3.449016785907353388e-01
1.340041969856399874e+03 3.536070370342047631e-01
1.339853578329031052e+03 3.539198580187362109e-01
1.339665309133822802e+03 3.528840018208710960e-01
1.339477039938614553e+03 3.524078208189866945e-01
1.339288770743406076e+03 3.530011967047812504e-01
1.339100746212519198e+03 3.498015154667978854e-01
1.338912721681632092e+03 3.525463476494970494e-01
1.338724574818584415e+03 3.488719977927565163e-01
1.338536672619858109e+03 3.495777080438954854e-01
1.338348770421131576e+03 3.555612694330260726e-01
1.322394944024839560e+03 3.511836223955090430e-01
1.322211812780377613e+03 3.525824697191867751e-01
1.322028681535915666e+03 3.569548519933447572e-01
1.321845550291453947e+03 3.541724147340898909e-01
1.321662663711313371e+03 3.505327858049213097e-01
1.304874287315208903e+03 3.529910667158641657e-01
1.304696171689332914e+03 3.560229375481036018e-01
1.304518178395617497e+03 3.554089824032956590e-01
1.304340185101902080e+03 3.611187146652886093e-01
1.304162191808186662e+03 3.563571967353730274e-01
1.286970119282005953e+03 3.583907797024487030e-01
1.286797263939037066e+03 3.539365024957807360e-01
1.286624286263907379e+03 3.552548095826451591e-01
1.286451430920938265e+03 3.559732139945945839e-01
1.286278575577969377e+03 3.693586575450404363e-01
1.286105842567161062e+03 3.540340126832385304e-01
1.285933109556352520e+03 3.548685068455695313e-01
1.285760376545544204e+03 3.603593619536104020e-01
1.285587765866896461e+03 3.642568592178043740e-01
1.285415155188248718e+03 3.696588808253639113e-01
1.285242789173922120e+03 3.590609715119684742e-01
1.285070300827435176e+03 3.702566237221126544e-01
1.284897812480948005e+03 3.600001960815827906e-01
1.284725446466621406e+03 3.631173290789261321e-01
1.284553080452295035e+03 3.539465966850183221e-01
1.284380836770129008e+03 3.672285237036911343e-01
1.284208593087963209e+03 3.646603240397021661e-01
1.284036349405797409e+03 3.699526298962061421e-01
1.283864228055792182e+03 3.720332937960182940e-01
1.283692106705786955e+03 3.711885226423009554e-01
1.283520107687942300e+03 3.639039564457455800e-01
1.283348108670097645e+03 3.719570403303181227e-01
1.283176109652252990e+03 3.810032429022991440e-01
1.283004232966569134e+03 3.667220303957892669e-01
1.282832356280885051e+03 3.757828464332146901e-01
1.282660724259522340e+03 3.823955345821472007e-01
1.282488969905999056e+03 3.793746673699681105e-01
1.282317215552475773e+03 3.699659159656591423e-01
1.282145583531113061e+03 3.615871552610054884e-01
1.281974073841910922e+03 3.549859079526856975e-01
1.281802441820548211e+03 3.624556675125445993e-01
1.281630932131346071e+03 3.547602532480199633e-01
1.281459422442143932e+03 3.548609722673343736e-01
1.281288035085102592e+03 3.700843546392287298e-01
1.281116647728061025e+03 3.606673491134512743e-01
1.280945260371019685e+03 3.599069350436669423e-01
1.280774117678299490e+03 3.635540727944151507e-01
1.280602852653418495e+03 3.573299512025113756e-01
1.280431587628537727e+03 3.585631806876373173e-01
1.280260567267978104e+03 3.645430367409246419e-01
1.280089424575257908e+03 3.567157135572578408e-01
1.279918526546859084e+03 3.552819085181522230e-01
1.279747506186299461e+03 3.580655137048397441e-01
1.279576608157900409e+03 3.615589252277002785e-01
1.279405710129501585e+03 3.648271224298735849e-01
1.279234934433263106e+03 3.647123356578886311e-01
1.279064036404864282e+03 3.606907939707680866e-01
1.278893383040786603e+03 3.597072636229341480e-01
1.278722607344548351e+03 3.614480861732306538e-01
1.278552076312631243e+03 3.598518945569097460e-01
1.278381422948553563e+03 3.581068580983854388e-01
1.278210891916636456e+03 3.608686245221388589e-01
1.278040360884719348e+03 3.598003959972043142e-01
1.277869952184963040e+03 3.595308808997788041e-01
1.277699543485206505e+03 3.542051295310602033e-01
1.277529134785450196e+03 3.652499574433573648e-01
1.277358848417854233e+03 3.522487861253709163e-01
1.277188562050258497e+03 3.559596204141493581e-01
1.277018520346983905e+03 3.588887935476631763e-01
1.276848356311548741e+03 3.631324561647354954e-01
1.276678192276113577e+03 3.553297024882990374e-01
1.276508150572838986e+03 3.604726321406279688e-01
1.276338231201725193e+03 3.545373839983615993e-01
1.276168189498450602e+03 3.567410937137656668e-01
1.275998270127336809e+03 3.647749032408840186e-01
1.275828350756222790e+03 3.592901620651579586e-01
1.275658553717269569e+03 3.625257666146052826e-01
1.275488756678316122e+03 3.549424532206038041e-01
1.275318959639362902e+03 3.609734059221585412e-01
1.275149407264730826e+03 3.596723790401133436e-01
1.274979610225777606e+03 3.614898516014133922e-01
1.274810057851145530e+03 3.609010367333878033e-01
1.274640505476513681e+03 3.600634998184328306e-01
1.274471075434042177e+03 3.587415682121013472e-01
1.274301523059410101e+03 3.581948286548786164e-01
1.274132215349099397e+03 3.623737677766180609e-01
1.273962907638788693e+03 3.543052471261222136e-01
1.273793599928477761e+03 3.605842250557336759e-01
1.273624414550327629e+03 3.596073032410195824e-01
1.273455229172177496e+03 3.557260757538936446e-01
1.273286166126188164e+03 3.474019959525846413e-01
1.273286043794027364e+03 3.544896674772586853e-01
1.273116980748038031e+03 3.563557754265333499e-01
1.273116858415877232e+03 3.621538197043659979e-01
1.272948040034209043e+03 3.633809747073220575e-01
1.272947917702048471e+03 3.627367422749768200e-01
1.272778976988219483e+03 3.535895206959201453e-01
1.272778854656058911e+03 3.600285389622979726e-01
1.272609913942230150e+03 3.605926829961121904e-01
1.272609791610069351e+03 3.618801358905001098e-01
1.272440850896240590e+03 3.560576325649541518e-01
1.272272032514572402e+03 3.574426862502851354e-01
1.272103214132903986e+03 3.581498932735026064e-01
1.271934395751235797e+03 3.587350658978097906e-01
1.271765699701728181e+03 3.584755185256517374e-01
1.271597003652220565e+03 3.621563327095596585e-01
1.271428307602712948e+03 3.562692697619074256e-01
1.271259733885365904e+03 3.615073247967383052e-01
1.271091160168018860e+03 3.584779982345008276e-01
1.270922708782832615e+03 3.573131218047501667e-01
1.270754257397646143e+03 3.592781800889354726e-01
1.270585806012459898e+03 3.613331536045264469e-01
1.270417599291594797e+03 3.616611750946097104e-01
1.270249270238569125e+03 3.577191427523714884e-01
1.270080941185543224e+03 3.602242439775319438e-01
1.269912734464678124e+03 3.527283636673496647e-01
1.269744650075973823e+03 3.635208667437525021e-01
1.269576443355108495e+03 3.603907475053063636e-01
1.269408358966404194e+03 3.651012114182869417e-01
1.269240396909860237e+03 3.627684362854672884e-01
1.269072434853316508e+03 3.636079973956350964e-01
1.268904472796772552e+03 3.711669074439363225e-01
1.268736510740228823e+03 3.643244688627333416e-01
1.268568793348006238e+03 3.722998926308941914e-01
1.268400953623622854e+03 3.668772690117081958e-01
1.268233113899239697e+03 3.593458391170180621e-01
1.268065518839177685e+03 3.607996716914879110e-01
1.267897801446955100e+03 3.598116594220712727e-01
1.267730206386893315e+03 3.606659363356360393e-01
1.267562611326831302e+03 3.538480251408749888e-01
1.267395260931090661e+03 3.574072773186028340e-01
1.267227665871028648e+03 3.602839035187278549e-01
1.267060193143127208e+03 3.577546789327472054e-01
1.266892842747386567e+03 3.565325143559726073e-01
1.266725492351645926e+03 3.625460239483362934e-01
1.266558264288065857e+03 3.660466468245712757e-01
1.266391158556646360e+03 3.529999129186847107e-01
1.266223930493066291e+03 3.573455525962800916e-01
1.266056824761646794e+03 3.650689229675598835e-01
1.265889719030227297e+03 3.603073045351538606e-01
1.265722613298808028e+03 3.557958079779338645e-01
1.265555629899549103e+03 3.525748929115276598e-01
1.265388646500290406e+03 3.585800946479721363e-01
1.265221907765352853e+03 3.549728903638454391e-01
1.265054924366093928e+03 3.555100008337975237e-01
1.264888063298995803e+03 3.577143883294466864e-01
1.264721324564058250e+03 3.560941458938708393e-01
1.264554585829120697e+03 3.603416310441674431e-01
1.264387969426343716e+03 3.639095607223809536e-01
1.264221353023566735e+03 3.660083177989920111e-01
1.264054736620789981e+03 3.637833314214981018e-01
1.263888242550173572e+03 3.605447015668159505e-01
1.263721748479557391e+03 3.614495339520537032e-01
1.263555254408940982e+03 3.638553439167944159e-01
1.263388882670485373e+03 3.531004780176663083e-01
1.263222510932029763e+03 3.625243236273609782e-01
1.263056261525734726e+03 3.619137448296330661e-01
1.262889889787278889e+03 3.611318550875894928e-01
1.262723762713144652e+03 3.584586448672781867e-01
1.262557513306849614e+03 3.625389672640912386e-01
1.262391386232715149e+03 3.586256473789101173e-01
1.262225381490741256e+03 3.727568294558484263e-01
1.262059376748767590e+03 3.648120295499563959e-01
1.261893372006793697e+03 3.650988461748724823e-01
1.261727367264820032e+03 3.560504686748047765e-01
1.261561607187167510e+03 3.540036308407016885e-01
1.261395847109514989e+03 3.523347452846598005e-01
1.261229964699701895e+03 3.469318412586533951e-01
1.261064204622049374e+03 3.653576601276560254e-01
1.260898566876557425e+03 3.621210809542189657e-01
1.260732929131065475e+03 3.551924539601646336e-01
1.260567291385573526e+03 3.544498738677996919e-01
1.260401653640081804e+03 3.551621733877399767e-01
1.260236138226750427e+03 3.586834856392320248e-01
1.260070745145579849e+03 3.606241114040978912e-01
1.259905229732248472e+03 3.530387301955371648e-01
1.259739958983238466e+03 3.561782209022524848e-01
1.259574565902067889e+03 3.538829623874847896e-01
1.259409295153057883e+03 3.546090264834046435e-01
