# Wavelength, Reflectance
1.644614996020794024e+03 3.414152570661803110e-01
1.643748907153606524e+03 3.472527716963014210e-01
1.642883672778606524e+03 3.604249148269285108e-01
1.642019414966106524e+03 3.402335629915235193e-01
1.641156011645794024e+03 3.544160012258750214e-01
1.640293706958294024e+03 3.425191720614347846e-01
1.639432256762981524e+03 3.627227683178378959e-01
1.638571783130169024e+03 3.556696089137199035e-01
1.637712163989544024e+03 3.396786287205616484e-01
1.636853643481731524e+03 3.588443143280078962e-01
1.635995977466106524e+03 3.479820069668936866e-01
1.635139288012981524e+03 3.597076643059977652e-01
1.634283575122356524e+03 3.605493016800847550e-01
1.633428716723919024e+03 3.640372743498708763e-01
1.632574834887981524e+03 3.670158992287509969e-01
1.631721807544231524e+03 3.726025986444067573e-01
1.630869756762981524e+03 3.529008743130530590e-01
1.630018682544231524e+03 3.538719455885838139e-01
1.629168462817669024e+03 3.400859272721848403e-01
1.628319219653606524e+03 3.389212644600614333e-01
1.627470830981731524e+03 3.619872991893632319e-01
1.626623418872356524e+03 3.605095136595224403e-01
1.625776983325481524e+03 3.410292605585535930e-01
1.624931524341106524e+03 3.654059043629027670e-01
1.624086797778606524e+03 3.559149484123999563e-01
1.623243169848919024e+03 3.583601165090953833e-01
1.622400274341106524e+03 3.612972737460981021e-01
1.621558477466106524e+03 3.547538601895038890e-01
1.620717413012981524e+03 3.600487292615383583e-01
1.619877447192669024e+03 3.594269372187783307e-01
1.619038213794231524e+03 3.586104994829574233e-01
1.618199956958294024e+03 3.484788010349620380e-01
1.617362554614544024e+03 3.349436164397177063e-01
1.616526128833294024e+03 3.447975671213455162e-01
1.615690557544231524e+03 3.606705624760270235e-01
1.614855962817669024e+03 3.300602196595457394e-01
1.614022344653606524e+03 3.431660256119791752e-01
1.613189458911419024e+03 3.481611063938214179e-01
1.612357549731731524e+03 3.457278160022270175e-01
1.611526495044231524e+03 3.497580907892929303e-01
1.610696416919231524e+03 3.547191658266268255e-01
1.609867193286419024e+03 3.443547715995584624e-01
1.609038824145794024e+03 3.480254845598895197e-01
1.608211431567669024e+03 3.340886200148114882e-01
1.607384771411419024e+03 3.463058368308273294e-01
1.606559087817669024e+03 3.530262665685695578e-01
1.605734380786419024e+03 3.446779842978076047e-01
1.604910528247356524e+03 3.433387984253735148e-01
1.604087408130169024e+03 3.262414730405604479e-01
1.603265264575481524e+03 3.375958640390740451e-01
1.602444097583294024e+03 3.307056002244718740e-01
1.601623663012981524e+03 3.372220487274054102e-01
1.600804205005169024e+03 3.471090862000781874e-01
1.599985601489544024e+03 3.250781179540435661e-01
1.599167852466106524e+03 3.304678143580046523e-01
1.598350957934856524e+03 3.416578668689704834e-01
1.597534795825481524e+03 3.377032175504574574e-01
1.596719976489544024e+03 3.300130089982055703e-01
1.595905645434856524e+03 3.497276315785884937e-01
1.595092168872356524e+03 3.421477880775217750e-01
1.594279790942669024e+03 3.491638783313836814e-01
1.593468023364544024e+03 3.583544284848380057e-01
1.592657232348919024e+03 3.423616606533417261e-01
1.591847417895794024e+03 3.450750457449588415e-01
1.591038335864544024e+03 3.416647531029522455e-01
1.590230230395794024e+03 3.315455274396065244e-01
1.589422735278606524e+03 3.369716938213641044e-01
1.588616094653606524e+03 3.510328175591784783e-01
1.587810674731731524e+03 3.407179321021400753e-01
1.587005865161419024e+03 3.535157731237854595e-01
1.586201910083294024e+03 3.340107773259742285e-01
1.585398931567669024e+03 3.387584418667045627e-01
1.584596685473919024e+03 3.433268091387451371e-01
1.583795293872356524e+03 3.352004518444751668e-01
1.582994878833294024e+03 3.459829491020148806e-01
1.582195196216106524e+03 3.424441964395302795e-01
1.581396490161419024e+03 3.473021498533125917e-01
1.580598394458294024e+03 3.387083305443989167e-01
1.579801153247356524e+03 3.461954998223171209e-01
1.579005010669231524e+03 3.393470208370827357e-01
1.578209478442669024e+03 3.478845633182094388e-01
1.577414922778606524e+03 3.225278490862824587e-01
1.576621221606731524e+03 3.425156593287000950e-01
1.575828252856731524e+03 3.364438264105897303e-01
1.575036016528606524e+03 3.340084251444379593e-01
1.574244756762981524e+03 3.246863223893495243e-01
1.573454351489544024e+03 3.311557343520232233e-01
1.572664800708294024e+03 3.456713566945354699e-01
1.571875982348919024e+03 3.423378265191861503e-01
1.571087896411419024e+03 3.334668630940315071e-01
1.570300909106731524e+03 3.363391203460667223e-01
1.569514532153606524e+03 3.459784804405321990e-01
1.568729253833294024e+03 3.473857172556779060e-01
1.567944463794231524e+03 3.467850849016003156e-01
1.567160650317669024e+03 3.377868301815638574e-01
1.566377691333294024e+03 3.461280538950121111e-01
1.565595464770794024e+03 3.481205329656302250e-01
1.564814092700481524e+03 3.447066730103834353e-01
1.564033575122356524e+03 3.457757805924009942e-01
1.563253912036419024e+03 3.450739873279498604e-01
1.562474859302044024e+03 3.394869572546835856e-01
1.561696783130169024e+03 3.383139455191527811e-01
1.560919561450481524e+03 3.439349729365436814e-01
1.560143072192669024e+03 3.427034175508711367e-01
1.559367315356731524e+03 3.470119391717449986e-01
1.558592413012981524e+03 3.414170096187887360e-01
1.557818487231731524e+03 3.438438286406018674e-01
1.557045171802044024e+03 3.446477607346335459e-01
1.556272710864544024e+03 3.376982108909666325e-01
1.555500982348919024e+03 3.424436915208507459e-01
1.554730230395794024e+03 3.399148814187619161e-01
1.553960088794231524e+03 3.357579562238200976e-01
1.553190923755169024e+03 3.412875340849556571e-01
1.553190801684856524e+03 3.381514355530310656e-01
1.552934698169231524e+03 3.355058055803362138e-01
1.552678472583294024e+03 3.502319080842422605e-01
1.552422491137981524e+03 3.352080050407009737e-01
1.552422369067669024e+03 3.477226177634051840e-01
1.552166509692669024e+03 3.402348088133064219e-01
1.551654790942669024e+03 3.344403066336226193e-01
1.550887945239544024e+03 3.359582593202587453e-01
1.550121831958294024e+03 3.437465528572539730e-01
1.549356573169231524e+03 3.464613924777604215e-01
1.548592168872356524e+03 3.408451011562316779e-01
1.547828374927044024e+03 3.347841856775409797e-01
1.547065435473919024e+03 3.438791951107897371e-01
1.546303350512981524e+03 3.391330238716604994e-01
1.545542120044231524e+03 3.395237368952887524e-01
1.544781499927044024e+03 3.424167195384907880e-01
1.544021612231731524e+03 3.346211352618215784e-01
1.543262701098919024e+03 3.353921520148357427e-01
1.542504644458294024e+03 3.482325586257878913e-01
1.541747198169231524e+03 3.302540995925267731e-01
1.540990484302044024e+03 3.436994854830237034e-01
1.540234624927044024e+03 3.379874054410970108e-01
1.539479497973919024e+03 3.333636108274129484e-01
1.538725347583294024e+03 3.477342644338168864e-01
1.537971807544231524e+03 3.450379228574602108e-01
1.537218999927044024e+03 3.339128402578317445e-01
1.536467046802044024e+03 3.393656784418078165e-01
1.535715581958294024e+03 3.342386952316835913e-01
1.534965459887981524e+03 3.381861107398905775e-01
1.534215581958294024e+03 3.392810493869288235e-01
1.533466802661419024e+03 3.387755853660822658e-01
1.532718633716106524e+03 3.365980818928700491e-01
1.531971197192669024e+03 3.343214102239646657e-01
1.531224737231731524e+03 3.432107346524646552e-01
1.530478887622356524e+03 3.352726436967622403e-01
1.529733770434856524e+03 3.379714954430474427e-01
1.528989385669231524e+03 3.420076080893223458e-01
1.528245855395794024e+03 3.499410801662510839e-01
1.527502813403606524e+03 3.402559300120809871e-01
1.526760992114544024e+03 3.390001114418567107e-01
1.526019537036419024e+03 3.348915911725114936e-01
1.525279180591106524e+03 3.422154086534033857e-01
1.524539312427044024e+03 3.445538669093453077e-01
1.523800298755169024e+03 3.494576250392796846e-01
1.523062017505169024e+03 3.427556480960681218e-01
1.522324590747356524e+03 3.355746614952838658e-01
1.521587774341106524e+03 3.389454836621197398e-01
1.520851690356731524e+03 3.421440805595512002e-01
1.520116338794231524e+03 3.401830978010488282e-01
1.519381841723919024e+03 3.368009832998675179e-01
1.518647955005169024e+03 3.350121465827435308e-01
1.517914800708294024e+03 3.345245265186077011e-01
1.517182745044231524e+03 3.415768167814054457e-01
1.516451177661419024e+03 3.381164372223141035e-01
1.515720220630169024e+03 3.409475706162058417e-01
1.515476934497356524e+03 3.396775662292281228e-01
1.515233648364544024e+03 3.364229198658822417e-01
1.514990240161419024e+03 3.363239439329431257e-01
1.514990118091106524e+03 3.377327391897267939e-01
1.514747076098919024e+03 3.376090841438498247e-01
1.514504034106731524e+03 3.353841087990080960e-01
1.514260747973919024e+03 3.384740187848311876e-01
1.513532110278606524e+03 3.440218034189493346e-01
1.512804205005169024e+03 3.445895848144022722e-01
1.512077032153606524e+03 3.402547494561504182e-01
1.511350713794231524e+03 3.441251759022334600e-01
1.510625005786419024e+03 3.397580835625474416e-01
1.509900030200481524e+03 3.534482964837701857e-01
1.509175787036419024e+03 3.472930040572048127e-01
1.508452276294231524e+03 3.418653164437636116e-01
1.507729497973919024e+03 3.400008763670629430e-01
1.507007452075481524e+03 3.438780565565661695e-01
1.506286138598919024e+03 3.445741024499426319e-01
1.505565557544231524e+03 3.458937907236714904e-01
1.504845830981731524e+03 3.372788462969343870e-01
1.504126592700481524e+03 3.452795530055147721e-01
1.503408193646337622e+03 3.439159594740072712e-01
1.502689085308800486e+03 3.406921781529919091e-01
1.501970710755281289e+03 3.384214791157980073e-01
1.501253192283116050e+03 3.420149275050423654e-01
1.500536285297632503e+03 3.443676694439264940e-01
1.499820112096166895e+03 3.430204016027252889e-01
1.499104672678719226e+03 3.438718614611615543e-01
1.498389844747953020e+03 3.310829262606101442e-01
1.497675872898541229e+03 3.410767250664369921e-01
1.496962512535810902e+03 3.456272710327752407e-01
1.496250008254434761e+03 3.484721455137248514e-01
1.495538115459740084e+03 3.416157755894699277e-01
1.494826956449063573e+03 3.413209318141676163e-01
1.494116408925068299e+03 3.444803334201695932e-01
1.493406717482427439e+03 3.304047593036062991e-01
1.492697637526468270e+03 3.435742378504380024e-01
1.491989291354526813e+03 3.444029308456530991e-01
1.491281678966603295e+03 3.305709025963345926e-01
1.490574678065361468e+03 3.414580596549443570e-01
1.489868410948137353e+03 3.444696100602970268e-01
1.489162877614931176e+03 3.473115214204017809e-01
1.488458078065742939e+03 3.333964908879283318e-01
1.487753890003236393e+03 3.389817057013109758e-01
1.487050435724747558e+03 3.367846498965711421e-01
1.486347592932940415e+03 3.382778479688380857e-01
1.485645606222487459e+03 3.426779869488585373e-01
1.484944230998715966e+03 3.455597307686624209e-01
1.484243589558962412e+03 3.349996219747412018e-01
1.483543559605890550e+03 3.385559739432573156e-01
1.482844385734172874e+03 3.339968059186363969e-01
1.482145701051800415e+03 3.389924889241278105e-01
1.481447872450782143e+03 3.344943423089613010e-01
1.480750655336445561e+03 3.432216379863655131e-01
1.480054049708790444e+03 3.438922399141876030e-01
1.479358300162489513e+03 3.295831262166089570e-01
1.478663039805534027e+03 3.331100230648196825e-01
1.477968635529932499e+03 3.393707601096299653e-01
1.477274842741012662e+03 3.379721044128246588e-01
1.476581783736110765e+03 3.394718321750445078e-01
1.475889336217890559e+03 3.378593401935393037e-01
1.475197622483688065e+03 3.414668887581663315e-01
1.474506520236167034e+03 3.371691806481983411e-01
1.473816151772664170e+03 3.473011315892832185e-01
1.473126394795842771e+03 3.426781347424811552e-01
1.472437371603039310e+03 3.304823957077894780e-01
1.471749082194253560e+03 3.328454719417413554e-01
1.471061404272149730e+03 3.395011176357208282e-01
1.470374460134063611e+03 3.351113208305396829e-01
1.469688127482658956e+03 3.357619600377157454e-01
1.469002406317935993e+03 3.415387498683672973e-01
1.468317418937230968e+03 3.368860597144585634e-01
1.467633165340543655e+03 3.381399006734993051e-01
1.466949523230538034e+03 3.431161178337245321e-01
1.466266492607214104e+03 3.404483478892120774e-01
1.465584195767908113e+03 3.283318582498023774e-01
1.464902510415283359e+03 3.416828066890011950e-01
1.464221558846676771e+03 3.356376806531998214e-01
1.463541218764751648e+03 3.490518821363429169e-01
1.462861612466844463e+03 3.456099869589693285e-01
1.462182617655618969e+03 3.454693393807521939e-01
1.461504234331074940e+03 3.330510191095009120e-01
1.460826462493212603e+03 3.400369962779535293e-01
1.460149546736704224e+03 3.318856312388645535e-01
1.459473120169541289e+03 3.459525222722564242e-01
1.458797427386396294e+03 3.399414595415521378e-01
1.458122346089932762e+03 3.424772089732461278e-01
1.457447998577487169e+03 3.359119408391224582e-01
1.456774262551723041e+03 3.363422814000840977e-01
1.456101138012640604e+03 3.424541776068629195e-01
1.455428747257576106e+03 3.319877786923646767e-01
1.454756967989193299e+03 3.330061178164694380e-01
1.454085800207491729e+03 3.455595536013504887e-01
1.453415243912472079e+03 3.375588567342847623e-01
1.452745543698806387e+03 3.372497946088847121e-01
1.452076332674486139e+03 3.368433871514465161e-01
1.451407733136847355e+03 3.385066881785672166e-01
1.450739867383226510e+03 3.352619015592716578e-01
1.450072613116287130e+03 3.318952294400127623e-01
1.449405970336029441e+03 3.436035600840215420e-01
1.448740061339789690e+03 3.365026879521172964e-01
1.448074763830231404e+03 3.443342512261924337e-01
1.447409955510018563e+03 3.324869895606832326e-01
1.446746003271159680e+03 3.442898710900997306e-01
1.446082540221646241e+03 3.349729894727461743e-01
1.445419933253486988e+03 3.343275697819851344e-01
1.444757693177336705e+03 3.319429143131358839e-01
1.444096186885204133e+03 3.388652618636786573e-01
1.443435414377089728e+03 3.363439181812299950e-01
1.442775131058320540e+03 3.395932810831836512e-01
1.442115581523569062e+03 3.299481409010718291e-01
1.441456643475499277e+03 3.323472836734948088e-01
1.440798316914110956e+03 3.352983280965773361e-01
1.440140479542068078e+03 3.354687488873188128e-01
1.439483620548715635e+03 3.349229166971477989e-01
1.439483498251379388e+03 3.332385466009388231e-01
1.439264708316710312e+03 3.289672131071285643e-01
1.439045796084704989e+03 3.334703060249335493e-01
1.438827128447372161e+03 3.242822363485319270e-01
1.438827006150035913e+03 3.251224738717355400e-01
1.438608338512703085e+03 3.221368646851793804e-01
1.438389793172706732e+03 3.367077609626171197e-01
1.438171370130046625e+03 3.266865420949391918e-01
1.438171247832710378e+03 3.422789815297617166e-01
1.437952824790050272e+03 3.377450982797555179e-01
1.437734524044726413e+03 3.315257403039477690e-01
1.437516223299402554e+03 3.207330183029575288e-01
1.437516101002066307e+03 3.207317041925679679e-01
1.437297677959406201e+03 3.263732772690742245e-01
1.437079621808755064e+03 3.277698019887466119e-01
1.436861687955440175e+03 3.254842565614433636e-01
1.436861565658103927e+03 3.222108320478237475e-01
1.436643509507452563e+03 3.248287014800007588e-01
1.436425453356801427e+03 3.124945372553243894e-01
1.436207641800823012e+03 3.254655866950847964e-01
1.435989830244844370e+03 3.253030436783825863e-01
1.435772018688865955e+03 3.261632956152578089e-01
1.435554329430223788e+03 3.253979386339172497e-01
1.435336762468917868e+03 3.368601849734113585e-01
1.435119195507611948e+03 3.427059460484523923e-01
1.434901628546306029e+03 3.375674238604437494e-01
1.434684306179672831e+03 3.442545997006477010e-01
1.434466861515703158e+03 3.396611038782332281e-01
1.434249539149069960e+03 3.431883947491345954e-01
1.434032339079773010e+03 3.340706471912860964e-01
1.433815261307812307e+03 3.362123627070417453e-01
1.433598183535851604e+03 3.293418808253729679e-01
1.433381105763891128e+03 3.189687096453462378e-01
1.433164272586603147e+03 3.239001035995362487e-01
1.432947317111978691e+03 3.208816566874398979e-01
1.432730483934690710e+03 3.202050934774984259e-01
1.432513773054738976e+03 3.139346980594649450e-01
1.432297184472123718e+03 3.163897824293907535e-01
1.432080595889508231e+03 3.085738916389924036e-01
1.431864007306892972e+03 2.954031647254529158e-01
1.431647541021613961e+03 2.973688932569790722e-01
1.431431197033671197e+03 2.991683888091490329e-01
1.431214853045728432e+03 3.133561702670762394e-01
1.430998631355121915e+03 3.131963779495755551e-01
1.430782531961851873e+03 3.194208244969189425e-01
1.430566310271245356e+03 3.338668507526376672e-01
1.430350210877975314e+03 3.297056063071402976e-01
1.430134111484705272e+03 3.398617779103839665e-01
1.429918378983444200e+03 3.376371246153987982e-01
1.429702524184846652e+03 3.318807977135941889e-01
1.429486791683585352e+03 3.362615982625761779e-01
1.429271181479660527e+03 3.420763544070561935e-01
1.429055448978399454e+03 3.355732786459163508e-01
1.428839838774474629e+03 3.311691057145840222e-01
1.428624350867886051e+03 3.401574638076020340e-01
1.428408985258633948e+03 3.511557705312278177e-01
1.428193619649381617e+03 3.412229302060973413e-01
1.427978254040129514e+03 3.382559033909316448e-01
1.427763010728213658e+03 3.504731107063669415e-01
1.427548012010970297e+03 3.469757006310679737e-01
1.427332768699054441e+03 3.430738674203335226e-01
1.427117769981811080e+03 3.371239420822529365e-01
1.426902893561904193e+03 3.461782282464860305e-01
1.426688017141997307e+03 3.508387188641605703e-01
1.426473140722090193e+03 3.484060654753676767e-01
1.426258386599519554e+03 3.570356504053412428e-01
1.426043754774285389e+03 3.335403316840949151e-01
1.425829122949050998e+03 3.415099903556180760e-01
1.425614613421153081e+03 3.384813876789121156e-01
1.425400103893254936e+03 3.349319415042305015e-01
1.425185716662693267e+03 3.504309076682733393e-01
1.424971329432131597e+03 3.416017459868740946e-01
1.424757064498906402e+03 3.472440298396211045e-01
1.424542677268344505e+03 3.367536330268143807e-01
1.424328779227128280e+03 3.430677714298809300e-01
1.424114636591239105e+03 3.492087081915253854e-01
1.423900616252686405e+03 3.401886479651963224e-01
1.423686718211469952e+03 3.389816998472428011e-01
1.423472820170253499e+03 3.350614228218053436e-01
1.423259044426373521e+03 3.409521443185005163e-01
1.423045146385157068e+03 3.415366022443105387e-01
1.422831737533285832e+03 3.345355793854108417e-01
1.422618084086742101e+03 3.356109707466932712e-01
1.422404552937534618e+03 3.360295524695554592e-01
1.422191021788327134e+03 3.419465218120684713e-01
1.421977735233792373e+03 3.492862178936825823e-01
1.421764326381921137e+03 3.437550014324812220e-01
1.421551039827386376e+03 3.458591626623824244e-01
1.421337753272851387e+03 3.360733789184238707e-01
1.421124711312989348e+03 3.390714625843965768e-01
1.420911669353127081e+03 3.373559548072518899e-01
1.420698627393264815e+03 3.367202868889574985e-01
1.420485830028075270e+03 3.398386892600029352e-01
1.420272788068213003e+03 3.533096982072408965e-01
1.420060113000359706e+03 3.419761027758067562e-01
1.419847315635170162e+03 3.421579236360827170e-01
1.419634762864653339e+03 3.466378650925358573e-01
1.419422087796800042e+03 3.418801378602362440e-01
1.419209535026282992e+03 3.393974241498526334e-01
1.418997104553102417e+03 3.374932764637583182e-01
1.418784796377258090e+03 3.457372674442767968e-01
1.418572488201413762e+03 3.458624589002607941e-01
1.418360180025569434e+03 3.419592292108089016e-01
1.418147871849725107e+03 3.299862509021279644e-01
1.417935930565889748e+03 3.422234121239590143e-01
1.417723744687381668e+03 3.438251215844280728e-01
1.417511681106210062e+03 3.368573700030533247e-01
1.417299862119710951e+03 3.451409978603676709e-01
1.417088043133212068e+03 3.329224592088387835e-01
1.416876224146712957e+03 3.447841007840583560e-01
1.416664405160213846e+03 3.535680779212652669e-01
1.416452830768387457e+03 3.449023287357868561e-01
1.416241256376561068e+03 3.408997404006416931e-01
1.416029681984734680e+03 3.460582558256825036e-01
1.415818229890244538e+03 3.322990668040488038e-01
1.415606777795754397e+03 3.422335414639118278e-01
1.415395570295936977e+03 3.428461939678759673e-01
1.415184240498783083e+03 3.365327023219533142e-01
1.414973032998965664e+03 3.397550142577777099e-01
1.414761825499148244e+03 3.373837061069803189e-01
1.414550862594003320e+03 3.382701989943851517e-01
1.414339899688858623e+03 3.406532612974298435e-01
1.414128936783713698e+03 3.441009597456777258e-01
1.413918096175905248e+03 3.327178926590327879e-01
1.413707377865433045e+03 3.465358263426376872e-01
1.413496537257624368e+03 3.417805316742288935e-01
1.413285696649815918e+03 3.390040337746592081e-01
1.413075345231352685e+03 3.531207886543291652e-01
1.412864749218216730e+03 3.452158051283644169e-01
1.412654275502417249e+03 3.460945207229819687e-01
1.412443801786617541e+03 3.419955440617236664e-01
1.412233572665490556e+03 3.433462855572377292e-01
1.412023343544363797e+03 3.488454647558758004e-01
1.411813114423236811e+03 3.503173077916302280e-01
1.411602885302109826e+03 3.405127388740139538e-01
1.411392900775655562e+03 3.498861407002513135e-01
1.411182916249201071e+03 3.373305878839936156e-01
1.410972931722746807e+03 3.489322765907276747e-01
1.410762947196292544e+03 3.396102812012657957e-01
1.410553207264510775e+03 3.518965758047516990e-01
1.410343467332729233e+03 3.416322246033829391e-01
1.410133849698283711e+03 3.448319599977022754e-01
1.409924109766502170e+03 3.334347229587522055e-01
1.409714736726729370e+03 3.362382071959700292e-01
1.409505119092284076e+03 3.337109210785476621e-01
1.409295746052511277e+03 3.319482155722589534e-01
1.409086373012738477e+03 3.383763798475438733e-01
1.408877122270302152e+03 3.407516681190992935e-01
1.408667871527865827e+03 3.419173691157788020e-01
1.408458743082765523e+03 3.424345863120221711e-01
1.408249614637665445e+03 3.383049305091949122e-01
1.408040608489901842e+03 3.506784838594088072e-01
1.407831602342138012e+03 3.394279994675334367e-01
1.407622718491710430e+03 3.397223731925148038e-01
1.407413834641283074e+03 3.354280802967638531e-01
1.407205073088191739e+03 3.432217931374360598e-01
1.406996433832437106e+03 3.432578829828480393e-01
1.406787794576682245e+03 3.447380338561970015e-01
1.406579155320927384e+03 3.460144550537197494e-01
1.406370638362508771e+03 3.458081355219918551e-01
1.406162365998762880e+03 3.455288037322211681e-01
1.405953849040344494e+03 3.372710845649746214e-01
1.405745576676598603e+03 3.424652370423790226e-01
1.405537304312852712e+03 3.511894236729052876e-01
1.405329154246443068e+03 3.438368836895181468e-01
1.405121004180033424e+03 3.453274498663428393e-01
1.404912976410960255e+03 3.360129032400268057e-01
1.404704948641886858e+03 3.431064445119649808e-01
1.404497165467486411e+03 3.431396110602161764e-01
1.404289259995749262e+03 3.507243295139850781e-01
1.404081354524012340e+03 3.423301317289379475e-01
1.403873693646948141e+03 3.526946804541783442e-01
1.403666032769883714e+03 3.458697810047319243e-01
1.403458494190155761e+03 3.450247813861616053e-01
1.403250833313091562e+03 3.433649037092001421e-01
1.403043417030699857e+03 3.455134574436636852e-01
1.402836123045644399e+03 3.417238969257462844e-01
1.402628706763252694e+03 3.461255612512674218e-01
1.402421412778197464e+03 3.475730812056647689e-01
1.402214118793142006e+03 3.484304230326168428e-01
1.402007069402759271e+03 3.431480084662334451e-01
1.401800020012376535e+03 3.462553148895594068e-01
1.401592970621993800e+03 3.441554293763423589e-01
1.401385921231611064e+03 3.379288265298490690e-01
1.401178994138564576e+03 3.420118141823351721e-01
1.400972189342854563e+03 3.423263430709239663e-01
1.400765506844480797e+03 3.456333114704039922e-01
1.400558824346107031e+03 3.500863243415931469e-01
1.400352141847733265e+03 3.362112942695931195e-01
1.400145581646695746e+03 3.377878213280685604e-01
1.399939143742994474e+03 3.369283757374367250e-01
1.399732583541957183e+03 3.391933769244218633e-01
1.399526267935592159e+03 3.511487900687278452e-01
1.399319952329227362e+03 3.425097257332772593e-01
1.399113759020198813e+03 3.451244425659693582e-01
1.398907443413834017e+03 3.530053995930925725e-01
1.398701372402141942e+03 3.435397824755370699e-01
1.398495423687785888e+03 3.466016482693207168e-01
1.398289230378757338e+03 3.459014334880312069e-01
1.398083403961737758e+03 3.500040684947926528e-01
1.397877455247381931e+03 3.434573026375813964e-01
1.397671628830362351e+03 3.364314777126369282e-01
1.397466047008015494e+03 3.470985699875572261e-01
1.397260342888332161e+03 3.402708132310242051e-01
1.397054638768649056e+03 3.464877601873223578e-01
1.396848934648965724e+03 3.413218199165036215e-01
1.396643719718627608e+03 3.378614742412676675e-01
1.396438260193616998e+03 3.451188781674511818e-01
1.396232800668606387e+03 3.366506804995427204e-01
1.396027585738268499e+03 3.401854176846849098e-01
1.395822370807930383e+03 3.482128922673911053e-01
1.395617155877592495e+03 3.422179296695596618e-01
1.395412063244590854e+03 3.480408651486444627e-01
1.395206970611588986e+03 3.426794046441799524e-01
1.395002000275923820e+03 3.461029252072624907e-01
1.394797152237594673e+03 3.460575399617164538e-01
1.394592304199265527e+03 3.456463365532710941e-01
1.394387456160936608e+03 3.449172550354392408e-01
1.394182608122607462e+03 3.531842802795461811e-01
1.393978126976287513e+03 3.449857540310221071e-01
1.393773523532631089e+03 3.404582062062406211e-01
1.393568920088974664e+03 3.485192107830857311e-01
1.393364438942654488e+03 3.397423860815235730e-01
1.393160080093670786e+03 3.529417617505262172e-01
1.392955721244686856e+03 3.300389930795308846e-01
1.392751484693039401e+03 3.440024459243951060e-01
1.392547248141391947e+03 3.491719231568317094e-01
1.392343011589744492e+03 3.451109880313225076e-01
1.392139019632769759e+03 3.427305081398502318e-01
1.391934905378458552e+03 3.453739292051025145e-01
1.391730913421483592e+03 3.470161668611669858e-01
1.391526921464508860e+03 3.451710541880257943e-01
1.391323296399542869e+03 3.447811642449103986e-01
1.391119426739904384e+03 3.337177663959380314e-01
1.390915679377602146e+03 3.352008806833000620e-01
1.390712054312636383e+03 3.414490453439466555e-01
1.390508429247670392e+03 3.534569024732712728e-01
1.390304926480040876e+03 3.490086325305231107e-01
1.390101423712411361e+03 3.409723683493075530e-01
1.389898043242118092e+03 3.531025648206075895e-01
1.389694662771824824e+03 3.361324686492102032e-01
1.389491526896204050e+03 3.455554782165373706e-01
1.389288268723247256e+03 3.472406183977725935e-01
1.389085010550290235e+03 3.454261285738940979e-01
1.388881874674669689e+03 3.421173141832108411e-01
1.388678861096385390e+03 3.456178172620994471e-01
1.388475969815437338e+03 3.397999293214297722e-01
1.388273078534489287e+03 3.423401626053201308e-01
1.388070187253541462e+03 3.462971875885165751e-01
1.387867418269929658e+03 3.446036415699570976e-01
1.387664771583654328e+03 3.403124070935376055e-01
1.387462002600042524e+03 3.370225002934599812e-01
1.387259478211103669e+03 3.396879390721745384e-01
1.387056953822164587e+03 3.535209023145928775e-01
1.386854429433225505e+03 3.454559158638614846e-01
1.386652027341622670e+03 3.481817819643576728e-01
1.386449747547356310e+03 3.369457494026830147e-01
1.386247345455753702e+03 3.455998692277322260e-01
1.386045187958823590e+03 3.432532131199925174e-01
1.385843030461893477e+03 3.483538219866542662e-01
1.385640995262299612e+03 3.399558210305762551e-01
1.385438960062705746e+03 3.511124545340999492e-01
1.385236924863112108e+03 3.483109539801184651e-01
1.385035011960854490e+03 3.413004642238560149e-01
1.384833099058597099e+03 3.401589216800257054e-01
1.384631430751012203e+03 3.439678850875900196e-01
1.384429640146091060e+03 3.446460441276278930e-01
1.384227971838506392e+03 3.452552482701024550e-01
1.384026303530921496e+03 3.442761260477094631e-01
1.383824879818009322e+03 3.463264847615700748e-01
1.383623333807760673e+03 3.431699560297121199e-01
1.383421910094848499e+03 3.453461168790157299e-01
1.383220486381936325e+03 3.403713237076467224e-01
1.383019307263696646e+03 3.435808013027857322e-01
1.382818128145457194e+03 3.424678071010059943e-01
1.382616826729881268e+03 3.438328029798591312e-01
1.382415769908978064e+03 3.443673582594202753e-01
1.382214713088074859e+03 3.423096353922358004e-01
1.382013778564507902e+03 3.405450058873365493e-01
1.381812844040940945e+03 3.441172560401303260e-01
1.381611909517373988e+03 3.465025649175683675e-01
1.381411097291143278e+03 3.474386718766158677e-01
1.381210285064912796e+03 3.453782828789460080e-01
1.381009717433354808e+03 3.505790240498412591e-01
1.380809149801796821e+03 3.439149873364350518e-01
1.380608582170238833e+03 3.570062048659048415e-01
1.380408014538680845e+03 3.392429435454670794e-01
1.380207569204459105e+03 3.472160104145983195e-01
1.380007246167573612e+03 3.432845707737576246e-01
1.379806923130688347e+03 3.523644263361929707e-01
1.379606600093803081e+03 3.553026585225665945e-01
1.379406399354253836e+03 3.518897836058355599e-01
1.379206443209377539e+03 3.577867840240033237e-01
1.379006364767164769e+03 3.423139470167307352e-01
1.378806286324951998e+03 3.445245721866961319e-01
1.378606330180075702e+03 3.428560956443416075e-01
1.378406374035199178e+03 3.453966286802830910e-01
1.378206540187659130e+03 3.538543938797885646e-01
1.378006828637455328e+03 3.479178787330660660e-01
1.377807117087251527e+03 3.431309561892277316e-01
1.377607527834384200e+03 3.433948808068223446e-01
1.377407938581516646e+03 3.504296186003393321e-01
1.377208471625985567e+03 3.509626448178848057e-01
1.377009004670454260e+03 3.483347669750927467e-01
1.376809537714923181e+03 3.440325373755475091e-01
1.376610193056728349e+03 3.528875616278462912e-01
1.376410848398533517e+03 3.552971399866965974e-01
1.376211748335011407e+03 3.505622254742447041e-01
1.376012525974152823e+03 3.475673642245493689e-01
1.375813425910630485e+03 3.519001801507258276e-01
1.375614325847108375e+03 3.426712403135306895e-01
1.375415348080922513e+03 3.421031708632754631e-01
1.375216614909409145e+03 3.524617257396490677e-01
1.375017759440559757e+03 3.492617198234049813e-01
1.374818903971710142e+03 3.518935428634902274e-01
1.374620170800196775e+03 3.517983778049125210e-01
1.374421437628683634e+03 3.443885767397139586e-01
1.374222949051842988e+03 3.528422441112042396e-01
1.374024338177666095e+03 3.480088735941990197e-01
1.373825849600825450e+03 3.531028234910056351e-01
1.373627361023984804e+03 3.490981157388008960e-01
1.373428994744480406e+03 3.465333656037873911e-01
1.373230750762312482e+03 3.531231466548233611e-01
1.373032384482808084e+03 3.436795983711655733e-01
1.372834262797976407e+03 3.512777066471903242e-01
1.372636141113144731e+03 3.456509460979672599e-01
1.372438019428313055e+03 3.480249451205938982e-01
1.372240142338154101e+03 3.459302043886843259e-01
1.372042142950658672e+03 3.494015042631452017e-01
1.371844265860499718e+03 3.447506369541102345e-01
1.371646266473004289e+03 3.532314517076832194e-01
1.371448633977517829e+03 3.361557438772578843e-01
1.371251001482031370e+03 3.501123527765490628e-01
1.371053368986545138e+03 3.449622519002614185e-01
1.370855736491058678e+03 3.505983261472258583e-01
1.370658103995572219e+03 3.555508283768883948e-01
1.370460593797422234e+03 3.573489076957647170e-01
1.370263328193944744e+03 3.525901403926725020e-01
1.370065940293131007e+03 3.384425006525443314e-01
1.369868674689653517e+03 3.441847906402206170e-01
1.369671409086176027e+03 3.474622924537104640e-01
1.369474265780034784e+03 3.456854852567750602e-01
1.369277244771230016e+03 3.514474400378664320e-01
1.369079979167752526e+03 3.551778694862659513e-01
1.368883080456284006e+03 3.403468999174691922e-01
1.368686181744815485e+03 3.441502376319127698e-01
1.368489283033346965e+03 3.522584862131691863e-01
1.368292506619214691e+03 3.551893827573631146e-01
1.368095730205082646e+03 3.559758871527333168e-01
1.367898953790950372e+03 3.454117988244105319e-01
1.367702421971490821e+03 3.427076666597927423e-01
1.367505767854694795e+03 3.472165157522885681e-01
1.367309236035235244e+03 3.430674912959891798e-01
1.367112948810448415e+03 3.453294351432620313e-01
1.366916416990988864e+03 3.532334590991221268e-01
1.366720129766201808e+03 3.436767196662673940e-01
1.366523720244078731e+03 3.587705034529953263e-01
1.366327555316627922e+03 3.426377030398936596e-01
1.366131512686513588e+03 3.528787236288989382e-01
1.365935347759063006e+03 3.530431844134625519e-01
1.365739305128948672e+03 3.506343771029359901e-01
1.365543262498834565e+03 3.531992721408306335e-01
1.365347342166056478e+03 3.526007991581603385e-01
1.365151666427951113e+03 3.465089880390110344e-01
1.364955746095173026e+03 3.547828761673470499e-01
1.364760070357067661e+03 3.445240479901065522e-01
1.364564272321626049e+03 3.521191488144537196e-01
1.364368718880856932e+03 3.438112846998465089e-01
1.364173165440088042e+03 3.448303609363336797e-01
1.363977611999318924e+03 3.434575310876856746e-01
1.363782180855886281e+03 3.417948576726819176e-01
1.363586749712453411e+03 3.420485616144702257e-01
1.363391440866357016e+03 3.417606746139890128e-01
1.363196132020260620e+03 3.506913277114098171e-01
1.363000945471500472e+03 3.494145168085953101e-01
1.362805881220076799e+03 3.553861166734404997e-01
1.362610572373980403e+03 3.494974197713703323e-01
1.362415630419892977e+03 3.476581985774164218e-01
1.362220688465805551e+03 3.428262019670657024e-01
1.362025868809054373e+03 3.470623712194559896e-01
1.361830926854966947e+03 3.485438975991876909e-01
1.361636107198215768e+03 3.522195814802854819e-01
1.361441287541464590e+03 3.429851054591657178e-01
1.361246590182049658e+03 3.545324737028548445e-01
1.361052015119971202e+03 3.569909536813534179e-01
1.360857562355228993e+03 3.526415650213259867e-01
1.360662987293150536e+03 3.477453021469273930e-01
1.360468534528408327e+03 3.552280504398141470e-01
1.360274081763666118e+03 3.581075259705130964e-01
1.360079628998923909e+03 3.511553508747819463e-01
1.359885543126190669e+03 3.505835179846045202e-01
1.359691334956120954e+03 3.462465526907098079e-01
1.359497126786051467e+03 3.526302594876394303e-01
1.359303040913318227e+03 3.493593823359649186e-01
1.359108955040584988e+03 3.493828847575530805e-01
1.358914991465187995e+03 3.463573054167001231e-01
1.358721150187127478e+03 3.488577157757450919e-01
1.358527186611730485e+03 3.501239323844808071e-01
1.358333345333669740e+03 3.541178923602811834e-01
1.358139626352945470e+03 3.601316329293067220e-01
1.357945907372221200e+03 3.574067150182291819e-01
1.357752310688833177e+03 3.480882598645023140e-01
1.357558714005445154e+03 3.531707931624289420e-01
1.357365239619393606e+03 3.473790500248598589e-01
1.357171765233341830e+03 3.573468071655873657e-01
1.356978290847290282e+03 3.578413014550550497e-01
1.356784938758574981e+03 3.461550724229411902e-01
1.356591708967195927e+03 3.460953542827305274e-01
1.356398479175816874e+03 3.462131692976397890e-01
1.356205371681774068e+03 3.512393105027249995e-01
1.356012141890395014e+03 3.529397644483436847e-01
1.355819156693688683e+03 3.508170734143462033e-01
1.355626049199645877e+03 3.552947453551533741e-01
1.355433308597612040e+03 3.463938449101153783e-01
1.355240323400905709e+03 3.512412216499683493e-01
1.355047460501535625e+03 3.489223071721945235e-01
1.354854719899501788e+03 3.410852307711426668e-01
1.354661979297467951e+03 3.491904400857205326e-01
1.354469483290106837e+03 3.523224570625279051e-01
1.354276864985409475e+03 3.551092216874743301e-01
1.354084246680711885e+03 3.486847296952010899e-01
1.353891750673350771e+03 3.558168175277728329e-01
1.353699254665989656e+03 3.463924168710439955e-01
1.353506880955964789e+03 3.557897414327708119e-01
1.353314751840612644e+03 3.493300892005988256e-01
1.353122500427924024e+03 3.553822229822491408e-01
1.352930249015235631e+03 3.452753009138601059e-01
1.352738119899883486e+03 3.533201170922002365e-01
1.352545990784531114e+03 3.436087648917819926e-01
1.352353983966515216e+03 3.510035960677680977e-01
1.352162099445835793e+03 3.512587453438027474e-01
1.351970214925156142e+03 3.552275400021728258e-01
1.351778330404476719e+03 3.555585598523788304e-01
1.351586445883797069e+03 3.556012941695511076e-01
1.351394683660453893e+03 3.537905089619142740e-01
1.351202921437110490e+03 3.511799676384994018e-01
1.351011526105776284e+03 3.510647955636544970e-01
1.350819886179769355e+03 3.391597531072875760e-01
1.350628368551098674e+03 3.435874411606760215e-01
1.350436973219764468e+03 3.456444265335293364e-01
1.350245577888430034e+03 3.494461695395603140e-01
1.350054182557095828e+03 3.560328066100106326e-01
1.349863031820434117e+03 3.536830343621077399e-01
1.349671758786436158e+03 3.514718388794327852e-01
1.349480608049774446e+03 3.510389721718238931e-01
1.349289457313112734e+03 3.558362129321439027e-01
1.349098428873787498e+03 3.493396003703159169e-01
1.348907400434462033e+03 3.461221989796681719e-01
1.348716494292473044e+03 3.444582226770148137e-01
1.348525710447820302e+03 3.460325105867108619e-01
1.348334804305831312e+03 3.412061226351691401e-01
1.348144020461178570e+03 3.459590124243802078e-01
1.347953358913862075e+03 3.448804658112467059e-01
1.347762697366545581e+03 3.439054033167551760e-01
1.347572158116565561e+03 3.457640392950150354e-01
1.347381496569249293e+03 3.496939995267758783e-01
1.347191079616605293e+03 3.604451556618494257e-01
1.347000662663961521e+03 3.511619988848201923e-01
1.346810245711317748e+03 3.536810365900163178e-01
1.346619951056010450e+03 3.490657516597505672e-01
1.346429778698039172e+03 3.561314722243477671e-01
1.346239606340068121e+03 3.426695547263597375e-01
1.346049433982096843e+03 3.460986959479513958e-01
1.345859383921462040e+03 3.408290329576881827e-01
1.345669333860827237e+03 3.511244146472625727e-01
1.345479283800192434e+03 3.482002373990834010e-01
1.345289478334230353e+03 3.459041013388671759e-01
1.345099550570931797e+03 3.485186148922106986e-01
1.344909745104969488e+03 3.583573451482434669e-01
1.344720061936343654e+03 3.496254651165323080e-01
1.344530256470381573e+03 3.456046439763367784e-01
1.344340695599091987e+03 3.427075651702439218e-01
1.344151012430465926e+03 3.452235492802988026e-01
1.343961696153849061e+03 3.477469750095603107e-01
1.343772135282559475e+03 3.452095825494437276e-01
1.343582696708606363e+03 3.400195873488017773e-01
1.343393380431989272e+03 3.516971352427849529e-01
1.343204064155372407e+03 3.539265688332773885e-01
1.343014870176091790e+03 3.465295090210099294e-01
1.342825676196811173e+03 3.477976194091134676e-01
1.342636604514866804e+03 3.555133265599215719e-01
1.342447410535586187e+03 3.465128750409109948e-01
1.342258461150978292e+03 3.534412504427209001e-01
1.342069511766370169e+03 3.546376703792978868e-01
1.341880562381762275e+03 3.451120080700829651e-01
1.341691735294490627e+03 3.514059163807232156e-01
1.341503030504555227e+03 3.502183180160846621e-01
1.341314325714619827e+03 3.514526865322101790e-01
1.341125620924684426e+03 3.498143283168543283e-01
1.340936916134749254e+03 3.467521615281226044e-01
1.340748333642150101e+03 3.457698024531239422e-01
1.340559873446887423e+03 3.531878407778189510e-01
1.340371413251624745e+03 3.545945819350443950e-01
1.340183075353698314e+03 3.481738801852122256e-01
1.339994737455771883e+03 3.582171493541900786e-01
1.339806399557845452e+03 3.538178999889566856e-01
1.339618183957255269e+03 3.487114197329871934e-01
1.339429968356665313e+03 3.469027321633396110e-01
1.339241752756075130e+03 3.475283360960181311e-01
1.339053781750157668e+03 3.485075331809595056e-01
1.338865810744240207e+03 3.464310406216891680e-01
1.338677717440986498e+03 3.489968699575648481e-01
1.338489868732405284e+03 3.490278564351280699e-01
1.338302020023824070e+03 3.481050666303300289e-01
1.322352735205528916e+03 3.461484496233446229e-01
1.322169656093064077e+03 3.528992027365785988e-01
1.321986576980599239e+03 3.498695214057872538e-01
1.321803497868134400e+03 3.404505633751025440e-01
1.321620663350342284e+03 3.483230801554696443e-01
1.304837066103700408e+03 3.545522914420113914e-01
1.304659001182024440e+03 3.530368871932649810e-01
1.304481058557684946e+03 3.459952053693269303e-01
1.304303115933345225e+03 3.503096229679421580e-01
1.304125173309005731e+03 3.565677511765003027e-01
1.286937994852521570e+03 3.554416516711311202e-01
1.286765188716307193e+03 3.504053164558497135e-01
1.286592260282756570e+03 3.529610666352616111e-01
1.286419454146542193e+03 3.594131419719742149e-01
1.286246648010328045e+03 3.507605793938031180e-01
1.286073964171449916e+03 3.619813744456595317e-01
1.285901280332572014e+03 3.486694645767689504e-01
1.285728596493694113e+03 3.585441116866578404e-01
1.285556034952152459e+03 3.585032655303205251e-01
1.285383473410610804e+03 3.599266067612217901e-01
1.285211156463741645e+03 3.591885081170701488e-01
1.285038717219536238e+03 3.611226448273245349e-01
1.284866277975331059e+03 3.588188577288667913e-01
1.284693961028461899e+03 3.586508552148814921e-01
1.284521644081592967e+03 3.581340821859245738e-01
1.284349449432060283e+03 3.587938857317905517e-01
1.284177254782527598e+03 3.556225076892763903e-01
1.284005060132994686e+03 3.588517339049553945e-01
1.283832987780798476e+03 3.595720713524675483e-01
1.283660915428602038e+03 3.587247333777004998e-01
1.283488965373741848e+03 3.668845692145807358e-01
1.283317015318881886e+03 3.674867867699423973e-01
1.283145065264021696e+03 3.607230980026292499e-01
1.282973237506497981e+03 3.658695064868854319e-01
1.282801409748974265e+03 3.755900515919622928e-01
1.282629826586123045e+03 3.757577305366767151e-01
1.282458121125935577e+03 3.765192237592338564e-01
1.282286415665748109e+03 3.688284945005835258e-01
1.282114832502896888e+03 3.620180554301393183e-01
1.281943371637382143e+03 3.502654180611706192e-01
1.281771788474531149e+03 3.575509369309561869e-01
1.281600327609016176e+03 3.651256020712778105e-01
1.281428866743501430e+03 3.636987648089292091e-01
1.281257528175322932e+03 3.595670064335704796e-01
1.281086189607144433e+03 3.557098934835119519e-01
1.280914851038965935e+03 3.628998179963593418e-01
1.280743757065459931e+03 3.571981890577023977e-01
1.280572540794617908e+03 3.563285110135841482e-01
1.280401324523775656e+03 3.535977765465672662e-01
1.280230352847606127e+03 3.549077400098957780e-01
1.280059258874100124e+03 3.530669199544181902e-01
1.279888409495266842e+03 3.542404386589976251e-01
1.279717437819097313e+03 3.466218160528860559e-01
1.279546588440264259e+03 3.539311663316593304e-01
1.279375739061430977e+03 3.545629596629021330e-01
1.279205011979933943e+03 3.576722771001648593e-01
1.279034162601100661e+03 3.530799064190168757e-01
1.278863557816940101e+03 3.591687147308029182e-01
1.278692830735443295e+03 3.576681839219549297e-01
1.278522348248618982e+03 3.637844260386617901e-01
1.278351743464458195e+03 3.562989871940084319e-01
1.278181260977634111e+03 3.545314019444040232e-01
1.278010778490809798e+03 3.547577141351141994e-01
1.277840418301321733e+03 3.551288882360587595e-01
1.277670058111833669e+03 3.613736444103519130e-01
1.277499697922345831e+03 3.581926701631262810e-01
1.277329460030194014e+03 3.594512842369884664e-01
1.277159222138042423e+03 3.573522588732862548e-01
1.276989228840563328e+03 3.627689182359080111e-01
1.276819113245747985e+03 3.529284741329126174e-01
1.276648997650932643e+03 3.656264705329718145e-01
1.276479004353453774e+03 3.604954047488365121e-01
1.276309133353310926e+03 3.578444509399115736e-01
1.276139140055832058e+03 3.606335505164423583e-01
1.275969269055689210e+03 3.462954160768216827e-01
1.275799398055546590e+03 3.574087468793277211e-01
1.275629649352740216e+03 3.542434152891539290e-01
1.275459900649933616e+03 3.550440331434676633e-01
1.275290151947127242e+03 3.501758199723770115e-01
1.275120647838993591e+03 3.641375723492684124e-01
1.274950899136187218e+03 3.576662965548624284e-01
1.274781395028053339e+03 3.596276933256370434e-01
1.274611890919919688e+03 3.499108999834718570e-01
1.274442509109122057e+03 3.581586472914193853e-01
1.274273005000988405e+03 3.538007767137459347e-01
1.274103745487527249e+03 3.483562963573117455e-01
1.273934485974066092e+03 3.563204493779307258e-01
1.273765226460604936e+03 3.542348531757887886e-01
1.273596089244480254e+03 3.539077864434313492e-01
1.273426952028355345e+03 3.564228070417107541e-01
1.273257937109566910e+03 3.526782611107238674e-01
1.273257814812230436e+03 3.526781870775901884e-01
1.273088799893442001e+03 3.532446016529997013e-01
1.273088677596105754e+03 3.551426686887486084e-01
1.272919907271989814e+03 3.512869114125334868e-01
1.272919784974653567e+03 3.506541331860513200e-01
1.272750892353201380e+03 3.511584188565197162e-01
1.272750770055864905e+03 3.555851487300921709e-01
1.272581877434412718e+03 3.529775308788133947e-01
1.272581755137076470e+03 3.605648500368142106e-01
1.272412862515624283e+03 3.542137643179376072e-01
1.272244092191508344e+03 3.612678857890846973e-01
1.272075321867392631e+03 3.499474909065224404e-01
1.271906551543276692e+03 3.568465176177746390e-01
1.271737903516497227e+03 3.565886322325972912e-01
1.271569255489717534e+03 3.608334493573649993e-01
1.271400607462938069e+03 3.594717045985203474e-01
1.271232081733494852e+03 3.589345889538602119e-01
1.271063556004051634e+03 3.502738568251024254e-01
1.270895152571944664e+03 3.605114104024495503e-01
1.270726749139837693e+03 3.624426211345785909e-01
1.270558345707730723e+03 3.480173766819145698e-01
1.270390186870296475e+03 3.534109310708261065e-01
1.270221905735525979e+03 3.571493549425071579e-01
1.270053624600755256e+03 3.545395421786552981e-01
1.269885465763321008e+03 3.586220043549373515e-01
1.269717429223223007e+03 3.565090632693616035e-01
1.269549270385788759e+03 3.598130911314624814e-01
1.269381233845690758e+03 3.644529719866523298e-01
1.269213319602929005e+03 3.634466526269464204e-01
1.269045405360167479e+03 3.597970170666101031e-01
1.268877491117405725e+03 3.633816591086060366e-01
1.268709576874643972e+03 3.592402395130290804e-01
1.268541907226554940e+03 3.586431430647077367e-01
1.268374115281129662e+03 3.565736013795967052e-01
1.268206323335704383e+03 3.556649055325975528e-01
1.268038775984951599e+03 3.538679584843971715e-01
1.267871106336862567e+03 3.586572114183421145e-01
1.267703558986109783e+03 3.537541273788396001e-01
1.267536011635357227e+03 3.553622983153624793e-01
1.267368708879277165e+03 3.594986032468305837e-01
1.267201161528524381e+03 3.572342612611034141e-01
1.267033736475108071e+03 3.477681565737446578e-01
1.266866433719028009e+03 3.523339109560670313e-01
1.266699130962947720e+03 3.544506251440405209e-01
1.266531950504204133e+03 3.566413483665522022e-01
1.266364892342796566e+03 3.572877573020661890e-01
1.266197711884052751e+03 3.565533855028362731e-01
1.266030653722645411e+03 3.527360640690843097e-01
1.265863595561237844e+03 3.474511565646286604e-01
1.265696537399830504e+03 3.576931501630484234e-01
1.265529601535759411e+03 3.570276268467449388e-01
1.265362665671688319e+03 3.583568251580691588e-01
1.265195974402289721e+03 3.599377587730895334e-01
1.265029038538218629e+03 3.597936805690502005e-01
1.264862224971483784e+03 3.504332221765432687e-01
1.264695533702085186e+03 3.558937320306013175e-01
1.264528842432686815e+03 3.543084564506429057e-01
1.264362273460624465e+03 3.604252622479087731e-01
1.264195704488562342e+03 3.482376812714786385e-01
1.264029135516500219e+03 3.532053629487748592e-01
1.263862688841774343e+03 3.538937620376574889e-01
1.263696242167048467e+03 3.579946559219002733e-01
1.263529795492322592e+03 3.609995477397073271e-01
1.263363471114932963e+03 3.555797487114098487e-01
1.263197146737543562e+03 3.551203355065754019e-01
1.263030944657490181e+03 3.577104617680098020e-01
1.262864620280100553e+03 3.549720862207725869e-01
1.262698540497383647e+03 3.593727068885959053e-01
1.262532338417330493e+03 3.543846181093627257e-01
1.262366258634613587e+03 3.563102364736975836e-01
1.262200301149232928e+03 3.560165072244101392e-01
1.262034343663852269e+03 3.657144266010030065e-01
1.261868386178471837e+03 3.568951617337904336e-01
1.261702428693091179e+03 3.551761008991417001e-01
1.261536715802383242e+03 3.557193790572352188e-01
1.261371002911675077e+03 3.527548084354994451e-01
1.261205167723630893e+03 3.576720997819415326e-01
1.261039454832922956e+03 3.572341068660887520e-01
1.260873864239551267e+03 3.591822929892473093e-01
1.260708273646179578e+03 3.587908287828501241e-01
1.260542683052807888e+03 3.561294780171061491e-01
1.260377092459436199e+03 3.497645430715193848e-01
1.260211624163400984e+03 3.436360115580365804e-01
1.260046278164702017e+03 3.557479211762457072e-01
1.259880809868666574e+03 3.450910279673065628e-01
1.259715586167303854e+03 3.526311558644302235e-01
1.259550240168604887e+03 3.548351865533800886e-01
1.259385016467242167e+03 3.580920092634870544e-01
