# Wavelength, Reflectance
1.644320310740260084e+03 1.544656002837969944e-01
1.643454221873072584e+03 1.986907523457317470e-01
1.642588987498072584e+03 2.036497530627164321e-01
1.641724729685572584e+03 1.915751461640041731e-01
1.640861326365260084e+03 2.043558013725746692e-01
1.639999021677760084e+03 1.756769045437305277e-01
1.639137571482447584e+03 2.100139997186421248e-01
1.638277097849635084e+03 2.006800840577108724e-01
1.637417478709010084e+03 1.804923150950077104e-01
1.636558958201197584e+03 2.029585831723187128e-01
1.635701292185572584e+03 2.014256022778678212e-01
1.634844602732447584e+03 1.673256155577033111e-01
1.633988889841822584e+03 1.752932458841669483e-01
1.633134031443385084e+03 1.768148821992119035e-01
1.632280149607447584e+03 1.915524803588411207e-01
1.631427122263697584e+03 1.890081679978471152e-01
1.630575071482447584e+03 1.990988052816287102e-01
1.629723997263697584e+03 1.908279804315129724e-01
1.628873777537135084e+03 1.965590207979999171e-01
1.628024534373072584e+03 2.053631646229031882e-01
1.627176145701197584e+03 1.956960127993905840e-01
1.626328733591822584e+03 1.836632229037165887e-01
1.625482298044947584e+03 1.923332687229584448e-01
1.624636839060572584e+03 1.678204482344695103e-01
1.623792112498072584e+03 1.758774456542656905e-01
1.622948484568385084e+03 1.905848175300190461e-01
1.622105589060572584e+03 1.752835485444935448e-01
1.621263792185572584e+03 2.069838856747714950e-01
1.620422727732447584e+03 1.923472706628224782e-01
1.619582761912135084e+03 1.920295766794073711e-01
1.618743528513697584e+03 1.906363193095771402e-01
1.617905271677760084e+03 1.820005342319618025e-01
1.617067869334010084e+03 1.982436982306403361e-01
1.616231443552760084e+03 1.941966993345461689e-01
1.615395872263697584e+03 1.873238714054345777e-01
1.614561277537135084e+03 1.707083598652349155e-01
1.613727659373072584e+03 1.701109398257626970e-01
1.612894773630885084e+03 2.023953062600203634e-01
1.612062864451197584e+03 1.857127680940832415e-01
1.611231809763697584e+03 1.879759238261044241e-01
1.610401731638697584e+03 1.825850482668782693e-01
1.609572508005885084e+03 1.798433746377527953e-01
1.608744138865260084e+03 1.786823845873238004e-01
1.607916746287135084e+03 1.812250967861710749e-01
1.607090086130885084e+03 1.925393097182313273e-01
1.606264402537135084e+03 1.906166144292998355e-01
1.605439695505885084e+03 1.988993920994584219e-01
1.604615842966822584e+03 1.767917095553090401e-01
1.603792722849635084e+03 1.951862065305253191e-01
1.602970579294947584e+03 1.783292715268539053e-01
1.602149412302760084e+03 1.684995155268136091e-01
1.601328977732447584e+03 1.716339312902466496e-01
1.600509519724635084e+03 2.042337802777971500e-01
1.599690916209010084e+03 1.740872863576197194e-01
1.598873167185572584e+03 1.845216741986792086e-01
1.598056272654322584e+03 1.912939830025069399e-01
1.597240110544947584e+03 1.809095541236727112e-01
1.596425291209010084e+03 1.943950146789979461e-01
1.595610960154322584e+03 1.970243609861086209e-01
1.594797483591822584e+03 1.592816682047432375e-01
1.593985105662135084e+03 1.862954454443828123e-01
1.593173338084010084e+03 1.798884135486195635e-01
1.592362547068385084e+03 1.826578757806692488e-01
1.591552732615260084e+03 1.730447431004253911e-01
1.590743650584010084e+03 1.674524940673567386e-01
1.589935545115260084e+03 1.822673215529088397e-01
1.589128049998072584e+03 1.760412383224565225e-01
1.588321409373072584e+03 1.915248097557721019e-01
1.587515989451197584e+03 1.905295910210114407e-01
1.586711179880885084e+03 1.759282918619382852e-01
1.585907224802760084e+03 1.857700063798945200e-01
1.585104246287135084e+03 1.647396532782945122e-01
1.584302000193385084e+03 1.818136625752125035e-01
1.583500608591822584e+03 1.772935410858871852e-01
1.582700193552760084e+03 1.865789068946714369e-01
1.581900510935572584e+03 1.984243439909190720e-01
1.581101804880885084e+03 2.057096093743167875e-01
1.580303709177760084e+03 1.940688006204951410e-01
1.579506467966822584e+03 1.743691103688580768e-01
1.578710325388697584e+03 1.927835709033615119e-01
1.577914793162135084e+03 1.941710179263195502e-01
1.577120237498072584e+03 1.731416681388348033e-01
1.576326536326197584e+03 1.838538027463447466e-01
1.575533567576197584e+03 1.836583641302381442e-01
1.574741331248072584e+03 1.822809665904329968e-01
1.573950071482447584e+03 1.787750960512636822e-01
1.573159666209010084e+03 1.775751476580250676e-01
1.572370115427760084e+03 1.775796497476465619e-01
1.571581297068385084e+03 1.882536075710828927e-01
1.570793211130885084e+03 1.818466863954921187e-01
1.570006223826197584e+03 1.807585706736339615e-01
1.569219846873072584e+03 1.676003243528126907e-01
1.568434568552760084e+03 1.821426122390418789e-01
1.567649778513697584e+03 1.936596303141277786e-01
1.566865965037135084e+03 1.976859762569729839e-01
1.566083006052760084e+03 1.895975472984006982e-01
1.565300779490260084e+03 1.837552012640465970e-01
1.564519407419947584e+03 1.896764612093103652e-01
1.563738889841822584e+03 1.789081929980224639e-01
1.562959226755885084e+03 1.987802821075176918e-01
1.562180174021510084e+03 1.705467900819445937e-01
1.561402097849635084e+03 1.906861077977613783e-01
1.560624876169947584e+03 1.746838514587850111e-01
1.559848386912135084e+03 1.719177624641500535e-01
1.559072630076197584e+03 1.885868157829262981e-01
1.558297727732447584e+03 1.888702159815228987e-01
1.557523801951197584e+03 1.851405949402543660e-01
1.556750486521510084e+03 1.897575143294017996e-01
1.555978025584010084e+03 2.043299144843642445e-01
1.555206297068385084e+03 1.784075023914248326e-01
1.554435545115260084e+03 1.987691479186469157e-01
1.553665403513697584e+03 1.847426996668705690e-01
1.552896238474635084e+03 1.807159872236560882e-01
1.552896116404322584e+03 1.818650598592164436e-01
1.552640012888697584e+03 1.760082805477047041e-01
1.552383787302760084e+03 1.725375056770389326e-01
1.552127805857447584e+03 1.747984113971770004e-01
1.552127683787135084e+03 1.736518717072417783e-01
1.551871824412135084e+03 1.769056059884224208e-01
1.551360105662135084e+03 1.855361946971172682e-01
1.550593259959010084e+03 1.862243803680002641e-01
1.549827146677760084e+03 1.868958651199211785e-01
1.549061887888697584e+03 1.889074444853020285e-01
1.548297483591822584e+03 1.957823734273930749e-01
1.547533689646510084e+03 1.802837775956072364e-01
1.546770750193385084e+03 1.798097599448540418e-01
1.546008665232447584e+03 1.820948436825510497e-01
1.545247434763697584e+03 1.927124708089629768e-01
1.544486814646510084e+03 1.713214217202111145e-01
1.543726926951197584e+03 1.883575844619932438e-01
1.542968015818385084e+03 1.955700431101460579e-01
1.542209959177760084e+03 1.731508957734523568e-01
1.541452512888697584e+03 1.875445105945111324e-01
1.540695799021510084e+03 1.852034267042026450e-01
1.539939939646510084e+03 1.837905754211372478e-01
1.539184812693385084e+03 1.798214462498315958e-01
1.538430662302760084e+03 1.867952714657486191e-01
1.537677122263697584e+03 1.960726934908606500e-01
1.536924314646510084e+03 1.890221206869564519e-01
1.536172361521510084e+03 1.865091219663465028e-01
1.535420896677760084e+03 1.853632871420134165e-01
1.534670774607447584e+03 1.681529441938705571e-01
1.533920896677760084e+03 1.817534630891857739e-01
1.533172117380885084e+03 1.781750522117359348e-01
1.532423948435572584e+03 1.896644577163041911e-01
1.531676511912135084e+03 1.731066008459193339e-01
1.530930051951197584e+03 2.014832788469023417e-01
1.530184202341822584e+03 1.859868283197721184e-01
1.529439085154322584e+03 1.753541746403373125e-01
1.528694700388697584e+03 1.895250521367438934e-01
1.527951170115260084e+03 1.864242542691050553e-01
1.527208128123072584e+03 1.814299643883382218e-01
1.526466306834010084e+03 1.896549331513570358e-01
1.525724851755885084e+03 1.847540125296641134e-01
1.524984495310572584e+03 1.830163664451921191e-01
1.524244627146510084e+03 1.825926371954668115e-01
1.523505613474635084e+03 1.850116036956027665e-01
1.522767332224635084e+03 1.892176785098502734e-01
1.522029905466822584e+03 1.808692447545864335e-01
1.521293089060572584e+03 1.857666193188254322e-01
1.520557005076197584e+03 1.847094633197627345e-01
1.519821653513697584e+03 1.892329750976100844e-01
1.519087156443385084e+03 1.819701357462249480e-01
1.518353269724635084e+03 1.892562661864015949e-01
1.517620115427760084e+03 1.927912374621534031e-01
1.516888059763697584e+03 1.894401705675039238e-01
1.516156492380885084e+03 1.860185352240248946e-01
1.515425535349635084e+03 1.837537118042973650e-01
1.515182249216822584e+03 1.852501696588055302e-01
1.514938963084010084e+03 1.719669079783834598e-01
1.514695554880885084e+03 1.739706168429145383e-01
1.514695432810572584e+03 1.884374968269701689e-01
1.514452390818385084e+03 1.866998397978965607e-01
1.514209348826197584e+03 1.756348485565019379e-01
1.513966062693385084e+03 1.820055326044552890e-01
1.513237424998072584e+03 1.825504385441582833e-01
1.512509519724635084e+03 1.819243316157271861e-01
1.511782346873072584e+03 1.927240448553907415e-01
1.511056028513697584e+03 1.812456983328374072e-01
1.510330320505885084e+03 1.882649841919151190e-01
1.509605344919947584e+03 1.908713487515537044e-01
1.508881101755885084e+03 2.086564439469408005e-01
1.508157591013697584e+03 1.905890652474160063e-01
1.507434812693385084e+03 1.905917545186402440e-01
1.506712766794947584e+03 1.936485441299677923e-01
1.505991453318385084e+03 1.867241179498036197e-01
1.505270872263697584e+03 1.925452423248774358e-01
1.504551145701197584e+03 1.830995495707363196e-01
1.503831907419947584e+03 1.824118021108656063e-01
1.503113523630885084e+03 1.980543783250326151e-01
1.502395614908901052e+03 1.819257692300482177e-01
1.501678421139643433e+03 1.759762998813269586e-01
1.500962082044608451e+03 1.791699844282320098e-01
1.500246353431161197e+03 1.917285968500205828e-01
1.499531357395619352e+03 1.973559347531602393e-01
1.498817093937982690e+03 1.843207621566621268e-01
1.498103440961933757e+03 1.895757891955636432e-01
1.497390642660107687e+03 1.856071598332381112e-01
1.496678454839869119e+03 1.858683659622077655e-01
1.495967121693853642e+03 1.872329923549069797e-01
1.495256399029425666e+03 1.842047587560490252e-01
1.494546408942903099e+03 1.983713250321931243e-01
1.493837029337968261e+03 1.843509766749437395e-01
1.493128504407256287e+03 1.942466304171614755e-01
1.492420589958131814e+03 1.911866706800993965e-01
1.491713408086912750e+03 1.786400458662887047e-01
1.491006958793599097e+03 1.847451062684408174e-01
1.490301119981872944e+03 1.928802226446934831e-01
1.489596013748052201e+03 1.990532797716413060e-01
1.488891640092136640e+03 1.879521693252517167e-01
1.488187999014126262e+03 1.780362456882361444e-01
1.487484968417703840e+03 1.881229434734261186e-01
1.486782670399186372e+03 1.840622685503961742e-01
1.486080982862256860e+03 1.901961915122763747e-01
1.485380149999550213e+03 1.821503345769572846e-01
1.484679927618431066e+03 1.883418482410823269e-01
1.483980437815217329e+03 1.737525393390885742e-01
1.483281558493591319e+03 1.905463730899455976e-01
1.482583533846188175e+03 1.992748002184878131e-01
1.481885997584055076e+03 1.851042482994311456e-01
1.481189315996144842e+03 1.983770879150137667e-01
1.480493244889822336e+03 1.957576344647150302e-01
1.479797784265087557e+03 1.904645325421892854e-01
1.479103178314575644e+03 1.923338003845542488e-01
1.478409060749334003e+03 2.012565225400825553e-01
1.477715797858315000e+03 1.973277253134080311e-01
1.477023145448883724e+03 2.001019181813584458e-01
1.476331225617357632e+03 1.834624035567336275e-01
1.475639916267419494e+03 1.899175828668168142e-01
1.474949339495386539e+03 1.937505677540400373e-01
1.474259373204941312e+03 1.887848218137495315e-01
1.473570139492401267e+03 1.920810427487031902e-01
1.472881516261448951e+03 1.956331060843485847e-01
1.472193625608402044e+03 1.970954355302053929e-01
1.471506467533260093e+03 1.835492069469033816e-01
1.470819919939706097e+03 1.758664137009334216e-01
1.470134104924057510e+03 1.786655979234723357e-01
1.469448900389996425e+03 1.960780746744217318e-01
1.468764306337523067e+03 1.803918270404572255e-01
1.468080444862955119e+03 1.950635506450828782e-01
1.467397315966292354e+03 1.966041803437410806e-01
1.466714797551217316e+03 1.868002232175361155e-01
1.466032889617730007e+03 1.897231391681017953e-01
1.465351714262147880e+03 1.909485270381423572e-01
1.464671149388153708e+03 1.908964479602557329e-01
1.463991317092064492e+03 1.937784322699459272e-01
1.463312095277563230e+03 1.960673600122817273e-01
1.462633606040967152e+03 1.886040528199372235e-01
1.461955727285958801e+03 1.944166115525205740e-01
1.461278459012538178e+03 1.875385782520197497e-01
1.460601801220705283e+03 1.941708609292206456e-01
1.459925998103095253e+03 1.883622348947086300e-01
1.459250683370755496e+03 1.792254421477380844e-01
1.458576101216320694e+03 1.855980297489074615e-01
1.457902129543473848e+03 1.892454652168187035e-01
1.457228890448532184e+03 1.931171825755670091e-01
1.456556261835178248e+03 1.859891266395690967e-01
1.455884243703412267e+03 1.762552366151947381e-01
1.455212958149551241e+03 1.893569160968210097e-01
1.454542283077277943e+03 1.781229570037146381e-01
1.453872218486592601e+03 1.978997239120922902e-01
1.453202764377494759e+03 1.898025171147987022e-01
1.452534164942619782e+03 2.045111405939300520e-01
1.451866053893015078e+03 2.005179780015123592e-01
1.451198553324998102e+03 2.007940831229090284e-01
1.450531785334886308e+03 1.810864056458433013e-01
1.449865627826362243e+03 1.881255068149008669e-01
1.449200080799425905e+03 1.949200919576808411e-01
1.448535266350394977e+03 1.869680107313344830e-01
1.447871062382951550e+03 1.913448128883731281e-01
1.447207346800778396e+03 1.815790521674693347e-01
1.446544485892828106e+03 1.843198499530762369e-01
1.445882113370148090e+03 1.969285473801845321e-01
1.445220595521690711e+03 1.895318838721365973e-01
1.444559443962185924e+03 1.834897607458012836e-01
1.443899024980586546e+03 1.838753818716278576e-01
1.443239338576892351e+03 1.913948165158400050e-01
1.442580140558468429e+03 1.864837188157646708e-01
1.441921675117949690e+03 1.948629864048667948e-01
1.441263820159018678e+03 1.784162916041673597e-01
1.440606575681675395e+03 1.879166851228754598e-01
1.439949819589602157e+03 1.798390901532620489e-01
1.439294040268069466e+03 1.970319684940814720e-01
1.439293918171752011e+03 1.809147363782618589e-01
1.439075487859664463e+03 1.925130240526806702e-01
1.438856935451259460e+03 1.808408118947557597e-01
1.438638627235489366e+03 1.894260045318190144e-01
1.438638505139171912e+03 1.848313852292554071e-01
1.438420196923401818e+03 1.920981730260251097e-01
1.438202010803949406e+03 1.874104738062278841e-01
1.437983946780814676e+03 1.963029359796004125e-01
1.437983824684496994e+03 1.929325558297364518e-01
1.437765760661362037e+03 1.756844604092708539e-01
1.437547818734544762e+03 1.856139608951463682e-01
1.437329876807727487e+03 1.809955541985393546e-01
1.437329754711409805e+03 1.899038947299407920e-01
1.437111690688275075e+03 1.886083674503790664e-01
1.436893992954092710e+03 1.854875564487930562e-01
1.436676417316228026e+03 1.791687224366584341e-01
1.436676295219910571e+03 1.858741173347465137e-01
1.436458597485728205e+03 1.777531727664436456e-01
1.436240899751546067e+03 1.795872175056705822e-01
1.436023446209998838e+03 1.769671614434142892e-01
1.435805992668451609e+03 1.754525465443526333e-01
1.435588539126904607e+03 1.748542959918729378e-01
1.435371207681674832e+03 1.798328337646920572e-01
1.435153998332762740e+03 1.841666466192885543e-01
1.434936788983850875e+03 1.695120921400215253e-01
1.434719579634938782e+03 1.870345967546835075e-01
1.434502614478661826e+03 1.767905981759164968e-01
1.434285527226067188e+03 1.830544697509901841e-01
1.434068562069790232e+03 1.887617015024889711e-01
1.433851719009830731e+03 1.781493034191728442e-01
1.433634998046188912e+03 1.838641797773276632e-01
1.433418277082546865e+03 1.881039737824758418e-01
1.433201556118905046e+03 1.769276911541422803e-01
1.432985079347898363e+03 1.765648612917017357e-01
1.432768480480573999e+03 1.708008616248481715e-01
1.432552003709567089e+03 1.818580625973398590e-01
1.432335649034877861e+03 1.682735865827262589e-01
1.432119416456506087e+03 1.840901309217575499e-01
1.431903183878134541e+03 1.706416139553933176e-01
1.431686951299762768e+03 1.737047103276287141e-01
1.431470840817708449e+03 1.814820013485373695e-01
1.431254852431972040e+03 1.636299080617592550e-01
1.431038864046235403e+03 1.717853267123035099e-01
1.430822997756816221e+03 1.621325719255093667e-01
1.430607253563714721e+03 1.772765483084971783e-01
1.430391387274295539e+03 1.813961152757006534e-01
1.430175643081194039e+03 1.938209310519173334e-01
1.429959898888092539e+03 1.900989022015534546e-01
1.429744520983943630e+03 1.943057296321286653e-01
1.429529020983477267e+03 1.944674389407764770e-01
1.429313643079328358e+03 1.882735407922038751e-01
1.429098387271496904e+03 1.745439878761772812e-01
1.428883009367347995e+03 1.806717599804319452e-01
1.428667753559516768e+03 1.839558407072427737e-01
1.428452619848002769e+03 1.883764956575013916e-01
1.428237608232806679e+03 1.935821490544471501e-01
1.428022596617610361e+03 1.902217016534819283e-01
1.427807585002414044e+03 1.939027551931985227e-01
1.427592695483535408e+03 1.893101554494664163e-01
1.427378050157291682e+03 2.056884205325451576e-01
1.427163160638413046e+03 1.859306544845718556e-01
1.426948515312169320e+03 1.996587741982720765e-01
1.426733992082243276e+03 1.954217570503183621e-01
1.426519468852317232e+03 1.888819458568070375e-01
1.426304945622391187e+03 1.930897841841343610e-01
1.426090544488782598e+03 1.919844901034868656e-01
1.425876265451491463e+03 1.890061532043097181e-01
1.425661986414200555e+03 1.890600890990465077e-01
1.425447829473227102e+03 1.998755871692898256e-01
1.425233672532253649e+03 1.830306639709816108e-01
1.425019637687597651e+03 1.915047360056051362e-01
1.424805602842941880e+03 1.888693459260211704e-01
1.424591690094603337e+03 1.967118744961192933e-01
1.424377655249947566e+03 1.933950705580737006e-01
1.424164108790561841e+03 1.800411948689259467e-01
1.423950318138540979e+03 1.900900438158711625e-01
1.423736649582837799e+03 1.936914284107244533e-01
1.423523103123452074e+03 1.970181934252885625e-01
1.423309556664066349e+03 1.821212994260770768e-01
1.423096132300998079e+03 1.784009720697109225e-01
1.422882585841612354e+03 1.924658180123181295e-01
1.422669527767496675e+03 1.825538415412154003e-01
1.422456225500746086e+03 1.849616430226602715e-01
1.422243045330312953e+03 1.884604657987007104e-01
1.422029865159880046e+03 1.924014248968561880e-01
1.421816929182082049e+03 1.892290676932437687e-01
1.421603871107966370e+03 1.932223081009318277e-01
1.421390935130168373e+03 1.859085920579235107e-01
1.421177999152370376e+03 1.832607747478181559e-01
1.420965307367207515e+03 1.865702611589579174e-01
1.420752615582044427e+03 1.887041481653733699e-01
1.420539923796881567e+03 1.974773467048586972e-01
1.420327476204353843e+03 1.889526506295531316e-01
1.420114784419190983e+03 1.981431532455467104e-01
1.419902458922980486e+03 1.931561617153925159e-01
1.419690011330452762e+03 2.041535388468231627e-01
1.419477807930559948e+03 1.879459790224064231e-01
1.419265482434349678e+03 1.878499650353102346e-01
1.419053279034457091e+03 1.826046392545365438e-01
1.418841197730881731e+03 1.891605634989946827e-01
1.418629238523624053e+03 1.906227804759994260e-01
1.418417279316366603e+03 1.990884594769675997e-01
1.418205320109108925e+03 1.954177151474954799e-01
1.417993360901851247e+03 1.880950310312480833e-01
1.417781767983546160e+03 1.930050748037271391e-01
1.417569930872606164e+03 1.871640043966336653e-01
1.417358215857983623e+03 1.911171993268511449e-01
1.417146745035995991e+03 1.788566453340279250e-01
1.416935274214008587e+03 1.968046497566729447e-01
1.416723803392021182e+03 1.833221377985768674e-01
1.416512332570033550e+03 1.950165730360845506e-01
1.416301105940681282e+03 1.820595356886912097e-01
1.416089879311328787e+03 1.916802012230387764e-01
1.415878652681976519e+03 1.969299270848311467e-01
1.415667548148941705e+03 1.966624228504079419e-01
1.415456443615906892e+03 1.950642316778421481e-01
1.415245583275506988e+03 1.808540288568672161e-01
1.415034600838789856e+03 1.968236396797851950e-01
1.414823740498389952e+03 1.861399358814504190e-01
1.414612880157990276e+03 1.835508876651424925e-01
1.414402264010225736e+03 1.863733094955108138e-01
1.414191647862460968e+03 1.966885327567595432e-01
1.413981031714696428e+03 1.828808361811721517e-01
1.413770537663249115e+03 1.844840484793494884e-01
1.413560165708119712e+03 1.890247213478639943e-01
1.413349671656672626e+03 1.794803541593619767e-01
1.413139177605225541e+03 1.957981248132155683e-01
1.412929171939048501e+03 1.924526495376782109e-01
1.412718922080236553e+03 1.805825221676679859e-01
1.412508794317742058e+03 1.916015853544434933e-01
1.412298666555247564e+03 1.933793973045038472e-01
1.412088782985388207e+03 2.021604763695737383e-01
1.411878899415528849e+03 1.947664626453237957e-01
1.411669015845669264e+03 1.810129506298693847e-01
1.411459132275809907e+03 1.889205499716266612e-01
1.411249492898585686e+03 1.790471141549645762e-01
1.411039853521361465e+03 2.012853604070202196e-01
1.410830214144137017e+03 1.881661481695038329e-01
1.410620574766912796e+03 1.863007041653629570e-01
1.410411179582323484e+03 1.851473380867038054e-01
1.410201784397734400e+03 1.880581394732361300e-01
1.409992511309462770e+03 1.944594125823312925e-01
1.409783116124873459e+03 1.931450455579389325e-01
1.409574087229236966e+03 1.822571194273398809e-01
1.409364814140965336e+03 1.880645652967641857e-01
1.409155785245328616e+03 1.862481546372722341e-01
1.408946756349692123e+03 1.867703330785582816e-01
1.408737849550373085e+03 2.036914779857929014e-01
1.408528942751054046e+03 1.785072613062913538e-01
1.408320158048052463e+03 1.935048032489084247e-01
1.408111373345051106e+03 2.005441208881064696e-01
1.407902710738367205e+03 1.897497457707281732e-01
1.407694048131683076e+03 1.945249498165630420e-01
1.407485507621316856e+03 1.954761826844186590e-01
1.407276967110950409e+03 1.857480480864590333e-01
1.407068548696901416e+03 1.803600326281900590e-01
1.406860252379170106e+03 1.846356788426147255e-01
1.406651956061438796e+03 1.923044723888517604e-01
1.406443659743707485e+03 2.000842954044171340e-01
1.406235485522293857e+03 1.905121561600727487e-01
1.406027555493515138e+03 1.966121561027247833e-01
1.405819381272101509e+03 1.960763777934629304e-01
1.405611451243322790e+03 1.941329025681313158e-01
1.405403521214544071e+03 1.955483953260660490e-01
1.405195713282083034e+03 1.764728931021330993e-01
1.404987905349621769e+03 1.857596249825116952e-01
1.404780219513478187e+03 1.949195304110834248e-01
1.404572533677334604e+03 2.027222607411817146e-01
1.404365092033826159e+03 1.810424630484733788e-01
1.404157528294000031e+03 1.989318037208497869e-01
1.403949964554174130e+03 1.921924308506472168e-01
1.403742645006983139e+03 2.046696747840545949e-01
1.403535325459792148e+03 2.060965699716409694e-01
1.403328128008918839e+03 1.965956328021759847e-01
1.403120808461727847e+03 1.822227220356080202e-01
1.402913733107171993e+03 1.866138029283283539e-01
1.402706779848933593e+03 1.867641151739332650e-01
1.402499704494377738e+03 1.915621589426583227e-01
1.402292751236139566e+03 1.797925010228880738e-01
1.402085797977901166e+03 2.025041991811388220e-01
1.401879088912297902e+03 1.849342137770182415e-01
1.401672379846694639e+03 1.937881034345711739e-01
1.401465670781091376e+03 1.744904092415369146e-01
1.401258961715488340e+03 1.927130288299858940e-01
1.401052374746202531e+03 2.077372801974536887e-01
1.400845909873234405e+03 1.891287839463228204e-01
1.400639567096583733e+03 1.964198944417782644e-01
1.400433224319933288e+03 1.993536767671402199e-01
1.400226881543282616e+03 1.924623732319686309e-01
1.400020660862949626e+03 1.798060541896212561e-01
1.399814562278934091e+03 1.889673766829627899e-01
1.399608341598601100e+03 1.888635188638697893e-01
1.399402365110903020e+03 1.669285987143133421e-01
1.399196388623205166e+03 1.907440654976473582e-01
1.398990534231824768e+03 1.870341623491025285e-01
1.398784557744126687e+03 1.858080267252788798e-01
1.398578825449063970e+03 1.887228949534718869e-01
1.398373215250318481e+03 2.004693868381032529e-01
1.398167360858938082e+03 1.921475093297964065e-01
1.397961872756510274e+03 1.811590839203195691e-01
1.397756262557765012e+03 1.914846172117817269e-01
1.397550774455337205e+03 1.989370777275608071e-01
1.397345530545544534e+03 1.950335482545607069e-01
1.397140164539434409e+03 1.815865214094549707e-01
1.396934798533324056e+03 1.916199784338509238e-01
1.396729432527213930e+03 1.904441433133337025e-01
1.396524554906373851e+03 1.944630763846605104e-01
1.396319433092898635e+03 1.877292506536841765e-01
1.396114311279423646e+03 1.902572697228156751e-01
1.395909433658583566e+03 2.010649760714293688e-01
1.395704556037743487e+03 1.921040404107020039e-01
1.395499678416903407e+03 2.007797646539652703e-01
1.395294922892380782e+03 1.899416669355085130e-01
1.395090167367858385e+03 1.917334797260247248e-01
1.394885533939653442e+03 1.900462547792153289e-01
1.394681022607765954e+03 1.948628273112024689e-01
1.394476511275878465e+03 1.947588539769540827e-01
1.394271999943991204e+03 1.953802474408545264e-01
1.394067488612103716e+03 2.019562103227823258e-01
1.393863343569168819e+03 1.934878543047330868e-01
1.393659076429916695e+03 1.839312383641766024e-01
1.393454809290664343e+03 1.995537464097091596e-01
1.393250664247729446e+03 1.955681339475332237e-01
1.393046641301112231e+03 1.944335258979777437e-01
1.392842618354495016e+03 1.826851091756619139e-01
1.392638717504195256e+03 1.940219584639175099e-01
1.392434816653895496e+03 1.880070581268361851e-01
1.392230915803595963e+03 1.848525390508948540e-01
1.392027259145931339e+03 1.852087619831439269e-01
1.391823480391949033e+03 1.856420122585084043e-01
1.391619823734284637e+03 1.921372371795395384e-01
1.391416167076620013e+03 1.995483296059647194e-01
1.391212876707907981e+03 1.809881935883217441e-01
1.391009342146560812e+03 1.938095942331997112e-01
1.390805929681531325e+03 1.905226242135034109e-01
1.390602639312819292e+03 1.920353311762035275e-01
1.390399348944107487e+03 2.013859804885326232e-01
1.390196180671712909e+03 1.941820364261224174e-01
1.389993012399318559e+03 1.948992926843850226e-01
1.389789966223241663e+03 1.875867465005985613e-01
1.389586920047164767e+03 2.042053600475396691e-01
1.389384118063723008e+03 1.957396159642802169e-01
1.389181193983963567e+03 1.828865634309684574e-01
1.388978269904204353e+03 1.891911355969903841e-01
1.388775467920762594e+03 1.967655744063677992e-01
1.388572788033638290e+03 1.936508221890880788e-01
1.388370230242831667e+03 1.876415107446823272e-01
1.388167672452024817e+03 1.891805849073076584e-01
1.387965114661218195e+03 1.915720303301673699e-01
1.387762678966729027e+03 1.986164522713755876e-01
1.387560365368557314e+03 1.946062895340286425e-01
1.387357929674068146e+03 1.943904271226009894e-01
1.387155738172214114e+03 1.937117998528951612e-01
1.386953546670360083e+03 1.990524264414336719e-01
1.386751355168506052e+03 2.003919922480474347e-01
1.386549285762969475e+03 1.962165177920278392e-01
1.386347338453750581e+03 1.999452969668319424e-01
1.386145269048214004e+03 1.907007138339610330e-01
1.385943443835312564e+03 1.889271558337139167e-01
1.385741618622411124e+03 1.931230254237517041e-01
1.385539915505827139e+03 1.914413695568263629e-01
1.385338212389243381e+03 1.882555463798749606e-01
1.385136509272659396e+03 1.932456762242779624e-01
1.384934928252393092e+03 1.789351352496443281e-01
1.384733347232126789e+03 1.915754835227775343e-01
1.384532010404495395e+03 1.934719938154176033e-01
1.384330551480546774e+03 1.937257915558207866e-01
1.384129214652915380e+03 1.885659005934268440e-01
1.383927877825284213e+03 1.954712764537935576e-01
1.383726785190287956e+03 1.884014073832081804e-01
1.383525570458974244e+03 1.905904112903058500e-01
1.383324477823978214e+03 1.982421283144706614e-01
1.383123385188981956e+03 1.834705306419667503e-01
1.382922536746620835e+03 1.917152537589571215e-01
1.382721688304259715e+03 1.905650352428050476e-01
1.382520717765581139e+03 1.949150947481552709e-01
1.382319991419537700e+03 1.929692033216658942e-01
1.382119265073494034e+03 1.866231480373766738e-01
1.381918660823768050e+03 1.888596627616802304e-01
1.381718056574042066e+03 1.919923414071001422e-01
1.381517452324316082e+03 1.992019264772323106e-01
1.381316970170907780e+03 2.005318339037142072e-01
1.381116488017499250e+03 2.050191210434109679e-01
1.380916250056725858e+03 2.018849258271965819e-01
1.380716012095952465e+03 2.037421624714444712e-01
1.380515774135179072e+03 2.010622991438508478e-01
1.380315536174405906e+03 1.927281862066496099e-01
1.380115420309949968e+03 1.940665364295313944e-01
1.379915426541811712e+03 1.891978224586482737e-01
1.379715432773673456e+03 1.833216306812213980e-01
1.379515439005535200e+03 1.950493131569554228e-01
1.379315567333714398e+03 1.928814915520701279e-01
1.379115939854528960e+03 1.924353855269228253e-01
1.378916190279025614e+03 2.077947511067717024e-01
1.378716440703522494e+03 2.058641522795355006e-01
1.378516813224336829e+03 1.981618554925075049e-01
1.378317185745151164e+03 1.872089809587842157e-01
1.378117680362283181e+03 1.985661412679060600e-01
1.377918297075732653e+03 2.130594237177000916e-01
1.377718913789182125e+03 1.925461688043082209e-01
1.377519652598949051e+03 1.901464238019096031e-01
1.377320391408715977e+03 1.893965321781490851e-01
1.377121252314800586e+03 2.075440050133555425e-01
1.376922113220885194e+03 1.952001017374698222e-01
1.376722974126969802e+03 2.016806405272431324e-01
1.376523957129371865e+03 1.918928526662830869e-01
1.376324940131773928e+03 1.872448045605330513e-01
1.376126167326811128e+03 1.951517979040079398e-01
1.375927272425530646e+03 1.944185645610753133e-01
1.375728499620567845e+03 2.005353261813510035e-01
1.375529726815605045e+03 1.932575525561386898e-01
1.375331076106959927e+03 1.969214320704299470e-01
1.375132669590949718e+03 1.901380558355680317e-01
1.374934140978621826e+03 1.960195727316641212e-01
1.374735612366294163e+03 1.905055976127968675e-01
1.374537205850283954e+03 1.780312731185476616e-01
1.374338799334273745e+03 1.908296361480069092e-01
1.374140637010898672e+03 1.859772830218653084e-01
1.373942352591206145e+03 1.999502477054869443e-01
1.373744190267831073e+03 1.904720071776437040e-01
1.373546027944455773e+03 1.858174086874196385e-01
1.373347987717398382e+03 2.048789977234564130e-01
1.373150069586658219e+03 1.853939949370849161e-01
1.372952029359600829e+03 1.991378034493715976e-01
1.372754233325178348e+03 2.075348940144084442e-01
1.372556437290755866e+03 1.984571859477772260e-01
1.372358641256333385e+03 1.961996693733066288e-01
1.372161089414546041e+03 2.086556204678885473e-01
1.371963415476441014e+03 1.983485668150586079e-01
1.371765863634653670e+03 1.874649446520585960e-01
1.371568189696548870e+03 1.985821314136719529e-01
1.371370882047396435e+03 1.928165205711762364e-01
1.371173574398244227e+03 2.031541542494940400e-01
1.370976266749092019e+03 1.897981418540816700e-01
1.370778959099939584e+03 1.988351393597228567e-01
1.370581651450787376e+03 1.883493507500894615e-01
1.370384465897952623e+03 1.952915861885199111e-01
1.370187524537753006e+03 2.051780105409931887e-01
1.369990461081235935e+03 1.877742572946296540e-01
1.369793519721036091e+03 1.844897511113620103e-01
1.369596578360836475e+03 1.935666187835693441e-01
1.369399759096954540e+03 1.866935806321503299e-01
1.369203061929389833e+03 1.941714805265464805e-01
1.369006120569190216e+03 1.935173369713425739e-01
1.368809545497943191e+03 1.882691232360231004e-01
1.368612970426696165e+03 2.039207052022526390e-01
1.368416395355449140e+03 1.932309850739572787e-01
1.368219942380519797e+03 1.949734177548862191e-01
1.368023489405590226e+03 1.889175594266429004e-01
1.367827036430660883e+03 1.969978101252694014e-01
1.367630827648366449e+03 1.911006427496998172e-01
1.367434496769754560e+03 1.985259791541677254e-01
1.367238287987460126e+03 1.955851885491192987e-01
1.367042323397800828e+03 1.912647085298512240e-01
1.366846114615506394e+03 1.936649472463094490e-01
1.366650150025847097e+03 1.987737278856483158e-01
1.366454063339870345e+03 1.918234482791051632e-01
1.366258220846528502e+03 1.936873938725799382e-01
1.366062500449504341e+03 1.952600970057692675e-01
1.365866657956162726e+03 2.042741117351242197e-01
1.365670937559138338e+03 2.067742552350393115e-01
1.365475217162114177e+03 1.938283800285897918e-01
1.365279618861407471e+03 1.972075897557568902e-01
1.365084264753335901e+03 1.982577307958018065e-01
1.364888666452629423e+03 2.022549467326733852e-01
1.364693312344557853e+03 1.984098581874625955e-01
1.364497836140168602e+03 1.873022337132741466e-01
1.364302604128414714e+03 1.956610056585859347e-01
1.364107372116660599e+03 1.978748541845029019e-01
1.363912140104906712e+03 1.914501907499808198e-01
1.363717030189470051e+03 1.962944100804459302e-01
1.363521920274033619e+03 1.914610510497894991e-01
1.363326932454914640e+03 1.873211728457510050e-01
1.363131944635795890e+03 1.966641208173121047e-01
1.362937078912994366e+03 1.918040494353573100e-01
1.362742335286510524e+03 2.023107660618130299e-01
1.362547347467391546e+03 1.935159605720392917e-01
1.362352725937225387e+03 1.897980364563870426e-01
1.362158104407059000e+03 1.961533336770847347e-01
1.361963604973210295e+03 1.933989403105823290e-01
1.361768983443043908e+03 1.997795756345155660e-01
1.361574484009195203e+03 2.076998463734822387e-01
1.361379984575346498e+03 1.812685130362318431e-01
1.361185607237815248e+03 1.954193184960920093e-01
1.360991351996601679e+03 1.907437371760199729e-01
1.360797218851705566e+03 1.931622626073108417e-01
1.360602963610491770e+03 1.888979863659474845e-01
1.360408830465595656e+03 1.966413923418435239e-01
1.360214697320699543e+03 1.950349411469868843e-01
1.360020564175803429e+03 1.923969324339346310e-01
1.359826797319859907e+03 1.946109237248524748e-01
1.359632908367598930e+03 1.966974454471218658e-01
1.359439019415337953e+03 1.934212946830604629e-01
1.359245252559394430e+03 1.877921183257919846e-01
1.359051485703450908e+03 1.941211917510605456e-01
1.358857840943825067e+03 1.953407716603119959e-01
1.358664318280516682e+03 1.906442686973624234e-01
1.358470673520890614e+03 2.007265862997525685e-01
1.358277150857582228e+03 2.090699572078746071e-01
1.358083750290591524e+03 2.113468991611476000e-01
1.357890349723600593e+03 1.966677921555923247e-01
1.357697071252927344e+03 1.949003070859012254e-01
1.357503792782253868e+03 1.975705907647561377e-01
1.357310636407898301e+03 2.008173437475244405e-01
1.357117480033542506e+03 1.906606550282777812e-01
1.356924323659186712e+03 2.056175982567135241e-01
1.356731289381148372e+03 1.972207757554363117e-01
1.356538377199427714e+03 2.080873557982991784e-01
1.356345465017707056e+03 1.835902255704184305e-01
1.356152674932304080e+03 2.021198286841816572e-01
1.355959762750583423e+03 1.895622321134456112e-01
1.355767094761497674e+03 2.045706305673757608e-01
1.355574304676094698e+03 1.910503512674774362e-01
1.355381880879644086e+03 2.035755032213475701e-01
1.355189212890558565e+03 1.939442014096871003e-01
1.354996666997790498e+03 1.879790161600712883e-01
1.354804243201340114e+03 1.889134915205978316e-01
1.354611819404889502e+03 1.916529948255513427e-01
1.354419639801074027e+03 2.007306093173029382e-01
1.354227338100941097e+03 1.906790134965183903e-01
1.354035036400808167e+03 1.916657442497167463e-01
1.353842856796992919e+03 1.935619450301983291e-01
1.353650677193177444e+03 1.916690535051893129e-01
1.353458619685679651e+03 2.016465592344896252e-01
1.353266806370816767e+03 1.857168171491342668e-01
1.353074870959636428e+03 1.936549215612151931e-01
1.352882935548456089e+03 2.075180983058295958e-01
1.352691122233593433e+03 1.995753013771934536e-01
1.352499308918730549e+03 2.074704842967831919e-01
1.352307617700185347e+03 1.924166735529167227e-01
1.352116048577957827e+03 1.943181328673830033e-01
1.351924479455730079e+03 1.887330575939914212e-01
1.351732910333502332e+03 2.001742290059708718e-01
1.351541341211274585e+03 1.855014733070436128e-01
1.351349894185364519e+03 1.904314937212034931e-01
1.351158447159454454e+03 1.956007674601248914e-01
1.350967366422496980e+03 1.912866203838868850e-01
1.350776041492904369e+03 1.920878113539331022e-01
1.350584838659629213e+03 1.896394977868577914e-01
1.350393757922671739e+03 1.927873037234873743e-01
1.350202677185714265e+03 1.985155758849532215e-01
1.350011596448756791e+03 1.949705180252297443e-01
1.349820759904434453e+03 1.946132419586035223e-01
1.349629801263794434e+03 2.051175689450965012e-01
1.349438964719472096e+03 1.931151574423972672e-01
1.349248128175149532e+03 1.961680689459001925e-01
1.349057413727144649e+03 1.992705502560052355e-01
1.348866699279139766e+03 1.973498151070657569e-01
1.348676106927452565e+03 1.991790900115771867e-01
1.348485636672082819e+03 1.973741898519742466e-01
1.348295044320395391e+03 2.006647552478289520e-01
1.348104574065025645e+03 1.951672587752522336e-01
1.347914225905973353e+03 1.874929897845974414e-01
1.347723877746921289e+03 1.885078922169802773e-01
1.347533651684186452e+03 1.952195949429151589e-01
1.347343303525134388e+03 1.979693393259857326e-01
1.347153199558717233e+03 1.902200826819982205e-01
1.346963095592300078e+03 2.024785456144115869e-01
1.346772991625882923e+03 2.041965604719619964e-01
1.346583009755783223e+03 2.008132844988759769e-01
1.346393149982001205e+03 2.011034820220675423e-01
1.346203290208219187e+03 1.962864002426448762e-01
1.346013430434437169e+03 2.013010325260888300e-01
1.345823692756972605e+03 1.935576773953501806e-01
1.345633955079508041e+03 1.868514508614600167e-01
1.345444217402043478e+03 1.928405161692990089e-01
1.345254723917214051e+03 1.889171427613252630e-01
1.345065108336067169e+03 2.077024535527494664e-01
1.344875614851237742e+03 1.952338854967934911e-01
1.344686243462725997e+03 1.769873556174625939e-01
1.344496749977896570e+03 1.932297860804854939e-01
1.344307500685702053e+03 1.896822183101055936e-01
1.344118129297190308e+03 1.921085086145793985e-01
1.343929124197630927e+03 1.925976752442614681e-01
1.343739874905436636e+03 1.919314788304254671e-01
1.343550747709559801e+03 1.843171910331629360e-01
1.343361742610000647e+03 1.984220360835567409e-01
1.343172737510441493e+03 2.066474621463931516e-01
1.342983854507199794e+03 1.870927785119862186e-01
1.342794971503958095e+03 1.971436798766615373e-01
1.342606210597033851e+03 1.965188893273701887e-01
1.342417327593792152e+03 2.052896344997678646e-01
1.342228688783185589e+03 1.894591178949093790e-01
1.342040049972579027e+03 2.022501710911519812e-01
1.341851411161972464e+03 1.918586885599445346e-01
1.341662894447683357e+03 2.031043314480611151e-01
1.341474499829711704e+03 1.980511130414965570e-01
1.341286105211740278e+03 1.938628004721649201e-01
1.341097710593768852e+03 1.945493434631976049e-01
1.340909315975797199e+03 1.906725936831067947e-01
1.340721043454143228e+03 2.069210233467701499e-01
1.340532893028806939e+03 1.858270407835001248e-01
1.340344742603470422e+03 2.122124397069760360e-01
1.340156714274451588e+03 1.956522580529432287e-01
1.339968685945432753e+03 2.017292276598842693e-01
1.339780657616413691e+03 1.856173015255517533e-01
1.339592751383712539e+03 1.969502260292992080e-01
1.339404845151011159e+03 1.969531539947390608e-01
1.339216938918309779e+03 1.883451171611867925e-01
1.339029276878243536e+03 1.880487968175343638e-01
1.338841614838177293e+03 1.933175426962152610e-01
1.338653830701793368e+03 1.969238238940200225e-01
1.338466290758044806e+03 1.942484935490080555e-01
1.338278750814296018e+03 1.954202502508462502e-01
1.322355681658017829e+03 1.990757824951245036e-01
1.322172903470653409e+03 1.949328762537134718e-01
1.321990125283288990e+03 1.967854691847258919e-01
1.321807347095924342e+03 2.013970038664774920e-01
1.321624813101195059e+03 2.010020144154739119e-01
1.304868802866626766e+03 1.993151486937043415e-01
1.304691030628281624e+03 2.041758971152212165e-01
1.304513380486253936e+03 1.927875691442391959e-01
1.304335730344226477e+03 2.029820451863308395e-01
1.304158080202198789e+03 1.937234940180218301e-01
1.286999152119732798e+03 2.027026099311408647e-01
1.286826630023042071e+03 2.027651843357778094e-01
1.286653985830033889e+03 1.971444890763941471e-01
1.286481463733343162e+03 2.140817519541946823e-01
1.286308941636652435e+03 2.067681225023836888e-01
1.286136541636279389e+03 2.032021981432387547e-01
1.285964141635906117e+03 2.042484765720566919e-01
1.285791741635533072e+03 2.006302114427271355e-01
1.285619463731477481e+03 2.028644880942629125e-01
1.285447185827421663e+03 2.004751019293500858e-01
1.285275152116001209e+03 2.007904880832223904e-01
1.285102996308263073e+03 2.087494136746347317e-01
1.284930840500525164e+03 1.950199809171690446e-01
1.284758806789104483e+03 1.994819550540393727e-01
1.284586773077684029e+03 2.028186032394866944e-01
1.284414861462581030e+03 2.060943725850416519e-01
1.284242949847478030e+03 1.950335704877427800e-01
1.284071038232375031e+03 1.986418014750282179e-01
1.283899248713589714e+03 2.090997012176301906e-01
1.283727459194804169e+03 2.033717458812772383e-01
1.283555791772336306e+03 2.059758762282218325e-01
1.283384124349868443e+03 2.102123612853352141e-01
1.283212456927400581e+03 1.926027414275675864e-01
1.283040911601250173e+03 2.031105923250706713e-01
1.282869366275099992e+03 2.090355352029677205e-01
1.282698065141584721e+03 2.151395653872437974e-01
1.282526641911751767e+03 2.193311890927965302e-01
1.282355218681919041e+03 2.218483464339307265e-01
1.282183917548403770e+03 2.070426437540343056e-01
1.282012738511206180e+03 2.091804792521351763e-01
1.281841437377690909e+03 1.958283153060264015e-01
1.281670258340493092e+03 1.934064192277553940e-01
1.281499079303295503e+03 2.115665896399327173e-01
1.281328022362415140e+03 2.005961582083266859e-01
1.281156965421535006e+03 2.003771660395829435e-01
1.280985908480654871e+03 1.984231124890953601e-01
1.280815095732409873e+03 2.134990794107303469e-01
1.280644160887847192e+03 2.010238704152650657e-01
1.280473226043284512e+03 2.021169803517987029e-01
1.280302535391356969e+03 2.051777440848393530e-01
1.280131722643111971e+03 2.025659165708288134e-01
1.279961154087502109e+03 1.992565053509031126e-01
1.279790463435574566e+03 1.932606692723303765e-01
1.279619894879964477e+03 1.958380421998572318e-01
1.279449326324354388e+03 2.134215456019068202e-01
1.279278879865061981e+03 1.940773044348736431e-01
1.279108311309452120e+03 1.851787842442756682e-01
1.278937986946477167e+03 1.972209994186250315e-01
1.278767540487184760e+03 2.017837679474593915e-01
1.278597338220527490e+03 2.091262863610926781e-01
1.278427013857552538e+03 2.088566076922338255e-01
1.278256811590895040e+03 2.057449546259121909e-01
1.278086609324237770e+03 2.017478161881287591e-01
1.277916529153897955e+03 2.043908921181494254e-01
1.277746448983558139e+03 1.958836864349933482e-01
1.277576368813218323e+03 1.977456394342937129e-01
1.277406410739196190e+03 2.154985831612581670e-01
1.277236452665173829e+03 1.910622468572318600e-01
1.277066738783786604e+03 2.030268078872995707e-01
1.276896902806081926e+03 2.065831273868886098e-01
1.276727066828377247e+03 1.990857766535388262e-01
1.276557352946990022e+03 1.953211744116348791e-01
1.276387761161920480e+03 1.961883352589566532e-01
1.276218047280533256e+03 1.987640397713832663e-01
1.276048455495463713e+03 2.050695375165471623e-01
1.275878863710393944e+03 1.909242593525992682e-01
1.275709394021641856e+03 1.992942673724931724e-01
1.275539924332889768e+03 2.012415693056825994e-01
1.275370454644137681e+03 2.032167436491519319e-01
1.275201229148020730e+03 2.050672438094788275e-01
1.275031759459268642e+03 2.040583524561627171e-01
1.274862533963151691e+03 1.956989701532763914e-01
1.274693308467034740e+03 2.024673060361437682e-01
1.274524205067235243e+03 1.925346009851613693e-01
1.274354979571118292e+03 2.028647021098057834e-01
1.274185998267636251e+03 2.073257226455282598e-01
1.274017016964154436e+03 2.077028977670354049e-01
1.273848035660672622e+03 2.007162959544790681e-01
1.273679176453508262e+03 1.968124463991574591e-01
1.273510317246343902e+03 1.995831380315426784e-01
1.273341580135496997e+03 1.958933702533823817e-01
1.273341458039179543e+03 2.070346124170936442e-01
1.273172720928332637e+03 1.967793150555268711e-01
1.273172598832015183e+03 1.995641214610995862e-01
1.273004105913803414e+03 2.013811911421142242e-01
1.273003983817485732e+03 1.985966881194259348e-01
1.272835368802956509e+03 2.040856278284764458e-01
1.272835246706639055e+03 1.938794982222137309e-01
1.272666631692109831e+03 1.984690514963270980e-01
1.272666509595792149e+03 1.938308435315380385e-01
1.272497894581262926e+03 2.114358393795973123e-01
1.272329401663051158e+03 2.031397321218735563e-01
1.272160908744839389e+03 1.966759310883260670e-01
1.271992415826627848e+03 1.957126333041416533e-01
1.271824045004733534e+03 2.020580488376221562e-01
1.271655674182839448e+03 1.871261295484582532e-01
1.271487303360945134e+03 1.963359134089193436e-01
1.271319054635368502e+03 2.000903498081239018e-01
1.271150805909791870e+03 2.066817167976562064e-01
1.270982679280532921e+03 1.928351117869256948e-01
1.270814552651273743e+03 1.993435152217134521e-01
1.270646426022014566e+03 2.049762819208995890e-01
1.270478543585390753e+03 1.930773406410576376e-01
1.270310539052449030e+03 2.036167430780893017e-01
1.270142534519507535e+03 2.057995483187032293e-01
1.269974652082883495e+03 2.078171125538792186e-01
1.269806891742577136e+03 1.931285158845561789e-01
1.269639009305953095e+03 1.991477827592911531e-01
1.269471248965646737e+03 2.108441491141915813e-01
1.269303610721657833e+03 2.138152912418333773e-01
1.269135972477668702e+03 1.970244326188282380e-01
1.268968334233679798e+03 1.956939673642382471e-01
1.268800695989690894e+03 2.073609553679883755e-01
1.268633301938337127e+03 1.942180191988044646e-01
1.268465785790665905e+03 2.046232330226536444e-01
1.268298269642994455e+03 1.999319530178994275e-01
1.268130997687958143e+03 1.985579723134310581e-01
1.267963603636604375e+03 1.995299275912642833e-01
1.267796331681568063e+03 2.002166574969568569e-01
1.267629059726531750e+03 2.019039734472986292e-01
1.267462031964130574e+03 2.007769496471053516e-01
1.267294760009094261e+03 2.015028828179220299e-01
1.267127610150375631e+03 1.968634496548282153e-01
1.266960582387974455e+03 2.053002366287309532e-01
1.266793554625573279e+03 1.941825930083251328e-01
1.266626648959489557e+03 2.008560935952354298e-01
1.266459865389723518e+03 2.039852047852396266e-01
1.266292959723639797e+03 2.004673837808338688e-01
1.266126176153873757e+03 1.957121663390072874e-01
1.265959392584107491e+03 1.899789036198915870e-01
1.265792609014341451e+03 2.035033400817204963e-01
1.265625947540892867e+03 2.014825631826796248e-01
1.265459286067444282e+03 2.094938526414546476e-01
1.265292868786630834e+03 2.121370910755371597e-01
1.265126207313182476e+03 1.953155146967166800e-01
1.264959667936051346e+03 1.994240084252456580e-01
1.264793250655237898e+03 1.971590987185857513e-01
1.264626833374424450e+03 2.050384791407285912e-01
1.264460538189928457e+03 2.011955574976705408e-01
1.264294243005432691e+03 2.050618544482978312e-01
1.264127947820936697e+03 1.937826503402505784e-01
1.263961774732758386e+03 2.006464212223202370e-01
1.263795601644579847e+03 1.979609235268513512e-01
1.263629428556401535e+03 2.014029811411110205e-01
1.263463377564540679e+03 1.988043068212547726e-01
1.263297326572679822e+03 2.004645558278728146e-01
1.263131397677136647e+03 1.973046647028851297e-01
1.262965346685275790e+03 2.110248516711172584e-01
1.262799539886050070e+03 2.012134421621431524e-01
1.262633610990506668e+03 1.971928272897826018e-01
1.262467804191280948e+03 1.975580366227829010e-01
1.262302119488372682e+03 2.016692569483859998e-01
1.262136434785464644e+03 2.021526275760969771e-01
1.261970750082556378e+03 1.988579534730457454e-01
1.261805065379648113e+03 1.858654408158999238e-01
1.261639624869374984e+03 1.948620744048195907e-01
1.261474184359102082e+03 2.058034243162021326e-01
1.261308621752511272e+03 1.912484148511831017e-01
1.261143181242238143e+03 1.960462454411016353e-01
1.260977862828282696e+03 1.982920794228941741e-01
1.260812544414327022e+03 2.003142718251637588e-01
1.260647226000371575e+03 1.946267969344442350e-01
1.260481907586415900e+03 2.027538818518117292e-01
1.260316711268777908e+03 2.180812723811090537e-01
1.260151637047457598e+03 1.943380002061784184e-01
1.259986440729819378e+03 2.009955579601254705e-01
1.259821488604816523e+03 1.975658474161454126e-01
1.259656414383495985e+03 2.043019556472047971e-01
1.259491462258493129e+03 1.940460724240765378e-01
