# Wavelength, Reflectance
1.644447353380712229e+03 2.102774529763736244e-01
1.643581264513524729e+03 2.388540027517450925e-01
1.642716030138524729e+03 2.315707491530951956e-01
1.641851772326024729e+03 2.365207694427262086e-01
1.640988369005712229e+03 1.746675503181112088e-01
1.640126064318212229e+03 2.209659543796863301e-01
1.639264614122899729e+03 2.356058988115906361e-01
1.638404140490087229e+03 2.063988720351996320e-01
1.637544521349462229e+03 1.885095909421125315e-01
1.636686000841649729e+03 1.975445632947004926e-01
1.635828334826024729e+03 1.830323318955823508e-01
1.634971645372899729e+03 2.167673321938741737e-01
1.634115932482274729e+03 2.262865338602527976e-01
1.633261074083837229e+03 2.119282953312069395e-01
1.632407192247899729e+03 2.121978537943492726e-01
1.631554164904149729e+03 2.090313079743322255e-01
1.630702114122899729e+03 2.123828118712474122e-01
1.629851039904149729e+03 1.792960567000653482e-01
1.629000820177587229e+03 1.660655790904018436e-01
1.628151577013524729e+03 1.782072775431769451e-01
1.627303188341649729e+03 1.855330614660886113e-01
1.626455776232274729e+03 2.101070977208059076e-01
1.625609340685399729e+03 1.966419691074032805e-01
1.624763881701024729e+03 1.974306316327356925e-01
1.623919155138524729e+03 1.795303205314849604e-01
1.623075527208837229e+03 1.929667062427416480e-01
1.622232631701024729e+03 2.007012608586742075e-01
1.621390834826024729e+03 1.727605935746868437e-01
1.620549770372899729e+03 1.889484433539727892e-01
1.619709804552587229e+03 1.889027011896799724e-01
1.618870571154149729e+03 1.836531673794954966e-01
1.618032314318212229e+03 2.069628603629664887e-01
1.617194911974462229e+03 1.841009392051516369e-01
1.616358486193212229e+03 1.783573007923728304e-01
1.615522914904149729e+03 2.028801398324968919e-01
1.614688320177587229e+03 2.034302175500672105e-01
1.613854702013524729e+03 1.812434612074841078e-01
1.613021816271337229e+03 2.022270097402776301e-01
1.612189907091649729e+03 1.885192507404566398e-01
1.611358852404149729e+03 1.817988649261785550e-01
1.610528774279149729e+03 2.039638728771663023e-01
1.609699550646337229e+03 1.713162513808907106e-01
1.608871181505712229e+03 1.886443283362760071e-01
1.608043788927587229e+03 1.985282491866675048e-01
1.607217128771337229e+03 1.696163630665646072e-01
1.606391445177587229e+03 1.714241518579364687e-01
1.605566738146337229e+03 1.943102477858260901e-01
1.604742885607274729e+03 1.831268217953621325e-01
1.603919765490087229e+03 1.660986014069088801e-01
1.603097621935399729e+03 1.917773903493282805e-01
1.602276454943212229e+03 1.814663365030632358e-01
1.601456020372899729e+03 1.673376035609052404e-01
1.600636562365087229e+03 1.799615512948766483e-01
1.599817958849462229e+03 1.737573012355629609e-01
1.599000209826024729e+03 1.862221797603618167e-01
1.598183315294774729e+03 1.756544820941607910e-01
1.597367153185399729e+03 1.792527419807002087e-01
1.596552333849462229e+03 1.818612707425490693e-01
1.595738002794774729e+03 1.856339278501012713e-01
1.594924526232274729e+03 1.949750575410574560e-01
1.594112148302587229e+03 1.675695242996927958e-01
1.593300380724462229e+03 1.729041669189389507e-01
1.592489589708837229e+03 2.024924837559603508e-01
1.591679775255712229e+03 1.880580100349632244e-01
1.590870693224462229e+03 1.869049886701658614e-01
1.590062587755712229e+03 1.979636509797263189e-01
1.589255092638524729e+03 1.757524082975197577e-01
1.588448452013524729e+03 1.983394044616283713e-01
1.587643032091649729e+03 1.856735555701587714e-01
1.586838222521337229e+03 1.908270175215033282e-01
1.586034267443212229e+03 1.881180156768227363e-01
1.585231288927587229e+03 1.733685420134948862e-01
1.584429042833837229e+03 1.780721959923211861e-01
1.583627651232274729e+03 1.777402477711281237e-01
1.582827236193212229e+03 1.785025366065015884e-01
1.582027553576024729e+03 1.939585416588930356e-01
1.581228847521337229e+03 1.728282076991277671e-01
1.580430751818212229e+03 1.735133306286597843e-01
1.579633510607274729e+03 1.984344849315863857e-01
1.578837368029149729e+03 1.911911037834330418e-01
1.578041835802587229e+03 1.863277126966885466e-01
1.577247280138524729e+03 1.859760297426459597e-01
1.576453578966649729e+03 1.741003555060380015e-01
1.575660610216649729e+03 1.919331223510238327e-01
1.574868373888524729e+03 2.120977592485396579e-01
1.574077114122899729e+03 1.795620335291713277e-01
1.573286708849462229e+03 1.918072448149781561e-01
1.572497158068212229e+03 1.681403097734610330e-01
1.571708339708837229e+03 1.867528653954765028e-01
1.570920253771337229e+03 1.757139935971548661e-01
1.570133266466649729e+03 1.831081728814846210e-01
1.569346889513524729e+03 1.880944233993209758e-01
1.568561611193212229e+03 1.859762772762214023e-01
1.567776821154149729e+03 1.817616341544626424e-01
1.566993007677587229e+03 1.903345858578016081e-01
1.566210048693212229e+03 1.991445634822029687e-01
1.565427822130712229e+03 1.969043575388611522e-01
1.564646450060399729e+03 1.839389348244640787e-01
1.563865932482274729e+03 1.879641177082919390e-01
1.563086269396337229e+03 1.805705825774190643e-01
1.562307216661962229e+03 1.868771482918410443e-01
1.561529140490087229e+03 1.838285701485377621e-01
1.560751918810399729e+03 1.697054995595371485e-01
1.559975429552587229e+03 1.806379683012385162e-01
1.559199672716649729e+03 1.705364550307617855e-01
1.558424770372899729e+03 1.945919286853758090e-01
1.557650844591649729e+03 1.931509524687834156e-01
1.556877529161962229e+03 1.795521674176096538e-01
1.556105068224462229e+03 1.882973519276290864e-01
1.555333339708837229e+03 1.897803710291043333e-01
1.554562587755712229e+03 1.914919689375038370e-01
1.553792446154149729e+03 2.073551759831908647e-01
1.553023281115087229e+03 1.945224681260584454e-01
1.553023159044774729e+03 1.921261747481186333e-01
1.552767055529149729e+03 1.812306791252251970e-01
1.552510829943212229e+03 1.835936684697908883e-01
1.552254848497899729e+03 1.859480187287333719e-01
1.552254726427587229e+03 1.931195375502345324e-01
1.551998867052587229e+03 1.821715250486185267e-01
1.551487148302587229e+03 1.769065450322468980e-01
1.550720302599462229e+03 2.014686936268152151e-01
1.549954189318212229e+03 1.973450459655849143e-01
1.549188930529149729e+03 1.817569527084549608e-01
1.548424526232274729e+03 1.817437364687669310e-01
1.547660732286962229e+03 1.833691883264290112e-01
1.546897792833837229e+03 1.875898196658188632e-01
1.546135707872899729e+03 2.005240660371541139e-01
1.545374477404149729e+03 1.753706056875534991e-01
1.544613857286962229e+03 1.834143424507674314e-01
1.543853969591649729e+03 1.813717735755636107e-01
1.543095058458837229e+03 1.840962472823230167e-01
1.542337001818212229e+03 1.771754390671479995e-01
1.541579555529149729e+03 1.828357028307643350e-01
1.540822841661962229e+03 1.826360954387031554e-01
1.540066982286962229e+03 2.013961097873337158e-01
1.539311855333837229e+03 1.700370902287869079e-01
1.538557704943212229e+03 1.855267418904610610e-01
1.537804164904149729e+03 1.871395176607184296e-01
1.537051357286962229e+03 1.891487323789823038e-01
1.536299404161962229e+03 1.876906999765481088e-01
1.535547939318212229e+03 1.806212018021781940e-01
1.534797817247899729e+03 1.802533197378006768e-01
1.534047939318212229e+03 2.003711797942278605e-01
1.533299160021337229e+03 1.918091754076187705e-01
1.532550991076024729e+03 1.851936799982748516e-01
1.531803554552587229e+03 1.772147175093263249e-01
1.531057094591649729e+03 1.848470568729872199e-01
1.530311244982274729e+03 1.881875850079696988e-01
1.529566127794774729e+03 1.865798588068453001e-01
1.528821743029149729e+03 1.841476277606078626e-01
1.528078212755712229e+03 1.900193208286571622e-01
1.527335170763524729e+03 1.768870847955886783e-01
1.526593349474462229e+03 1.910951808456438639e-01
1.525851894396337229e+03 1.995182425334196263e-01
1.525111537951024729e+03 1.852894542398703659e-01
1.524371669786962229e+03 1.916028748682930549e-01
1.523632656115087229e+03 1.985478061346156731e-01
1.522894374865087229e+03 1.895664517534754734e-01
1.522156948107274729e+03 1.819730253766480288e-01
1.521420131701024729e+03 1.826422276772569908e-01
1.520684047716649729e+03 1.838695115719262696e-01
1.519948696154149729e+03 1.919390440113645513e-01
1.519214199083837229e+03 1.822317271908317216e-01
1.518480312365087229e+03 1.788961662927490426e-01
1.517747158068212229e+03 1.848177551921502404e-01
1.517015102404149729e+03 1.965141364135920277e-01
1.516283535021337229e+03 2.016505746987511116e-01
1.515552577990087229e+03 1.820067383911078140e-01
1.515309291857274729e+03 1.932349971659914067e-01
1.515066005724462229e+03 1.858541975276497560e-01
1.514822597521337229e+03 1.976351128782219413e-01
1.514822475451024729e+03 1.965579516815177952e-01
1.514579433458837229e+03 1.915098042933537636e-01
1.514336391466649729e+03 1.983457210943469495e-01
1.514093105333837229e+03 1.898539129207518494e-01
1.513364467638524729e+03 1.904213669405592779e-01
1.512636562365087229e+03 1.876083928536590173e-01
1.511909389513524729e+03 1.849541243646490862e-01
1.511183071154149729e+03 1.976275905243228825e-01
1.510457363146337229e+03 1.909759278758904055e-01
1.509732387560399729e+03 1.947631238412451671e-01
1.509008144396337229e+03 1.948646183341821714e-01
1.508284633654149729e+03 1.901937657869957610e-01
1.507561855333837229e+03 1.870313226354984038e-01
1.506839809435399729e+03 1.998435884434938414e-01
1.506118495958837229e+03 1.882042849927205996e-01
1.505397914904149729e+03 1.892275506358639947e-01
1.504678188341649729e+03 1.779407022995950216e-01
1.503958950060399729e+03 1.925518206562261414e-01
1.503240566271337229e+03 1.851962373726997180e-01
1.502522277934375325e+03 1.796057758942921356e-01
1.501804655530840819e+03 1.923024259786490220e-01
1.501087888312329142e+03 1.890653219947360797e-01
1.500371731940262407e+03 1.861575156278856003e-01
1.499656308583929786e+03 1.930660851427722369e-01
1.498941618243330822e+03 1.977119583705210237e-01
1.498227538749177029e+03 1.750598726001393601e-01
1.497514314440046064e+03 1.871093464062295042e-01
1.496801700977360269e+03 1.928627804136543167e-01
1.496089942699697076e+03 2.030282414063059315e-01
1.495378795268479053e+03 1.846845344229988972e-01
1.494668380852994915e+03 1.855309094959263772e-01
1.493958577283955947e+03 1.870037993057464820e-01
1.493249628899939580e+03 1.909879437932207602e-01
1.492541291362368383e+03 1.867192088205879008e-01
1.491833686840531072e+03 1.885044455570999700e-01
1.491126815334427647e+03 1.799926797306036497e-01
1.490420554674769392e+03 1.905334384338298326e-01
1.489715027030844794e+03 2.022962532600397489e-01
1.489010232402654310e+03 1.906588907353595763e-01
1.488306170790197712e+03 1.857356556196908259e-01
1.487602720024186056e+03 1.863339237709557561e-01
1.486900002273908513e+03 1.974301798897709626e-01
1.486197895370075685e+03 1.994713773450103589e-01
1.485496643651265913e+03 1.910752997599545200e-01
1.484796002778901084e+03 1.891130657903046242e-01
1.484096094922270368e+03 1.939454493826720527e-01
1.483396797912084367e+03 1.902494043093677090e-01
1.482698356086921422e+03 1.951672766661058100e-01
1.482000402938914476e+03 1.973430378572208488e-01
1.481303304975930359e+03 1.836045532685534887e-01
1.480606817859391185e+03 1.861324836098525726e-01
1.479910941589297181e+03 1.870642842395829897e-01
1.479215920504226006e+03 1.879518068811393827e-01
1.478521388096310602e+03 1.885799516822647681e-01
1.477827710873418255e+03 1.780257500874256882e-01
1.477134644496971077e+03 1.864021627022827976e-01
1.476442311136257558e+03 1.892793212436942873e-01
1.475750588621989209e+03 2.013531330403124098e-01
1.475059599123454745e+03 1.926285658785277521e-01
1.474369220471364997e+03 2.023620690229244734e-01
1.473679574835009589e+03 1.906837267339462627e-01
1.472990540045098896e+03 1.901002004857086369e-01
1.472302238270922089e+03 1.861699060801445260e-01
1.471614669512479395e+03 1.829156284722612824e-01
1.470927711600481643e+03 1.888248451581022169e-01
1.470241486704217778e+03 1.738300668400680205e-01
1.469555872654398854e+03 1.889574349887603311e-01
1.468870869451024873e+03 1.819548384102471494e-01
1.468186599263385006e+03 1.971895592267583208e-01
1.467503062091479023e+03 1.791105318705865646e-01
1.466820135766017984e+03 2.113983919160450364e-01
1.466137820287001659e+03 1.821948923828213551e-01
1.465456237823719675e+03 1.918319958378597312e-01
1.464775266206882407e+03 1.918778565289676330e-01
1.464095027605779023e+03 1.927139908398612655e-01
1.463415399851120810e+03 1.877503602602464128e-01
1.462736505112196483e+03 1.759108055705095597e-01
1.462058221219717097e+03 1.840459676092646157e-01
1.461380548173682428e+03 1.935461998757160851e-01
1.460703485974092928e+03 1.838719194741229301e-01
1.460027278959526484e+03 1.809740363566801069e-01
1.459351560622115812e+03 1.889953073005672113e-01
1.458676575300439254e+03 1.823018354125268692e-01
1.458002200825207638e+03 1.891434845458540015e-01
1.457328559365709680e+03 1.920461708927610478e-01
1.456655528752656892e+03 1.919197929309751638e-01
1.455983108986049274e+03 1.775046894189120650e-01
1.455311422235175314e+03 1.891353685041402277e-01
1.454640346330746297e+03 1.826213474431666872e-01
1.453969881272762450e+03 1.969471244773349505e-01
1.453300027061223318e+03 1.769136284378586277e-01
1.452631028034707242e+03 1.964025240936165262e-01
1.451962517685347166e+03 1.984166450562898920e-01
1.451294618182432032e+03 1.835944658966336129e-01
1.450627451695250784e+03 1.900413664744423914e-01
1.449960896054514478e+03 1.930634984582811076e-01
1.449294951260223343e+03 1.861128027184076328e-01
1.448629739481665865e+03 1.983374813595933650e-01
1.447965138549553558e+03 1.876664921948092979e-01
1.447301026294597023e+03 1.850621022896948575e-01
1.446637769224663543e+03 1.912621189742533812e-01
1.445975000831886064e+03 1.976891970411885358e-01
1.445313087624131413e+03 1.878219846263784742e-01
1.444651540924243818e+03 1.915859460825759253e-01
1.443990727240090337e+03 1.897692648440088004e-01
1.443330646571670513e+03 1.941281807529089132e-01
1.442671054580406690e+03 1.996597328654766967e-01
1.442012195604876979e+03 1.810932661462578974e-01
1.441353947475792211e+03 1.946638472988172497e-01
1.440696310193152158e+03 1.915932180388351669e-01
1.440039161587668332e+03 1.760560155653014269e-01
1.439382990336496277e+03 1.820276114339664242e-01
1.439382868167207334e+03 1.784174585479383068e-01
1.439164307309202059e+03 1.868490844584645705e-01
1.438945624281907612e+03 1.855642279293029939e-01
1.438727185593191280e+03 1.789678246862348998e-01
1.438727063423902337e+03 1.777663744424685111e-01
1.438508624735186004e+03 1.784050627008426371e-01
1.438290308215758614e+03 1.937697471953560846e-01
1.438072113865620167e+03 1.960671806905180670e-01
1.438071991696331224e+03 1.819649126866159095e-01
1.437853797346192778e+03 1.569309641255924870e-01
1.437635725165343501e+03 1.779094647163797782e-01
1.437417652984493998e+03 1.906623793747587725e-01
1.437417530815205055e+03 1.825056151057770637e-01
1.437199336465066835e+03 1.870006867493749503e-01
1.436981508622795218e+03 1.848918711372512791e-01
1.436763802949812998e+03 1.841118203523044172e-01
1.436763680780523828e+03 1.735868248796205993e-01
1.436545852938252438e+03 1.861369792809075552e-01
1.436328025095981047e+03 1.763975502435089493e-01
1.436110441592287771e+03 1.876429016997890054e-01
1.435892858088594267e+03 1.825627696785700749e-01
1.435675274584900990e+03 1.958235404454509165e-01
1.435457813250496429e+03 1.871218469043283983e-01
1.435240474085381038e+03 1.835579546150666042e-01
1.435023134920265647e+03 1.866579351255183983e-01
1.434805795755150257e+03 1.865414207518052980e-01
1.434588700928612752e+03 1.928922009181799624e-01
1.434371483932786305e+03 1.903415361961777741e-01
1.434154389106248800e+03 1.860444701428470571e-01
1.433937416449000466e+03 1.888082782838695350e-01
1.433720565961040847e+03 1.796253918071528677e-01
1.433503715473081456e+03 1.935691426480375121e-01
1.433286864985122065e+03 1.771243008968769461e-01
1.433070258835740560e+03 1.888941193881397695e-01
1.432853530517070112e+03 1.829837799122860376e-01
1.432636924367688607e+03 1.897116369407882974e-01
1.432420440387596045e+03 1.755085276802402783e-01
1.432204078576792654e+03 1.793395604580374780e-01
1.431987716765989035e+03 1.857746283536339527e-01
1.431771354955185643e+03 1.917606358111657860e-01
1.431555115313670967e+03 1.732438402229633245e-01
1.431338997841445462e+03 1.610971611153208805e-01
1.431122880369219956e+03 1.620786364051469142e-01
1.430906885066283394e+03 1.709186550620777623e-01
1.430691011932636002e+03 1.818891676745794939e-01
1.430475016629699439e+03 1.817645484384268206e-01
1.430259143496051820e+03 1.935912969273747286e-01
1.430043270362404428e+03 1.896516514382991236e-01
1.429827763736623865e+03 1.951470657981090318e-01
1.429612134941554132e+03 1.812693773316922385e-01
1.429396628315773569e+03 1.770619573243815137e-01
1.429181243859282176e+03 1.767621088763656478e-01
1.428965737233501613e+03 1.820702467378149669e-01
1.428750352777009994e+03 1.930205827951575470e-01
1.428535090489807317e+03 1.976181496911353919e-01
1.428319950371893810e+03 1.924564649177904763e-01
1.428104810253980304e+03 2.101611722079317901e-01
1.427889670136066570e+03 2.205307059507772283e-01
1.427674652187442007e+03 2.018200668587544488e-01
1.427459878577395330e+03 1.931989869645148461e-01
1.427244860628770766e+03 1.822974193044091806e-01
1.427030087018724089e+03 1.934562267021996129e-01
1.426815435577966582e+03 1.921625431979301912e-01
1.426600784137208848e+03 2.013338990047083554e-01
1.426386132696451341e+03 1.896763514291778530e-01
1.426171603424982777e+03 1.874555520989982793e-01
1.425957196322803156e+03 2.100368886778020139e-01
1.425742789220623308e+03 1.897426269439742019e-01
1.425528504287732858e+03 1.924780668206682588e-01
1.425314219354842180e+03 1.898868109022028849e-01
1.425100056591240445e+03 1.913633013443213349e-01
1.424885893827638711e+03 1.938824764428500047e-01
1.424671853233326146e+03 1.915071804516401965e-01
1.424457690469724412e+03 1.900453687661437518e-01
1.424244016383278677e+03 1.760562645654579483e-01
1.424030097958255055e+03 1.908127093475509573e-01
1.423816301702520377e+03 1.818933267136301213e-01
1.423602627616074642e+03 2.034044952138455986e-01
1.423388953529628907e+03 2.015598258158389777e-01
1.423175401612472342e+03 1.903406868992388867e-01
1.422961727526026607e+03 1.847585212867874638e-01
1.422748542116736871e+03 1.957355270331000985e-01
1.422535112368869250e+03 1.950386386592548038e-01
1.422321804790290571e+03 1.997315426466098887e-01
1.422108497211711665e+03 1.837869702740888012e-01
1.421895433971711100e+03 2.026901520437700555e-01
1.421682248562421364e+03 1.951763417071088469e-01
1.421469185322420572e+03 1.928657321503451094e-01
1.421256122082419779e+03 1.901127355924087936e-01
1.421043303180997100e+03 1.935655666287700860e-01
1.420830484279574193e+03 1.874394450328906725e-01
1.420617665378151514e+03 1.944491643327295183e-01
1.420405090815306721e+03 1.865777984560590963e-01
1.420192271913884042e+03 1.929927051071053112e-01
1.419979819520328192e+03 1.993697320505979087e-01
1.419767244957483399e+03 1.897808341629704798e-01
1.419554914733216719e+03 1.918336438910402120e-01
1.419342462339660869e+03 1.896252579467605504e-01
1.419130132115394190e+03 1.883672849216947165e-01
1.418917924060416226e+03 1.920574877210069475e-01
1.418705838174727432e+03 1.852227601907431020e-01
1.418493752289038639e+03 1.982604686731035404e-01
1.418281666403349845e+03 1.861339919185984182e-01
1.418069580517661052e+03 1.837212663678255420e-01
1.417857861139839315e+03 1.981943363162199379e-01
1.417645897423439465e+03 2.004269491784236856e-01
1.417434055876328557e+03 1.868568018788150098e-01
1.417222458667795763e+03 1.938413618367629820e-01
1.417010861459262969e+03 1.896779870000085133e-01
1.416799264250730175e+03 1.797491511164086286e-01
1.416587667042197154e+03 2.055070365593064108e-01
1.416376314172242473e+03 1.846664103295876935e-01
1.416164961302287566e+03 1.957514021223541734e-01
1.415953608432332658e+03 1.835217043389965885e-01
1.415742377731666693e+03 1.947198075166747810e-01
1.415531147031000955e+03 1.742445015199644009e-01
1.415320160668913104e+03 1.928504774140501477e-01
1.415109052137536082e+03 1.937123513718488066e-01
1.414898065775448231e+03 1.899383376202753160e-01
1.414687079413360379e+03 1.946416798708653639e-01
1.414476337389850414e+03 1.880491275258718287e-01
1.414265595366340449e+03 1.840629720555842508e-01
1.414054853342830711e+03 1.928603519919537823e-01
1.413844233488609689e+03 1.903328016555150548e-01
1.413633735803677837e+03 1.876947219264720190e-01
1.413423115949456815e+03 1.998881488855211441e-01
1.413212496095236020e+03 1.894305202934387089e-01
1.413002364918170997e+03 1.944058777404081562e-01
1.412791989402528088e+03 1.946751439628399138e-01
1.412581736056174122e+03 1.914375849163755250e-01
1.412371482709820157e+03 1.858613324011280099e-01
1.412161473702044304e+03 2.034011669671799416e-01
1.411951464694268225e+03 2.052926388608718455e-01
1.411741455686492372e+03 1.973601594948820315e-01
1.411531446678716520e+03 1.949370347169285811e-01
1.411321682009518554e+03 1.888698347037731651e-01
1.411111917340320360e+03 1.921563859279363795e-01
1.410902152671122394e+03 1.983674255015457633e-01
1.410692388001924428e+03 1.869932200592451799e-01
1.410482867671304575e+03 1.878887874973864669e-01
1.410273347340684495e+03 1.951129851682244509e-01
1.410063949179353585e+03 1.828915387928742031e-01
1.409854428848733505e+03 1.909254598341885989e-01
1.409645275025980482e+03 1.953884145045051424e-01
1.409435876864649572e+03 1.993265231701189522e-01
1.409226723041896548e+03 1.974194092333638462e-01
1.409017569219143525e+03 1.801453604223446636e-01
1.408808537565679444e+03 1.925582392473607907e-01
1.408599505912215363e+03 1.998178985504235894e-01
1.408390596428040453e+03 1.819425079631657449e-01
1.408181686943865316e+03 1.934632599752147963e-01
1.407972899628979349e+03 1.979234997269815333e-01
1.407764112314093381e+03 1.934209497348230167e-01
1.407555447168496130e+03 1.975464728596738329e-01
1.407346782022899106e+03 1.980132051732133025e-01
1.407138239046591025e+03 1.913294157301553555e-01
1.406929818239572114e+03 1.936563685974374005e-01
1.406721397432552976e+03 2.005893880890237402e-01
1.406512976625533838e+03 1.971124640867124300e-01
1.406304677987803871e+03 2.039693552224748629e-01
1.406096623688651789e+03 1.799693581151076138e-01
1.405888325050921594e+03 1.930365611241784685e-01
1.405680270751769513e+03 1.856990541828296704e-01
1.405472216452617431e+03 1.922795597314941873e-01
1.405264284322754293e+03 1.883767921488614938e-01
1.405056352192891154e+03 2.023489957898639835e-01
1.404848542232317186e+03 1.926564808585468080e-01
1.404640732271742991e+03 1.934423290283163732e-01
1.404433166649746909e+03 1.930758947551877158e-01
1.404225478858461884e+03 1.958782208876968800e-01
1.404017791067176631e+03 2.036225226718883508e-01
1.403810347614469492e+03 1.945783580075619579e-01
1.403602904161762353e+03 1.907631635367756096e-01
1.403395582878344158e+03 2.008345170312996197e-01
1.403188139425637019e+03 1.890178476090544346e-01
1.402980940311507993e+03 1.978025122427722604e-01
1.402773863366667683e+03 1.895693631581651661e-01
1.402566664252538658e+03 1.966674062294503922e-01
1.402359587307698348e+03 1.938232210333268313e-01
1.402152510362858266e+03 1.922938216319996785e-01
1.401945677756596069e+03 2.055599660890362890e-01
1.401738845150333873e+03 1.841253965388878477e-01
1.401532012544071677e+03 1.958736307148926936e-01
1.401325179937809480e+03 1.903050751796847018e-01
1.401118469500836454e+03 1.994864819936770506e-01
1.400911881233152144e+03 1.983571422965572373e-01
1.400705415134757004e+03 1.790789381623291154e-01
1.400498949036361637e+03 1.960642705227249594e-01
1.400292482937966497e+03 1.942665356660493170e-01
1.400086139008860300e+03 1.854029644880147987e-01
1.399879917249043046e+03 2.046434784413695973e-01
1.399673573319936850e+03 1.863694786512510027e-01
1.399467473729408539e+03 1.941569595988476837e-01
1.399261374138880456e+03 1.989519739362225481e-01
1.399055396717641088e+03 1.992507603798913118e-01
1.398849297127113005e+03 2.083845399800462461e-01
1.398643441875162580e+03 1.968407233576215387e-01
1.398437708792501326e+03 2.018020616294297076e-01
1.398231731371262185e+03 1.889803236164544764e-01
1.398026120457889874e+03 1.972678302647167536e-01
1.397820387375228620e+03 1.934737053029549625e-01
1.397614776461856309e+03 1.907895787578371694e-01
1.397409409887062111e+03 2.002918835503605666e-01
1.397203921142978743e+03 2.019937643590208332e-01
1.396998432398895375e+03 1.893321976486273817e-01
1.396792943654812234e+03 2.007707433375242878e-01
1.396587943587884865e+03 1.933089498582613308e-01
1.396382699182379611e+03 1.937091267182357301e-01
1.396177454776874356e+03 2.016157484588061433e-01
1.395972454709946987e+03 1.906913850680101163e-01
1.395767454643019619e+03 1.971931969916798644e-01
1.395562454576092250e+03 2.105025726387420304e-01
1.395357576678454052e+03 2.087775010865848546e-01
1.395152698780815626e+03 1.968278193536528164e-01
1.394947943052466371e+03 1.898046789417337232e-01
1.394743309493406059e+03 2.053564375776903428e-01
1.394538675934345747e+03 1.947167020672823934e-01
1.394334042375285435e+03 1.964279287094520821e-01
1.394129408816224895e+03 2.043481112993121018e-01
1.393925141765031640e+03 1.955326405596775063e-01
1.393720752544549214e+03 1.866272083050305453e-01
1.393516363324067015e+03 1.831243722366133198e-01
1.393312096272873532e+03 1.925094087987234692e-01
1.393107951390969220e+03 2.069867782346554441e-01
1.392903806509064680e+03 1.968927932550662008e-01
1.392699783796449310e+03 1.907121564630429034e-01
1.392495761083833941e+03 1.961233319627911365e-01
1.392291738371218571e+03 2.023322192074571424e-01
1.392087959997181315e+03 1.931796362211279094e-01
1.391884059453854888e+03 1.956977928665351585e-01
1.391680281079817405e+03 2.034973164227505682e-01
1.391476502705779922e+03 1.987659956338039269e-01
1.391273090839609495e+03 1.950167895239965365e-01
1.391069434634861182e+03 1.875660711981886053e-01
1.390865900599401812e+03 1.976678450254259201e-01
1.390662488733231385e+03 1.898591858013012335e-01
1.390459076867060958e+03 1.995351048431937002e-01
1.390255787170179474e+03 1.888158022903682620e-01
1.390052497473297990e+03 2.064315669985596347e-01
1.389849329945705676e+03 2.040179888436138844e-01
1.389646162418113136e+03 1.921854364657324121e-01
1.389443239229098708e+03 1.927339131842270570e-01
1.389240193870795338e+03 2.052605919156451353e-01
1.389037148512491740e+03 1.921159272291411979e-01
1.388834225323477312e+03 2.010439675752778155e-01
1.388631424303751828e+03 1.988303713437202247e-01
1.388428745453315287e+03 2.030917693880825436e-01
1.388226066602878973e+03 1.983798515661785444e-01
1.388023387752442432e+03 1.850610176026181442e-01
1.387820831071294833e+03 1.861854899462292157e-01
1.387618396559436405e+03 2.019198056875159408e-01
1.387415839878288807e+03 2.048166121498098957e-01
1.387213527535719322e+03 1.853186341858316100e-01
1.387011215193149837e+03 1.992241707790290417e-01
1.386808902850580353e+03 1.964158985012923186e-01
1.386606712677299811e+03 1.920710124577547362e-01
1.386404644673308439e+03 1.980647778800369851e-01
1.386202454500027898e+03 1.873912140373884538e-01
1.386000508665325242e+03 1.928520460223729638e-01
1.385798562830622814e+03 1.972042732942366483e-01
1.385596739165209328e+03 1.954245966022353787e-01
1.385394915499795616e+03 1.974151590541124157e-01
1.385193091834382130e+03 1.951598504739262552e-01
1.384991390338257588e+03 1.972254453725506007e-01
1.384789688842133046e+03 1.987570043783100093e-01
1.384588231684586390e+03 1.986503973281680824e-01
1.384386652357751018e+03 1.947309414678168316e-01
1.384185195200204362e+03 1.840644212141298586e-01
1.383983738042657706e+03 2.017724663608058133e-01
1.383782525223689163e+03 1.965107977470369194e-01
1.383581190235431677e+03 1.818676947776954600e-01
1.383379977416462907e+03 1.950439068359465233e-01
1.383178764597494364e+03 1.946303896133151079e-01
1.382977796117103935e+03 1.923383936775745207e-01
1.382776827636713278e+03 1.955119982788048605e-01
1.382575736987033679e+03 1.935739860179123972e-01
1.382374890675931965e+03 1.937742162082943254e-01
1.382174044364830479e+03 1.967842924798667292e-01
1.381973320223017708e+03 2.075876617943905045e-01
1.381772596081205165e+03 1.907521118253546755e-01
1.381571871939392622e+03 2.046112823476798903e-01
1.381371269966869022e+03 2.049467875338503720e-01
1.381170667994345195e+03 2.032513004510647925e-01
1.380970310360399708e+03 1.978133516534160419e-01
1.380769952726453994e+03 1.901793735551748354e-01
1.380569595092508280e+03 1.959320669828754358e-01
1.380369237458562793e+03 1.936388746952474871e-01
1.380169001993906022e+03 1.845464434448897129e-01
1.379968888698538422e+03 1.931442662362804763e-01
1.379768775403170594e+03 1.901582737100555032e-01
1.379568662107802993e+03 2.013451428566175316e-01
1.379368670981724335e+03 2.043042287085517772e-01
1.379168924194223564e+03 1.965050253534939839e-01
1.378969055237434077e+03 2.146214913125009394e-01
1.378769186280644362e+03 2.041270646770205199e-01
1.378569439493143591e+03 2.130289393488938587e-01
1.378369692705642819e+03 1.942059645207558638e-01
1.378170068087431218e+03 2.028992303478404646e-01
1.377970565638508560e+03 1.960661159372202034e-01
1.377771063189585902e+03 2.060304536545679577e-01
1.377571682909952187e+03 1.983207449160920566e-01
1.377372302630318472e+03 2.049195904680082558e-01
1.377173044519973701e+03 2.016569597322747931e-01
1.376973786409628929e+03 2.036000560113231383e-01
1.376774528299284157e+03 2.050802216526664001e-01
1.376575392358228555e+03 2.075347867511809774e-01
1.376376256417172726e+03 2.080701543283785260e-01
1.376177364814695011e+03 1.960726873902700895e-01
1.375978351042928125e+03 1.921422179961742027e-01
1.375779459440450410e+03 1.965156089225434943e-01
1.375580567837972694e+03 2.109877557466001141e-01
1.375381798404783922e+03 1.990897728831403368e-01
1.375183273310173263e+03 2.014960888077697576e-01
1.374984626046273434e+03 1.927787149744619455e-01
1.374785978782373604e+03 1.965884036881936636e-01
1.374587453687762945e+03 2.025233748379444143e-01
1.374388928593152059e+03 2.063460789225246561e-01
1.374190647837119286e+03 1.970914027234730026e-01
1.373992244911797570e+03 1.929428582965713179e-01
1.373793964155764797e+03 2.090844597455715770e-01
1.373595683399731797e+03 2.052959424778286746e-01
1.373397524812988195e+03 1.948761409537710654e-01
1.373199488395533308e+03 1.944029576783603552e-01
1.373001329808789478e+03 1.962408634913590244e-01
1.372803415560623762e+03 2.070624975464928630e-01
1.372605501312457818e+03 1.996590657962112325e-01
1.372407587064292102e+03 1.930781638930643695e-01
1.372209917154704272e+03 2.071035180103317219e-01
1.372012125075827271e+03 2.005727247595730789e-01
1.371814455166239441e+03 2.008047962970508638e-01
1.371616663087362667e+03 1.976013631020904215e-01
1.371419237516352723e+03 2.000716943863656283e-01
1.371221811945343006e+03 2.055229830189567730e-01
1.371024386374333062e+03 2.001171954251486917e-01
1.370826960803323345e+03 2.063495656333783068e-01
1.370629535232313401e+03 1.890894886067746861e-01
1.370432231830592627e+03 1.994717617134407484e-01
1.370235172767449740e+03 1.980901518403455075e-01
1.370037991535017682e+03 1.979939834615832839e-01
1.369840932471874794e+03 1.966567231166081453e-01
1.369643873408731906e+03 1.777800499098707576e-01
1.369446936514878189e+03 2.062693046762543725e-01
1.369250121790313187e+03 1.993554207734574146e-01
1.369053062727170300e+03 1.965284236908445281e-01
1.368856370171894469e+03 1.857419143835961073e-01
1.368659677616618410e+03 1.946732878732035932e-01
1.368462985061342579e+03 1.856896161154205360e-01
1.368266414675355691e+03 1.959763166106344434e-01
1.368069844289368802e+03 1.991671333102340846e-01
1.367873273903381914e+03 1.949228709290329875e-01
1.367676947855972912e+03 1.972162400132400351e-01
1.367480499639274967e+03 1.954258094477960839e-01
1.367284173591865965e+03 1.987045364004648429e-01
1.367088091883035077e+03 2.058369000807533933e-01
1.366891765835626074e+03 1.967257158988828525e-01
1.366695684126795186e+03 2.020720456494200234e-01
1.366499480248675127e+03 1.948449764148194041e-01
1.366303520709133181e+03 1.957499622921995142e-01
1.366107683338880406e+03 2.109721134401920106e-01
1.365911723799338233e+03 1.994015480990488920e-01
1.365715886429085458e+03 1.925043958849380898e-01
1.365520049058832456e+03 1.821503365144891140e-01
1.365324333857868396e+03 1.909194369590868356e-01
1.365128862995482450e+03 1.961862567908638222e-01
1.364933147794518391e+03 2.109679763277635123e-01
1.364737676932132445e+03 1.973545587677772162e-01
1.364542083900457556e+03 2.038648263562115315e-01
1.364346735207360553e+03 2.082803983672620318e-01
1.364151386514263550e+03 2.032332628345399073e-01
1.363956037821166319e+03 2.059495489799462453e-01
1.363760811297358487e+03 2.005460410888569855e-01
1.363565584773550427e+03 1.913153639549494134e-01
1.363370480419031310e+03 1.880089283424171143e-01
1.363175376064512420e+03 2.061731091290574802e-01
1.362980393879282246e+03 1.989886782127967824e-01
1.362785533863341243e+03 2.046080028933039696e-01
1.362590429508822353e+03 2.093036590383619000e-01
1.362395691662170293e+03 2.096510484415683440e-01
1.362200953815518233e+03 1.982480339446470174e-01
1.362006338138155115e+03 1.964500653902496452e-01
1.361811600291503055e+03 1.936560002443455109e-01
1.361616984614139938e+03 2.008765335682646813e-01
1.361422368936776820e+03 1.984943962494980785e-01
1.361227875428702873e+03 1.964782850487748200e-01
1.361033504089917869e+03 2.041870317277514613e-01
1.360839254920421808e+03 2.098712988098784260e-01
1.360644883581636577e+03 1.896690300394048567e-01
1.360450634412140516e+03 1.956605878330078541e-01
1.360256385242644456e+03 2.023657170176697828e-01
1.360062136073148395e+03 2.133437847852114044e-01
1.359868253411519163e+03 1.987296095763729509e-01
1.359674248580601216e+03 2.040901592806124709e-01
1.359480243749683041e+03 2.048972769454225906e-01
1.359286361088054036e+03 1.969064644291954047e-01
1.359092478426424805e+03 1.951689484929026719e-01
1.358898717934084743e+03 2.037336059371630537e-01
1.358705079611033625e+03 1.988404263063296151e-01
1.358511319118693564e+03 1.947465936165559408e-01
1.358317680795642218e+03 1.992484251678386664e-01
1.358124164641880270e+03 2.026494236828617068e-01
1.357930648488118095e+03 1.936032474592247754e-01
1.357737254503644863e+03 1.990861454261932117e-01
1.357543860519171858e+03 1.997571163148457452e-01
1.357350588703987569e+03 2.189573567989721581e-01
1.357157316888803507e+03 2.147867249461775097e-01
1.356964045073619218e+03 1.879638524532379895e-01
1.356770895427724099e+03 2.004398232002636282e-01
1.356577867951117923e+03 1.929846978672937474e-01
1.356384840474511748e+03 1.852072349720021993e-01
1.356191935167194515e+03 1.907690085005711578e-01
1.355998907690588339e+03 2.040750130800343121e-01
1.355806124552560277e+03 1.975268516853927181e-01
1.355613219245243044e+03 2.045439886651396477e-01
1.355420680445792868e+03 2.038895263323674822e-01
1.355227897307764579e+03 2.001795213311571009e-01
1.355035236339025460e+03 1.950208602406320046e-01
1.354842697539575283e+03 1.907461652837131316e-01
1.354650158740125107e+03 2.082528515744679065e-01
1.354457864279252817e+03 1.834194229563509138e-01
1.354265447649091584e+03 1.999268213773256753e-01
1.354073031018930351e+03 2.040647615313056495e-01
1.353880736558058061e+03 1.967228639296335901e-01
1.353688442097185998e+03 1.968225288298084408e-01
1.353496269805602651e+03 2.051574849295117742e-01
1.353304341852597418e+03 1.916580063628461061e-01
1.353112291730303241e+03 2.061327410465745857e-01
1.352920241608009064e+03 1.865030162574985440e-01
1.352728313655003831e+03 1.885612620107778303e-01
1.352536385701998370e+03 2.050553328350721294e-01
1.352344579918282307e+03 2.079145275121604408e-01
1.352152896303854959e+03 2.078339401003619358e-01
1.351961212689427612e+03 2.081954696268817906e-01
1.351769529075000492e+03 1.768090497991678944e-01
1.351577845460573144e+03 2.048583226927243317e-01
1.351386284015434967e+03 2.007084620684375931e-01
1.351194722570296562e+03 2.050670863431184876e-01
1.351003527633025215e+03 2.088494410639269161e-01
1.350812088357175980e+03 2.003710968922105817e-01
1.350620771250615689e+03 1.884534736179869219e-01
1.350429576313344342e+03 1.958976284039856963e-01
1.350238381376072994e+03 2.070749793142142303e-01
1.350047186438801873e+03 1.982063745663914245e-01
1.349856235840108411e+03 2.019773110303774433e-01
1.349665163072126234e+03 1.954268310317485435e-01
1.349474212473432772e+03 1.921940237506131743e-01
1.349283261874739537e+03 1.953779881041484423e-01
1.349092433445335246e+03 2.006681687456660923e-01
1.348901605015930954e+03 1.996979063455033010e-01
1.348710898755815606e+03 2.036660771240079160e-01
1.348520314664989201e+03 2.089648047012088450e-01
1.348329608404873852e+03 2.000751868558125202e-01
1.348139024314047447e+03 1.943306460364230548e-01
1.347948562392510212e+03 2.027839542982933507e-01
1.347758100470972749e+03 2.069201278377006403e-01
1.347567760718724458e+03 1.954358932066190546e-01
1.347377298797186995e+03 2.003665974064148536e-01
1.347187081214227646e+03 2.004769011067463469e-01
1.346996863631268297e+03 2.030109260091561840e-01
1.346806646048308949e+03 2.006693489680447251e-01
1.346616550634638543e+03 1.940308820133908874e-01
1.346426577390257080e+03 1.912356407539216319e-01
1.346236604145875845e+03 1.882797928153533973e-01
1.346046630901494382e+03 1.955758645141032481e-01
1.345856779826401862e+03 1.967669806349367501e-01
1.345666928751309570e+03 1.908041036203284579e-01
1.345477077676217050e+03 1.991076655760211644e-01
1.345287470939702644e+03 2.001528733045886688e-01
1.345097742033899294e+03 1.910071124522314534e-01
1.344908135297384888e+03 1.985246894411286378e-01
1.344718650730159425e+03 1.897706908122445690e-01
1.344529043993645018e+03 1.995111620355591864e-01
1.344339681595708726e+03 1.999288604296656502e-01
1.344150197028483262e+03 2.117340469546164783e-01
1.343961078969124856e+03 2.029700251257568755e-01
1.343771716571188335e+03 2.043383136646035325e-01
1.343582476342540758e+03 2.025938753573751361e-01
1.343393358283182351e+03 1.904582177431123347e-01
1.343204240223823945e+03 2.021340334628197732e-01
1.343015244333754481e+03 1.982562954661453991e-01
1.342826248443685017e+03 1.984282906632581223e-01
1.342637374722904497e+03 1.977763532635213595e-01
1.342448378832835033e+03 2.007051675339325270e-01
1.342259627281343683e+03 1.934822494296106199e-01
1.342070875729852105e+03 2.057689998223518335e-01
1.341882124178360755e+03 2.032508447036373567e-01
1.341693494796158120e+03 1.983363751452388857e-01
1.341504987583244656e+03 1.993218700551851463e-01
1.341316480370331192e+03 2.084253167083420788e-01
1.341127973157417728e+03 1.946832310075218286e-01
1.340939465944504263e+03 2.071192315450778310e-01
1.340751080900879742e+03 1.931887205450818490e-01
1.340562818026544164e+03 1.948617928516497011e-01
1.340374555152208586e+03 2.027846809465923272e-01
1.340186414447162178e+03 2.030435529817591067e-01
1.339998273742115543e+03 2.010238527656114660e-01
1.339810133037069136e+03 2.041362519442403989e-01
1.339622114501311671e+03 1.959320969764517251e-01
1.339434095965553979e+03 1.980647286511081906e-01
1.339246077429796514e+03 1.828405411312500617e-01
1.339058303232616936e+03 1.961530840610993531e-01
1.338870529035437357e+03 1.953910157254818702e-01
1.338682632668968836e+03 2.074912301307318407e-01
1.338494980641078200e+03 1.942831996627219782e-01
1.338307328613187792e+03 2.100731143679567536e-01
1.322374742958683100e+03 2.065321626058098381e-01
1.322191855533063062e+03 2.124196095713044297e-01
1.322008968107443252e+03 2.072110114507157430e-01
1.321826080681823441e+03 2.048609269579548808e-01
1.321643437594781517e+03 2.095652796758235015e-01
1.304877413050778387e+03 2.009392732787493585e-01
1.304699534566007287e+03 2.050137873015087098e-01
1.304521778250524903e+03 2.088824583079995356e-01
1.304344021935042747e+03 2.175414625925594370e-01
1.304166265619560363e+03 1.990324433210051980e-01
1.286997082421886262e+03 1.996868733517517813e-01
1.286824457216541759e+03 1.948563284534355344e-01
1.286651709841908087e+03 2.085641654438092352e-01
1.286479084636563357e+03 2.095838037213739735e-01
1.286306459431218855e+03 2.127229820862122089e-01
1.286133956395163068e+03 2.109645986295513587e-01
1.285961453359107509e+03 2.140179527502687196e-01
1.285788950323051949e+03 2.023905232910369889e-01
1.285616569456285106e+03 2.106113055911255638e-01
1.285444188589518490e+03 2.120636649602676005e-01
1.285272052061329987e+03 2.025205033351951678e-01
1.285099793363852314e+03 2.058569260831823455e-01
1.284927534666374640e+03 2.073904705112575575e-01
1.284755398138185910e+03 2.020996942780745598e-01
1.284583261609997180e+03 1.935970799277036136e-01
1.284411247251097620e+03 2.169593175714843170e-01
1.284239232892197833e+03 2.014278384230958618e-01
1.284067218533298274e+03 2.162276563697776433e-01
1.283895326343687429e+03 2.160744970619866701e-01
1.283723434154076813e+03 2.171817317925513746e-01
1.283551664133755139e+03 2.127907169791116992e-01
1.283379894113433465e+03 2.068708966058847576e-01
1.283208124093111792e+03 2.050611930262955518e-01
1.283036476242079061e+03 2.128988486158967242e-01
1.282864828391046331e+03 2.190953135322208367e-01
1.282693424878591486e+03 2.133174906111731384e-01
1.282521899196847926e+03 2.219195781551809576e-01
1.282350373515104138e+03 2.129301474549710749e-01
1.282178970002649521e+03 2.148109471574916884e-01
1.282007688659483620e+03 2.027089155030645518e-01
1.281836285147029002e+03 2.021082446925471510e-01
1.281665003803863328e+03 1.975107012909657900e-01
1.281493722460697427e+03 2.018619371312380395e-01
1.281322563286820696e+03 2.030140676949082901e-01
1.281151404112943965e+03 1.987569881501711488e-01
1.280980244939067234e+03 2.069534624091008690e-01
1.280809330103768616e+03 2.025266202603832610e-01
1.280638293099180828e+03 1.976291483458239295e-01
1.280467256094593040e+03 2.088052298092829273e-01
1.280296463428583365e+03 2.129982186383856946e-01
1.280125548593284520e+03 1.934124536354914770e-01
1.279954878096563789e+03 1.959402144294638826e-01
1.279784085430553887e+03 1.966269490826948185e-01
1.279613414933833155e+03 2.032697360557441102e-01
1.279442744437112424e+03 2.018858272245484531e-01
1.279272196109680635e+03 1.984866790515104340e-01
1.279101525612959904e+03 2.000181383677844815e-01
1.278931099454817058e+03 2.007940177182551689e-01
1.278760551127385270e+03 2.006508863208961435e-01
1.278590247138531595e+03 2.063531212575081264e-01
1.278419820980388749e+03 2.109786619485632952e-01
1.278249516991534847e+03 2.018804039341949852e-01
1.278079213002681172e+03 2.074894222594278748e-01
1.277909031183116213e+03 2.073203442098375537e-01
1.277738849363551481e+03 2.091808245316001680e-01
1.277568667543986749e+03 2.023451167468323375e-01
1.277398607893710960e+03 2.179259962570461728e-01
1.277228548243435171e+03 2.061025816602426453e-01
1.277058732931737268e+03 2.049337689537062968e-01
1.276888795450750422e+03 2.066998814895355530e-01
1.276718857969763576e+03 2.086165503370325247e-01
1.276549042658065673e+03 2.037190273410105779e-01
1.276379349515656941e+03 2.114329748467962400e-01
1.276209534203959038e+03 1.927306466899394999e-01
1.276039841061550305e+03 1.993183582421635125e-01
1.275870147919141345e+03 2.107757096469836389e-01
1.275700576946021556e+03 2.059205560599358664e-01
1.275531005972901767e+03 2.060085676495046481e-01
1.275361434999781750e+03 2.012670879861390150e-01
1.275192108365239847e+03 2.061096347782923333e-01
1.275022537392120057e+03 2.099147245997864397e-01
1.274853210757578154e+03 1.992579255063214039e-01
1.274683884123036250e+03 2.063074717184218698e-01
1.274514679657783518e+03 2.066590279197746127e-01
1.274345353023241614e+03 2.018405097254274694e-01
1.274176270727277597e+03 2.026069291735819733e-01
1.274007188431313807e+03 2.049772960551262402e-01
1.273838106135350017e+03 2.074063793583217075e-01
1.273669146008674943e+03 2.033385397490444779e-01
1.273500185882000096e+03 2.120330890620571451e-01
1.273331347924614192e+03 2.004446079467198105e-01
1.273331225755325249e+03 2.091552250292648407e-01
1.273162387797939346e+03 1.984658125424497155e-01
1.273162265628650403e+03 2.120133762768575403e-01
1.272993672009842385e+03 1.993938961521405651e-01
1.272993549840553442e+03 2.090692428770178635e-01
1.272824834052456481e+03 2.060856788862299172e-01
1.272824711883167538e+03 1.983479422695452188e-01
1.272655996095070577e+03 2.031331522672522039e-01
1.272655873925781634e+03 2.050671208970943626e-01
1.272487158137684673e+03 2.108490355285073947e-01
1.272318564518876883e+03 2.080015127986033496e-01
1.272149970900068865e+03 2.060998223472954027e-01
1.271981377281260848e+03 2.041282745902442686e-01
1.271812905831742000e+03 2.030105479924995682e-01
1.271644434382223153e+03 1.913129718800067880e-01
1.271475962932704078e+03 2.105732633756339789e-01
1.271307613652474174e+03 2.048277738073493170e-01
1.271139264372244270e+03 2.029975429229562700e-01
1.270971037261303309e+03 2.001624183475922414e-01
1.270802810150362347e+03 2.079141826585773067e-01
1.270634583039421386e+03 2.031447620318985459e-01
1.270466600267058539e+03 2.062236774505912806e-01
1.270298495325406520e+03 2.017019193250231268e-01
1.270130390383754502e+03 2.039609219082472169e-01
1.269962407611391654e+03 2.118887561524976926e-01
1.269794547008317522e+03 1.926781026286271958e-01
1.269626564235954675e+03 2.116136571417844559e-01
1.269458703632880543e+03 2.208833326145926146e-01
1.269290965199095581e+03 2.200687393177911955e-01
1.269123226765310619e+03 2.074574553413576217e-01
1.268955488331525657e+03 2.070581279046957435e-01
1.268787749897740696e+03 2.093628039239878724e-01
1.268620255802533620e+03 2.105228883663723960e-01
1.268452639538037829e+03 2.104459748539797281e-01
1.268285023273541810e+03 2.114996231357766932e-01
1.268117651347623678e+03 2.149550443369410424e-01
1.267950157252416602e+03 2.090916653066859643e-01
1.267782785326498697e+03 2.068787578078678802e-01
1.267615413400580792e+03 2.047396763345588344e-01
1.267448285813240773e+03 2.074676290799644662e-01
1.267280913887322640e+03 2.072537662959954008e-01
1.267113664130693678e+03 1.994980874435176021e-01
1.266946536543353659e+03 2.034265804188684079e-01
1.266779408956013640e+03 2.005988195233822102e-01
1.266612403537962564e+03 2.104798804416192215e-01
1.266445520289200431e+03 2.176511953517404896e-01
1.266278514871149355e+03 2.071536968143197488e-01
1.266111631622387449e+03 2.080640464516828048e-01
1.265944748373625316e+03 2.020864360070962762e-01
1.265777865124863411e+03 2.132577459596932401e-01
1.265611104045390221e+03 2.062398300594130707e-01
1.265444342965917258e+03 2.106418753344575512e-01
1.265277826225022181e+03 2.006187949161974127e-01
1.265111065145548991e+03 2.076534528335210184e-01
1.264944426235364972e+03 2.021593512003841686e-01
1.264777909494469895e+03 2.027207071628402690e-01
1.264611392753574819e+03 2.099322676316060510e-01
1.264444998181968913e+03 2.237284896218256769e-01
1.264278603610362779e+03 2.000383494082486890e-01
1.264112209038756646e+03 2.129878914423134206e-01
1.263945936636439455e+03 2.201051502850482067e-01
1.263779664234122492e+03 2.035481990620184867e-01
1.263613391831805302e+03 2.012106130218778988e-01
1.263447241598777282e+03 2.093506136859172306e-01
1.263281091365749262e+03 2.091054262265865937e-01
1.263115063302009958e+03 2.058094875719704842e-01
1.262948913068981938e+03 2.093047519271648005e-01
1.262783007174531804e+03 2.000764265544935916e-01
1.262616979110792727e+03 2.007931593442198737e-01
1.262451073216342593e+03 2.168603564964694252e-01
1.262285289491181402e+03 2.123318835546551819e-01
1.262119505766020438e+03 2.029093933172950726e-01
1.261953722040859247e+03 2.054361828276255464e-01
1.261787938315698057e+03 2.008419494619033130e-01
1.261622398929114979e+03 2.032646390846798712e-01
1.261456859542531902e+03 1.999753806359595432e-01
1.261291197986659654e+03 2.024295329425168932e-01
1.261125658600076576e+03 2.044998009913199521e-01
1.260960241382782442e+03 2.078212748541224952e-01
1.260794824165488308e+03 2.040483365920181813e-01
1.260629406948194173e+03 2.020404603841589319e-01
1.260463989730900039e+03 2.085573716394543142e-01
1.260298694682894848e+03 2.030816371526052710e-01
1.260133521804178599e+03 2.075864351550690268e-01
1.259968226756173408e+03 2.125804565370685850e-01
1.259803176046746330e+03 2.138880042114108537e-01
1.259638003168030082e+03 2.101734288291867148e-01
1.259472952458603004e+03 2.014342019550341423e-01
