# Wavelength, Reflectance
1.644296548393793046e+03 3.020760054330369759e-01
1.643430459526605546e+03 3.060395533756407604e-01
1.642565225151605546e+03 3.049976675102566981e-01
1.641700967339105546e+03 3.208786196534056945e-01
1.640837564018793046e+03 3.029549999157353235e-01
1.639975259331293046e+03 3.298615137878310177e-01
1.639113809135980546e+03 3.174628704734721585e-01
1.638253335503168046e+03 3.066620746324765223e-01
1.637393716362543046e+03 3.131839622681802937e-01
1.636535195854730546e+03 3.283556704371418111e-01
1.635677529839105546e+03 3.117151889015528088e-01
1.634820840385980546e+03 3.106553517763392391e-01
1.633965127495355546e+03 3.230434418512365125e-01
1.633110269096918046e+03 3.284162730900193616e-01
1.632256387260980546e+03 3.117709274580517387e-01
1.631403359917230546e+03 3.187267409154027620e-01
1.630551309135980546e+03 3.112043453050413189e-01
1.629700234917230546e+03 3.122037759842859472e-01
1.628850015190668046e+03 3.128572840419408529e-01
1.628000772026605546e+03 3.089428022599113310e-01
1.627152383354730546e+03 3.085879509531197495e-01
1.626304971245355546e+03 3.172897372201897714e-01
1.625458535698480546e+03 3.060891975486510486e-01
1.624613076714105546e+03 3.084157481467885709e-01
1.623768350151605546e+03 3.123989494255428045e-01
1.622924722221918046e+03 3.150034722584497127e-01
1.622081826714105546e+03 3.102588354630376744e-01
1.621240029839105546e+03 3.163403559518606079e-01
1.620398965385980546e+03 3.206840046104342812e-01
1.619558999565668046e+03 3.117940100883117016e-01
1.618719766167230546e+03 3.197157650453163469e-01
1.617881509331293046e+03 3.060281394399031463e-01
1.617044106987543046e+03 3.103714597751885962e-01
1.616207681206293046e+03 3.055831406453538013e-01
1.615372109917230546e+03 3.078944348925061747e-01
1.614537515190668046e+03 3.057594077761489615e-01
1.613703897026605546e+03 3.105015089573167075e-01
1.612871011284418046e+03 3.104654537743519738e-01
1.612039102104730546e+03 3.044822091167492251e-01
1.611208047417230546e+03 3.049316072162169822e-01
1.610377969292230546e+03 3.088104290797585860e-01
1.609548745659418046e+03 3.130773714007079045e-01
1.608720376518793046e+03 3.129316953947408053e-01
1.607892983940668046e+03 3.088144923627940686e-01
1.607066323784418046e+03 3.072547405266569664e-01
1.606240640190668046e+03 3.081254998284757574e-01
1.605415933159418046e+03 3.082325310240660587e-01
1.604592080620355546e+03 3.093790668787047560e-01
1.603768960503168046e+03 3.059734115811286737e-01
1.602946816948480546e+03 3.020789980401179520e-01
1.602125649956293046e+03 3.087588474511471226e-01
1.601305215385980546e+03 3.075596791791152529e-01
1.600485757378168046e+03 3.043255449660798861e-01
1.599667153862543046e+03 3.101932151168521612e-01
1.598849404839105546e+03 3.041447206639484313e-01
1.598032510307855546e+03 2.997280389734645611e-01
1.597216348198480546e+03 3.112287696201487819e-01
1.596401528862543046e+03 2.955354744268571254e-01
1.595587197807855546e+03 3.025420512744065316e-01
1.594773721245355546e+03 3.053475473255814476e-01
1.593961343315668046e+03 3.049124067707574270e-01
1.593149575737543046e+03 3.020287106417213763e-01
1.592338784721918046e+03 3.029362594955378740e-01
1.591528970268793046e+03 3.067684878750049360e-01
1.590719888237543046e+03 3.071415768875416785e-01
1.589911782768793046e+03 3.030191244358002023e-01
1.589104287651605546e+03 3.013638020890402891e-01
1.588297647026605546e+03 3.052360138749802831e-01
1.587492227104730546e+03 3.047865700661736565e-01
1.586687417534418046e+03 3.013788947432674559e-01
1.585883462456293046e+03 2.971898047026254042e-01
1.585080483940668046e+03 3.089495273337906633e-01
1.584278237846918046e+03 3.005747536742214288e-01
1.583476846245355546e+03 3.045641354247897170e-01
1.582676431206293046e+03 2.972976049175164448e-01
1.581876748589105546e+03 3.058545984569811527e-01
1.581078042534418046e+03 3.089092229011641266e-01
1.580279946831293046e+03 3.045036738331991510e-01
1.579482705620355546e+03 3.093267079211635684e-01
1.578686563042230546e+03 3.070967300804379740e-01
1.577891030815668046e+03 3.107748925211030189e-01
1.577096475151605546e+03 3.096410095897070835e-01
1.576302773979730546e+03 3.108012150530318762e-01
1.575509805229730546e+03 3.073512629844062372e-01
1.574717568901605546e+03 3.056558312082786610e-01
1.573926309135980546e+03 3.030414636792448935e-01
1.573135903862543046e+03 3.020921610423130121e-01
1.572346353081293046e+03 3.103857950512119435e-01
1.571557534721918046e+03 3.063087003344023285e-01
1.570769448784418046e+03 3.099010164370946119e-01
1.569982461479730546e+03 3.092275469445226466e-01
1.569196084526605546e+03 3.040307423183386537e-01
1.568410806206293046e+03 3.054720002041081961e-01
1.567626016167230546e+03 3.041296738676161349e-01
1.566842202690668046e+03 3.033573110065739264e-01
1.566059243706293046e+03 3.045922249022651185e-01
1.565277017143793046e+03 3.043691022339002350e-01
1.564495645073480546e+03 3.081816883906219329e-01
1.563715127495355546e+03 3.076724287049581452e-01
1.562935464409418046e+03 3.010971800943683108e-01
1.562156411675043046e+03 3.077348520761561956e-01
1.561378335503168046e+03 3.014497599206954481e-01
1.560601113823480546e+03 3.040676519757050111e-01
1.559824624565668046e+03 3.028111601002564379e-01
1.559048867729730546e+03 3.047948282746368309e-01
1.558273965385980546e+03 3.050506094883576047e-01
1.557500039604730546e+03 3.064541079716510130e-01
1.556726724175043046e+03 3.019319490084860225e-01
1.555954263237543046e+03 3.007848169543007044e-01
1.555182534721918046e+03 3.018293816799536011e-01
1.554411782768793046e+03 3.029977426629185677e-01
1.553641641167230546e+03 3.015258916990066762e-01
1.552872476128168046e+03 3.077418861693759222e-01
1.552872354057855546e+03 3.073691459822580074e-01
1.552616250542230546e+03 3.060890221361708963e-01
1.552360024956293046e+03 3.011007018477062647e-01
1.552104043510980546e+03 3.046053576549195840e-01
1.552103921440668046e+03 3.023739233897288492e-01
1.551848062065668046e+03 3.044345807846136620e-01
1.551336343315668046e+03 3.005878463378632293e-01
1.550569497612543046e+03 3.028022875925851509e-01
1.549803384331293046e+03 3.007610676406432537e-01
1.549038125542230546e+03 3.031789950017041435e-01
1.548273721245355546e+03 3.015203094418213992e-01
1.547509927300043046e+03 3.036679291887846022e-01
1.546746987846918046e+03 3.000102195147637540e-01
1.545984902885980546e+03 3.050481581288674304e-01
1.545223672417230546e+03 3.027018813733313718e-01
1.544463052300043046e+03 3.035767088125624347e-01
1.543703164604730546e+03 3.006954278055700702e-01
1.542944253471918046e+03 3.000850922651299157e-01
1.542186196831293046e+03 2.998882869177075805e-01
1.541428750542230546e+03 3.062887635925746754e-01
1.540672036675043046e+03 3.010466235673375790e-01
1.539916177300043046e+03 3.027780357093506902e-01
1.539161050346918046e+03 3.020130641610724309e-01
1.538406899956293046e+03 3.035673528942473554e-01
1.537653359917230546e+03 3.044254504116682969e-01
1.536900552300043046e+03 3.029827460495393421e-01
1.536148599175043046e+03 3.017012704317809657e-01
1.535397134331293046e+03 3.028644577169453123e-01
1.534647012260980546e+03 3.065941970560161489e-01
1.533897134331293046e+03 3.048695187360134784e-01
1.533148355034418046e+03 3.001155887843010572e-01
1.532400186089105546e+03 3.040310417192588210e-01
1.531652749565668046e+03 3.028863654710131637e-01
1.530906289604730546e+03 2.990066434244799676e-01
1.530160439995355546e+03 3.004156673757682472e-01
1.529415322807855546e+03 2.972628915582068432e-01
1.528670938042230546e+03 3.016275708370631525e-01
1.527927407768793046e+03 3.032305454671431200e-01
1.527184365776605546e+03 2.971953055629933393e-01
1.526442544487543046e+03 2.997783133718970872e-01
1.525701089409418046e+03 3.046363353540533225e-01
1.524960732964105546e+03 3.052420391475114680e-01
1.524220864800043046e+03 3.005388164777904048e-01
1.523481851128168046e+03 2.988164348060947106e-01
1.522743569878168046e+03 3.016156352930943751e-01
1.522006143120355546e+03 3.023881258548162809e-01
1.521269326714105546e+03 2.995801728157906352e-01
1.520533242729730546e+03 3.029123096933669101e-01
1.519797891167230546e+03 3.006992480207903440e-01
1.519063394096918046e+03 3.015277140264294720e-01
1.518329507378168046e+03 3.029158662931333845e-01
1.517596353081293046e+03 2.997040704733953120e-01
1.516864297417230546e+03 3.013922873156697491e-01
1.516132730034418046e+03 2.983691629202286366e-01
1.515401773003168046e+03 2.986876820730678395e-01
1.515158486870355546e+03 3.026914011256114923e-01
1.514915200737543046e+03 2.996149367693790033e-01
1.514671792534418046e+03 3.004075030405252700e-01
1.514671670464105546e+03 3.017488598821221890e-01
1.514428628471918046e+03 3.006880462003985732e-01
1.514185586479730546e+03 2.995041939555521671e-01
1.513942300346918046e+03 3.020625837869542196e-01
1.513213662651605546e+03 3.008488305419191877e-01
1.512485757378168046e+03 3.025940238867324550e-01
1.511758584526605546e+03 3.002562868189063150e-01
1.511032266167230546e+03 3.012180851736465104e-01
1.510306558159418046e+03 3.033548730993497755e-01
1.509581582573480546e+03 3.056683825623338624e-01
1.508857339409418046e+03 3.047551749043695968e-01
1.508133828667230546e+03 3.059928464933722725e-01
1.507411050346918046e+03 3.002192659989609824e-01
1.506689004448480546e+03 3.059324118056843678e-01
1.505967690971918046e+03 3.067566423860447200e-01
1.505247109917230546e+03 3.051582260875905783e-01
1.504527383354730546e+03 3.036970128325575113e-01
1.503808145073480546e+03 3.054324493327381096e-01
1.503089738827069596e+03 3.057675132236292725e-01
1.502371563094879320e+03 3.036946095541671053e-01
1.501654120195068799e+03 2.987499433720169906e-01
1.500937532266367953e+03 3.036647972764320302e-01
1.500221555031317166e+03 3.008961360065401380e-01
1.499506310628645906e+03 3.019237565926506939e-01
1.498791799058354627e+03 3.018753961144035047e-01
1.498077898181713181e+03 3.034006570502446043e-01
1.497364852276181409e+03 3.036824636452284398e-01
1.496652417064299470e+03 3.067804318220630488e-01
1.495940836823527206e+03 3.026720942385443536e-01
1.495229867276404775e+03 2.999373651271952101e-01
1.494519630561662098e+03 3.017457264092703317e-01
1.493810004540569480e+03 3.021331293503936588e-01
1.493101233490586310e+03 2.979756876490941564e-01
1.492393073134253200e+03 3.067753534069061483e-01
1.491685645610299844e+03 3.083716410818544418e-01
1.490978950918726241e+03 2.997577769497513089e-01
1.490272866920802471e+03 3.030273472322050354e-01
1.489567515755258455e+03 3.052808473788057864e-01
1.488862897422094193e+03 2.990509501992728580e-01
1.488159011921309684e+03 3.000692973733161684e-01
1.487455737114175008e+03 3.036031290041887321e-01
1.486753195139420313e+03 3.068367958783571048e-01
1.486051263858315224e+03 3.063268330374662729e-01
1.485350187548320037e+03 3.025559802664310460e-01
1.484649721931974454e+03 3.009308732466223768e-01
1.483949989148008854e+03 3.014003946852547022e-01
1.483250867057693085e+03 3.033472675452724143e-01
1.482552599938486992e+03 2.987286014614478069e-01
1.481854821374200583e+03 3.030667937331034123e-01
1.481157897781024076e+03 3.012413448557045292e-01
1.480461584881497629e+03 3.061180504540385039e-01
1.479765882675620787e+03 3.018995504635492710e-01
1.479071035440853620e+03 3.004147359095841741e-01
1.478376676761006365e+03 3.026429667669136570e-01
1.477683173052268785e+03 3.055777547527229188e-01
1.476990280037181265e+03 3.071087304460671241e-01
1.476298119854473271e+03 3.044439096505449083e-01
1.475606570365415337e+03 3.071951010108474045e-01
1.474915753708737157e+03 3.011750454245916142e-01
1.474225547745708582e+03 3.080911546587506433e-01
1.473536074615059988e+03 3.034347642227585573e-01
1.472847212178061227e+03 3.040703898809827277e-01
1.472159082573441992e+03 3.045250907817266262e-01
1.471471685801202739e+03 3.000376331643709316e-01
1.470784899722613318e+03 3.042713638488460659e-01
1.470098846476403651e+03 3.003149199798006430e-01
1.469413403923843816e+03 3.005225514024825739e-01
1.468728572064933815e+03 2.987122843808884820e-01
1.468044473038403567e+03 3.008381499390787583e-01
1.467361106844253300e+03 2.997695880682055836e-01
1.466678351343752638e+03 3.032910012013546597e-01
1.465996206536901809e+03 2.997696811099254677e-01
1.465314794562430734e+03 2.975855094600492468e-01
1.464633993281609492e+03 2.990335015385632289e-01
1.463953924833168230e+03 3.049226727722001984e-01
1.463274467078376574e+03 3.055931801178964347e-01
1.462595742155964899e+03 3.020184996234312469e-01
1.461917627927202830e+03 2.991221224896449260e-01
1.461240124392090593e+03 2.974874944724437698e-01
1.460563231550628416e+03 3.027540924452743476e-01
1.459887193680275686e+03 3.003711484348542404e-01
1.459211644364843096e+03 3.024813269170347207e-01
1.458536827881790032e+03 3.003998536343324144e-01
1.457862622092387028e+03 3.013692477209944376e-01
1.457189149135363778e+03 3.026725519802614950e-01
1.456516286871990133e+03 3.023290254588392734e-01
1.455844035302266548e+03 3.018896161458476946e-01
1.455172516564922489e+03 2.976790445278462149e-01
1.454501608521228491e+03 2.976336647490439025e-01
1.453831311171184325e+03 3.026816083287687253e-01
1.453161624514789764e+03 3.011835509111949749e-01
1.452492792829505106e+03 2.989625287196552850e-01
1.451824449699140359e+03 3.021898863730768103e-01
1.451156717262425218e+03 3.044194466507820773e-01
1.450489717658090058e+03 3.055796666093144598e-01
1.449823328747404730e+03 3.032862015716142889e-01
1.449157550530369235e+03 3.024203926513181484e-01
1.448492505145713267e+03 3.010153435550783074e-01
1.447828070454707358e+03 3.031091106029967230e-01
1.447164124318621361e+03 3.090471819012913235e-01
1.446501033153644812e+03 3.048289954386299017e-01
1.445838430543588402e+03 3.120054220775860254e-01
1.445176682904641666e+03 3.044577808393750251e-01
1.444515301681884694e+03 3.043209831605337423e-01
1.443854653291507702e+03 3.067626971317294338e-01
1.443194737733510465e+03 3.082846431761085415e-01
1.442535310730432911e+03 3.091034267505288202e-01
1.441876616559735339e+03 3.035270355993675007e-01
1.441218533082687600e+03 3.028145246744209373e-01
1.440561060299289466e+03 3.048697466643209841e-01
1.439904076070811470e+03 3.059755487643411320e-01
1.439248068952172844e+03 3.103637706757380044e-01
1.439247946813442923e+03 3.038582138666285903e-01
1.439029440625536836e+03 3.038449382607846805e-01
1.438810812298900601e+03 3.023522152807661678e-01
1.438592428249724435e+03 3.036173726203879597e-01
1.438592306110994514e+03 3.051324574308817428e-01
1.438373922061818121e+03 3.056552779117418517e-01
1.438155660151371876e+03 3.055363780364950821e-01
1.437937520379655780e+03 3.059750184491357716e-01
1.437937398240925631e+03 3.033894510592872740e-01
1.437719258469209308e+03 3.062604273120753118e-01
1.437501240836223133e+03 3.025163576519752651e-01
1.437283223203236730e+03 3.002952429248909039e-01
1.437283101064506809e+03 2.977470566308872413e-01
1.437064961292790485e+03 3.017430876425117869e-01
1.436847187937264152e+03 3.063686845796251279e-01
1.436629536720467740e+03 3.043326063152430039e-01
1.436629414581737592e+03 3.028731857206731215e-01
1.436411641226211259e+03 3.034984889243371176e-01
1.436193867870684926e+03 3.066739486629127542e-01
1.435976338792618435e+03 3.023606828698837679e-01
1.435758809714551944e+03 2.989339516216146797e-01
1.435541280636485453e+03 2.956890164990958469e-01
1.435323873697148883e+03 3.084760349839173466e-01
1.435106588896542462e+03 3.070541534215009416e-01
1.434889304095935813e+03 3.084095641639927887e-01
1.434672019295329392e+03 3.049935958624339638e-01
1.434454978772182585e+03 3.055952789347557985e-01
1.434237816110306085e+03 3.070729073167267620e-01
1.434020775587159505e+03 3.061238642976089608e-01
1.433803857202742847e+03 3.083410973532582644e-01
1.433587060957056110e+03 3.067225312001959914e-01
1.433370264711369373e+03 3.051266650845533834e-01
1.433153468465682636e+03 3.095621611555139374e-01
1.432936916497455968e+03 3.069004203579825951e-01
1.432720242390499152e+03 3.053459190077882357e-01
1.432503690422272484e+03 3.026523320153212127e-01
1.432287260592775738e+03 3.033070374606179342e-01
1.432070952902008912e+03 3.023530599043410816e-01
1.431854645211242087e+03 3.042639200294113278e-01
1.431638337520475261e+03 3.020658008471311939e-01
1.431422151968438357e+03 2.981017998768910604e-01
1.431206088555131373e+03 2.966403420179311579e-01
1.430990025141824617e+03 2.983760899760325436e-01
1.430774083867247555e+03 2.949110464796334541e-01
1.430558264731400641e+03 2.964676222809181083e-01
1.430342323456823578e+03 3.019171421788776621e-01
1.430126504320976665e+03 3.042267057672929376e-01
1.429910685185129751e+03 3.070448843711576781e-01
1.429695232465472600e+03 3.049150771834576168e-01
1.429479657607085528e+03 3.035642926788452156e-01
1.429264204887428605e+03 3.044872628094736355e-01
1.429048874306501375e+03 3.044557123807378751e-01
1.428833421586844224e+03 2.980219409069176373e-01
1.428618091005917222e+03 2.986244599486037044e-01
1.428402882563720141e+03 3.029684773321591473e-01
1.428187796260252753e+03 3.031663020113145035e-01
1.427972709956785593e+03 3.057647233411280863e-01
1.427757623653318433e+03 3.084832114089344213e-01
1.427542659488581194e+03 3.101227093217454600e-01
1.427327939601304024e+03 3.072494110813605572e-01
1.427112975436566785e+03 3.064060368514546218e-01
1.426898255549289388e+03 3.069149842448240517e-01
1.426683657800742139e+03 3.065696893299870163e-01
1.426469060052194664e+03 3.121723273945617438e-01
1.426254462303647415e+03 3.100567619692163324e-01
1.426039986693830087e+03 3.075245718975987974e-01
1.425825633222742681e+03 3.129247040022435367e-01
1.425611279751655275e+03 3.091052425503976187e-01
1.425397048419297789e+03 3.063159682764435843e-01
1.425182817086940304e+03 3.036652854200016516e-01
1.424968707893312967e+03 3.053472215845337567e-01
1.424754598699685403e+03 3.053891683479559860e-01
1.424540611644787987e+03 3.055636876966679738e-01
1.424326502451160422e+03 3.029283434541817366e-01
1.424112881812452770e+03 3.105832630501853542e-01
1.423899016896285275e+03 3.065443587808792669e-01
1.423685274118847701e+03 3.045826969984617993e-01
1.423471653480140048e+03 3.054637183372795883e-01
1.423258032841432396e+03 3.046965588418262816e-01
1.423044534341454892e+03 3.074295968575654348e-01
1.422830913702747239e+03 3.049283730318699259e-01
1.422617781618959498e+03 2.984532849724147452e-01
1.422404405257711687e+03 3.020996976426181813e-01
1.422191151035194025e+03 3.051721905668018375e-01
1.421977896812676363e+03 3.105969014285915319e-01
1.421764886867618543e+03 3.093702767061212722e-01
1.421551754783830802e+03 3.077717231389163199e-01
1.421338744838772982e+03 3.069769650429720609e-01
1.421125734893715162e+03 3.049851605188119708e-01
1.420912969226117184e+03 3.024382428488376351e-01
1.420700203558519433e+03 3.019221053552406664e-01
1.420487437890921456e+03 3.043990701782647301e-01
1.420274916500783547e+03 3.053097392319711889e-01
1.420062150833185797e+03 3.042750546654424126e-01
1.419849751581777809e+03 3.094078377845935757e-01
1.419637230191639901e+03 3.067426287428850484e-01
1.419424953078961835e+03 3.069179792107002980e-01
1.419212553827553847e+03 3.069848203262205422e-01
1.419000276714875781e+03 3.062894204811790755e-01
1.418788121740927863e+03 3.083083946064146819e-01
1.418576088905709639e+03 3.051353184640718252e-01
1.418364056070491642e+03 3.038665771839609842e-01
1.418152023235273646e+03 3.014554819416257470e-01
1.417939990400055422e+03 3.028327488043719984e-01
1.417728323981027188e+03 3.000538261094738424e-01
1.417516413284539112e+03 3.036655896481038064e-01
1.417304624726780958e+03 3.031539875792242933e-01
1.417093080446482873e+03 3.056513931610926882e-01
1.416881536166184560e+03 3.026670692999968715e-01
1.416669991885886247e+03 3.074370334218586298e-01
1.416458447605588162e+03 3.091264187249015971e-01
1.416247147602749919e+03 3.048990120547463989e-01
1.416035847599911449e+03 3.086138577389179738e-01
1.415824547597073206e+03 3.038240877051922584e-01
1.415613369732964884e+03 3.074637954748567492e-01
1.415402191868856562e+03 3.047242535239259587e-01
1.415191258282208082e+03 3.107562920161934250e-01
1.414980202556829909e+03 3.094467049215539611e-01
1.414769268970181429e+03 3.099186462671058018e-01
1.414558335383532949e+03 3.074003301655336418e-01
1.414347646074344539e+03 3.080366766397893974e-01
1.414136956765156128e+03 3.064852996589740863e-01
1.413926267455967491e+03 3.054396697462699040e-01
1.413715700285509001e+03 3.044315885539255473e-01
1.413505255253780433e+03 3.058196553623729885e-01
1.413294688083321944e+03 3.034162554766278164e-01
1.413084120912863455e+03 3.059328125896864092e-01
1.412874042297324877e+03 3.030657859676693655e-01
1.412663719404326230e+03 2.981843161793897856e-01
1.412453518650057731e+03 3.070323202307992383e-01
1.412243317895789005e+03 3.078722137140171844e-01
1.412033361418980348e+03 3.069305403424498757e-01
1.411823404942171692e+03 3.127231485105615438e-01
1.411613448465363035e+03 3.131301702188004632e-01
1.411403491988554379e+03 3.063650662913768863e-01
1.411193779789205564e+03 3.065105475262629442e-01
1.410984067589856750e+03 3.074717421491934277e-01
1.410774355390507935e+03 3.078098887071565315e-01
1.410564643191159348e+03 3.074407661522096102e-01
1.410355175269270376e+03 3.081874755442521874e-01
1.410145707347381631e+03 3.092190681050341339e-01
1.409936361564222807e+03 3.029300203556875570e-01
1.409726893642333835e+03 3.088238476568602731e-01
1.409517792136635080e+03 3.096227554374928470e-01
1.409308446353476029e+03 3.070845097958407321e-01
1.409099344847777274e+03 3.093227701168865251e-01
1.408890243342078293e+03 3.035222877186026791e-01
1.408681263975109232e+03 3.024939504311764393e-01
1.408472284608140399e+03 3.058901171926955986e-01
1.408263427379901259e+03 3.037361222370877911e-01
1.408054570151662347e+03 3.032458664966138917e-01
1.407845835062153128e+03 3.064496736424367485e-01
1.407637099972644137e+03 3.047653055219765039e-01
1.407428487021865067e+03 3.060407745505288046e-01
1.407219874071085997e+03 3.100724089964155827e-01
1.407011383259036847e+03 3.103111812296959204e-01
1.406803014585717847e+03 3.035559381390615652e-01
1.406594645912398619e+03 3.079912260649501632e-01
1.406386277239079391e+03 3.107708856985695323e-01
1.406178030704490311e+03 3.092351366795617063e-01
1.405970028447361074e+03 3.078624820821287411e-01
1.405761781912771767e+03 3.102361661021784678e-01
1.405553779655642529e+03 3.115477941304194975e-01
1.405345777398513292e+03 3.149407156489056892e-01
1.405137897280113975e+03 3.125592361646322703e-01
1.404930017161714659e+03 3.072609760575991666e-01
1.404722259182045491e+03 3.103431583279648853e-01
1.404514501202376096e+03 3.090993796960647688e-01
1.404306987500166770e+03 3.068949823316844405e-01
1.404099351659227295e+03 3.122391116407910450e-01
1.403891715818288048e+03 3.093014515650707175e-01
1.403684324254808416e+03 3.108744093938797803e-01
1.403476932691329012e+03 3.119304170255804420e-01
1.403269663266579528e+03 3.098934054810735805e-01
1.403062271703100123e+03 3.137176656178532475e-01
1.402855124417080560e+03 3.092799842862020143e-01
1.402648099269791146e+03 3.071819110149899834e-01
1.402440951983771583e+03 3.100500955555129390e-01
1.402233926836482169e+03 3.083142519117763047e-01
1.402026901689192528e+03 3.112002095818678371e-01
1.401820120819362955e+03 3.102595219402294879e-01
1.401613339949533383e+03 3.108734905838136942e-01
1.401406559079703584e+03 3.106548307117289465e-01
1.401199778209874012e+03 3.112306407986930035e-01
1.400993119478774361e+03 3.107536653542201655e-01
1.400786582886404631e+03 3.115527256540199241e-01
1.400580168432765049e+03 3.065647986910134959e-01
1.400373753979125240e+03 3.083849295129808543e-01
1.400167339525485659e+03 3.098619371843206460e-01
1.399961047210575771e+03 3.079808274071508256e-01
1.399754877034396031e+03 3.090956929056136726e-01
1.399548584719486144e+03 3.062654727027906976e-01
1.399342536682036325e+03 3.114960769683887687e-01
1.399136488644586507e+03 3.100735657602185502e-01
1.398930562745866837e+03 3.086985100180180130e-01
1.398724514708416791e+03 3.067659436226677916e-01
1.398518710948427042e+03 3.062863189720820833e-01
1.398313029327166987e+03 3.028018135731789795e-01
1.398107103428447090e+03 3.117561143652748945e-01
1.397901543945917183e+03 3.032609186036468452e-01
1.397695862324657355e+03 3.105747682765969686e-01
1.397490302842127221e+03 3.090685871971899923e-01
1.397284987637057384e+03 3.064115228150879333e-01
1.397079550293257171e+03 3.083719979970862002e-01
1.396874112949457185e+03 3.067752163903468277e-01
1.396668675605657199e+03 3.110906033477173205e-01
1.396463726816777125e+03 3.107855105127797501e-01
1.396258533750436982e+03 3.129013031366866815e-01
1.396053340684096838e+03 3.121512867046315476e-01
1.395848391895216764e+03 3.093119421838053662e-01
1.395643443106336690e+03 3.169377241896839115e-01
1.395438494317456389e+03 3.107995266727780481e-01
1.395233667667306236e+03 3.086739461508261062e-01
1.395028841017156083e+03 3.076601630697036738e-01
1.394824136505735851e+03 3.100143673246824050e-01
1.394619554133045767e+03 3.099971293183966248e-01
1.394414971760355456e+03 3.126309689042259254e-01
1.394210389387665145e+03 3.047341118660765735e-01
1.394005807014974835e+03 3.123298354957619871e-01
1.393801591058474514e+03 3.106642278361971266e-01
1.393597252963244273e+03 3.067567456717085750e-01
1.393392914868013804e+03 3.122086476287097012e-01
1.393188698911513484e+03 3.076686216139881136e-01
1.392984605093743085e+03 3.114094879427299900e-01
1.392780511275972685e+03 3.125395579934757695e-01
1.392576539596932207e+03 3.127242976065159885e-01
1.392372567917891729e+03 3.097041974786081120e-01
1.392168596238851478e+03 3.096907949192226339e-01
1.391964868837270842e+03 3.075008080542431799e-01
1.391761019296960512e+03 3.057159115326450460e-01
1.391557291895379876e+03 3.059498545866166097e-01
1.391353564493799468e+03 3.019681272997369326e-01
1.391150203508408822e+03 3.037782694938920836e-01
1.390946598245558334e+03 3.046639929762358645e-01
1.390743115121437768e+03 3.074030051585645573e-01
1.390539754136047122e+03 3.078306403435944194e-01
1.390336393150656477e+03 3.064161000329225781e-01
1.390133154303995752e+03 3.060715212160511345e-01
1.389929915457335255e+03 3.072075872560269816e-01
1.389726798749404452e+03 3.102506773966623443e-01
1.389523682041473876e+03 3.080712522211852544e-01
1.389320809611002915e+03 3.138921470142806425e-01
1.389117815041802260e+03 3.083912341119715017e-01
1.388914820472601605e+03 3.079232843120283114e-01
1.388711948042130871e+03 3.071969652379646920e-01
1.388509197750390058e+03 3.129229996510075051e-01
1.388306569597379166e+03 3.113345440682631082e-01
1.388103941444368274e+03 3.098471629944093975e-01
1.387901313291357610e+03 3.105170010625616372e-01
1.387698807277076639e+03 3.093800140542005694e-01
1.387496423401525817e+03 3.086295756243024324e-01
1.387293917387244846e+03 3.092352033887842966e-01
1.387091655650423945e+03 3.063720244452830532e-01
1.386889393913603044e+03 3.097302693577239086e-01
1.386687132176782143e+03 3.105529789002522412e-01
1.386484992578691163e+03 3.106273424488172896e-01
1.386282975119330104e+03 3.100112219521226065e-01
1.386080835521239123e+03 3.140078807703455266e-01
1.385878940200608213e+03 3.145405587259719749e-01
1.385677044879977075e+03 3.132911237124826886e-01
1.385475271698076085e+03 3.145280824948180065e-01
1.385273498516174868e+03 3.097566014206312723e-01
1.385071725334273879e+03 3.129662859216907345e-01
1.384870074291102810e+03 3.107471620988929151e-01
1.384668423247931742e+03 3.114474707554070187e-01
1.384467016482220515e+03 3.102059970523037835e-01
1.384265487577779368e+03 3.127913445717427909e-01
1.384064080812068141e+03 3.141494438249980981e-01
1.383862674046356915e+03 3.109611520773947202e-01
1.383661511558105758e+03 3.110274745016680664e-01
1.383460226931124453e+03 3.099749177855498639e-01
1.383259064442873296e+03 3.149576090219743385e-01
1.383057901954621911e+03 3.200258370777871453e-01
1.382856983743830597e+03 3.191837388438380496e-01
1.382656065533039282e+03 3.149944971843088859e-01
1.382455025183518046e+03 3.151959488505931550e-01
1.382254229111456652e+03 3.088283934537358055e-01
1.382053433039395259e+03 3.208041240485471346e-01
1.381852759106063786e+03 3.128618917951376810e-01
1.381652085172732541e+03 3.132449986351090732e-01
1.381451411239401068e+03 3.103134696601550502e-01
1.381250859444799744e+03 3.140828184416230573e-01
1.381050307650198192e+03 3.182158489334173668e-01
1.380850000133056710e+03 3.179950951912366430e-01
1.380649692615915228e+03 3.112935901119859849e-01
1.380449385098773746e+03 3.156531781427493466e-01
1.380249077581632264e+03 3.103508826235070739e-01
1.380048892203220703e+03 3.101791289296037535e-01
1.379848828963539063e+03 3.135490399347235502e-01
1.379648765723857423e+03 3.127061834033613708e-01
1.379448702484176010e+03 3.130950427738886654e-01
1.379248761383224291e+03 3.099326187649978359e-01
1.379049064559732642e+03 3.139446002041103578e-01
1.378849245597511072e+03 3.165003403032259910e-01
1.378649426635289274e+03 3.156306532597616399e-01
1.378449729811797624e+03 3.127776051510373634e-01
1.378250032988305975e+03 3.138768997015136120e-01
1.378050458303544247e+03 3.119403643455099240e-01
1.377851005757512439e+03 3.130120221840727579e-01
1.377651553211480859e+03 3.119452884414053995e-01
1.377452222804178973e+03 3.128884705610264771e-01
1.377252892396877087e+03 3.177540665831493638e-01
1.377053684128305349e+03 3.132385618961140428e-01
1.376854475859733611e+03 3.193650440856113382e-01
1.376655267591161646e+03 3.117194476107219558e-01
1.376456181461319829e+03 3.143234598301538063e-01
1.376257095331478013e+03 3.149914214872480134e-01
1.376058253479096038e+03 3.158937835312542464e-01
1.375859289487984142e+03 3.142928764638955874e-01
1.375660447635602168e+03 3.122515881598486032e-01
1.375461605783220193e+03 3.127662582691039250e-01
1.375262886069568367e+03 3.171194754919959835e-01
1.375064410633376383e+03 3.147846408137762175e-01
1.374865813058454250e+03 3.142777344287274177e-01
1.374667215483532345e+03 3.176609041551667900e-01
1.374468740047340134e+03 3.197684017796578737e-01
1.374270264611148150e+03 3.138948558006993128e-01
1.374072033452416008e+03 3.135582232366109223e-01
1.373873680154953945e+03 3.164449715685654918e-01
1.373675448996221803e+03 3.134226758858229545e-01
1.373477217837489661e+03 3.143765555531289890e-01
1.373279108817487668e+03 3.146116663981624595e-01
1.373081121936215368e+03 3.083338133440986506e-01
1.372883012916213374e+03 3.151264747606138394e-01
1.372685148173670996e+03 3.105771974663580903e-01
1.372487283431128844e+03 3.092910361774443562e-01
1.372289418688586693e+03 3.132239701980339408e-01
1.372091798223504384e+03 3.096801802794387215e-01
1.371894055619692153e+03 3.116605173762478365e-01
1.371696435154609844e+03 3.139137762900447992e-01
1.371498692550797614e+03 3.116790672640658011e-01
1.371301316363175147e+03 3.103009222374377152e-01
1.371103940175552907e+03 3.138529576731619586e-01
1.370906563987930440e+03 3.132150798531336267e-01
1.370709187800308200e+03 3.166018319829391747e-01
1.370511811612685733e+03 3.146110266248097753e-01
1.370314557563793414e+03 3.143885493818429078e-01
1.370117547792360938e+03 3.137428057612405286e-01
1.369920415882198540e+03 3.127436420589244648e-01
1.369723406110766064e+03 3.083219320396143881e-01
1.369526396339333587e+03 3.079786138465040457e-01
1.369329508706631032e+03 3.152965942716147163e-01
1.369132743212658397e+03 3.185778056312266737e-01
1.368935733441225921e+03 3.176416705967846643e-01
1.368739090085983435e+03 3.147726622946673269e-01
1.368542446730740949e+03 3.133115506775096537e-01
1.368345803375498235e+03 3.143113799587592405e-01
1.368149282158985670e+03 3.166053603111181891e-01
1.367952760942473105e+03 3.135643867417249875e-01
1.367756239725960540e+03 3.188850749821608432e-01
1.367559962786907818e+03 3.111351863687800146e-01
1.367363563709125174e+03 3.089988309666621968e-01
1.367167286770072451e+03 3.149844056479513821e-01
1.366971254108479798e+03 3.089965071005630892e-01
1.366774977169427075e+03 3.143174026790863107e-01
1.366578944507834194e+03 3.133654010727977002e-01
1.366382789707511620e+03 3.130488645919554114e-01
1.366186879184648660e+03 3.148358226849782837e-01
1.365991090800515849e+03 3.130076585102248288e-01
1.365795180277653117e+03 3.145688220545517222e-01
1.365599391893520306e+03 3.205948159711839995e-01
1.365403603509387494e+03 3.120956579856294377e-01
1.365207937263984604e+03 3.164480916076077843e-01
1.365012515296041784e+03 3.149968638297842571e-01
1.364816849050638893e+03 3.148046495608766704e-01
1.364621427082695845e+03 3.174444201275221089e-01
1.364425882976023104e+03 3.149482878250163820e-01
1.364230583146809977e+03 3.161205831382726261e-01
1.364035283317597077e+03 3.177316022880835589e-01
1.363839983488384178e+03 3.118393703607422740e-01
1.363644805797901199e+03 3.094184253743875179e-01
1.363449628107417993e+03 3.080315360700270344e-01
1.363254572555665163e+03 3.097333937468653153e-01
1.363059517003912106e+03 3.155007962760948415e-01
1.362864583590888969e+03 3.146241256471561387e-01
1.362669772316595754e+03 3.155118885527787853e-01
1.362474716764842697e+03 3.162264515831579303e-01
1.362280027629279630e+03 3.183280486912090645e-01
1.362085338493716563e+03 3.139863300901248322e-01
1.361890771496883417e+03 3.181036276188420886e-01
1.361696082361320123e+03 3.150824611941003828e-01
1.361501515364486977e+03 3.148445604541245113e-01
1.361306948367653831e+03 3.145925444507722823e-01
1.361112503509550606e+03 3.162048299183946587e-01
1.360918180790177303e+03 3.185568942566981421e-01
1.360723980209534147e+03 3.156523823432381692e-01
1.360529657490160844e+03 3.169802089464232031e-01
1.360335456909517461e+03 3.151268948953369065e-01
1.360141256328874306e+03 3.177183363674594974e-01
1.359947055748230923e+03 3.233288525580299555e-01
1.359753221583777531e+03 3.155581257926711736e-01
1.359559265280594218e+03 3.146521104797884716e-01
1.359365308977410905e+03 3.169397173897598452e-01
1.359171474812957513e+03 3.103357401767276591e-01
1.358977640648504121e+03 3.119438134542617536e-01
1.358783928622780650e+03 3.162994132026664684e-01
1.358590338735787100e+03 3.127810760254771671e-01
1.358396626710063629e+03 3.182889260289872846e-01
1.358203036823070306e+03 3.157596906827562777e-01
1.358009569074806677e+03 3.164997714943316720e-01
1.357816101326543276e+03 3.157018378638530298e-01
1.357622755717009795e+03 3.168076098172833976e-01
1.357429410107476087e+03 3.139615549490132329e-01
1.357236186636672528e+03 3.135087000848957861e-01
1.357042963165868969e+03 3.128226428106613555e-01
1.356849739695065409e+03 3.147267623441572515e-01
1.356656638362991771e+03 3.152326449093738048e-01
1.356463659169648281e+03 3.130097492941144033e-01
1.356270679976304564e+03 3.131146308562199887e-01
1.356077822921690768e+03 3.167732341501257043e-01
1.355884843728347278e+03 3.193140654144381307e-01
1.355692108812463403e+03 3.158458767004168610e-01
1.355499251757849834e+03 3.170413729336756248e-01
1.355306761119426028e+03 3.174580062162724037e-01
1.355114026203542380e+03 3.188144588408163282e-01
1.354921413426388654e+03 3.191177734196589677e-01
1.354728922787964848e+03 3.164757301118489852e-01
1.354536432149541042e+03 3.137209947897112161e-01
1.354344185788577079e+03 3.138390076810746998e-01
1.354151817288883194e+03 3.178738010077254428e-01
1.353959448789189537e+03 3.162327516790506832e-01
1.353767202428225573e+03 3.151316875351354296e-01
1.353574956067261837e+03 3.141627125140124543e-01
1.353382831845027795e+03 3.147332350809949331e-01
1.353190951900253822e+03 3.155641926892707172e-01
1.352998949816749928e+03 3.141535845130460913e-01
1.352806947733246034e+03 3.107688814612824535e-01
1.352615067788472061e+03 3.137400133486221154e-01
1.352423187843698088e+03 3.127214731852073215e-01
1.352231430037654036e+03 3.154338294687203947e-01
1.352039794370340132e+03 3.119521614960614198e-01
1.351848158703026002e+03 3.145523355727921633e-01
1.351656523035712098e+03 3.201979368432726902e-01
1.351464887368397967e+03 3.173086500216846795e-01
1.351273373839813985e+03 3.174366787200519346e-01
1.351081860311229775e+03 3.126037376700764314e-01
1.350890713198835556e+03 3.161015809985799341e-01
1.350699321808981495e+03 3.110203768697972770e-01
1.350508052557857354e+03 3.107737023271158749e-01
1.350316905445463135e+03 3.162114142086202562e-01
1.350125758333068916e+03 3.105970404315555045e-01
1.349934611220674924e+03 3.141277999336669624e-01
1.349743708385740547e+03 3.115868590827354789e-01
1.349552683412076476e+03 3.120413071175694442e-01
1.349361780577142099e+03 3.112332345034851122e-01
1.349170877742207949e+03 3.118617658758042199e-01
1.348980097046003493e+03 3.139304977387572526e-01
1.348789316349799265e+03 3.104034841993604243e-01
1.348598657792324957e+03 3.117729270416806919e-01
1.348408121373580570e+03 3.128831596094664436e-01
1.348217462816106263e+03 3.117459140087285308e-01
1.348026926397361876e+03 3.140204134344520837e-01
1.347836512117347638e+03 3.145312936228975009e-01
1.347646097837333173e+03 3.111291350748013884e-01
1.347455805696048628e+03 3.148288250714305070e-01
1.347265391416034390e+03 3.154651818579020661e-01
1.347075221413479767e+03 3.097698601747643221e-01
1.346885051410925371e+03 3.075432286100004964e-01
1.346694881408370975e+03 3.124440873938716945e-01
1.346504833544546500e+03 3.134900692068637307e-01
1.346314907819451946e+03 3.143275453695989485e-01
1.346124982094357392e+03 3.073880197449779805e-01
1.345935056369262838e+03 3.129614022399252460e-01
1.345745252782898206e+03 3.117589063164234453e-01
1.345555449196533573e+03 3.116388798018968620e-01
1.345365645610169167e+03 3.107356739314132699e-01
1.345176086301264377e+03 3.112855301782650463e-01
1.344986404853629892e+03 3.135931544406728722e-01
1.344796845544725102e+03 3.138700617968470663e-01
1.344607408374550459e+03 3.088255453596120415e-01
1.344417849065645896e+03 3.123631141121370192e-01
1.344228534034201175e+03 3.142061456878026959e-01
1.344039096864026533e+03 3.082188345067370938e-01
1.343850026110041654e+03 3.130443588749015071e-01
1.343660711078596933e+03 3.034074344585072081e-01
1.343471518185882132e+03 3.126769281161301817e-01
1.343282447431897481e+03 3.078228782836423538e-01
1.343093376677912602e+03 3.069196198254606212e-01
1.342904428062657871e+03 3.064498136121099892e-01
1.342715479447402913e+03 3.090910282482923210e-01
1.342526652970878104e+03 3.134055857537976775e-01
1.342337704355623373e+03 3.137093362178467459e-01
1.342149000017828484e+03 3.117107055153784945e-01
1.341960295680033596e+03 3.121094873838099470e-01
1.341771591342238708e+03 3.160041449723808848e-01
1.341583009143173740e+03 3.128380149574250257e-01
1.341394549082838694e+03 3.153785012059243664e-01
1.341206089022503875e+03 3.117648731952263330e-01
1.341017628962168828e+03 3.095091936900089546e-01
1.340829168901833782e+03 3.110029078745876752e-01
1.340640830980228884e+03 3.108974598292847946e-01
1.340452615197353907e+03 3.108504168068177420e-01
1.340264399414478703e+03 3.101917770913226735e-01
1.340076305770333647e+03 3.126408285699875944e-01
1.339888212126188591e+03 3.109387368447472100e-01
1.339700118482043536e+03 3.092545973998084841e-01
1.339512146976628401e+03 3.132766904001417219e-01
1.339324175471213266e+03 3.099828019448062078e-01
1.339136203965798359e+03 3.127789758365332462e-01
1.338948476737843066e+03 3.132121985320548974e-01
1.338760749509888001e+03 3.104636992312360122e-01
1.338572900143202787e+03 3.113679234753622960e-01
1.338385295053977643e+03 3.115974443142587313e-01
1.338197689964752271e+03 3.113204325462139987e-01
1.322269089635183946e+03 3.096423990476480648e-01
1.322086247956427314e+03 3.094636047429258352e-01
1.321903406277670683e+03 3.107929420197057535e-01
1.321720564598914052e+03 3.093210597518338822e-01
1.321537967197617490e+03 3.070381833091226920e-01
1.304776136452232322e+03 3.127522098928269267e-01
1.304598302461404273e+03 3.171970976046610269e-01
1.304420590609306146e+03 3.170005804709993269e-01
1.304242878757208018e+03 3.202396379413716687e-01
1.304065166905109891e+03 3.163827287972883484e-01
1.286900278350842427e+03 3.182086510875793417e-01
1.286727696325402803e+03 3.186207188876296059e-01
1.286554992161233258e+03 3.180316579829130519e-01
1.286382410135793634e+03 3.168724145517566315e-01
1.286209828110354238e+03 3.165567012915035394e-01
1.286037368223644535e+03 3.193109330498938858e-01
1.285864908336934832e+03 3.200905233620227053e-01
1.285692448450225129e+03 3.215430511081457943e-01
1.285520110702245574e+03 3.202480112057178308e-01
1.285347772954265793e+03 3.228087595861390269e-01
1.285175679483746080e+03 3.190218855494141303e-01
1.285003463874496447e+03 3.186739129453157182e-01
1.284831248265246813e+03 3.188905709297913393e-01
1.284659154794726874e+03 3.217400825227433314e-01
1.284487061324207161e+03 3.199534015675157272e-01
1.284315089992417370e+03 3.208319842519909426e-01
1.284143118660627579e+03 3.183544778760116212e-01
1.283971147328837787e+03 3.206851123114122237e-01
1.283799298135778145e+03 3.193808125969225808e-01
1.283627448942718274e+03 3.256452637430552466e-01
1.283455721888388325e+03 3.252650695469385123e-01
1.283283994834058603e+03 3.223149625808156005e-01
1.283112267779728654e+03 3.262559882366390385e-01
1.282940662864128853e+03 3.301991994588604484e-01
1.282769057948528825e+03 3.318870208835058566e-01
1.282597697310389094e+03 3.335676132245134484e-01
1.282426214533518987e+03 3.334349509611610474e-01
1.282254731756649107e+03 3.287965205781347988e-01
1.282083371118509149e+03 3.269600967103831746e-01
1.281912132619099111e+03 3.216989658720157963e-01
1.281740771980959153e+03 3.218146549067617546e-01
1.281569533481549342e+03 3.212806228270025932e-01
1.281398294982139305e+03 3.210946846189953185e-01
1.281227178621459188e+03 3.216437998175059598e-01
1.281056062260779072e+03 3.213993306574232101e-01
1.280884945900099183e+03 3.192418502533140856e-01
1.280714073816879136e+03 3.208348867694681972e-01
1.280543079594928940e+03 3.172758738379625187e-01
1.280372085372978972e+03 3.166358509133157528e-01
1.280201335428488846e+03 3.161071691203388712e-01
1.280030463345268572e+03 3.224496626621639050e-01
1.279859835539508595e+03 3.211216853044881470e-01
1.279689085595018469e+03 3.222016755146872580e-01
1.279518457789258264e+03 3.202773875467619380e-01
1.279347829983498059e+03 3.197061573859507622e-01
1.279177324316467775e+03 3.178226788268485037e-01
1.279006696510707570e+03 3.226619225967097826e-01
1.278836312982407435e+03 3.202167741086431318e-01
1.278665807315377151e+03 3.188215163250754935e-01
1.278495545925806937e+03 3.179647010953509656e-01
1.278325162397506574e+03 3.172880663002901613e-01
1.278154901007936360e+03 3.208075875508316077e-01
1.277984639618366145e+03 3.161869826379290482e-01
1.277814500367525852e+03 3.189802672741594014e-01
1.277644361116685559e+03 3.191674522683846105e-01
1.277474221865845266e+03 3.185654927832899386e-01
1.277304204753734894e+03 3.203900934805556933e-01
1.277134187641624521e+03 3.193301543604042392e-01
1.276964414806973991e+03 3.166416886303681233e-01
1.276794519833593768e+03 3.187973289223308693e-01
1.276624624860213316e+03 3.178630720983564029e-01
1.276454852025562786e+03 3.226772420039134559e-01
1.276285201329642405e+03 3.192715645061587892e-01
1.276115428494991875e+03 3.180367638959415988e-01
1.275945777799071493e+03 3.207266232000183792e-01
1.275776127103151111e+03 3.177276294722417571e-01
1.275606598545960651e+03 3.207336462492859086e-01
1.275437069988769963e+03 3.163555180206473194e-01
1.275267541431579502e+03 3.171543108306469350e-01
1.275098257151849111e+03 3.174751952133416655e-01
1.274928728594658423e+03 3.191791246292938755e-01
1.274759444314928032e+03 3.180055753803940344e-01
1.274590160035197414e+03 3.198948556181323011e-01
1.274420997894196717e+03 3.171371174485245192e-01
1.274251713614466325e+03 3.175716209203988116e-01
1.274082673612195549e+03 3.191134777847711712e-01
1.273913633609925000e+03 3.213220461013273632e-01
1.273744593607654224e+03 3.217562110469889824e-01
1.273575675744113596e+03 3.229395085415155409e-01
1.273406757880572968e+03 3.177925243953617640e-01
1.273237962155762261e+03 3.160446663864007744e-01
1.273237840017032340e+03 3.196570253823050045e-01
1.273069044292221633e+03 3.144856320555832196e-01
1.273068922153491712e+03 3.168934345672234643e-01
1.272900370706140848e+03 3.201566968815464098e-01
1.272900248567410927e+03 3.180500036169353617e-01
1.272731574981330141e+03 3.191413399640475324e-01
1.272731452842600220e+03 3.170353698658949226e-01
1.272562779256519434e+03 3.178672622838061290e-01
1.272562657117789513e+03 3.178671722239955755e-01
1.272393983531708727e+03 3.217468250023600707e-01
1.272225432084357863e+03 3.191226841954521443e-01
1.272056880637007225e+03 3.191867855629477724e-01
1.271888329189656361e+03 3.191509037492542555e-01
1.271719899881035644e+03 3.192338292201600258e-01
1.271551470572414701e+03 3.211675246350688684e-01
1.271383041263793984e+03 3.204736986996941095e-01
1.271214734093903189e+03 3.178344271298079171e-01
1.271046426924012167e+03 3.198092164336615584e-01
1.270878241892851293e+03 3.211279378090313164e-01
1.270710056861690418e+03 3.229723639711175598e-01
1.270541871830529544e+03 3.221663823781216740e-01
1.270373931076828740e+03 3.200533979906448612e-01
1.270205868184397787e+03 3.220531792241730362e-01
1.270037805291966833e+03 3.207719876841708118e-01
1.269869864538265801e+03 3.204209703726082492e-01
1.269702045923294918e+03 3.222955434161745569e-01
1.269534105169593886e+03 3.256772231640928106e-01
1.269366286554623002e+03 3.209553746395422125e-01
1.269198590078381812e+03 3.267208093545348468e-01
1.269030893602140850e+03 3.238130239191882032e-01
1.268863197125899887e+03 3.240136524497119197e-01
1.268695500649658698e+03 3.235295483208502354e-01
1.268528048450877577e+03 3.232991163576184324e-01
1.268360474113366536e+03 3.159377379561922883e-01
1.268192899775855494e+03 3.195804584685179028e-01
1.268025569715804522e+03 3.158913387218741375e-01
1.267858117517023402e+03 3.216179522171846994e-01
1.267690787456972203e+03 3.184336790069176581e-01
1.267523457396921003e+03 3.239025822992087633e-01
1.267356371614329873e+03 3.202753030892331876e-01
1.267189041554278674e+03 3.174995702784392804e-01
1.267021833632957623e+03 3.169183585012789184e-01
1.266854747850366266e+03 3.178829157190095622e-01
1.266687662067775136e+03 3.225603880649244859e-01
1.266520698423913927e+03 3.185209679005740480e-01
1.266353856918782640e+03 3.186955047471031199e-01
1.266186893274921431e+03 3.190958287126091086e-01
1.266020051769790143e+03 3.211312395351981208e-01
1.265853210264658856e+03 3.178551430972725855e-01
1.265686368759527568e+03 3.186758391867832718e-01
1.265519649393126201e+03 3.187113519598786526e-01
1.265352930026724835e+03 3.176854554037193967e-01
1.265186454937783537e+03 3.199726728453838875e-01
1.265019735571382171e+03 3.205809057434031994e-01
1.264853138343710953e+03 3.170678322436699670e-01
1.264686663254769428e+03 3.189410573273268046e-01
1.264520188165828131e+03 3.200307992163062276e-01
1.264353835215616755e+03 3.237022829410728941e-01
1.264187482265405151e+03 3.227462745094207830e-01
1.264021129315193775e+03 3.205509496531028235e-01
1.263854898503712320e+03 3.153302513590484080e-01
1.263688667692230865e+03 3.187794680170870087e-01
1.263522436880749410e+03 3.194198998325729066e-01
1.263356328207997876e+03 3.202262774492512509e-01
1.263190219535246570e+03 3.195896428717521220e-01
1.263024233001224957e+03 3.184731051262965629e-01
1.262858124328473423e+03 3.202526578767203036e-01
1.262692259933181958e+03 3.214556677239350790e-01
1.262526273399160345e+03 3.157947480670849072e-01
1.262360409003868881e+03 3.198662405665241293e-01
1.262194666747307110e+03 3.229875505581299988e-01
1.262028924490745567e+03 3.262808932288685515e-01
1.261863182234184023e+03 3.195795641065963255e-01
1.261697439977622480e+03 3.215967667400849161e-01
1.261531941998520779e+03 3.204848663118645691e-01
1.261366444019419077e+03 3.206732816208742176e-01
1.261200823901587455e+03 3.212786149887706943e-01
1.261035325922485754e+03 3.180101122606617259e-01
1.260869950082113974e+03 3.207357075262830537e-01
1.260704574241742421e+03 3.197946331251847463e-01
1.260539198401370641e+03 3.182278008612580700e-01
1.260373822560998860e+03 3.202076027310627460e-01
1.260208568859357229e+03 3.168746580325288997e-01
1.260043437296445518e+03 3.189521586477317983e-01
1.259878183594803659e+03 3.157203113119005367e-01
1.259713174170621869e+03 3.186346042707308146e-01
1.259548042607710158e+03 3.183500092731553210e-01
1.259383033183528369e+03 3.165944175862631660e-01
