# Wavelength, Reflectance
1.644624818327491312e+03 1.961968192866254679e-01
1.643758729460303812e+03 1.864471869547236205e-01
1.642893495085303812e+03 1.942480002646612136e-01
1.642029237272803812e+03 1.764612229123843912e-01
1.641165833952491312e+03 1.820619233344157595e-01
1.640303529264991312e+03 2.101000007536549807e-01
1.639442079069678812e+03 1.936430724966571315e-01
1.638581605436866312e+03 1.906826985935707042e-01
1.637721986296241312e+03 1.875439155314400086e-01
1.636863465788428812e+03 1.999582419268838007e-01
1.636005799772803812e+03 2.366275701838005119e-01
1.635149110319678812e+03 1.846152011439290141e-01
1.634293397429053812e+03 1.955828738291474356e-01
1.633438539030616312e+03 1.785600668487460074e-01
1.632584657194678812e+03 2.093558046062578837e-01
1.631731629850928812e+03 2.098131835794841415e-01
1.630879579069678812e+03 1.777371781745183121e-01
1.630028504850928812e+03 1.663044145670776741e-01
1.629178285124366312e+03 1.853115365278503734e-01
1.628329041960303812e+03 1.896283106916220318e-01
1.627480653288428812e+03 1.862744261761964670e-01
1.626633241179053812e+03 2.132883803881475138e-01
1.625786805632178812e+03 1.903396485198853294e-01
1.624941346647803812e+03 1.874660993999840986e-01
1.624096620085303812e+03 1.980338152719114120e-01
1.623252992155616312e+03 1.708957202564629907e-01
1.622410096647803812e+03 1.812403306466194852e-01
1.621568299772803812e+03 1.860360429506047464e-01
1.620727235319678812e+03 1.985983217356510344e-01
1.619887269499366312e+03 1.791131822642242633e-01
1.619048036100928812e+03 1.845785498537012292e-01
1.618209779264991312e+03 1.948987348172644962e-01
1.617372376921241312e+03 1.864284451619254435e-01
1.616535951139991312e+03 1.859203107025443613e-01
1.615700379850928812e+03 1.712655800365206760e-01
1.614865785124366312e+03 1.910045273103105345e-01
1.614032166960303812e+03 1.744836489453145123e-01
1.613199281218116312e+03 1.817901406874665449e-01
1.612367372038428812e+03 1.872674568930365047e-01
1.611536317350928812e+03 1.795391763271359520e-01
1.610706239225928812e+03 1.778748392438068981e-01
1.609877015593116312e+03 1.768003765701821051e-01
1.609048646452491312e+03 1.689691406853912337e-01
1.608221253874366312e+03 1.744862399501695971e-01
1.607394593718116312e+03 1.848107345402200952e-01
1.606568910124366312e+03 1.816294556182200259e-01
1.605744203093116312e+03 1.981381494001655252e-01
1.604920350554053812e+03 1.825756881032127854e-01
1.604097230436866312e+03 1.700413430977136542e-01
1.603275086882178812e+03 1.666725410397685569e-01
1.602453919889991312e+03 1.697421253338417535e-01
1.601633485319678812e+03 1.745022168954930286e-01
1.600814027311866312e+03 1.701631254018718120e-01
1.599995423796241312e+03 1.876732097673447786e-01
1.599177674772803812e+03 1.845058707291297728e-01
1.598360780241553812e+03 1.651587236059580133e-01
1.597544618132178812e+03 1.939491226971948312e-01
1.596729798796241312e+03 1.823535727915400750e-01
1.595915467741553812e+03 1.710596235698329248e-01
1.595101991179053812e+03 1.779575708037329507e-01
1.594289613249366312e+03 1.800955661978511091e-01
1.593477845671241312e+03 1.780960177924849064e-01
1.592667054655616312e+03 1.820613749070763010e-01
1.591857240202491312e+03 1.919013616160779312e-01
1.591048158171241312e+03 1.709928205874761686e-01
1.590240052702491312e+03 1.740160616144715011e-01
1.589432557585303812e+03 1.725925802935873998e-01
1.588625916960303812e+03 1.651417560606909252e-01
1.587820497038428812e+03 1.826105644325607402e-01
1.587015687468116312e+03 1.896040461598963722e-01
1.586211732389991312e+03 1.805951509891591256e-01
1.585408753874366312e+03 1.825860771656569459e-01
1.584606507780616312e+03 1.899786706916495871e-01
1.583805116179053812e+03 1.727995872088921858e-01
1.583004701139991312e+03 1.853238877874637813e-01
1.582205018522803812e+03 1.830406045218557765e-01
1.581406312468116312e+03 1.742461434177037527e-01
1.580608216764991312e+03 1.851966146176810546e-01
1.579810975554053812e+03 1.785968387707995986e-01
1.579014832975928812e+03 1.812177936385045707e-01
1.578219300749366312e+03 1.865100516215242588e-01
1.577424745085303812e+03 1.864080816888743219e-01
1.576631043913428812e+03 1.824045037830958615e-01
1.575838075163428812e+03 1.866228447804796908e-01
1.575045838835303812e+03 1.879543479303415754e-01
1.574254579069678812e+03 1.838496242131099356e-01
1.573464173796241312e+03 1.733501829959523399e-01
1.572674623014991312e+03 1.939875509114995789e-01
1.571885804655616312e+03 1.856132973809120901e-01
1.571097718718116312e+03 1.823642930244352423e-01
1.570310731413428812e+03 1.778643851601801051e-01
1.569524354460303812e+03 1.697274858979689327e-01
1.568739076139991312e+03 1.916073862643522530e-01
1.567954286100928812e+03 1.751396489384406674e-01
1.567170472624366312e+03 1.885122398014441314e-01
1.566387513639991312e+03 1.844384843468383495e-01
1.565605287077491312e+03 1.813094620437595561e-01
1.564823915007178812e+03 1.877678298324323425e-01
1.564043397429053812e+03 1.733982301934904047e-01
1.563263734343116312e+03 1.804087174043878805e-01
1.562484681608741312e+03 1.803101379291786044e-01
1.561706605436866312e+03 2.031891090654715237e-01
1.560929383757178812e+03 1.804751878618476024e-01
1.560152894499366312e+03 1.846970651822768539e-01
1.559377137663428812e+03 1.755105708237894024e-01
1.558602235319678812e+03 1.844717553325126991e-01
1.557828309538428812e+03 1.788311582591592674e-01
1.557054994108741312e+03 1.667896316889506403e-01
1.556282533171241312e+03 1.768694381896067092e-01
1.555510804655616312e+03 1.866688037032767644e-01
1.554740052702491312e+03 1.795326340766379147e-01
1.553969911100928812e+03 1.881972699630531098e-01
1.553200746061866312e+03 1.682098948452990517e-01
1.553200623991553812e+03 1.788548579157270835e-01
1.552944520475928812e+03 1.702283754960231543e-01
1.552688294889991312e+03 1.712602628234675406e-01
1.552432313444678812e+03 1.807816154468754877e-01
1.552432191374366312e+03 1.775955287884247169e-01
1.552176331999366312e+03 1.731618263168865357e-01
1.551664613249366312e+03 1.779542473464215402e-01
1.550897767546241312e+03 1.797124576388389183e-01
1.550131654264991312e+03 1.813194355562057769e-01
1.549366395475928812e+03 1.852033722756321332e-01
1.548601991179053812e+03 1.747898347471171787e-01
1.547838197233741312e+03 1.730126433206553016e-01
1.547075257780616312e+03 1.902522661831634043e-01
1.546313172819678812e+03 1.798461928392212361e-01
1.545551942350928812e+03 1.668151605459780584e-01
1.544791322233741312e+03 1.894345462605495356e-01
1.544031434538428812e+03 1.782874589721309133e-01
1.543272523405616312e+03 1.734990342817186171e-01
1.542514466764991312e+03 1.808493505774744770e-01
1.541757020475928812e+03 1.805783739220226392e-01
1.541000306608741312e+03 1.700579722845944330e-01
1.540244447233741312e+03 1.782699219600529794e-01
1.539489320280616312e+03 1.786380542963124929e-01
1.538735169889991312e+03 1.684325898767758123e-01
1.537981629850928812e+03 1.760720483091217092e-01
1.537228822233741312e+03 1.736065049773759805e-01
1.536476869108741312e+03 1.753410815910757536e-01
1.535725404264991312e+03 1.867041169476007234e-01
1.534975282194678812e+03 1.854193945947182343e-01
1.534225404264991312e+03 1.793283794844070522e-01
1.533476624968116312e+03 1.800174057309052722e-01
1.532728456022803812e+03 1.844367201189826277e-01
1.531981019499366312e+03 1.752076406859523761e-01
1.531234559538428812e+03 1.871335580503282747e-01
1.530488709929053812e+03 1.896479241453471465e-01
1.529743592741553812e+03 1.734161000950089349e-01
1.528999207975928812e+03 1.761476535163473134e-01
1.528255677702491312e+03 1.862896265341563717e-01
1.527512635710303812e+03 1.836959923289409602e-01
1.526770814421241312e+03 1.651993162923565683e-01
1.526029359343116312e+03 1.837175245238924504e-01
1.525289002897803812e+03 1.752205757619060555e-01
1.524549134733741312e+03 1.718283508348465161e-01
1.523810121061866312e+03 1.790289993785634803e-01
1.523071839811866312e+03 1.770323676733486506e-01
1.522334413054053812e+03 1.782371079023626625e-01
1.521597596647803812e+03 1.886841239328448383e-01
1.520861512663428812e+03 1.748005039097204893e-01
1.520126161100928812e+03 1.770201683006135396e-01
1.519391664030616312e+03 1.827993281159484007e-01
1.518657777311866312e+03 1.847858629833234179e-01
1.517924623014991312e+03 1.803116954485312895e-01
1.517192567350928812e+03 1.917402143858051577e-01
1.516460999968116312e+03 1.885417531238003097e-01
1.515730042936866312e+03 1.757415609173297033e-01
1.515486756804053812e+03 1.838401808577745378e-01
1.515243470671241312e+03 1.782475833305148250e-01
1.515000062468116312e+03 1.724399120203270186e-01
1.514999940397803812e+03 1.724399542749690817e-01
1.514756898405616312e+03 1.727440801464013576e-01
1.514513856413428812e+03 1.730594449443031979e-01
1.514270570280616312e+03 1.808917079712210607e-01
1.513541932585303812e+03 1.889167958681694515e-01
1.512814027311866312e+03 1.904107093418661856e-01
1.512086854460303812e+03 1.735604506302079464e-01
1.511360536100928812e+03 1.752960571526706313e-01
1.510634828093116312e+03 1.799529129023343110e-01
1.509909852507178812e+03 1.794913563057544403e-01
1.509185609343116312e+03 1.805438478307620775e-01
1.508462098600928812e+03 1.744243272064534556e-01
1.507739320280616312e+03 1.887098351713907274e-01
1.507017274382178812e+03 1.896910112106389157e-01
1.506295960905616312e+03 1.902818453326926562e-01
1.505575379850928812e+03 1.791552457695537448e-01
1.504855653288428812e+03 1.809791340466112841e-01
1.504136415007178812e+03 1.747436658396131215e-01
1.503418031218116312e+03 1.789709668017392397e-01
1.502698987120491665e+03 1.783224621144268440e-01
1.501980540545500162e+03 1.772624117819456557e-01
1.501262950137690041e+03 1.828225397313788525e-01
1.500545971277866784e+03 1.839501856643162570e-01
1.499829726275627991e+03 1.834473660213331581e-01
1.499114215130973434e+03 1.818717892284895665e-01
1.498399315534305515e+03 1.848033813615106713e-01
1.497685272104819433e+03 1.763071408737859891e-01
1.496971840223320214e+03 1.911065965969921676e-01
1.496259264509002605e+03 1.838039514609158542e-01
1.495547300342671861e+03 1.760271492157708950e-01
1.494836070033925580e+03 1.796218268243976179e-01
1.494125451273165936e+03 1.818258931624714692e-01
1.493415688679588129e+03 1.927983386797169074e-01
1.492706537633996959e+03 1.852886797536900110e-01
1.491998120445990253e+03 1.947530603561761775e-01
1.491290437115567784e+03 1.831479767636663147e-01
1.490583365333131951e+03 1.935985000211435381e-01
1.489877027408280583e+03 1.841556438029431086e-01
1.489171423341013679e+03 1.959521370509575700e-01
1.488466553131330784e+03 1.802913896917109071e-01
1.487762294469634753e+03 1.789017123723136704e-01
1.487058769665522959e+03 1.740974702626790216e-01
1.486355856409398257e+03 1.901433117842692422e-01
1.485653799320455164e+03 1.891158929422968593e-01
1.484952353779498708e+03 1.900762241613771497e-01
1.484251642096126716e+03 1.747509044943079681e-01
1.483551541960741588e+03 1.904363670891669746e-01
1.482852297992538070e+03 1.721021911279738692e-01
1.482153543262724043e+03 1.777701100532708134e-01
1.481455644700091625e+03 1.909998403557986724e-01
1.480758357685446299e+03 1.876118594418739460e-01
1.480061682218787610e+03 1.845627918348944907e-01
1.479365862919310757e+03 1.816101489640313538e-01
1.478670532858223169e+03 1.861176467476746976e-01
1.477976058964317417e+03 1.720089257669134286e-01
1.477282196618398530e+03 1.869284218546513054e-01
1.476589068130063879e+03 1.809768649975925792e-01
1.475896551189716092e+03 1.784753793125305188e-01
1.475204768106952542e+03 1.895018771529219104e-01
1.474513596572175857e+03 1.918118814945234951e-01
1.473823158894983408e+03 1.785072102420287021e-01
1.473133332765778050e+03 1.836782579943756211e-01
1.472444240494156702e+03 1.811694445480928894e-01
1.471755882080119818e+03 1.772269975660432650e-01
1.471068135214069571e+03 1.882450415302315549e-01
1.470381122205603788e+03 1.819795536238902889e-01
1.469694720745124869e+03 1.814040922681849355e-01
1.469008930832632814e+03 1.963165684554017965e-01
1.468323874777724996e+03 1.814117278301878577e-01
1.467639552580401414e+03 1.791370237659362652e-01
1.466955841931064924e+03 1.820101243285965342e-01
1.466272742829715071e+03 1.913408803225249977e-01
1.465590377585949682e+03 1.794429617530959031e-01
1.464908623890170929e+03 1.812289201437652930e-01
1.464227604051976641e+03 1.811668459791800079e-01
1.463547195761769217e+03 1.897801074053740711e-01
1.462867521329145802e+03 1.800657615699057801e-01
1.462188458444509479e+03 1.863816835598003652e-01
1.461510007107860019e+03 1.891074398622632491e-01
1.460832167319197652e+03 1.879443631461739928e-01
1.460155183697716666e+03 1.834662948649126712e-01
1.459478689314625171e+03 1.786154315872201803e-01
1.458802928789118141e+03 1.835854804193596257e-01
1.458127779811597748e+03 1.888369107674732761e-01
1.457453364691661818e+03 1.814688443020306130e-01
1.456779561119712753e+03 1.822209086904063025e-01
1.456106369095750324e+03 1.837277572811642223e-01
1.455433910929372360e+03 1.770220427843160194e-01
1.454762064310981259e+03 1.798240247084384458e-01
1.454090829240577023e+03 1.849382623866575037e-01
1.453420205718159878e+03 1.876946581537327075e-01
1.452750438362924115e+03 1.928735173114660140e-01
1.452081160246077843e+03 1.806142682007898514e-01
1.451412493677218663e+03 1.769635448976751013e-01
1.450744560965943492e+03 1.876309883736362871e-01
1.450077239802655413e+03 1.824032364720813149e-01
1.449410530187354198e+03 1.753425217911453171e-01
1.448744554429637219e+03 1.736970211013582066e-01
1.448079190219907105e+03 1.709690216690756270e-01
1.447414315248566481e+03 1.991283152972251891e-01
1.446750296444407468e+03 1.731193195893051817e-01
1.446086766878637945e+03 1.786558871388656544e-01
1.445424093480050260e+03 1.896620555004107089e-01
1.444761787010254466e+03 1.803425585238827011e-01
1.444100214398042908e+03 1.735005335477209365e-01
1.443439375643415815e+03 1.927176997382695489e-01
1.442779026127178213e+03 1.894620859537972102e-01
1.442119410468524848e+03 1.832644505605056651e-01
1.441460406357858119e+03 1.846167074457370494e-01
1.440802013795178482e+03 1.888135450161091689e-01
1.440144110470888563e+03 1.799539106962318447e-01
1.439487185623377400e+03 1.860946220542009366e-01
1.439487063313780027e+03 1.818637211172504375e-01
1.439268251444072803e+03 1.840381530026911072e-01
1.439049317264768206e+03 1.892437541838905002e-01
1.438830627704658355e+03 1.789922503756300742e-01
1.438830505395060982e+03 1.821554335656382917e-01
1.438611815834951130e+03 1.897134412908101087e-01
1.438393248584438652e+03 1.800937539101183926e-01
1.438174803643523546e+03 1.819739259595003766e-01
1.438174681333926173e+03 1.850667034801814215e-01
1.437956236393011068e+03 1.774291107771230336e-01
1.437737913761693562e+03 1.679668631348100460e-01
1.437519591130375829e+03 1.790833834654134427e-01
1.437519468820778457e+03 1.811258445514643545e-01
1.437301023879863351e+03 1.788841353506339382e-01
1.437082945867740364e+03 1.862449372411803805e-01
1.436864990165214749e+03 1.763702061807427557e-01
1.436864867855617376e+03 1.794447272802383309e-01
1.436646789843494389e+03 1.914399199997818546e-01
1.436428711831371629e+03 1.746875291934066321e-01
1.436210878438443387e+03 1.783930827650261342e-01
1.435993045045515146e+03 1.780105613184583546e-01
1.435775211652586904e+03 1.845547096579883140e-01
1.435557500569256263e+03 1.799905316832921542e-01
1.435339911795522767e+03 1.819793450949568625e-01
1.435122323021789271e+03 1.908432745618132698e-01
1.434904734248055775e+03 1.826994514502615630e-01
1.434687390093517251e+03 1.733286695117939591e-01
1.434469923629381128e+03 1.821001585884489959e-01
1.434252579474842378e+03 1.863629573744886025e-01
1.434035357629901227e+03 1.826930541608349223e-01
1.433818258094557223e+03 1.796586327205583755e-01
1.433601158559213218e+03 1.729596513936025037e-01
1.433384059023869440e+03 1.855718934255515262e-01
1.433167204107720181e+03 1.831619146145231358e-01
1.432950226881973549e+03 1.865878958450599978e-01
1.432733371965824517e+03 1.827612178146184596e-01
1.432516639359272631e+03 1.693194784272804565e-01
1.432300029062318345e+03 1.792666886399841286e-01
1.432083418765363831e+03 1.726513581889996818e-01
1.431866808468409317e+03 1.813553644057268044e-01
1.431650320481052404e+03 1.889397708978127477e-01
1.431433954803292636e+03 1.625596928995095558e-01
1.431217589125533095e+03 1.645242052090027385e-01
1.431001345757370700e+03 1.771526989639110594e-01
1.430785224698805905e+03 1.800980034909691607e-01
1.430568981330643510e+03 1.847309046979148661e-01
1.430352860272078715e+03 1.856394008707784038e-01
1.430136739213513692e+03 1.852217844533251834e-01
1.429920985083741016e+03 1.901206929213386798e-01
1.429705108644370739e+03 1.816035597444408400e-01
1.429489354514598062e+03 1.825907813432446625e-01
1.429273722694422531e+03 1.784899242211905324e-01
1.429057968564649855e+03 1.946809180349034774e-01
1.428842336744474323e+03 1.871508838089077087e-01
1.428626827233896392e+03 1.826023269101289259e-01
1.428411440032915607e+03 1.864495657040443066e-01
1.428196052831935049e+03 1.937456400701227377e-01
1.427980665630954491e+03 1.868612944085306093e-01
1.427765400739571078e+03 1.883693050515030665e-01
1.427550380467382638e+03 1.806832204566475308e-01
1.427335115575999225e+03 1.936025424972947218e-01
1.427120095303810785e+03 1.836837934003459627e-01
1.426905197341219719e+03 1.863867225703423891e-01
1.426690299378628424e+03 1.794066582357585482e-01
1.426475401416037357e+03 1.861537351969474174e-01
1.426260625763043663e+03 1.860685408882463421e-01
1.426045972419647114e+03 1.766556118436146960e-01
1.425831319076250793e+03 1.814642930693637635e-01
1.425616788042451844e+03 1.886273831400106238e-01
1.425402257008652896e+03 1.965744723767936519e-01
1.425187848284451093e+03 1.724395396927808355e-01
1.424973439560249517e+03 1.923816911554973308e-01
1.424759153145645314e+03 1.913020197291619151e-01
1.424544744421443738e+03 1.930340288662964199e-01
1.424330824935631426e+03 1.940375205733287922e-01
1.424116660830624596e+03 1.786456464712259107e-01
1.423902619035215139e+03 1.753729478250642404e-01
1.423688699549403054e+03 1.878443179992077272e-01
1.423474780063590742e+03 1.881066564896141657e-01
1.423260982887376031e+03 1.838830318884668302e-01
1.423047063401563946e+03 1.827974974159022603e-01
1.422833633154141353e+03 1.887150505709518089e-01
1.422619958287524014e+03 1.842274869548388427e-01
1.422406405730504048e+03 1.883712895353931716e-01
1.422192853173484082e+03 1.836413469649339214e-01
1.421979545235658634e+03 1.911016783021110832e-01
1.421766114988236041e+03 1.881908349459390506e-01
1.421552807050410820e+03 1.804191063301910924e-01
1.421339499112585600e+03 1.862622168639452569e-01
1.421126435793955125e+03 1.781526407610058149e-01
1.420913372475324650e+03 1.884811498379498351e-01
1.420700309156694175e+03 1.789709622089903640e-01
1.420487490457258446e+03 1.804033843837805351e-01
1.420274427138627971e+03 1.861100256810884201e-01
1.420061730748789614e+03 1.814797045864990077e-01
1.419848912049353885e+03 1.804264581647328780e-01
1.419636337969112901e+03 1.878533976600553212e-01
1.419423641579274545e+03 1.896343033865809380e-01
1.419211067499033561e+03 1.903819974243464441e-01
1.418998615728389950e+03 1.870947432425295043e-01
1.418786286267343712e+03 1.968025562797210692e-01
1.418573956806297474e+03 1.814067981033826438e-01
1.418361627345251236e+03 1.900444024869423487e-01
1.418149297884204998e+03 1.906353286728530438e-01
1.417937335351950878e+03 1.868706074535236572e-01
1.417725128200502013e+03 1.897938456400417306e-01
1.417513043358650521e+03 1.740424627667969959e-01
1.417301203135993774e+03 1.830136858865795135e-01
1.417089362913337027e+03 1.959491012948032795e-01
1.416877522690680280e+03 1.853540760998671211e-01
1.416665682468023533e+03 1.906661877229022251e-01
1.416454086864561759e+03 1.898478283982457659e-01
1.416242491261099758e+03 1.884901755851898508e-01
1.416030895657637757e+03 1.840408517651249409e-01
1.415819422363773128e+03 1.893253626287122460e-01
1.415607949069908500e+03 1.832117925248788748e-01
1.415396720395238617e+03 1.858841539737382531e-01
1.415185369410971589e+03 1.820246601313665058e-01
1.414974140736301706e+03 1.843261236672617265e-01
1.414762912061631823e+03 1.894894163468151260e-01
1.414551928006156686e+03 1.873974724819444104e-01
1.414340943950681549e+03 1.912892421325269598e-01
1.414129959895206639e+03 1.980925457832339032e-01
1.413919098149328875e+03 1.790313964795652579e-01
1.413708358713048483e+03 1.870124296191453817e-01
1.413497496967170719e+03 1.857322391344889412e-01
1.413286635221293182e+03 1.764568181284052739e-01
1.413076262713804908e+03 1.902463046755514808e-01
1.412865645587121890e+03 1.988201831714747903e-01
1.412655150770036471e+03 1.865894802076085157e-01
1.412444655952950825e+03 1.826454472075305646e-01
1.412234405755059925e+03 1.804040332143591330e-01
1.412024155557169252e+03 1.896964485523816302e-01
1.411813905359278351e+03 1.902232600063602785e-01
1.411603655161387451e+03 2.030445869980294360e-01
1.411393649582691523e+03 1.955003778925383517e-01
1.411183644003995369e+03 1.843436623016036502e-01
1.410973638425299214e+03 1.861434939008505263e-01
1.410763632846603286e+03 1.890871835338688856e-01
1.410553871887101877e+03 1.926601442125694397e-01
1.410344110927600696e+03 1.869707888732189127e-01
1.410134472277696659e+03 1.947737358075835590e-01
1.409924711318195250e+03 1.870436653194291754e-01
1.409715317287486187e+03 1.844691510890057451e-01
1.409505678637582150e+03 2.001364506559788203e-01
1.409296284606873087e+03 1.871801977055886912e-01
1.409086890576163796e+03 1.895078949378947164e-01
1.408877618855052106e+03 1.819149081269818835e-01
1.408668347133940188e+03 1.892941960704689897e-01
1.408459197722425870e+03 1.799288799273433548e-01
1.408250048310911325e+03 1.892446178478525420e-01
1.408041021208994380e+03 1.829782940673869152e-01
1.407831994107077207e+03 1.836630303154294930e-01
1.407623089314757635e+03 1.835863814131473426e-01
1.407414184522437836e+03 1.868232385094380499e-01
1.407205402039715636e+03 1.818216788993053390e-01
1.406996741866590583e+03 1.819991844421251503e-01
1.406788081693465756e+03 1.909849984483932839e-01
1.406579421520340702e+03 1.963242785483765851e-01
1.406370883656813248e+03 1.855767480673959635e-01
1.406162590412480540e+03 1.986236553615934042e-01
1.405954052548952859e+03 1.860292972001467149e-01
1.405745759304620151e+03 1.879588805701986054e-01
1.405537466060287443e+03 1.893331624827968018e-01
1.405329295125551880e+03 2.002571671708282819e-01
1.405121124190816545e+03 1.860303226762602957e-01
1.404913075565678355e+03 1.811968019530754703e-01
1.404705026940540392e+03 1.874976395737218693e-01
1.404497222934597175e+03 1.918522521184199414e-01
1.404289296619056358e+03 1.868210256776577649e-01
1.404081370303515769e+03 1.843309449964647406e-01
1.403873688607169925e+03 1.949516558958789558e-01
1.403666006910824080e+03 1.906752648353670920e-01
1.403458447524075382e+03 1.865564131329268405e-01
1.403250765827729538e+03 1.854224506306954845e-01
1.403043328750578439e+03 1.931794196623540516e-01
1.402836013983024714e+03 1.876640167521565761e-01
1.402628576905873388e+03 1.828056976335479811e-01
1.402421262138319662e+03 1.793539634451633835e-01
1.402213947370765936e+03 1.901343882833323728e-01
1.402006877222406956e+03 1.963355826411375127e-01
1.401799807074047749e+03 1.952149722448839886e-01
1.401592736925688769e+03 1.859689287404328872e-01
1.401385666777329789e+03 1.858401711883151675e-01
1.401178718938568181e+03 1.806841658689509189e-01
1.400971893409403947e+03 1.834766992832155552e-01
1.400765190189837085e+03 1.844846522532898325e-01
1.400558486970269996e+03 1.814513662106365111e-01
1.400351783750703135e+03 1.923834937896439778e-01
1.400145202840733646e+03 1.816315396208040833e-01
1.399938744240361530e+03 1.842998307282068815e-01
1.399732163330392041e+03 1.841179375108769889e-01
1.399525827039617297e+03 1.815304516376485544e-01
1.399319490748842554e+03 1.746072795919970111e-01
1.399113276767665184e+03 1.860165085691916909e-01
1.398906940476890441e+03 1.811674406912110735e-01
1.398700848805310216e+03 1.857076488441980477e-01
1.398494879443327591e+03 1.836354750807770442e-01
1.398288665462150220e+03 1.805536014695941494e-01
1.398082818409764968e+03 1.906856624997943506e-01
1.397876849047782343e+03 1.808541921730972002e-01
1.397671001995397091e+03 1.831079501155412070e-01
1.397465399562206585e+03 1.934059076487761042e-01
1.397259674819418706e+03 1.865719503415400882e-01
1.397053950076630827e+03 1.922023298497563815e-01
1.396848225333842947e+03 1.789476620410431207e-01
1.396642989829444559e+03 1.939548275790063114e-01
1.396437509705851426e+03 1.923679391151117690e-01
1.396232029582258292e+03 1.871787844754078112e-01
1.396026794077860131e+03 1.925190176629789918e-01
1.395821558573461743e+03 1.899220134049799391e-01
1.395616323069063355e+03 1.932457228852329234e-01
1.395411209874262340e+03 1.822577981670741309e-01
1.395206096679461325e+03 1.773203325706622091e-01
1.395001105794257683e+03 1.916828688885362231e-01
1.394796237218651413e+03 1.774478541186892966e-01
1.394591368643045143e+03 1.848472127771371709e-01
1.394386500067438874e+03 1.844872193562380192e-01
1.394181631491832604e+03 1.914966011871045426e-01
1.393977129845018680e+03 1.827130691078158453e-01
1.393772505888607157e+03 1.840630738836070146e-01
1.393567881932195633e+03 1.929682269368439562e-01
1.393363380285381481e+03 1.818749316943057692e-01
1.393159000948164703e+03 1.975373839791969011e-01
1.392954621610947925e+03 1.951699275225597940e-01
1.392750364583328746e+03 1.897658217130553937e-01
1.392546107555709341e+03 1.964645013967744047e-01
1.392341850528089935e+03 1.878263293972137205e-01
1.392137838119665275e+03 1.964317335551557242e-01
1.391933703401643470e+03 1.883703874943830070e-01
1.391729690993218810e+03 1.998889218166670367e-01
1.391525678584794150e+03 1.892650476636653922e-01
1.391322033105161609e+03 1.803991309651665209e-01
1.391118143006334549e+03 1.950329661331658415e-01
1.390914375217104634e+03 1.873597521396141441e-01
1.390710729737472093e+03 1.925087576893788899e-01
1.390507084257839779e+03 1.882185628361182639e-01
1.390303561087804610e+03 1.815465093211685588e-01
1.390100037917769441e+03 1.962367331618355415e-01
1.389896637057331645e+03 1.865791606714035933e-01
1.389693236196894077e+03 2.018973836112139819e-01
1.389490079955651026e+03 1.894293950050444097e-01
1.389286801404810831e+03 1.904298471967682260e-01
1.389083522853970408e+03 1.916796036543445547e-01
1.388880366612727357e+03 1.885329558928790505e-01
1.388677332681081907e+03 1.884435070107704224e-01
1.388474421059033602e+03 1.931975768094921220e-01
1.388271509436985298e+03 1.777808768449443966e-01
1.388068597814937220e+03 1.846884945280285462e-01
1.387865808502486288e+03 1.912024721955241369e-01
1.387663141499632957e+03 1.893356622502880837e-01
1.387460352187182025e+03 1.928455986719542770e-01
1.387257807493926066e+03 1.903883019039264712e-01
1.387055262800669880e+03 1.841952831304507765e-01
1.386852718107413921e+03 1.891448369191746637e-01
1.386650295723755107e+03 1.936372545692575109e-01
1.386447995649693894e+03 1.933492198718733124e-01
1.386245573266035080e+03 1.922051517575225354e-01
1.386043395501571240e+03 1.887263956001269671e-01
1.385841217737107172e+03 1.861376546499484141e-01
1.385639162282240704e+03 1.949777010072739902e-01
1.385437106827374009e+03 1.892530790183216960e-01
1.385235051372507542e+03 1.938553933372034466e-01
1.385033118227238219e+03 1.748903457488953928e-01
1.384831185081969124e+03 1.837367419113460909e-01
1.384629496555894548e+03 1.891895003554191768e-01
1.384427685720222826e+03 1.922151303476040685e-01
1.384225997194148249e+03 1.912148325283159755e-01
1.384024308668073900e+03 1.920414208614976970e-01
1.383822864761194296e+03 1.873824496343777235e-01
1.383621298544717092e+03 1.950560079835608196e-01
1.383419854637837489e+03 1.833167954616507223e-01
1.383218410730957885e+03 1.954857815284810341e-01
1.383017211443272799e+03 1.897543164266915217e-01
1.382816012155587941e+03 1.906402169124819801e-01
1.382614690558305483e+03 1.859419542684142557e-01
1.382413613580217998e+03 1.850909856527415409e-01
1.382212536602130513e+03 1.962159611690992567e-01
1.382011581933640400e+03 1.859635951971397305e-01
1.381810627265150060e+03 1.897669937376940674e-01
1.381609672596659948e+03 1.880116099715908318e-01
1.381408840237767208e+03 1.967075928337895518e-01
1.381208007878874241e+03 1.839461624299213727e-01
1.381007420139176247e+03 1.951577935706432787e-01
1.380806832399478253e+03 1.949825470882619038e-01
1.380606244659780259e+03 1.868641226407577183e-01
1.380405656920082038e+03 1.913630309736515378e-01
1.380205191489981416e+03 1.869873348154148518e-01
1.380004848369478168e+03 1.936137307781221062e-01
1.379804505248974920e+03 1.918026717649136959e-01
1.379604162128471444e+03 1.887811072593230666e-01
1.379403941317565568e+03 1.858506665278774617e-01
1.379203965125854438e+03 1.957285547862854524e-01
1.379003866624545935e+03 1.874445654640644610e-01
1.378803768123237433e+03 1.922438620134689635e-01
1.378603791931526303e+03 1.935929059321055690e-01
1.378403815739814945e+03 1.965419667246512403e-01
1.378203961857701188e+03 1.837292885913881513e-01
1.378004230285184804e+03 1.906593449421870312e-01
1.377804498712668419e+03 1.929752570642410681e-01
1.377604889449749408e+03 1.861216880802316342e-01
1.377405280186830396e+03 1.845272350385223359e-01
1.377205793233508757e+03 1.947755468258526856e-01
1.377006306280187118e+03 1.899321133567695441e-01
1.376806819326865252e+03 1.865701148624913097e-01
1.376607454683140986e+03 2.028257485763836354e-01
1.376408090039416720e+03 1.901873165614043071e-01
1.376208970014887200e+03 1.937642052625074551e-01
1.376009727680760307e+03 1.939949312953117289e-01
1.375810607656230786e+03 1.929966954878893359e-01
1.375611487631701266e+03 1.936598025251368427e-01
1.375412489916769118e+03 1.830904709946160613e-01
1.375213736821031716e+03 1.955696220203795577e-01
1.375014861415696942e+03 1.869420391043209173e-01
1.374815986010362167e+03 1.912374714878593007e-01
1.374617232914624765e+03 1.964140844751812442e-01
1.374418479818887363e+03 1.876558499644777611e-01
1.374219971342344706e+03 1.895937510430934780e-01
1.374021340556204677e+03 1.886840218087784127e-01
1.373822832079662021e+03 1.817630724213410709e-01
1.373624323603119365e+03 1.885861682579155207e-01
1.373425937436174081e+03 1.941735898382422054e-01
1.373227673578826398e+03 1.890892941042399411e-01
1.373029287411881114e+03 1.925555809425086862e-01
1.372831145864130576e+03 1.845946816102715937e-01
1.372633004316380038e+03 1.891548273439330186e-01
1.372434862768629500e+03 1.805246089886395344e-01
1.372236965840073708e+03 1.864304917663355265e-01
1.372038946601920543e+03 1.825218374408453803e-01
1.371841049673364751e+03 1.836846499154521917e-01
1.371643030435211585e+03 1.911820075729799007e-01
1.371445378125850766e+03 1.962608174523195470e-01
1.371247725816489719e+03 1.925545983963518060e-01
1.371050073507128673e+03 1.849020372402080670e-01
1.370852421197767626e+03 1.838926936865910577e-01
1.370654768888406579e+03 1.788966127526868399e-01
1.370457238888642905e+03 1.890904371964727548e-01
1.370259953508074204e+03 1.897751149378802404e-01
1.370062545817907903e+03 1.896797371149991362e-01
1.369865260437338975e+03 1.921653073129148959e-01
1.369667975056770047e+03 1.902378544540546113e-01
1.369470811985798719e+03 1.848183221596925163e-01
1.369273771224424536e+03 1.918111060000065038e-01
1.369076485843855608e+03 1.903216616204037870e-01
1.368879567392078798e+03 1.845041366890097234e-01
1.368682648940302215e+03 1.885987409328586661e-01
1.368485730488525405e+03 1.834008051080865120e-01
1.368288934346345968e+03 1.812585720924385357e-01
1.368092138204166758e+03 1.934612308748951126e-01
1.367895342061987321e+03 1.962551389759354947e-01
1.367698790539002630e+03 1.870678917628847415e-01
1.367502116706420793e+03 1.911491045657514876e-01
1.367305565183436102e+03 1.893745564134574066e-01
1.367109258279646156e+03 1.985086179521545480e-01
1.366912706756661692e+03 1.875590497408006763e-01
1.366716399852871746e+03 1.922677018387748404e-01
1.366519970639484427e+03 1.895259282264115108e-01
1.366323786045292081e+03 1.782794653246971561e-01
1.366127723760696881e+03 1.852842398239864796e-01
1.365931539166504308e+03 1.926854636374846497e-01
1.365735476881909335e+03 1.931226578900622493e-01
1.365539414597314135e+03 1.867442478320110455e-01
1.365343474622316535e+03 1.851891155746344109e-01
1.365147779266513453e+03 1.965126741067104998e-01
1.364951839291515853e+03 1.974171882026916902e-01
1.364756143935712771e+03 1.796694771508678956e-01
1.364560326270312316e+03 1.826364715858938559e-01
1.364364753224106835e+03 1.903327416135373040e-01
1.364169180177901126e+03 1.839887311792287317e-01
1.363973607131695644e+03 1.901159272384549959e-01
1.363778156395087308e+03 1.890292217155234156e-01
1.363582705658479199e+03 1.817811763831047589e-01
1.363387377231468236e+03 1.975796998318231634e-01
1.363192048804457500e+03 1.866268480253385487e-01
1.362996842687043909e+03 1.887560752384949692e-01
1.362801758879227918e+03 1.889966319639569126e-01
1.362606430452217182e+03 2.063813647500830628e-01
1.362411468953998337e+03 1.755249955580228949e-01
1.362216507455779720e+03 1.908046452121662517e-01
1.362021668267158248e+03 1.891678291021650360e-01
1.361826706768939630e+03 1.894548940058791708e-01
1.361631867580318158e+03 1.921290872921096460e-01
1.361437028391696913e+03 1.918710715982591408e-01
1.361242311512673041e+03 1.966051893009742590e-01
1.361047716943246314e+03 1.904373010887248918e-01
1.360853244683417188e+03 1.824344598030556153e-01
1.360658650113990461e+03 1.943329961276396844e-01
1.360464177854161335e+03 1.958869817951102155e-01
1.360269705594332208e+03 1.916122388180593605e-01
1.360075233334502855e+03 1.873514971615475866e-01
1.359881128003465847e+03 1.922781644543271051e-01
1.359686900362831466e+03 1.923308090322276287e-01
1.359492672722196858e+03 1.883114506972287938e-01
1.359298567391159850e+03 1.895304450613036207e-01
1.359104462060122842e+03 1.879258041784699074e-01
1.358910479038683206e+03 1.909023596973919712e-01
1.358716618326840717e+03 1.930477553330972318e-01
1.358522635305401081e+03 1.866330641348917796e-01
1.358328774593558819e+03 1.887891321100565178e-01
1.358135036191313702e+03 1.853162867014654935e-01
1.357941297789068813e+03 1.995973319113373001e-01
1.357747681696421296e+03 1.933191737456028680e-01
1.357554065603773779e+03 2.023647211818516145e-01
1.357360571820723408e+03 1.942250708871974818e-01
1.357167078037673264e+03 1.829748705498638883e-01
1.356973584254623120e+03 1.892896616196003412e-01
1.356780212781170349e+03 1.927460244193185124e-01
1.356586963617314950e+03 1.934518101384865019e-01
1.356393714453459324e+03 1.819129537581568312e-01
1.356200587599201299e+03 1.831886862196227539e-01
1.356007338435345901e+03 1.969188576046979333e-01
1.355814333890685248e+03 1.967219690152677836e-01
1.355621207036427222e+03 1.944987990244131104e-01
1.355428447110961315e+03 1.882982599455423067e-01
1.355235442566300662e+03 1.859251140424559023e-01
1.355042560331237155e+03 1.878960128477089320e-01
1.354849800405771248e+03 1.728129827347446024e-01
1.354657040480305341e+03 1.902117548803710367e-01
1.354464525174034179e+03 1.847488517690524523e-01
1.354271887558165645e+03 1.837426090814819335e-01
1.354079249942297110e+03 1.846546732107283428e-01
1.353886734636025949e+03 1.937582582873553227e-01
1.353694219329754787e+03 1.809631116093866343e-01
1.353501826333080999e+03 1.865247989170016052e-01
1.353309677955601956e+03 1.809591930246115254e-01
1.353117407268525540e+03 1.928952899005912380e-01
1.352925136581449124e+03 1.827871829259103964e-01
1.352732988203970081e+03 1.873549177965459223e-01
1.352540839826491037e+03 1.964980201592674280e-01
1.352348813758609367e+03 1.944432342052761775e-01
1.352156910000325070e+03 1.961904322987106930e-01
1.351965006242040772e+03 1.919461731076059219e-01
1.351773102483756475e+03 2.025760308393561027e-01
1.351581198725472177e+03 1.871603787011971998e-01
1.351389417276785252e+03 1.917210994731441687e-01
1.351197635828098328e+03 1.937711442055825850e-01
1.351006221308203521e+03 1.888836592644687895e-01
1.350814562169113970e+03 1.841208563440097368e-01
1.350623025339621790e+03 1.874084724177615124e-01
1.350431610819726984e+03 1.829306419389020721e-01
1.350240196299832178e+03 1.826986559531698362e-01
1.350048781779937372e+03 1.904644690190285539e-01
1.349857611879237311e+03 1.919460794004342608e-01
1.349666319668939877e+03 1.879244093720952302e-01
1.349475149768239817e+03 1.950812551520195171e-01
1.349283979867539983e+03 1.860332911025995017e-01
1.349092932276437296e+03 1.907266855247915505e-01
1.348901884685334608e+03 2.071855746775282392e-01
1.348710959403829293e+03 1.942586792596547041e-01
1.348520156431921350e+03 1.807377452688838926e-01
1.348329231150416035e+03 1.974664461811574123e-01
1.348138428178508320e+03 1.996968417666903362e-01
1.347947747516197751e+03 2.026447831236714847e-01
1.347757066853887181e+03 1.907827328558580893e-01
1.347566508501173985e+03 1.942438735479413980e-01
1.347375827838863415e+03 2.049582183220399201e-01
1.347185391795747819e+03 1.895904947972120169e-01
1.346994955752631995e+03 1.936773257083527489e-01
1.346804519709516171e+03 1.907196292316634123e-01
1.346614205975997720e+03 1.949070067819150542e-01
1.346424014552076869e+03 1.906052048703187340e-01
1.346233823128155791e+03 1.907135880450799570e-01
1.346043631704234713e+03 1.889479022216688231e-01
1.345853562589911007e+03 1.936567587928006984e-01
1.345663493475587529e+03 1.892760155679547029e-01
1.345473424361263824e+03 1.875040657738881178e-01
1.345283599866134864e+03 1.875115097040663537e-01
1.345093653061408531e+03 1.976073222320301748e-01
1.344903828566279799e+03 1.906183971764112417e-01
1.344714126380748212e+03 1.865048837798901349e-01
1.344524301885619252e+03 1.878599014029384839e-01
1.344334722009685265e+03 1.864091140304436345e-01
1.344145019824153678e+03 1.950777763702209733e-01
1.343955684567414437e+03 1.891466382289793413e-01
1.343766104691480223e+03 1.867103603177364401e-01
1.343576647125143381e+03 1.980050605069149650e-01
1.343387311868404140e+03 1.853948507200606222e-01
1.343197976611664672e+03 1.911784599981206922e-01
1.343008763664522576e+03 1.858972881589584514e-01
1.342819550717380707e+03 1.823809100695534813e-01
1.342630460079835984e+03 1.891239909153938359e-01
1.342441247132694116e+03 1.945113493331647736e-01
1.342252278804746766e+03 1.881542430275108813e-01
1.342063310476799643e+03 1.954148742061825317e-01
1.341874342148852293e+03 1.885722156086395984e-01
1.341685496130502315e+03 1.952855124080418447e-01
1.341496772421749938e+03 1.749271971558849781e-01
1.341308048712997333e+03 1.866950262848351416e-01
1.341119325004244956e+03 1.836467820789308425e-01
1.340930601295492352e+03 1.827953405679161869e-01
1.340741999896337347e+03 1.905319708402462842e-01
1.340553520806779488e+03 1.774019722089259787e-01
1.340365041717221857e+03 1.899359667858803447e-01
1.340176684937261371e+03 1.966365328058731765e-01
1.339988328157301112e+03 1.903409481338700360e-01
1.339799971377340626e+03 1.913258380376311185e-01
1.339611736906977740e+03 1.897030497260898674e-01
1.339423502436614854e+03 1.728496590238418062e-01
1.339235267966251740e+03 1.909809702133082321e-01
1.339047278115083600e+03 1.915675581898401425e-01
1.338859288263915232e+03 1.927256360694826198e-01
1.338671176103149719e+03 1.858837302650064027e-01
1.338483308561578724e+03 1.935744228581704474e-01
1.338295441020007956e+03 1.789420952460061276e-01
1.322344557187702094e+03 1.943160279994954887e-01
1.322161459720428866e+03 1.895804842315610694e-01
1.321978362253155638e+03 2.049257735785793844e-01
1.321795264785882637e+03 1.937618670751167782e-01
1.321612411937804154e+03 1.915751084078314292e-01
1.304827132032193276e+03 1.906909580284936456e-01
1.304649049258412560e+03 1.934525733718294727e-01
1.304471088794229217e+03 1.933951271254626958e-01
1.304293128330045874e+03 1.923440223620306311e-01
1.304115167865862531e+03 1.890267514009698613e-01
1.286926266288907982e+03 1.953977758620451255e-01
1.286753442827814524e+03 1.780714621164764255e-01
1.286580497057123694e+03 1.893834778259684826e-01
1.286407673596030236e+03 1.955084155442610716e-01
1.286234850134936778e+03 1.913419555231402891e-01
1.286062148983440466e+03 1.941389141652433703e-01
1.285889447831944381e+03 1.924949837763018923e-01
1.285716746680448296e+03 1.882724957645960095e-01
1.285544167838549583e+03 1.999641281139202531e-01
1.285371588996650871e+03 1.846319807554004377e-01
1.285199254773946905e+03 1.989666308810898732e-01
1.285026798241645338e+03 1.949304745122283355e-01
1.284854341709343998e+03 2.016156154594222205e-01
1.284682007486640032e+03 1.898945005672141306e-01
1.284509673263936065e+03 1.894542021800852960e-01
1.284337461350829471e+03 2.058114051614229612e-01
1.284165249437722878e+03 1.920383318532990491e-01
1.283993037524616284e+03 1.963150033961424956e-01
1.283820947921107063e+03 1.890327732021911400e-01
1.283648858317597615e+03 1.972075405585350383e-01
1.283476891023685766e+03 1.806447751198753948e-01
1.283304923729773918e+03 1.991303922900128920e-01
1.283132956435862070e+03 1.976964612774317620e-01
1.282961111451547595e+03 2.001644255669996209e-01
1.282789266467233119e+03 1.858138844834589243e-01
1.282617666102113390e+03 2.079610554093633268e-01
1.282445943427396287e+03 2.131159861711511838e-01
1.282274220752679184e+03 2.001874527162161854e-01
1.282102620387559455e+03 1.845107057630037961e-01
1.281931142332037098e+03 2.024216543071876429e-01
1.281759541966917368e+03 1.926595694415818849e-01
1.281588063911395011e+03 2.024000389120254872e-01
1.281416585855872654e+03 1.911661123172276322e-01
1.281245230109947670e+03 1.884017933543943590e-01
1.281073874364022686e+03 1.954477202977487338e-01
1.280902518618097702e+03 1.872374926895521707e-01
1.280731407491367463e+03 1.984968374035701588e-01
1.280560174055039852e+03 1.967402668334462812e-01
1.280388940618712240e+03 1.959359302626099142e-01
1.280217951801579375e+03 1.890092080219281379e-01
1.280046840674849136e+03 1.945283303617278969e-01
1.279875974167313643e+03 1.976068406481975848e-01
1.279704985350180777e+03 1.937914761216023296e-01
1.279534118842645285e+03 1.891402549660512744e-01
1.279363252335109792e+03 1.931513116647589623e-01
1.279192508137171899e+03 1.953477884403774512e-01
1.279021641629636406e+03 1.888175296570361039e-01
1.278851019741295659e+03 1.912409557754350120e-01
1.278680275543357538e+03 1.911064952964973140e-01
1.278509775964614164e+03 2.040006305977942747e-01
1.278339154076273417e+03 1.950417201287623081e-01
1.278168654497530042e+03 1.999733829100731330e-01
1.277998154918786668e+03 1.971271744297889705e-01
1.277827777649640893e+03 1.943668314540370201e-01
1.277657400380494892e+03 1.994834922592430004e-01
1.277487023111348890e+03 1.899421413894252231e-01
1.277316768151800261e+03 2.020557193296916854e-01
1.277146513192251632e+03 1.976077981317590770e-01
1.276976502851897749e+03 1.879008228881223486e-01
1.276806370201946720e+03 1.955202419246874213e-01
1.276636237551995464e+03 1.937634046374528407e-01
1.276466227211641581e+03 1.868154538551663746e-01
1.276296339180885070e+03 1.841587534638594870e-01
1.276126328840531187e+03 1.865424056076901704e-01
1.275956440809774904e+03 1.915188724328984182e-01
1.275786552779018393e+03 1.982406681782538649e-01
1.275616787057859256e+03 2.068581613605967595e-01
1.275447021336700118e+03 1.983224164977323845e-01
1.275277255615541208e+03 1.906655217110690415e-01
1.275107734513576816e+03 1.966953900561524693e-01
1.274937968792417678e+03 1.931699757762651015e-01
1.274768447690453286e+03 1.845630290009069863e-01
1.274598926588489121e+03 1.873812088291646472e-01
1.274429527796122102e+03 1.859693147290299997e-01
1.274260006694157710e+03 2.016031928523508987e-01
1.274090730211388291e+03 1.849613463376345857e-01
1.273921453728618644e+03 1.956827387288562758e-01
1.273752177245848998e+03 1.960890010220572022e-01
1.273583023072676724e+03 1.984832502023475276e-01
1.273413868899504678e+03 1.881494250006449376e-01
1.273244837035929777e+03 1.830110863428693613e-01
1.273244714726332404e+03 1.916126543296806373e-01
1.273075682862757503e+03 1.821114551854071117e-01
1.273075560553160130e+03 1.881315129531732633e-01
1.272906773308780203e+03 1.906742440246915193e-01
1.272906650999182830e+03 2.001329042093203392e-01
1.272737741445205302e+03 1.905994618943927243e-01
1.272737619135607929e+03 1.974760752681323506e-01
1.272568709581630628e+03 1.819578409644013739e-01
1.272568587272033255e+03 1.888330956681081585e-01
1.272399677718055727e+03 1.870960972241755560e-01
1.272230890473675572e+03 1.880033127423964556e-01
1.272062103229295644e+03 1.897523355472816586e-01
1.271893315984915489e+03 1.940163496002624000e-01
1.271724651050132707e+03 2.050399364423931281e-01
1.271555986115350152e+03 1.963489362698073726e-01
1.271387321180567369e+03 1.885659348018185744e-01
1.271218778555382187e+03 1.903285586509822491e-01
1.271050235930196777e+03 1.835515668734446493e-01
1.270881815614608968e+03 1.836106462621549251e-01
1.270713395299020931e+03 1.930784748940374551e-01
1.270544974983432894e+03 1.965802311624406939e-01
1.270376799287039830e+03 1.933083695273320468e-01
1.270208501281049166e+03 1.927525323088717657e-01
1.270040203275058730e+03 1.947807868625170413e-01
1.269872027578665438e+03 1.931969771490512633e-01
1.269703974191869747e+03 1.916982560763224042e-01
1.269535798495476456e+03 2.016351745616834223e-01
1.269367745108680765e+03 1.890542545499940552e-01
1.269199814031482219e+03 1.926710920228820179e-01
1.269031882954283901e+03 1.936383109474559272e-01
1.268863951877085356e+03 1.967976068301411363e-01
1.268696020799887037e+03 1.989263104543859684e-01
1.268528334341883237e+03 2.017927618324064365e-01
1.268360525574282292e+03 1.893641945940733873e-01
1.268192716806681119e+03 1.973164193131964894e-01
1.268025152658274919e+03 1.915974738735623240e-01
1.267857466200271119e+03 1.898569024387361803e-01
1.267689902051864919e+03 1.887506216623121291e-01
1.267522337903458720e+03 1.851095147147947539e-01
1.267355018374247038e+03 1.901260857878145361e-01
1.267187454225840838e+03 1.994410730567360845e-01
1.267020012387031784e+03 1.882222421182235816e-01
1.266852692857820330e+03 1.934392807545084192e-01
1.266685373328608875e+03 1.865998145130446095e-01
1.266518176108994567e+03 1.953807921954190674e-01
1.266351101198977858e+03 1.956850205725633729e-01
1.266183903979363549e+03 1.915534884149074357e-01
1.266016829069346841e+03 2.044914644394952574e-01
1.265849754159330132e+03 1.904890659010848863e-01
1.265682679249313196e+03 1.960968457169463275e-01
1.265515726648893860e+03 1.925214691892156160e-01
1.265348774048474525e+03 1.973411998135158330e-01
1.265182066067249707e+03 1.875546940225689685e-01
1.265015113466830371e+03 1.894131901145226782e-01
1.264848283176008408e+03 1.949270925666642673e-01
1.264681575194783591e+03 1.954667309029968214e-01
1.264514867213559000e+03 1.835807468246383467e-01
1.264348281541931783e+03 1.940632521192801885e-01
1.264181695870304338e+03 1.879673511780982909e-01
1.264015110198677121e+03 1.836596328640555664e-01
1.263848646836647276e+03 2.030963740124532568e-01
1.263682183474617432e+03 1.848979746114658151e-01
1.263515720112587360e+03 1.837113352031740365e-01
1.263349379060154888e+03 1.909524921901439853e-01
1.263183038007722416e+03 1.863520252485867112e-01
1.263016819264887317e+03 1.965488872611780569e-01
1.262850478212454618e+03 1.987579991492805509e-01
1.262684381779216892e+03 1.975071794907897749e-01
1.262518163036381793e+03 1.928993052986338608e-01
1.262352066603144067e+03 1.984860233361036563e-01
1.262186092479503486e+03 1.874789365034095767e-01
1.262020118355863133e+03 1.888129682581847213e-01
1.261854144232222779e+03 1.999345171940448973e-01
1.261688170108582426e+03 1.975620849795038658e-01
1.261522440604136818e+03 1.916798151355736946e-01
1.261356711099690983e+03 2.008693005718739655e-01
1.261190859285648003e+03 1.986497848349683681e-01
1.261025129781202395e+03 1.944158601102689565e-01
1.260859522586354160e+03 1.912963948321967644e-01
1.260693915391505925e+03 2.036270235726199695e-01
1.260528308196657690e+03 1.957416652286286807e-01
1.260362701001809228e+03 1.954203988870009123e-01
1.260197216116558366e+03 1.957278663766860716e-01
1.260031853540904876e+03 1.997043058674812244e-01
1.259866368655654014e+03 1.903004581201133971e-01
1.259701128389597898e+03 1.940676909628521185e-01
1.259535765813944408e+03 1.786231995329517486e-01
1.259370525547888292e+03 1.899544747722640703e-01
