# Wavelength, Reflectance
1.644427165200723948e+03 2.336157187582398598e-01
1.643561076333536448e+03 2.186926967338627403e-01
1.642695841958536448e+03 1.875000711534242637e-01
1.641831584146036448e+03 1.828849980671920783e-01
1.640968180825723948e+03 2.053176102572462358e-01
1.640105876138223948e+03 2.121097657955685056e-01
1.639244425942911448e+03 2.103475310966550493e-01
1.638383952310098948e+03 2.308632839053255670e-01
1.637524333169473948e+03 1.811140567780649413e-01
1.636665812661661448e+03 2.108556069225011598e-01
1.635808146646036448e+03 2.137736115079594823e-01
1.634951457192911448e+03 2.314227737894579695e-01
1.634095744302286448e+03 2.204056926645190928e-01
1.633240885903848948e+03 2.160455233077416271e-01
1.632387004067911448e+03 1.840823232536060727e-01
1.631533976724161448e+03 1.948328349250936509e-01
1.630681925942911448e+03 2.021821038422935146e-01
1.629830851724161448e+03 1.897883549938640946e-01
1.628980631997598948e+03 1.831232380788667680e-01
1.628131388833536448e+03 2.117295989680086921e-01
1.627283000161661448e+03 1.904233659294136682e-01
1.626435588052286448e+03 2.016722982621775295e-01
1.625589152505411448e+03 2.004351056826971789e-01
1.624743693521036448e+03 2.011852532472218069e-01
1.623898966958536448e+03 2.122517183481652525e-01
1.623055339028848948e+03 1.873207681190888207e-01
1.622212443521036448e+03 1.834990168072378747e-01
1.621370646646036448e+03 1.886041671537677100e-01
1.620529582192911448e+03 1.963484586805748777e-01
1.619689616372598948e+03 2.047506971350717131e-01
1.618850382974161448e+03 1.641066303637347401e-01
1.618012126138223948e+03 1.876893576847314948e-01
1.617174723794473948e+03 1.982264013393482960e-01
1.616338298013223948e+03 1.872072573208806434e-01
1.615502726724161448e+03 1.942358904144359522e-01
1.614668131997598948e+03 1.862286790194599695e-01
1.613834513833536448e+03 1.941059229529217278e-01
1.613001628091348948e+03 1.832466184253904729e-01
1.612169718911661448e+03 1.652631615205795435e-01
1.611338664224161448e+03 1.691501336769589692e-01
1.610508586099161448e+03 1.827142859756528404e-01
1.609679362466348948e+03 1.782461358286716868e-01
1.608850993325723948e+03 1.837096899025360275e-01
1.608023600747598948e+03 2.063407909480445834e-01
1.607196940591348948e+03 1.822203712825774258e-01
1.606371256997598948e+03 1.756200918886757778e-01
1.605546549966348948e+03 1.808205107905901943e-01
1.604722697427286448e+03 1.750599243570698516e-01
1.603899577310098948e+03 1.863904615137168264e-01
1.603077433755411448e+03 1.972515236172789621e-01
1.602256266763223948e+03 1.780474683036806227e-01
1.601435832192911448e+03 1.651297646759390669e-01
1.600616374185098948e+03 1.782392617884781261e-01
1.599797770669473948e+03 1.920225482588151511e-01
1.598980021646036448e+03 1.840092501562075322e-01
1.598163127114786448e+03 1.726303865880022825e-01
1.597346965005411448e+03 1.760036849625809530e-01
1.596532145669473948e+03 1.664573773663598488e-01
1.595717814614786448e+03 1.874052555848444990e-01
1.594904338052286448e+03 1.832044095513513660e-01
1.594091960122598948e+03 1.743341140371109932e-01
1.593280192544473948e+03 1.985796373767359235e-01
1.592469401528848948e+03 1.847179255466497583e-01
1.591659587075723948e+03 1.852083433243551513e-01
1.590850505044473948e+03 1.842791261972286099e-01
1.590042399575723948e+03 1.861100286278548344e-01
1.589234904458536448e+03 1.728097318621240330e-01
1.588428263833536448e+03 1.850158212043003514e-01
1.587622843911661448e+03 1.881620126069304400e-01
1.586818034341348948e+03 1.888007294723194340e-01
1.586014079263223948e+03 1.807874655444445811e-01
1.585211100747598948e+03 1.869577160992751952e-01
1.584408854653848948e+03 1.591734585268189395e-01
1.583607463052286448e+03 1.875571560727657960e-01
1.582807048013223948e+03 1.898072029392426086e-01
1.582007365396036448e+03 1.971326152822846789e-01
1.581208659341348948e+03 1.865581568976112936e-01
1.580410563638223948e+03 1.832476845684861411e-01
1.579613322427286448e+03 1.845594140377940506e-01
1.578817179849161448e+03 1.777415809151151604e-01
1.578021647622598948e+03 1.745576004460566155e-01
1.577227091958536448e+03 1.879749466212707054e-01
1.576433390786661448e+03 1.955573760728939459e-01
1.575640422036661448e+03 1.942053116394583112e-01
1.574848185708536448e+03 1.857433098669932781e-01
1.574056925942911448e+03 1.792314347818585174e-01
1.573266520669473948e+03 1.766224496055129600e-01
1.572476969888223948e+03 1.889271155821703740e-01
1.571688151528848948e+03 1.855911987430619303e-01
1.570900065591348948e+03 1.888123407266966702e-01
1.570113078286661448e+03 1.770705206409348420e-01
1.569326701333536448e+03 1.858820006990658524e-01
1.568541423013223948e+03 1.863484441450519169e-01
1.567756632974161448e+03 1.884265114774686667e-01
1.566972819497598948e+03 1.898901330182146963e-01
1.566189860513223948e+03 1.808768888499569238e-01
1.565407633950723948e+03 1.957082032775488700e-01
1.564626261880411448e+03 1.834217825487416131e-01
1.563845744302286448e+03 1.873396107091676865e-01
1.563066081216348948e+03 1.958628387321217634e-01
1.562287028481973948e+03 1.766974958193041900e-01
1.561508952310098948e+03 1.973672386314632987e-01
1.560731730630411448e+03 1.946497386883233871e-01
1.559955241372598948e+03 1.790924130906517697e-01
1.559179484536661448e+03 1.835589406893953501e-01
1.558404582192911448e+03 1.998590189211836010e-01
1.557630656411661448e+03 1.904811390214699862e-01
1.556857340981973948e+03 1.835593303035728541e-01
1.556084880044473948e+03 1.884495893763948882e-01
1.555313151528848948e+03 1.873165309765169873e-01
1.554542399575723948e+03 1.923443789974643714e-01
1.553772257974161448e+03 1.741316983514953065e-01
1.553003092935098948e+03 1.803799869316720372e-01
1.553002970864786448e+03 1.803798409394104241e-01
1.552746867349161448e+03 1.880882459114202321e-01
1.552490641763223948e+03 1.880499807673476076e-01
1.552234660317911448e+03 1.835396916420252988e-01
1.552234538247598948e+03 1.835396622238023856e-01
1.551978678872598948e+03 1.710785999601249496e-01
1.551466960122598948e+03 1.861533767420658902e-01
1.550700114419473948e+03 1.913539984260642923e-01
1.549934001138223948e+03 1.874721969529744570e-01
1.549168742349161448e+03 1.849844105124361093e-01
1.548404338052286448e+03 1.850490770671035790e-01
1.547640544106973948e+03 1.831831306363939371e-01
1.546877604653848948e+03 1.837851831010763604e-01
1.546115519692911448e+03 1.849055459177413596e-01
1.545354289224161448e+03 1.995704201181630333e-01
1.544593669106973948e+03 1.993882186606632800e-01
1.543833781411661448e+03 1.865926590937876106e-01
1.543074870278848948e+03 2.024028698901633727e-01
1.542316813638223948e+03 1.816549542892949010e-01
1.541559367349161448e+03 2.043785233725653461e-01
1.540802653481973948e+03 1.934832499539959338e-01
1.540046794106973948e+03 1.821881081675785219e-01
1.539291667153848948e+03 1.607030230929881731e-01
1.538537516763223948e+03 1.806797292380845632e-01
1.537783976724161448e+03 1.908234872527379278e-01
1.537031169106973948e+03 1.936889231073844753e-01
1.536279215981973948e+03 1.858223218238269914e-01
1.535527751138223948e+03 1.803461006288842872e-01
1.534777629067911448e+03 1.888166048461684121e-01
1.534027751138223948e+03 1.878685530759514055e-01
1.533278971841348948e+03 1.875003117842044265e-01
1.532530802896036448e+03 1.845583028087304234e-01
1.531783366372598948e+03 1.888758683912137304e-01
1.531036906411661448e+03 1.841982348838731298e-01
1.530291056802286448e+03 1.954037273445307921e-01
1.529545939614786448e+03 1.915361254653196177e-01
1.528801554849161448e+03 1.918632631934644728e-01
1.528058024575723948e+03 1.866957131364001266e-01
1.527314982583536448e+03 1.807865891056307794e-01
1.526573161294473948e+03 1.877506208126029086e-01
1.525831706216348948e+03 1.923985772178672116e-01
1.525091349771036448e+03 1.887008845698550097e-01
1.524351481606973948e+03 1.766882474103200484e-01
1.523612467935098948e+03 1.759460556750843951e-01
1.522874186685098948e+03 1.914902034598182923e-01
1.522136759927286448e+03 1.791938773528793660e-01
1.521399943521036448e+03 1.849953814756350179e-01
1.520663859536661448e+03 1.839184948969584121e-01
1.519928507974161448e+03 1.760685542430993344e-01
1.519194010903848948e+03 1.771398583279349126e-01
1.518460124185098948e+03 1.933927332021401213e-01
1.517726969888223948e+03 1.866641897467712086e-01
1.516994914224161448e+03 1.925579966212948024e-01
1.516263346841348948e+03 1.892112435598072573e-01
1.515532389810098948e+03 1.859020741335805360e-01
1.515289103677286448e+03 1.873764166808457587e-01
1.515045817544473948e+03 1.855201774984522878e-01
1.514802409341348948e+03 1.774000089449685180e-01
1.514802287271036448e+03 1.914889884423117972e-01
1.514559245278848948e+03 1.867859980498786654e-01
1.514316203286661448e+03 1.952056127059207391e-01
1.514072917153848948e+03 1.903113794639650636e-01
1.513344279458536448e+03 1.817126401861452190e-01
1.512616374185098948e+03 1.871917673227311008e-01
1.511889201333536448e+03 1.866104698531877160e-01
1.511162882974161448e+03 1.864326755391690627e-01
1.510437174966348948e+03 1.984182180474465818e-01
1.509712199380411448e+03 1.837801766882674881e-01
1.508987956216348948e+03 1.909668303998657279e-01
1.508264445474161448e+03 1.905587675648320323e-01
1.507541667153848948e+03 1.865334310609322588e-01
1.506819621255411448e+03 1.925309726071057770e-01
1.506098307778848948e+03 1.879077269288184360e-01
1.505377726724161448e+03 1.939460260593504903e-01
1.504658000161661448e+03 1.971030985273292957e-01
1.503938761880411448e+03 1.849349091000907774e-01
1.503220378091348948e+03 1.927845928498491956e-01
1.502502355173729484e+03 1.992892516370466938e-01
1.501785032462869140e+03 1.936616050759726870e-01
1.501068564579890108e+03 1.843954640855355043e-01
1.500352707288255033e+03 1.965821754930458520e-01
1.499637582706232934e+03 1.900954338652377784e-01
1.498923190833823355e+03 1.844217563535178461e-01
1.498209409552757734e+03 1.865123908460337987e-01
1.497496483099573652e+03 1.785336437732910342e-01
1.496784167237733527e+03 1.920599639625811261e-01
1.496072706203774942e+03 1.883686401848909120e-01
1.495361855761160314e+03 1.953097069191323254e-01
1.494651738028158206e+03 1.850731851891914970e-01
1.493942230886500283e+03 1.744390549869562490e-01
1.493233578572723673e+03 1.811367036358317029e-01
1.492525536850291246e+03 1.920411598234479933e-01
1.491818227837471341e+03 1.808962758101760604e-01
1.491111651534264183e+03 1.857791256638359201e-01
1.490405685822400983e+03 1.917430997724246244e-01
1.489700452820150531e+03 1.947674671795532886e-01
1.488995952527512827e+03 1.849773043178693233e-01
1.488292184944487872e+03 1.897321878725103661e-01
1.487589027952806873e+03 1.820930942258920937e-01
1.486886603670738623e+03 1.882823291602778726e-01
1.486184789980014102e+03 1.811551643518554966e-01
1.485483831117171349e+03 1.881592291895660130e-01
1.484783482845672324e+03 1.862786479544069895e-01
1.484083867283786276e+03 1.888544613707839326e-01
1.483384862313243957e+03 1.874681487526013157e-01
1.482686712170583178e+03 1.840900538079213999e-01
1.481989050500997564e+03 1.811667467704040635e-01
1.481292243659293490e+03 1.871524858095645616e-01
1.480596047408933373e+03 1.905405592240286827e-01
1.479900461749917213e+03 1.893403855830878280e-01
1.479205730918782592e+03 1.842446723987269108e-01
1.478511488560723137e+03 1.919044493123496509e-01
1.477818101030544995e+03 1.930684303965321535e-01
1.477125324091711036e+03 1.927819598080229568e-01
1.476433279862489599e+03 1.865161496508967731e-01
1.475741846224612345e+03 1.938683081496072602e-01
1.475051145296347613e+03 1.876086985236481985e-01
1.474361054959426838e+03 1.847556964079349606e-01
1.473671697332118811e+03 1.808816378212148579e-01
1.472982950296154740e+03 1.883772718584721395e-01
1.472294935969803419e+03 1.847347211882721385e-01
1.471607654353064845e+03 1.725864010561881656e-01
1.470920983327670228e+03 1.901607043615714532e-01
1.470235045011888133e+03 1.866107606494241677e-01
1.469549717287450221e+03 1.899091027538543364e-01
1.468865000154356039e+03 1.910675878918821347e-01
1.468181015730874833e+03 1.918459935777730441e-01
1.467497764017006148e+03 1.836354924086479601e-01
1.466815122894481647e+03 1.944103192681455594e-01
1.466133092363300875e+03 1.905583782540710425e-01
1.465451794541732852e+03 1.878419559073468137e-01
1.464771107311508786e+03 1.925952946157391821e-01
1.464091152790897468e+03 1.837665646092197236e-01
1.463411808861630107e+03 2.035879969018861979e-01
1.462733197641975266e+03 1.874949236284196019e-01
1.462055197013664610e+03 1.902408630679372492e-01
1.461377806976697912e+03 1.864234293720326563e-01
1.460701027531074942e+03 1.822481224622251594e-01
1.460025102913333740e+03 1.862656459220209948e-01
1.459349666768667475e+03 1.869512478670715683e-01
1.458674963333613960e+03 1.873882639890542823e-01
1.458000870489904628e+03 1.861567150302753382e-01
1.457327510355807817e+03 1.899488082397728372e-01
1.456654760813054963e+03 1.849351622093700076e-01
1.455982621861646066e+03 1.913377019366408194e-01
1.455311215619849918e+03 1.911807222994761635e-01
1.454640419969397499e+03 1.773534404253964136e-01
1.453970234910289264e+03 1.975680787694899521e-01
1.453300660442524986e+03 1.837769085473652253e-01
1.452631940802642021e+03 1.921637479866637466e-01
1.451963709635834448e+03 1.891556893122472716e-01
1.451296089060370605e+03 1.752958053299352448e-01
1.450629201194519737e+03 1.976522575419980832e-01
1.449962923920012599e+03 1.901138323028531141e-01
1.449297257236849418e+03 1.947459148402624629e-01
1.448632323263298986e+03 1.940815401493491688e-01
1.447967999881092510e+03 1.790898038631474898e-01
1.447304164971961200e+03 1.787648973993580526e-01
1.446641184890711429e+03 1.907902264813740867e-01
1.445978693282536824e+03 1.999989883190206597e-01
1.445317056502243531e+03 1.760511975505609228e-01
1.444655786076756840e+03 1.753029584825613607e-01
1.443995248360882897e+03 1.862594480407253061e-01
1.443335443354621475e+03 1.991405565361468455e-01
1.442676126821435219e+03 1.812917398039813333e-01
1.442017542997861938e+03 1.927129175955200335e-01
1.441359569765632386e+03 1.799374243174675092e-01
1.440702207124746792e+03 1.860351434226412137e-01
1.440045332956936363e+03 1.836918592968177222e-01
1.439389435735276265e+03 1.858307754334202755e-01
1.439389313617007474e+03 1.813551817093126961e-01
1.439170844034145830e+03 1.904003158795251061e-01
1.438952252333015394e+03 1.813012701634241775e-01
1.438733904868422542e+03 1.840097748590633908e-01
1.438733782750153750e+03 1.795445660539859711e-01
1.438515435285560898e+03 1.876919692820430141e-01
1.438297209939236836e+03 1.842066624565415200e-01
1.438079106711181566e+03 1.840837801329311130e-01
1.438078984592912775e+03 1.873581013773113757e-01
1.437860881364857505e+03 1.891134437667823798e-01
1.437642900255071027e+03 1.921991538554416734e-01
1.437424919145284548e+03 1.854721279085322916e-01
1.437424797027015757e+03 1.876349994063519766e-01
1.437206693798960487e+03 1.733899691018643274e-01
1.436988956925711591e+03 1.952425482421718261e-01
1.436771342170731259e+03 1.847952186023061605e-01
1.436771220052462468e+03 1.934787791477043939e-01
1.436553483179213572e+03 1.899125102934213771e-01
1.436335746305964676e+03 1.840880494997817751e-01
1.436118253669253363e+03 1.782854448798796843e-01
1.435900761032542050e+03 1.908231335897851988e-01
1.435683268395830737e+03 1.880406004411807330e-01
1.435465897877388215e+03 1.810456697131694048e-01
1.435248649477214258e+03 1.938435083828773942e-01
1.435031401077040528e+03 1.817491463583095490e-01
1.434814152676866797e+03 1.869979309608204576e-01
1.434597148513230650e+03 1.865456850801676114e-01
1.434380022231325711e+03 2.000140735459075003e-01
1.434163018067689336e+03 1.844357885301838029e-01
1.433946136022321980e+03 1.978054936605975755e-01
1.433729376095223415e+03 1.937722262867425105e-01
1.433512616168124850e+03 1.880327339376859364e-01
1.433295856241026058e+03 1.749366769618072304e-01
1.433079340550465076e+03 1.948215499012288798e-01
1.432862702741635303e+03 1.872311076354435389e-01
1.432646187051074321e+03 1.843276567208811390e-01
1.432429793478781903e+03 1.852918607773002824e-01
1.432213522024758504e+03 1.712078571490972256e-01
1.431997250570735105e+03 1.843059706845662227e-01
1.431780979116711478e+03 1.682082462529886913e-01
1.431564829780956870e+03 1.769859308604461723e-01
1.431348802563471054e+03 1.870997518973260276e-01
1.431132775345985010e+03 1.666150270451294824e-01
1.430916870246767985e+03 1.731359548305406448e-01
1.430701087265819751e+03 1.776032395103666894e-01
1.430485182166602499e+03 1.692606121433920530e-01
1.430269399185654265e+03 1.834338223362663445e-01
1.430053616204706032e+03 1.880271267849182582e-01
1.429838199578563945e+03 1.849805879058357694e-01
1.429622660834153294e+03 1.851974513694785718e-01
1.429407244208011207e+03 1.872484044828880423e-01
1.429191949700138139e+03 1.949943150856667251e-01
1.428976533073996279e+03 1.868881923974924364e-01
1.428761238566122984e+03 1.970525583347405296e-01
1.428546066176518707e+03 1.952446145560538804e-01
1.428331015905182994e+03 1.903833235104228361e-01
1.428115965633847509e+03 1.910884337869087068e-01
1.427900915362511796e+03 1.887229944218189459e-01
1.427685987209445102e+03 2.043351464619266311e-01
1.427471303292915763e+03 2.022005072918529600e-01
1.427256375139849069e+03 1.948605300861176171e-01
1.427041691223319731e+03 1.992871832418582345e-01
1.426827129425059411e+03 2.071221805754353551e-01
1.426612567626798864e+03 2.028124122703706955e-01
1.426398005828538544e+03 1.999330954154960316e-01
1.426183566148546788e+03 1.798724883113893280e-01
1.425969248586824051e+03 1.879649487853063128e-01
1.425754931025101087e+03 1.850193556635625902e-01
1.425540735581647141e+03 2.065351833669966108e-01
1.425326540138192968e+03 1.890539546362527412e-01
1.425112466813007813e+03 1.923034253458776044e-01
1.424898393487822432e+03 1.946203694753912694e-01
1.424684442280905841e+03 1.934498523607655895e-01
1.424470368955720687e+03 1.961991072114297463e-01
1.424256784103610471e+03 1.882343864840947956e-01
1.424042955014962899e+03 1.890289233501294686e-01
1.423829248044583892e+03 1.885458618679927978e-01
1.423615663192473676e+03 1.878597237148282306e-01
1.423402078340363687e+03 2.018800783896254336e-01
1.423188615606522262e+03 1.905197881213586686e-01
1.422975030754412046e+03 1.923423722214409326e-01
1.422761934375377223e+03 1.836651609460633050e-01
1.422548593759804589e+03 1.780853074699810801e-01
1.422335375262500747e+03 1.893520013884475994e-01
1.422122156765197133e+03 1.803909589961974480e-01
1.421909182504430873e+03 1.921424149703825635e-01
1.421696086125395823e+03 1.871046499659947404e-01
1.421483111864629791e+03 1.898450099261078661e-01
1.421270137603863532e+03 1.852375391207088384e-01
1.421057407579634855e+03 1.913593577105392463e-01
1.420844677555406179e+03 1.866229252994823784e-01
1.420631947531177730e+03 1.912627437617685777e-01
1.420419461743486636e+03 1.927796179547392463e-01
1.420206731719257959e+03 1.968217985236474510e-01
1.419994368049835657e+03 1.968844532002502479e-01
1.419781882262144791e+03 1.839871582185315380e-01
1.419569640710991280e+03 1.898403111159503998e-01
1.419357277041568977e+03 1.966318541600901304e-01
1.419145035490415466e+03 1.885675032338904600e-01
1.418932916057530747e+03 1.831626893762759167e-01
1.418720918742915046e+03 1.826327517572161607e-01
1.418508921428299118e+03 2.055162443369299430e-01
1.418296924113683190e+03 1.824567555810949759e-01
1.418084926799067262e+03 1.869905898505285213e-01
1.417873295839257707e+03 1.908016157727553397e-01
1.417661420642910571e+03 1.841441760987674314e-01
1.417449667564832453e+03 1.831330331848062543e-01
1.417238158723291690e+03 1.847917001287248118e-01
1.417026649881750927e+03 1.945026333130413787e-01
1.416815141040210165e+03 1.833291919924020796e-01
1.416603632198669402e+03 1.820210180392492216e-01
1.416392367593666222e+03 1.948496976264146863e-01
1.416181102988663042e+03 1.934364305528736006e-01
1.415969838383659862e+03 1.848923433302488983e-01
1.415758695896925474e+03 1.943634477555550577e-01
1.415547553410191085e+03 1.898873057299035882e-01
1.415336655159994280e+03 1.848638216983475580e-01
1.415125634791528682e+03 1.847063241441102843e-01
1.414914736541332104e+03 1.851419875688682937e-01
1.414703838291135298e+03 1.895625503449226978e-01
1.414493184277476075e+03 1.972499558333182523e-01
1.414282530263816852e+03 1.826073774450777398e-01
1.414071876250157629e+03 1.947196951180353852e-01
1.413861344354767198e+03 1.884088427579057035e-01
1.413650934577645558e+03 1.859762054715216884e-01
1.413440402682255126e+03 1.776748367599423895e-01
1.413229870786864694e+03 1.906072170427003665e-01
1.413019827364549201e+03 1.981970041492664980e-01
1.412809539705696352e+03 1.846320502228790683e-01
1.412599374165112295e+03 1.963448656383964264e-01
1.412389208624528237e+03 2.020654881427990102e-01
1.412179287320481762e+03 1.918257425572515440e-01
1.411969366016435288e+03 1.975994911663276621e-01
1.411759444712388813e+03 2.001555892151708482e-01
1.411549523408342338e+03 1.908463264976759943e-01
1.411339846340833446e+03 1.929522803707003076e-01
1.411130169273324555e+03 1.988807870530477639e-01
1.410920492205815663e+03 1.968607866855675292e-01
1.410710815138306543e+03 2.028913532508999085e-01
1.410501382307335234e+03 1.929522583414953751e-01
1.410291949476363925e+03 1.889361150454806904e-01
1.410082638763661407e+03 1.932213004359348008e-01
1.409873205932690098e+03 1.899873150003020261e-01
1.409664139456525163e+03 1.981208528796276347e-01
1.409454828743822645e+03 1.860272931161364718e-01
1.409245762267657483e+03 1.822863897262357036e-01
1.409036695791492548e+03 1.847508692124345819e-01
1.408827751433596404e+03 2.002485229707558767e-01
1.408618807075700261e+03 1.913742850119175276e-01
1.408409984836072908e+03 1.815229297988167900e-01
1.408201162596445329e+03 1.825048383777491956e-01
1.407992462475086768e+03 1.925564130389389172e-01
1.407783762353728207e+03 1.893615269198025974e-01
1.407575184350638438e+03 1.902827647284892898e-01
1.407366606347548441e+03 1.937029927026710507e-01
1.407158150462727463e+03 1.884401458703310051e-01
1.406949816696175276e+03 1.915693927666269891e-01
1.406741482929622862e+03 1.852301817253994565e-01
1.406533149163070675e+03 2.036329068946985954e-01
1.406324937514787280e+03 1.874222785862919571e-01
1.406116970103041467e+03 1.982405284974639026e-01
1.405908758454757844e+03 2.016010207527571263e-01
1.405700791043012032e+03 1.889826023289944146e-01
1.405492823631266219e+03 1.982996518956980925e-01
1.405284978337788971e+03 1.967974134125442254e-01
1.405077133044311950e+03 2.018486082288926120e-01
1.404869409869103720e+03 1.867545626709582463e-01
1.404661686693895263e+03 1.973443959473092368e-01
1.404454207755224616e+03 1.940154612169246451e-01
1.404246606698284950e+03 1.946429220531793181e-01
1.404039005641345511e+03 1.880793079247666533e-01
1.403831648820943656e+03 1.894440193705949071e-01
1.403624292000541573e+03 1.868787294030536950e-01
1.403417057298408508e+03 1.884254093525548623e-01
1.403209700478006425e+03 1.931507731715897958e-01
1.403002587894142152e+03 1.924670007581310571e-01
1.402795597428546671e+03 1.857239522162210110e-01
1.402588484844682171e+03 1.972325997263127129e-01
1.402381494379086689e+03 1.867680555831578715e-01
1.402174503913490980e+03 2.020470496419814188e-01
1.401967757684433082e+03 2.026874615666670598e-01
1.401761011455374955e+03 1.906234201335004486e-01
1.401554265226317057e+03 1.977309761758650475e-01
1.401347518997258931e+03 1.915985495623232782e-01
1.401140894886469823e+03 1.911855983099853273e-01
1.400934392893949280e+03 1.931363607663435789e-01
1.400728013019697755e+03 1.871824821271987072e-01
1.400521633145446003e+03 1.849733894544198232e-01
1.400315253271194479e+03 1.974584966738754666e-01
1.400108995515211518e+03 2.002854766730782499e-01
1.399902859877497576e+03 1.959975151608283062e-01
1.399696602121514616e+03 2.027195085914034467e-01
1.399490588602069465e+03 1.831662020843643213e-01
1.399284575082624087e+03 1.837337177041390712e-01
1.399078683681447501e+03 1.898707321732707731e-01
1.398872670162002350e+03 1.974276714067981775e-01
1.398666900879094555e+03 1.992896337505342119e-01
1.398461253714455779e+03 1.980783999638076609e-01
1.398255362313279193e+03 1.909415365107836882e-01
1.398049837266908980e+03 2.045084457733604422e-01
1.397844190102270204e+03 1.883561884751528970e-01
1.397638665055899992e+03 1.848875297336425860e-01
1.397433384246067590e+03 1.898625378423152710e-01
1.397227981317966169e+03 1.875389656444431952e-01
1.397022578389864748e+03 1.875176809814953216e-01
1.396817175461763554e+03 1.933007574862541100e-01
1.396612261006737299e+03 1.863309224574186129e-01
1.396407102315173461e+03 1.955644749317621278e-01
1.396201943623609850e+03 1.920923905289416700e-01
1.395997029168583595e+03 1.907894313647825468e-01
1.395792114713557339e+03 1.959447631405409063e-01
1.395587200258531084e+03 2.004284878127866598e-01
1.395382407921773847e+03 1.928425802789564825e-01
1.395177615585016383e+03 1.896022548840099187e-01
1.394972945366527711e+03 1.918904214183844159e-01
1.394768397266308057e+03 1.926453325357789237e-01
1.394563849166088175e+03 1.817326153547799417e-01
1.394359301065868294e+03 1.960926209846416690e-01
1.394154752965648413e+03 1.828969049997457019e-01
1.393950571220234906e+03 2.108407606641222454e-01
1.393746267356552835e+03 1.897797061206681901e-01
1.393541963492870536e+03 2.108164585312199690e-01
1.393337781747457029e+03 1.894176624379889928e-01
1.393133722120312314e+03 1.990608854693205476e-01
1.392929662493167825e+03 2.064044017528736397e-01
1.392725724984291901e+03 1.987785529604563783e-01
1.392521787475415977e+03 1.968980752188355943e-01
1.392317849966540052e+03 1.927681496021379226e-01
1.392114156694201711e+03 2.037750488975786367e-01
1.391910341303594578e+03 1.787872359139096867e-01
1.391706648031256464e+03 1.899598759390470348e-01
1.391502954758918122e+03 2.030058201251833394e-01
1.391299627841386155e+03 1.830042929536308538e-01
1.391096056687316604e+03 2.032623311467275096e-01
1.390892607651515846e+03 1.981019365151825695e-01
1.390689280733983878e+03 1.947452850438315952e-01
1.390485953816451911e+03 2.039053759478962891e-01
1.390282749017188735e+03 1.919993372930538789e-01
1.390079544217925559e+03 1.926930920775921652e-01
1.389876461536931174e+03 1.875086725801655141e-01
1.389673378855937017e+03 1.968678412437451508e-01
1.389470540411480215e+03 1.857256080592084024e-01
1.389267579848754622e+03 2.003391076131933457e-01
1.389064619286029028e+03 1.958400186421297984e-01
1.388861780841572227e+03 2.032490997743498506e-01
1.388659064515384216e+03 1.963522109563314855e-01
1.388456470307464997e+03 2.033357419123011101e-01
1.388253876099545778e+03 2.039070360066904120e-01
1.388051281891626559e+03 1.923994948970557117e-01
1.387848809801976131e+03 2.031502415360734726e-01
1.387646459830594495e+03 2.001774773682244712e-01
1.387443987740944067e+03 1.814648941728867204e-01
1.387241759887831222e+03 1.885932008111374236e-01
1.387039532034718377e+03 2.074718426130252869e-01
1.386837304181605532e+03 1.950952688760522469e-01
1.386635198446761478e+03 1.832022817483462684e-01
1.386433214830185989e+03 1.907517248158660250e-01
1.386231109095341935e+03 1.934664050247371647e-01
1.386029247597035464e+03 1.946817811523817721e-01
1.385827386098728994e+03 2.037507141700869995e-01
1.385625646718691314e+03 1.933070953426406224e-01
1.385423907338653635e+03 1.922266797147346440e-01
1.385222167958615955e+03 1.970808211827391465e-01
1.385020550696847067e+03 1.929930804600330507e-01
1.384818933435078179e+03 1.933728696287319304e-01
1.384617560409846874e+03 1.932298511860319479e-01
1.384416065266346777e+03 1.885926836691077801e-01
1.384214692241115245e+03 1.924026508739472008e-01
1.384013319215883939e+03 1.981779441260803631e-01
1.383812190427190217e+03 1.942580439339675058e-01
1.383610939520227703e+03 1.924516459080973796e-01
1.383409810731533980e+03 1.979616596596127931e-01
1.383208681942840258e+03 1.907099472735298840e-01
1.383007797390683891e+03 1.968164325687869753e-01
1.382806912838527751e+03 2.079415559083266363e-01
1.382605906168102820e+03 1.998407407772668787e-01
1.382405143734215471e+03 1.938523442639834005e-01
1.382204381300328123e+03 1.856496963920183929e-01
1.382003740984709339e+03 1.957335737012921573e-01
1.381803100669090782e+03 1.987303882194491611e-01
1.381602460353472225e+03 1.939269576809579398e-01
1.381401942156122459e+03 1.962003755736790311e-01
1.381201423958772466e+03 1.857145572418074653e-01
1.381001149997960283e+03 1.935303978005456504e-01
1.380800876037148100e+03 1.913669067087308828e-01
1.380600602076335917e+03 2.006761185835352623e-01
1.380400328115523507e+03 1.807255981973361347e-01
1.380200176272980116e+03 1.967773850049668038e-01
1.380000146548705516e+03 1.939590391492826416e-01
1.379800116824430688e+03 2.076454709456710124e-01
1.379600087100156088e+03 1.850330714998180692e-01
1.379400179494150279e+03 2.024067436904424255e-01
1.379200516124681826e+03 1.922477736944101789e-01
1.379000730636944809e+03 1.923861633711929642e-01
1.378800945149207791e+03 1.825825129546277958e-01
1.378601281779739338e+03 1.988289237798874787e-01
1.378401618410271112e+03 1.999404420664668003e-01
1.378202077159071678e+03 1.982099560401272831e-01
1.378002658026140807e+03 1.879003942011688855e-01
1.377803238893210164e+03 1.825815606555622195e-01
1.377603941878548085e+03 1.958589849634695956e-01
1.377404644863886233e+03 1.951942700847792700e-01
1.377205469967493173e+03 2.020411773746570439e-01
1.377006295071099885e+03 2.008857729186729613e-01
1.376807120174706824e+03 1.855093878524060602e-01
1.376608067396582328e+03 1.956843168996312277e-01
1.376409014618458059e+03 1.981783171615882355e-01
1.376210206076871145e+03 1.879804050031874951e-01
1.376011275417015668e+03 1.952264491745517305e-01
1.375812466875428981e+03 1.932562654573185545e-01
1.375613658333842068e+03 2.008484374116794591e-01
1.375414971910524173e+03 1.995498353215220677e-01
1.375216529723743633e+03 2.087936933938888406e-01
1.375017965418694530e+03 2.017260283359011419e-01
1.374819401113645199e+03 1.903978594833704852e-01
1.374620958926864887e+03 1.998301013784858637e-01
1.374422516740084347e+03 2.013824617182857213e-01
1.374224318789841618e+03 1.927053307921778591e-01
1.374025998721329870e+03 1.956298583909530653e-01
1.373827800771087141e+03 2.058757784228975873e-01
1.373629602820844184e+03 1.935763787621510579e-01
1.373431526988870246e+03 1.945786645344628196e-01
1.373233573275164872e+03 1.921649134862922770e-01
1.373035497443190707e+03 1.967856766336767149e-01
1.372837665847754351e+03 1.952254603306992631e-01
1.372639834252317769e+03 1.902617132705027581e-01
1.372442002656881414e+03 2.008158851684184176e-01
1.372244415297982414e+03 1.834400533392986921e-01
1.372046705820814623e+03 1.940694687890684722e-01
1.371849118461915850e+03 1.962694939669202276e-01
1.371651408984748059e+03 1.883662210379489776e-01
1.371454065862386869e+03 2.016310449050019160e-01
1.371256722740025452e+03 2.017321339893856647e-01
1.371059379617664035e+03 1.906916910964248646e-01
1.370862036495302846e+03 2.014372875391624851e-01
1.370664693372941429e+03 1.951535641877725491e-01
1.370467472368848803e+03 1.910971550201293889e-01
1.370270495601293987e+03 1.977489670923724130e-01
1.370073396715470153e+03 1.996331884765649989e-01
1.369876419947915110e+03 1.973108217667581543e-01
1.369679443180360295e+03 2.001866531184109399e-01
1.369482588531074043e+03 1.984066209049995533e-01
1.369285856000056583e+03 2.018592248874128969e-01
1.369088879232501768e+03 1.953418056506927847e-01
1.368892268819753099e+03 2.011552988621801707e-01
1.368695658407004430e+03 1.975191655167744254e-01
1.368499047994255761e+03 1.900775389879196253e-01
1.368302559699776111e+03 2.036054903528347892e-01
1.368106071405296234e+03 1.917914217632411822e-01
1.367909583110816357e+03 1.848682745136454864e-01
1.367713339052874062e+03 2.047797647443907187e-01
1.367516972876663203e+03 1.932625866014729688e-01
1.367320728818720909e+03 1.805115580873296599e-01
1.367124728997316197e+03 1.891569611800733575e-01
1.366928484939373902e+03 1.993582761633773959e-01
1.366732485117969418e+03 1.866549001299350752e-01
1.366536363178295915e+03 2.013690475275764780e-01
1.366340485475159994e+03 1.983023297016784647e-01
1.366144729890292865e+03 1.920428798757879418e-01
1.365948852187156945e+03 2.008229343777373221e-01
1.365753096602289816e+03 2.042424579616971270e-01
1.365557341017422914e+03 1.945904701960474714e-01
1.365361707550824576e+03 1.890173728819761478e-01
1.365166318320763821e+03 1.989389613804192769e-01
1.364970684854165484e+03 2.078324611827628010e-01
1.364775295624104729e+03 2.001152020620540484e-01
1.364579784275775182e+03 2.100990994748404839e-01
1.364384517163983219e+03 2.032502702170500275e-01
1.364189250052191255e+03 2.024210178226192869e-01
1.363993982940399519e+03 1.941956218430556658e-01
1.363798837946876347e+03 1.989088734179803031e-01
1.363603692953353175e+03 1.746648329304814617e-01
1.363408670078098794e+03 2.000439773267808363e-01
1.363213647202844413e+03 1.993695273738657625e-01
1.363018746445858824e+03 1.847272041395112419e-01
1.362823967807142026e+03 2.079168662235638398e-01
1.362628944931887645e+03 2.013116845732882687e-01
1.362434288411439638e+03 2.065769263677251222e-01
1.362239631890991632e+03 1.998427182903859955e-01
1.362045097488812416e+03 1.981168820831089861e-01
1.361850440968364410e+03 1.827057896717548535e-01
1.361655906566185195e+03 1.992584174440217848e-01
1.361461372164005979e+03 1.921268743344695384e-01
1.361266959880095555e+03 1.990565685611847546e-01
1.361072669714453923e+03 1.974562423779115672e-01
1.360878501667081082e+03 2.067040928866307470e-01
1.360684211501439449e+03 1.927196552235458937e-01
1.360490043454066608e+03 1.933954322496612144e-01
1.360295875406693767e+03 1.977112871429799468e-01
1.360101707359320926e+03 2.030853720839791987e-01
1.359907905666754459e+03 1.983850370788466100e-01
1.359713981855919201e+03 1.974406183099435552e-01
1.359520058045083942e+03 2.001261808774183470e-01
1.359326256352517476e+03 2.033334617614633300e-01
1.359132454659951009e+03 1.938490630389479719e-01
1.358938775085653333e+03 2.018522653021105340e-01
1.358745217629624449e+03 2.099596844590984335e-01
1.358551538055326546e+03 1.973620395173846243e-01
1.358357980599297662e+03 2.006110149930708242e-01
1.358164545261537569e+03 2.047795274277977307e-01
1.357971109923777476e+03 1.973281062129874919e-01
1.357777796704286175e+03 2.024618048998933217e-01
1.357584483484794873e+03 2.139326606940236408e-01
1.357391292383572363e+03 2.043849529893524419e-01
1.357198101282349626e+03 2.064378764601481620e-01
1.357004910181127116e+03 2.041337540565591468e-01
1.356811841198173397e+03 2.028096807582533967e-01
1.356618894333488470e+03 1.918357454945664731e-01
1.356425947468803543e+03 2.051559650298436510e-01
1.356233122722387407e+03 1.888744038551574411e-01
1.356040175857702252e+03 2.003426059370413959e-01
1.355847473229554907e+03 1.902663371159819261e-01
1.355654648483138772e+03 1.968121184413262892e-01
1.355462190091529010e+03 2.040947332461452990e-01
1.355269487463381665e+03 1.976880275343792792e-01
1.355076906953502885e+03 2.037332235396342450e-01
1.354884448561893123e+03 2.005864850306354752e-01
1.354691990170283361e+03 1.953381066870607807e-01
1.354499776015211182e+03 2.060746531486563060e-01
1.354307439741869985e+03 2.011178640737289469e-01
1.354115103468529014e+03 1.933566870384461067e-01
1.353922889313456835e+03 2.019641387856379866e-01
1.353730675158384656e+03 1.991509224713758630e-01
1.353538583121581041e+03 1.875972945793733249e-01
1.353346735321315236e+03 2.029959625056319827e-01
1.353154765402780640e+03 2.000973969866665925e-01
1.352962795484245817e+03 1.942987353164327413e-01
1.352770947683980012e+03 1.933174071437917529e-01
1.352579099883714207e+03 2.029333577900160335e-01
1.352387374201716966e+03 1.776914141166107686e-01
1.352195770637988744e+03 1.997286416468978254e-01
1.352004167074260522e+03 2.000718397593156395e-01
1.351812563510532073e+03 2.054660510484110636e-01
1.351620959946803850e+03 2.095001821606576331e-01
1.351429478501344420e+03 1.978981337957059772e-01
1.351237997055884762e+03 2.077584893661160725e-01
1.351046881965231705e+03 2.045701495022080874e-01
1.350855522638040839e+03 2.054155602664626268e-01
1.350664285429118991e+03 1.875170203347177877e-01
1.350473170338465934e+03 1.886379326400788314e-01
1.350282055247812650e+03 2.097399408038610746e-01
1.350090940157159594e+03 1.965587820466005442e-01
1.349900069303043892e+03 2.019791925125571652e-01
1.349709076330659627e+03 1.987107487234295866e-01
1.349518205476544153e+03 1.937470264312839141e-01
1.349327334622428452e+03 1.880783318101980628e-01
1.349136585886581770e+03 1.997398362601779664e-01
1.348945837150734860e+03 2.045821725814627456e-01
1.348755210533156969e+03 1.823899940863552560e-01
1.348564706033847642e+03 1.988381933364216370e-01
1.348374079416269751e+03 2.010909761790321826e-01
1.348183574916960424e+03 2.091922788434746328e-01
1.347993192535920116e+03 1.873127403770087629e-01
1.347802810154879580e+03 2.026968583517443634e-01
1.347612549892108063e+03 1.967398221150038762e-01
1.347422167511067528e+03 1.994045932635853668e-01
1.347232029366564802e+03 2.042821989497675683e-01
1.347041891222061849e+03 1.999737470559981856e-01
1.346851753077559124e+03 1.958952443591113479e-01
1.346661737051324963e+03 1.945183441158474524e-01
1.346471843143359820e+03 1.957623195570320773e-01
1.346281949235394450e+03 2.026130157697043910e-01
1.346092055327429307e+03 1.969145419551145970e-01
1.345902283537732728e+03 1.989852055934108188e-01
1.345712511748036150e+03 2.011068237933540392e-01
1.345522739958339798e+03 1.915557146205429939e-01
1.345333212405180802e+03 1.982815341666553099e-01
1.345143562733753242e+03 2.002719475342296662e-01
1.344954035180594246e+03 1.929225864991858386e-01
1.344764629745704042e+03 1.905121392264730873e-01
1.344575102192545273e+03 1.957797043398532277e-01
1.344385818875923860e+03 1.894463726083109867e-01
1.344196413441033883e+03 1.841151354069321122e-01
1.344007374360950053e+03 1.990438210322853785e-01
1.343818091044328639e+03 1.877972578084765032e-01
1.343628929845976245e+03 1.987038721146443532e-01
1.343439890765892414e+03 1.912267402380115611e-01
1.343250851685808584e+03 2.021288009296711707e-01
1.343061934723993772e+03 1.946465774487435851e-01
1.342873017762178733e+03 1.996097407209591335e-01
1.342684222918632486e+03 1.874533987345830544e-01
1.342495305956817674e+03 1.950196541977389786e-01
1.342306633231540218e+03 1.950773278532911270e-01
1.342117960506262762e+03 1.978542046314662461e-01
1.341929287780985305e+03 1.906513847741783396e-01
1.341740737173976868e+03 1.986868789783154399e-01
1.341552308685236994e+03 2.024860119988955431e-01
1.341363880196497121e+03 2.061097191297587561e-01
1.341175451707757247e+03 2.086459838660424670e-01
1.340987023219017601e+03 1.990679881056711120e-01
1.340798716848546519e+03 1.889441146996246046e-01
1.340610532596344228e+03 1.953241806677595838e-01
1.340422348344141938e+03 2.037009177641486979e-01
1.340234286210208666e+03 1.991634809784349758e-01
1.340046224076275166e+03 2.032018690443716247e-01
1.339858161942341667e+03 1.964057022467837199e-01
1.339670221926676959e+03 2.134188156689511562e-01
1.339482281911012251e+03 1.917273302238132748e-01
1.339294341895347770e+03 1.941097634660563787e-01
1.339106646116220645e+03 1.937781037205732193e-01
1.338918950337093520e+03 1.998710323649894871e-01
1.338731132439697603e+03 2.043595704820548586e-01
1.338543558778839270e+03 2.017396853051903749e-01
1.338355985117981163e+03 1.805302130218522372e-01
1.322430053212268831e+03 1.976676659060274399e-01
1.322247242163893134e+03 2.022163417409048314e-01
1.322064431115517664e+03 2.002193374051193797e-01
1.321881620067141967e+03 2.094913605585152216e-01
1.321699053255304079e+03 2.062403273858842978e-01
1.304940030519920356e+03 2.087644234773982643e-01
1.304762226320565105e+03 2.043304844455528235e-01
1.304584544239478646e+03 2.107062154186745140e-01
1.304406862158391959e+03 2.059248028286210508e-01
1.304229180077305500e+03 2.052062425758493236e-01
1.287067167054921583e+03 2.092110012440050459e-01
1.286894613941124135e+03 2.010509416058799403e-01
1.286721938709058122e+03 1.964915354405236403e-01
1.286549385595260674e+03 2.056726230875248473e-01
1.286376832481463225e+03 2.003775159321315169e-01
1.286204401485934568e+03 1.959873529366091272e-01
1.286031970490406138e+03 2.015885246914203288e-01
1.285859539494877481e+03 2.017366720106847089e-01
1.285687230617617615e+03 2.020854274764760095e-01
1.285514921740357977e+03 2.043747419378628971e-01
1.285342857099635694e+03 2.111560672024538343e-01
1.285170670340644620e+03 2.032192979036606395e-01
1.284998483581653545e+03 2.000453243270814696e-01
1.284826418940931489e+03 2.016325001821651919e-01
1.284654354300209206e+03 2.095563357250932457e-01
1.284482411777755715e+03 2.155673494563122572e-01
1.284310469255302223e+03 2.085653563167070568e-01
1.284138526732848959e+03 2.074521396534712570e-01
1.283966706328664259e+03 2.167474087874984856e-01
1.283794885924479559e+03 2.159640763533553776e-01
1.283623187638563650e+03 2.205454890233985721e-01
1.283451489352647741e+03 2.075410417978818534e-01
1.283279791066732059e+03 2.118569074262318108e-01
1.283108214899084942e+03 2.263308097484819092e-01
1.282936638731437824e+03 2.105361971286279221e-01
1.282765306800328290e+03 2.187541414012088015e-01
1.282593852750949964e+03 2.124618405989614767e-01
1.282422398701571638e+03 2.213652746933128801e-01
1.282251066770462330e+03 1.962372618314264794e-01
1.282079856957621587e+03 2.077715562707333485e-01
1.281908525026512052e+03 2.066742565120735786e-01
1.281737315213671309e+03 1.932080194062710810e-01
1.281566105400830565e+03 1.952400130114638477e-01
1.281395017706258614e+03 2.020516416108906199e-01
1.281223930011686662e+03 2.141965631144991389e-01
1.281052842317114710e+03 2.054834908594366516e-01
1.280881998859080568e+03 1.993865418021130431e-01
1.280711033282777407e+03 2.116329805475926917e-01
1.280540067706474247e+03 2.145018065965288157e-01
1.280369346366708669e+03 2.164893905148224940e-01
1.280198502908674300e+03 2.064760706879621432e-01
1.280027903687177513e+03 2.152577052320274464e-01
1.279857182347411936e+03 2.103133753234308345e-01
1.279686583125915149e+03 2.164873864347975629e-01
1.279515983904418363e+03 2.050166640482971592e-01
1.279345506801190368e+03 2.128360978923415081e-01
1.279174907579693581e+03 2.068741011877083258e-01
1.279004552594734378e+03 2.039160041401374412e-01
1.278834075491506383e+03 1.973615668533727496e-01
1.278663842624815970e+03 2.072573949488271949e-01
1.278493487639856767e+03 2.024195232192499971e-01
1.278323254773166354e+03 1.957384644161794252e-01
1.278153021906475942e+03 2.018823932373612351e-01
1.277982911158054321e+03 1.962507066020195701e-01
1.277812800409632700e+03 2.052760635931085154e-01
1.277642689661211080e+03 2.089124728450842683e-01
1.277472701031058250e+03 2.052465857318216680e-01
1.277302712400905421e+03 2.005745495587685778e-01
1.277132968007290174e+03 2.022054882126617381e-01
1.276963101495406136e+03 2.065746300929237333e-01
1.276793234983522098e+03 2.065463090375261046e-01
1.276623490589906851e+03 2.065153681182011480e-01
1.276453868314560395e+03 1.937226148403306536e-01
1.276284123920945149e+03 2.034914137266367329e-01
1.276114501645598693e+03 2.087152072394116431e-01
1.275944879370252238e+03 1.931193411385365433e-01
1.275775379213174574e+03 1.967396887653332926e-01
1.275605879056096910e+03 2.122381733085343947e-01
1.275436378899019246e+03 2.105427663358860335e-01
1.275267122978479165e+03 1.987355866960027750e-01
1.275097622821401501e+03 1.968463145364648947e-01
1.274928366900861192e+03 2.104772802207811044e-01
1.274759110980321111e+03 1.980190464313567322e-01
1.274589977178049821e+03 2.056362229029285726e-01
1.274420721257509740e+03 2.075099421732767568e-01
1.274251709573507242e+03 1.972953188546880121e-01
1.274082697889504743e+03 2.094650155159001603e-01
1.273913686205502245e+03 2.107884024396327327e-01
1.273744796639768538e+03 2.123970317170632560e-01
1.273575907074034603e+03 2.096705617697762203e-01
1.273407139626569688e+03 2.015587284092094089e-01
1.273407017508300896e+03 2.060796290753082738e-01
1.273238250060835981e+03 1.951873961024599702e-01
1.273238127942567189e+03 2.015155948990591528e-01
1.273069604731639856e+03 1.969567805033707319e-01
1.273069482613371065e+03 2.078034927472686977e-01
1.272900837284174941e+03 1.986866391507667862e-01
1.272900715165906149e+03 2.023009047070873923e-01
1.272732069836710025e+03 2.094779987896820683e-01
1.272731947718441234e+03 1.995405108964175001e-01
1.272563302389244882e+03 2.058447731137603987e-01
1.272394779178317549e+03 2.058976323045202672e-01
1.272226255967390216e+03 1.941814931198792282e-01
1.272057732756462883e+03 1.968574231200396762e-01
1.271889331663804342e+03 2.021295867050961481e-01
1.271720930571145573e+03 2.029283867690962195e-01
1.271552529478487031e+03 2.082827737240793009e-01
1.271384250504097281e+03 2.038206659201343696e-01
1.271215971529707531e+03 2.084384547473283611e-01
1.271047814673586572e+03 2.085062790333578053e-01
1.270879657817465386e+03 2.076191989779674341e-01
1.270711500961344427e+03 2.031680867629856446e-01
1.270543588341761051e+03 1.970102558600627385e-01
1.270375553603908884e+03 2.100064911361231856e-01
1.270207518866056489e+03 1.994466277909491270e-01
1.270039606246473113e+03 2.059511721477260970e-01
1.269871815745158528e+03 2.098347518902457243e-01
1.269703903125574925e+03 2.075423759838527782e-01
1.269536112624260340e+03 2.025263770904148219e-01
1.269368444241214547e+03 2.090730875864376948e-01
1.269200775858168754e+03 2.082649746768278631e-01
1.269033107475122733e+03 2.079321583095587456e-01
1.268865439092076940e+03 2.018722895498708536e-01
1.268698014945568730e+03 2.067017981325058318e-01
1.268530468680791500e+03 2.131181080582991716e-01
1.268362922416014499e+03 2.029475058985357183e-01
1.268195620387775080e+03 1.942156731997758401e-01
1.268028196241266642e+03 2.088522608479961018e-01
1.267860894213027223e+03 2.031198536681733113e-01
1.267693592184787803e+03 2.038441089692464014e-01
1.267526534393085740e+03 2.018291737912945583e-01
1.267359232364846321e+03 2.070748830487323389e-01
1.267192052454875693e+03 2.125593214242103290e-01
1.267024994663173629e+03 2.053176781255068306e-01
1.266857936871471793e+03 2.054099406365987035e-01
1.266691001198038521e+03 2.064562713932873994e-01
1.266524187642874267e+03 2.076950163508929359e-01
1.266357251969441222e+03 2.197944540148207004e-01
1.266190438414276741e+03 2.124132519364012039e-01
1.266023624859112488e+03 2.150232072470806832e-01
1.265856811303948007e+03 2.044965976040225286e-01
1.265690119867052545e+03 2.062265003132695562e-01
1.265523428430157082e+03 2.048583671341062673e-01
1.265356981229798976e+03 1.945706652137272896e-01
1.265190289792903513e+03 1.983666015545464678e-01
1.265023720474276615e+03 2.023427711131625395e-01
1.264857273273918736e+03 2.111367980178455728e-01
1.264690826073560629e+03 2.124872295454413307e-01
1.264524500991471541e+03 1.967797694329496694e-01
1.264358175909382226e+03 2.116439575195083189e-01
1.264191850827293138e+03 2.015294345695959610e-01
1.264025647863472614e+03 2.155104599494132023e-01
1.263859444899652317e+03 2.184196009394849536e-01
1.263693241935831793e+03 2.061898763734655027e-01
1.263527161090280288e+03 2.184277491096768276e-01
1.263361080244728555e+03 2.135678715848547682e-01
1.263195121517445841e+03 2.168988445892868488e-01
1.263029040671894109e+03 2.063487705212388446e-01
1.262863204062880186e+03 2.059522229806902138e-01
1.262697245335597245e+03 2.102559665226224894e-01
1.262531408726583322e+03 1.959830749200073829e-01
1.262365694235837964e+03 2.138424097111585875e-01
1.262199979745092833e+03 1.967900856444907143e-01
1.262034265254347474e+03 2.122037320375720626e-01
1.261868550763602343e+03 2.004221306398134284e-01
1.261703080509394567e+03 2.062711720619228306e-01
1.261537610255187019e+03 2.049199580780926844e-01
1.261372017882710452e+03 2.089934834698733146e-01
1.261206547628502676e+03 2.045432241734659318e-01
1.261041199492563919e+03 2.058400480211257932e-01
1.260875851356624935e+03 2.206382684213168410e-01
1.260710503220686178e+03 1.995295052887647580e-01
1.260545155084747194e+03 2.074273525855552802e-01
1.260379929067077001e+03 2.031876548182906805e-01
1.260214825167675826e+03 2.046429572986005474e-01
1.260049599150005633e+03 2.029440044509709107e-01
1.259884617368873251e+03 2.032615880862466418e-01
1.259719513469471849e+03 2.043574510382958065e-01
1.259554531688339239e+03 2.171846251204795353e-01
