# Wavelength, Reflectance
1.644244394385989835e+03 2.638229677927688144e-01
1.643378305518802335e+03 2.738651378762095301e-01
1.642513071143802335e+03 2.728293352026494589e-01
1.641648813331302335e+03 2.496915179776047489e-01
1.640785410010989835e+03 2.360308690307997281e-01
1.639923105323489835e+03 2.552667618521865522e-01
1.639061655128177335e+03 2.383612370421518967e-01
1.638201181495364835e+03 2.500279627202702804e-01
1.637341562354739835e+03 2.307506687352233743e-01
1.636483041846927335e+03 2.174564635171171434e-01
1.635625375831302335e+03 2.108612587651634840e-01
1.634768686378177335e+03 2.522107585575262823e-01
1.633912973487552335e+03 2.323933434938276199e-01
1.633058115089114835e+03 2.257528360522633171e-01
1.632204233253177335e+03 2.213736212442045659e-01
1.631351205909427335e+03 2.411275287247616472e-01
1.630499155128177335e+03 2.228712114126417121e-01
1.629648080909427335e+03 2.400572432469946504e-01
1.628797861182864835e+03 2.272809873823725124e-01
1.627948618018802335e+03 2.169946587361884505e-01
1.627100229346927335e+03 2.069907516594509667e-01
1.626252817237552335e+03 2.335112218634669279e-01
1.625406381690677335e+03 2.274686737816408177e-01
1.624560922706302335e+03 2.323897425295355368e-01
1.623716196143802335e+03 2.341074566567479254e-01
1.622872568214114835e+03 2.237299636408941195e-01
1.622029672706302335e+03 2.199432014718821216e-01
1.621187875831302335e+03 2.247965403067469781e-01
1.620346811378177335e+03 2.319947924413054696e-01
1.619506845557864835e+03 2.173431328754795999e-01
1.618667612159427335e+03 2.203148118610025463e-01
1.617829355323489835e+03 2.211685983650599763e-01
1.616991952979739835e+03 2.255654326755377470e-01
1.616155527198489835e+03 2.360948379131631025e-01
1.615319955909427335e+03 2.160606709444515550e-01
1.614485361182864835e+03 2.138726156312894811e-01
1.613651743018802335e+03 2.277908840796084022e-01
1.612818857276614835e+03 2.307310158781518961e-01
1.611986948096927335e+03 2.340011152839379938e-01
1.611155893409427335e+03 2.213010072096190384e-01
1.610325815284427335e+03 2.260355459373928899e-01
1.609496591651614835e+03 2.377050765544950484e-01
1.608668222510989835e+03 2.171829672886463614e-01
1.607840829932864835e+03 2.216630878678581829e-01
1.607014169776614835e+03 2.239307984428139386e-01
1.606188486182864835e+03 2.311121860443064169e-01
1.605363779151614835e+03 2.214586396099496313e-01
1.604539926612552335e+03 2.276270227428143222e-01
1.603716806495364835e+03 2.192080410061525431e-01
1.602894662940677335e+03 2.173548120193728450e-01
1.602073495948489835e+03 2.013592619100623149e-01
1.601253061378177335e+03 2.234508403425396195e-01
1.600433603370364835e+03 2.143110764354234365e-01
1.599614999854739835e+03 2.226035279451935855e-01
1.598797250831302335e+03 2.160228670152696262e-01
1.597980356300052335e+03 2.329718577517102540e-01
1.597164194190677335e+03 2.251613157494428974e-01
1.596349374854739835e+03 2.313541280255814181e-01
1.595535043800052335e+03 2.157158953069714113e-01
1.594721567237552335e+03 2.143689784718678104e-01
1.593909189307864835e+03 2.256408707237470279e-01
1.593097421729739835e+03 2.202929546330958666e-01
1.592286630714114835e+03 2.111093811814757359e-01
1.591476816260989835e+03 2.183851140440712379e-01
1.590667734229739835e+03 2.318301395778711027e-01
1.589859628760989835e+03 2.187723543007041305e-01
1.589052133643802335e+03 2.001708183179292111e-01
1.588245493018802335e+03 2.222146193991734742e-01
1.587440073096927335e+03 2.165534094175299296e-01
1.586635263526614835e+03 2.165524343318738221e-01
1.585831308448489835e+03 2.230327264897710438e-01
1.585028329932864835e+03 2.201963445625438887e-01
1.584226083839114835e+03 2.186686908970869869e-01
1.583424692237552335e+03 2.135979927556890812e-01
1.582624277198489835e+03 2.287277341922141216e-01
1.581824594581302335e+03 2.285775936730432834e-01
1.581025888526614835e+03 2.183905361515502686e-01
1.580227792823489835e+03 2.144932872433912563e-01
1.579430551612552335e+03 2.241759443792459561e-01
1.578634409034427335e+03 2.140816209308890605e-01
1.577838876807864835e+03 2.191679129510009927e-01
1.577044321143802335e+03 2.160004505413740117e-01
1.576250619971927335e+03 2.120134272786023399e-01
1.575457651221927335e+03 2.171669872046656513e-01
1.574665414893802335e+03 2.166215363951438655e-01
1.573874155128177335e+03 2.359248607037719991e-01
1.573083749854739835e+03 2.180596587161122424e-01
1.572294199073489835e+03 2.193318186251475566e-01
1.571505380714114835e+03 2.055623535261362489e-01
1.570717294776614835e+03 2.271964009033333454e-01
1.569930307471927335e+03 2.199106802585750753e-01
1.569143930518802335e+03 2.086323001728090376e-01
1.568358652198489835e+03 2.121351374363667497e-01
1.567573862159427335e+03 2.240850536596515896e-01
1.566790048682864835e+03 2.222601092822391877e-01
1.566007089698489835e+03 2.177894262494458610e-01
1.565224863135989835e+03 2.292588879467532259e-01
1.564443491065677335e+03 2.212371853516633402e-01
1.563662973487552335e+03 2.288937913891045117e-01
1.562883310401614835e+03 2.220449256892310930e-01
1.562104257667239835e+03 2.208874292177900045e-01
1.561326181495364835e+03 2.284634486291294564e-01
1.560548959815677335e+03 2.127672661176036317e-01
1.559772470557864835e+03 2.190417965930681332e-01
1.558996713721927335e+03 2.216670355699907335e-01
1.558221811378177335e+03 2.125075326632925865e-01
1.557447885596927335e+03 2.138952109246446687e-01
1.556674570167239835e+03 2.185182604108576454e-01
1.555902109229739835e+03 2.152871192543981127e-01
1.555130380714114835e+03 2.190796574730923540e-01
1.554359628760989835e+03 2.221327472588852936e-01
1.553589487159427335e+03 2.185888551871554564e-01
1.552820322120364835e+03 2.329421602754558618e-01
1.552820200050052335e+03 2.116847545580780032e-01
1.552564096534427335e+03 2.386979945342824760e-01
1.552307870948489835e+03 2.479504060811193455e-01
1.552051889503177335e+03 2.436106629967974002e-01
1.552051767432864835e+03 2.096778546466063486e-01
1.551795908057864835e+03 2.348373990254110644e-01
1.551284189307864835e+03 2.180649494438799407e-01
1.550517343604739835e+03 2.116272613041074724e-01
1.549751230323489835e+03 2.164743160086500806e-01
1.548985971534427335e+03 2.164848278107025792e-01
1.548221567237552335e+03 2.144444279378119877e-01
1.547457773292239835e+03 2.126771801176939591e-01
1.546694833839114835e+03 2.145504772166136886e-01
1.545932748878177335e+03 2.103274630517107946e-01
1.545171518409427335e+03 2.153740038646786981e-01
1.544410898292239835e+03 2.118147551291385267e-01
1.543651010596927335e+03 2.178431962592594084e-01
1.542892099464114835e+03 2.179377694375750352e-01
1.542134042823489835e+03 2.288062195312031699e-01
1.541376596534427335e+03 2.176112777853680680e-01
1.540619882667239835e+03 2.293266751858366592e-01
1.539864023292239835e+03 2.156266056812402299e-01
1.539108896339114835e+03 2.331199294002070377e-01
1.538354745948489835e+03 2.165961858919830396e-01
1.537601205909427335e+03 2.201517422815107705e-01
1.536848398292239835e+03 2.197112638842772525e-01
1.536096445167239835e+03 2.132211502009422055e-01
1.535344980323489835e+03 2.086591743345068417e-01
1.534594858253177335e+03 2.196092766165239629e-01
1.533844980323489835e+03 2.076178886048252181e-01
1.533096201026614835e+03 2.180331348118997037e-01
1.532348032081302335e+03 2.146074815340181519e-01
1.531600595557864835e+03 2.199003610238448592e-01
1.530854135596927335e+03 2.067324306900674702e-01
1.530108285987552335e+03 2.147258828830373167e-01
1.529363168800052335e+03 2.127560814329970129e-01
1.528618784034427335e+03 2.225404233073640103e-01
1.527875253760989835e+03 2.125984251656265756e-01
1.527132211768802335e+03 2.195077095471709983e-01
1.526390390479739835e+03 2.137753413301302918e-01
1.525648935401614835e+03 2.190369781444990172e-01
1.524908578956302335e+03 2.191440889106712475e-01
1.524168710792239835e+03 2.088145876470826612e-01
1.523429697120364835e+03 2.204069327733133854e-01
1.522691415870364835e+03 2.111808471242577201e-01
1.521953989112552335e+03 2.129496347765690578e-01
1.521217172706302335e+03 2.210745715295616420e-01
1.520481088721927335e+03 2.161750866296233975e-01
1.519745737159427335e+03 2.164071899477206795e-01
1.519011240089114835e+03 2.236555580798407217e-01
1.518277353370364835e+03 2.179106254010652055e-01
1.517544199073489835e+03 2.179290949307973457e-01
1.516812143409427335e+03 2.149732273834390195e-01
1.516080576026614835e+03 2.084396332861983281e-01
1.515349618995364835e+03 2.188398474199174659e-01
1.515106332862552335e+03 2.400201670575319302e-01
1.514863046729739835e+03 2.417438427997882500e-01
1.514619638526614835e+03 2.340134886906397593e-01
1.514619516456302335e+03 2.133703359111572551e-01
1.514376474464114835e+03 2.336537872273931338e-01
1.514133432471927335e+03 2.432804756473190555e-01
1.513890146339114835e+03 2.158316262340528036e-01
1.513161508643802335e+03 2.094495409628740756e-01
1.512433603370364835e+03 2.187670723427812824e-01
1.511706430518802335e+03 2.153834384140011216e-01
1.510980112159427335e+03 2.242836155598754155e-01
1.510254404151614835e+03 2.088886315889641188e-01
1.509529428565677335e+03 2.125425005207720042e-01
1.508805185401614835e+03 2.272816019144656696e-01
1.508081674659427335e+03 2.103058179978741227e-01
1.507358896339114835e+03 2.122061287790087680e-01
1.506636850440677335e+03 2.178906634128472131e-01
1.505915536964114835e+03 2.188233346368449739e-01
1.505194955909427335e+03 2.140271642654895667e-01
1.504475229346927335e+03 2.187488167914298509e-01
1.503755991065677335e+03 2.108000081485777721e-01
1.503037607276614835e+03 2.155313259436812956e-01
1.502319871408136578e+03 2.090975223173131836e-01
1.501602870340166419e+03 2.281203798458711351e-01
1.500886723716778533e+03 2.098560123829510404e-01
1.500171187410949415e+03 2.112960084106028369e-01
1.499456383486190589e+03 2.119100037198677622e-01
1.498742311942502283e+03 2.119489169009791396e-01
1.498028850716372745e+03 2.178783854758306049e-01
1.497316243934825252e+03 2.186975931738167067e-01
1.496604247470836754e+03 2.284159046547912797e-01
1.495893105451430074e+03 2.130036518697536463e-01
1.495182573749582389e+03 2.129933456762024557e-01
1.494472774428804996e+03 2.173404325315962948e-01
1.493763585425586371e+03 2.135839609060175004e-01
1.493055250866950018e+03 2.129003623551979085e-01
1.492347526625872206e+03 2.159636653220759761e-01
1.491640534765864913e+03 2.165557391284199384e-01
1.490934275286928141e+03 2.103305182221925640e-01
1.490228626125549908e+03 2.182839479778846958e-01
1.489523709345242423e+03 2.138319215935976236e-01
1.488819524946005004e+03 2.164208806835996313e-01
1.488116072927838331e+03 2.057491475342349274e-01
1.487413231227230199e+03 2.235608327937112505e-01
1.486711121907692586e+03 2.131523459240586837e-01
1.486009622905713741e+03 2.134138453006936831e-01
1.485308978348316941e+03 2.172670951097885050e-01
1.484608944108478909e+03 2.125636808573806436e-01
1.483909642249711396e+03 2.117844568196169397e-01
1.483210950708502651e+03 2.173946027456700736e-01
1.482513113611875951e+03 2.165730846023518619e-01
1.481815764769296266e+03 2.130201132221600513e-01
1.481119270371298626e+03 2.153848141169531771e-01
1.480423386290859980e+03 2.099913301535302479e-01
1.479728112527979874e+03 2.131948828801714935e-01
1.479033693209681815e+03 2.115318482545668621e-01
1.478339762145430996e+03 2.217654622966106215e-01
1.477646685525762223e+03 2.189938130569517860e-01
1.476954219223652217e+03 2.130481122044430575e-01
1.476262485302612731e+03 2.232939896613249375e-01
1.475571361699131785e+03 2.166194755206392597e-01
1.474880970476721359e+03 2.084358932829115385e-01
1.474191189571869700e+03 2.254684201220970574e-01
1.473502141048088333e+03 2.174059736939085719e-01
1.472813702841865734e+03 2.191480853432147546e-01
1.472125997016713654e+03 2.190216350954040381e-01
1.471439023572632095e+03 2.164945333913871894e-01
1.470752660446109076e+03 2.168889092177753997e-01
1.470067029700656576e+03 2.167951031789175365e-01
1.469382009272762843e+03 2.091562118737179954e-01
1.468697599162427650e+03 2.097629771469575188e-01
1.468013921433162977e+03 2.132757709137920732e-01
1.467330976084968825e+03 2.206384545642456896e-01
1.466648641054333439e+03 2.205027207776044385e-01
1.465966916341256592e+03 2.086946136404523588e-01
1.465285924009250266e+03 2.217154273198841952e-01
1.464605541994802707e+03 2.203952928708684256e-01
1.463925892361425440e+03 2.219039030604559037e-01
1.463246853045606940e+03 2.045203376846380372e-01
1.462568546110858961e+03 2.214645261178840863e-01
1.461890849493669748e+03 2.139579432257333880e-01
1.461213763194039075e+03 2.068200973465720571e-01
1.460537287211967168e+03 2.150093808941789808e-01
1.459861665674477536e+03 2.075305530007737209e-01
1.459186532391034689e+03 2.149778772523108783e-01
1.458512131488662590e+03 2.166680181059411625e-01
1.457838340903849030e+03 2.161620097171572108e-01
1.457165282700105763e+03 2.161945758043669896e-01
1.456492834813921490e+03 2.083912995271250956e-01
1.455820997245295757e+03 2.191791023739133315e-01
1.455149892057740544e+03 2.102632811382850464e-01
1.454479397187743871e+03 2.058113385228113046e-01
1.453809512635305964e+03 2.148279441193532979e-01
1.453140238400427052e+03 2.120372418014740135e-01
1.452471818610129958e+03 2.150769636840138832e-01
1.451803887073880105e+03 2.048157773084996747e-01
1.451136565855188792e+03 2.145185596475978895e-01
1.450469977017567999e+03 2.147495015490434034e-01
1.449803998497505745e+03 2.108928164217307999e-01
1.449138630295002486e+03 2.238460051771586634e-01
1.448473994473569519e+03 2.159291230025660591e-01
1.447809968969695319e+03 2.252324377049276793e-01
1.447146431719867905e+03 2.156845771351857677e-01
1.446483748914622765e+03 2.141478815178482764e-01
1.445821554363424866e+03 2.237503394103455834e-01
1.445160214256808786e+03 2.109597270480789433e-01
1.444499240340728193e+03 2.159294603087240361e-01
1.443838998805717893e+03 2.126213979924118647e-01
1.443179489651778113e+03 2.184878132604864687e-01
1.442520468751885119e+03 2.125220411860860859e-01
1.441862180233062873e+03 2.188419275381118800e-01
1.441204502031799166e+03 2.189921321993002490e-01
1.440547434148094226e+03 2.218043101508958559e-01
1.439890854518436072e+03 2.074653745889868950e-01
1.439235251396872172e+03 2.051784271721351915e-01
1.439235129333360419e+03 2.180593000774199430e-01
1.439016757710854563e+03 2.154401319470136411e-01
1.438798264024837181e+03 2.094276664207637695e-01
1.438580014465843306e+03 2.132102081460446608e-01
1.438579892402331552e+03 2.123520289316379595e-01
1.438361642843337449e+03 2.039229267913897636e-01
1.438143515347855327e+03 2.167719242351674735e-01
1.437925509915884959e+03 2.231433913182379047e-01
1.437925387852373206e+03 2.181386783910985172e-01
1.437707382420402610e+03 2.192942812136610409e-01
1.437489499051943994e+03 2.107579206724088938e-01
1.437271615683485152e+03 2.166391156428247311e-01
1.437271493619973398e+03 2.034244848766798563e-01
1.437053488188003030e+03 1.998471895698832879e-01
1.436835848946567694e+03 2.083324367543262778e-01
1.436618331768644111e+03 2.162353847009257368e-01
1.436618209705132358e+03 2.104386430438418554e-01
1.436400570463697250e+03 2.109073736900075602e-01
1.436182931222261914e+03 2.128723556060194699e-01
1.435965536107850085e+03 2.090824684280739865e-01
1.435748140993438483e+03 2.118959640999128480e-01
1.435530745879026654e+03 2.046280005955095627e-01
1.435313472828126578e+03 2.121680755112201888e-01
1.435096321840738256e+03 2.120968008396007520e-01
1.434879170853349933e+03 2.142397703782271401e-01
1.434662019865961838e+03 2.161975362864075600e-01
1.434445113005597022e+03 2.168986754228306446e-01
1.434228084081720453e+03 2.190412871869206191e-01
1.434011177221355638e+03 2.124988340885754778e-01
1.433794392424502576e+03 2.237084233280148826e-01
1.433577729691161267e+03 2.133070207624926662e-01
1.433361066957819958e+03 2.147731482434692696e-01
1.433144404224478649e+03 2.071487206090721622e-01
1.432927985618160847e+03 2.121288848848859598e-01
1.432711444948331064e+03 2.100354542714701622e-01
1.432495026342013261e+03 2.126531150860088981e-01
1.432278729799207213e+03 2.189987317138695488e-01
1.432062555319912917e+03 2.126313583336233992e-01
1.431846380840618622e+03 2.052690904465043764e-01
1.431630206361324099e+03 2.093486136072600923e-01
1.431414153945541557e+03 2.002270584120259822e-01
1.431198223593270768e+03 2.100899768116189503e-01
1.430982293240999752e+03 1.995202780802466658e-01
1.430766484952240717e+03 2.002596648429402215e-01
1.430550798726993207e+03 2.054272501946874108e-01
1.430334990438234172e+03 2.083594319939097994e-01
1.430119304212986663e+03 2.236898552666857498e-01
1.429903617987739381e+03 2.141116715384341063e-01
1.429688297953027131e+03 2.191318888077837257e-01
1.429472855854803356e+03 2.092418758161246339e-01
1.429257535820091107e+03 2.112183888557444544e-01
1.429042337848890838e+03 2.132171316450048315e-01
1.428827017814178589e+03 2.254307745587716405e-01
1.428611819842978093e+03 2.099807940591352784e-01
1.428396743935289578e+03 2.171556893216788631e-01
1.428181790091112589e+03 2.161744903425786013e-01
1.427966836246935600e+03 2.154811361751943766e-01
1.427751882402758611e+03 2.157881497821980687e-01
1.427537050622093375e+03 2.217646954624967470e-01
1.427322462968451646e+03 2.205295287763825440e-01
1.427107631187786637e+03 2.144893857037727669e-01
1.426893043534144908e+03 2.184169372232356021e-01
1.426678577944014933e+03 2.118008003370644987e-01
1.426464112353884957e+03 2.223806852732868877e-01
1.426249646763754981e+03 2.096451995608083763e-01
1.426035303237136759e+03 2.179892450680710192e-01
1.425821081774030290e+03 2.189320330937347681e-01
1.425606860310923821e+03 2.220915150834236740e-01
1.425392760911328878e+03 2.124487529591741197e-01
1.425178661511734163e+03 2.265912278107123923e-01
1.424964684175651200e+03 2.141118186561474235e-01
1.424750706839568238e+03 2.178844854129812214e-01
1.424536851566997029e+03 2.135847648393270348e-01
1.424322874230913840e+03 2.163795570047921946e-01
1.424109385148877891e+03 2.206545738488021047e-01
1.423895651939818435e+03 2.113669366311634601e-01
1.423682040794270506e+03 2.089828075207118274e-01
1.423468551712234557e+03 2.003693329219124741e-01
1.423255062630198609e+03 2.110876339229517673e-01
1.423041695611674186e+03 2.126791668848144468e-01
1.422828206529638237e+03 2.166110131917654003e-01
1.422615205701649074e+03 2.134971370658919065e-01
1.422401960746636632e+03 2.100810213276115557e-01
1.422188837855135716e+03 2.124710966021709779e-01
1.421975714963635028e+03 2.165322789978491591e-01
1.421762836199157618e+03 2.115564174197114844e-01
1.421549835371168456e+03 2.205599677889106547e-01
1.421336956606691274e+03 2.131922904789245732e-01
1.421124077842213865e+03 2.225014403333042401e-01
1.420911443204759962e+03 2.098607551121598469e-01
1.420698808567306287e+03 2.033656022652593764e-01
1.420486173929852384e+03 2.116374511764800292e-01
1.420273783419421989e+03 2.137602123896009398e-01
1.420061148781968086e+03 2.027036689585458573e-01
1.419848880335049444e+03 2.133088850577939399e-01
1.419636489824619048e+03 2.207541959530979203e-01
1.419424343441212159e+03 2.133152987998450101e-01
1.419212074994293516e+03 2.110504223857524453e-01
1.418999928610886855e+03 2.190740797163882592e-01
1.418787904290991719e+03 2.176834585177489234e-01
1.418576002034608109e+03 2.169544692889325554e-01
1.418364099778224727e+03 2.014285112706091507e-01
1.418152197521841344e+03 2.111082999408009087e-01
1.417940295265457962e+03 2.167167198448196330e-01
1.417728759199609840e+03 2.137138745735535916e-01
1.417516979006738211e+03 2.168370430978512342e-01
1.417305320877378335e+03 2.108656470795508553e-01
1.417093906875041739e+03 2.120070466494952954e-01
1.416882492872705370e+03 2.068488530349000543e-01
1.416671078870369001e+03 2.229684618450356037e-01
1.416459664868032633e+03 2.111282993489793647e-01
1.416248494992719543e+03 2.179685572806835114e-01
1.416037325117406681e+03 2.153012490207419083e-01
1.415826155242093591e+03 2.034275761183527154e-01
1.415615107430292483e+03 2.113658510899464049e-01
1.415404059618491374e+03 2.089088955106422896e-01
1.415193255933713544e+03 2.106940419266588038e-01
1.414982330185424189e+03 2.169989561576607939e-01
1.414771526500646360e+03 2.123501032181244474e-01
1.414560722815868530e+03 2.084512927195806831e-01
1.414350163258114435e+03 2.142440630915669886e-01
1.414139603700360112e+03 2.147636090015155597e-01
1.413929044142606017e+03 2.139569765255369682e-01
1.413718606648363448e+03 2.156456272342561764e-01
1.413508291217632632e+03 2.191748704524575653e-01
1.413297853723390062e+03 2.100432284551206341e-01
1.413087416229147721e+03 2.176341253869692460e-01
1.412877466988952165e+03 2.195773221265598651e-01
1.412667273621733102e+03 2.068414413908538918e-01
1.412457202318025793e+03 2.180525829243752378e-01
1.412247131014318484e+03 2.219516704639192262e-01
1.412037303837634681e+03 2.154665808571339658e-01
1.411827476660950879e+03 2.109937023970175074e-01
1.411617649484267304e+03 2.227030973970740568e-01
1.411407822307583501e+03 2.242443844205922465e-01
1.411198239257923206e+03 2.079510646156326747e-01
1.410988656208262682e+03 2.144231124843170300e-01
1.410779073158602387e+03 2.143676729709024509e-01
1.410569490108942091e+03 2.205168932305927587e-01
1.410360151186305302e+03 2.166733661075543882e-01
1.410150812263668513e+03 2.121582603891835894e-01
1.409941595404543477e+03 2.074664279158072999e-01
1.409732256481906688e+03 2.143575964473774242e-01
1.409523283749804932e+03 2.154694585374394011e-01
1.409314066890679896e+03 2.136824199744885022e-01
1.409105094158578368e+03 2.096999391817165881e-01
1.408896121426476839e+03 2.105745211533560923e-01
1.408687270757886836e+03 2.200441224951684427e-01
1.408478420089297060e+03 2.199375314861735098e-01
1.408269691484218811e+03 2.094333692513573320e-01
1.408060962879140789e+03 2.221058076174756979e-01
1.407852356337574520e+03 2.127763295771998853e-01
1.407643749796008024e+03 2.197028142957206664e-01
1.407435265317953508e+03 2.163987913614036085e-01
1.407226780839898765e+03 2.177615386642399453e-01
1.407018418425355776e+03 2.068409889862456719e-01
1.406810178074324767e+03 2.208801144584566778e-01
1.406601937723293531e+03 2.150555020888824387e-01
1.406393697372262523e+03 2.176792022730440201e-01
1.406185579084743040e+03 2.163925157441570490e-01
1.405977704924247064e+03 2.205626661312473924e-01
1.405769586636727581e+03 2.177934282048118730e-01
1.405561712476231833e+03 2.206089493821901670e-01
1.405353838315735857e+03 2.265935907324014842e-01
1.405146086218751634e+03 2.223303364728800857e-01
1.404938334121767411e+03 2.193357903966714484e-01
1.404730704088294942e+03 2.127252162867566132e-01
1.404523074054822473e+03 2.187462931950794609e-01
1.404315688148373511e+03 2.093269873935332259e-01
1.404108180178413022e+03 2.239441401986762836e-01
1.403900672208452306e+03 2.178930777967744425e-01
1.403693408365515097e+03 2.164082494799906553e-01
1.403486144522577888e+03 2.071410192851687593e-01
1.403279002743152205e+03 2.213069006843318698e-01
1.403071738900214996e+03 2.248499661829968244e-01
1.402864719184301293e+03 2.188195028802846775e-01
1.402657821531899344e+03 2.111094335049602533e-01
1.402450801815985642e+03 2.287018515893430581e-01
1.402243904163583693e+03 2.216636914791239865e-01
1.402037006511181744e+03 2.179498598137610266e-01
1.401830352985803074e+03 2.202603722987778456e-01
1.401623699460424632e+03 2.212079832373113342e-01
1.401417045935046190e+03 2.217803237801320992e-01
1.401210392409667520e+03 2.059983669259826677e-01
1.401003860947800831e+03 2.143081033041210892e-01
1.400797451549445896e+03 2.135612300330634872e-01
1.400591164214602486e+03 2.259489735716838088e-01
1.400384876879759304e+03 2.192729632720114286e-01
1.400178589544915894e+03 2.250336126534210612e-01
1.399972424273584465e+03 2.209103031802077122e-01
1.399766381065764563e+03 2.164243995546055177e-01
1.399560215794433134e+03 2.192419176646889234e-01
1.399354294650124984e+03 2.112457496962862058e-01
1.399148373505816835e+03 2.207377959391166045e-01
1.398942574425020666e+03 2.213842595762372245e-01
1.398736653280712517e+03 2.167124321144179577e-01
1.398530976263427874e+03 2.122335278694663374e-01
1.398325421309655212e+03 2.208684113803844051e-01
1.398119622228858816e+03 2.160469523143747905e-01
1.397914189338597680e+03 2.130820200091813887e-01
1.397708634384824791e+03 2.201952410681390915e-01
1.397503201494563882e+03 2.200403144601504046e-01
1.397298012731326253e+03 2.283676802525932137e-01
1.397092701904576870e+03 2.209737335254831347e-01
1.396887391077827488e+03 2.101699425392229981e-01
1.396682080251078105e+03 2.231900365316363266e-01
1.396477257678375736e+03 2.148757705698801090e-01
1.396272190978649860e+03 2.269315766485822394e-01
1.396067124278923984e+03 2.226241909707750155e-01
1.395862301706221615e+03 2.159480994815704269e-01
1.395657479133519246e+03 2.226287051433949449e-01
1.395452656560816877e+03 2.209136869026535610e-01
1.395247956051626261e+03 2.163942947114932125e-01
1.395043255542435645e+03 2.111840216855213337e-01
1.394838677096756555e+03 2.209233691731057880e-01
1.394634220714589446e+03 2.206547118643243655e-01
1.394429764332422337e+03 2.205399670381866239e-01
1.394225307950255228e+03 2.223538162819107822e-01
1.394020851568088119e+03 2.211120655907184707e-01
1.393816761376456043e+03 2.176808406915277383e-01
1.393612549121312441e+03 2.192811300320646750e-01
1.393408336866168611e+03 2.188393227606167946e-01
1.393204246674536762e+03 2.248029007161176096e-01
1.393000278546416666e+03 2.192034353869406760e-01
1.392796310418296343e+03 2.223967145715206595e-01
1.392592464353688001e+03 2.238817931921977811e-01
1.392388618289079432e+03 2.217524900834681179e-01
1.392184772224471089e+03 2.234022916575350293e-01
1.391981170286886027e+03 2.206323549815460416e-01
1.391777446285789438e+03 2.209348867976492492e-01
1.391573844348204375e+03 2.188919015294832071e-01
1.391370242410619312e+03 2.216222867511597194e-01
1.391167006663569737e+03 2.147432564024429891e-01
1.390963526789496427e+03 2.205199982985155127e-01
1.390760168978934871e+03 2.216606659369030896e-01
1.390556933231885296e+03 2.185420384706404928e-01
1.390353697484835493e+03 2.170485794055961593e-01
1.390150583801297444e+03 2.082987203806793142e-01
1.389947470117759394e+03 2.326861217867659537e-01
1.389744478497733098e+03 2.199998453976115542e-01
1.389541486877707030e+03 2.228822929163404576e-01
1.389338739384704240e+03 2.238493715011828922e-01
1.389135869828189698e+03 2.291517116864912884e-01
1.388933000271675155e+03 2.192731851679201316e-01
1.388730252778672366e+03 2.200003029115407960e-01
1.388527627349181330e+03 2.173720248568769275e-01
1.388325123983202047e+03 2.224055974300072347e-01
1.388122620617222765e+03 2.170304844952610779e-01
1.387920117251243482e+03 2.184793195817458789e-01
1.387717735948775953e+03 2.172498146707690092e-01
1.387515476709819950e+03 2.257394297145616235e-01
1.387313095407352421e+03 2.247611845730335400e-01
1.387110958231908398e+03 2.229458669750426225e-01
1.386908821056464376e+03 2.270812976723509680e-01
1.386706683881020354e+03 2.342254245878256647e-01
1.386504668769087857e+03 2.169851175173810320e-01
1.386302775720667341e+03 2.271672844530489843e-01
1.386100760608735072e+03 2.224915217196243022e-01
1.385898989623826083e+03 2.182891830720927739e-01
1.385697218638917320e+03 2.263995227847983571e-01
1.385495569717520311e+03 2.303240410091149659e-01
1.385293920796123075e+03 2.239172454731278850e-01
1.385092271874726066e+03 2.215578331677975354e-01
1.384890745016840583e+03 2.315879358989098857e-01
1.384689218158955327e+03 2.310804280116523224e-01
1.384487935428093351e+03 2.244246073216967785e-01
1.384286530633719849e+03 2.284236413410580258e-01
1.384085247902857873e+03 2.332565148354570350e-01
1.383883965171996124e+03 2.193199998878599677e-01
1.383682926568157654e+03 2.276261376568584349e-01
1.383481765900807432e+03 2.218686970956677273e-01
1.383280727296969189e+03 2.245709014388798108e-01
1.383079688693130720e+03 2.280643640148100337e-01
1.382878894216315757e+03 2.275354628201508855e-01
1.382678099739500794e+03 2.266005426406186851e-01
1.382477183199174306e+03 2.211380764699998058e-01
1.382276510785871096e+03 2.218335471003131942e-01
1.382075838372567887e+03 2.248602490575528912e-01
1.381875288022776431e+03 2.223172325598417043e-01
1.381674737672984975e+03 2.234284922617001123e-01
1.381474187323193519e+03 2.313453678020828963e-01
1.381273759036913816e+03 2.272471026943579386e-01
1.381073330750634113e+03 2.297151428284383567e-01
1.380873146591377918e+03 2.278340708500332101e-01
1.380672962432121722e+03 2.185644426262319251e-01
1.380472778272865526e+03 2.261565195706497777e-01
1.380272594113609330e+03 2.231871556260618117e-01
1.380072532017864887e+03 2.320563764713708121e-01
1.379872591985632198e+03 2.213128430474388675e-01
1.379672651953399509e+03 2.313355971262685551e-01
1.379472711921166820e+03 2.206995305168269195e-01
1.379272893952445884e+03 2.299002384518568642e-01
1.379073320110748227e+03 2.274156807447732243e-01
1.378873624205539045e+03 2.228115938091993764e-01
1.378673928300329862e+03 2.198991431147473419e-01
1.378474354458632206e+03 2.259263038986920047e-01
1.378274780616934777e+03 2.233313812139822996e-01
1.378075328838749101e+03 2.216552445656124470e-01
1.377875999124074951e+03 2.195375588763148478e-01
1.377676669409401029e+03 2.168179514978348377e-01
1.377477461758238633e+03 2.138653611399336796e-01
1.377278254107076464e+03 2.318353198637660983e-01
1.377079168519426048e+03 2.239309718936439431e-01
1.376880082931775405e+03 2.229506286780549851e-01
1.376680997344124989e+03 2.312022119966943012e-01
1.376482033819986100e+03 2.361079305381701132e-01
1.376283070295847210e+03 2.319475565815412310e-01
1.376084350898732055e+03 2.359246504558988322e-01
1.375885509438104918e+03 2.289309362187418595e-01
1.375686790040989536e+03 2.287791685192167024e-01
1.375488070643874380e+03 2.228535066325418312e-01
1.375289473310270751e+03 2.333456700413094609e-01
1.375091120103690628e+03 2.409935186944602015e-01
1.374892644833598752e+03 2.239232029999560780e-01
1.374694169563507103e+03 2.354758587057188823e-01
1.374495816356926980e+03 2.359800184336431905e-01
1.374297463150346857e+03 2.313681875488121376e-01
1.374099354070790241e+03 2.295424347116310215e-01
1.373901122927721872e+03 2.332330254001982461e-01
1.373703013848165256e+03 2.234782666658435835e-01
1.373504904768608640e+03 2.335785261105807198e-01
1.373306917752563777e+03 2.314270680463416385e-01
1.373109052800030668e+03 2.264149171979460140e-01
1.372911065783985805e+03 2.261093930874499836e-01
1.372713322894964449e+03 2.228321320849125098e-01
1.372515580005943093e+03 2.194084923144647425e-01
1.372317837116921737e+03 2.307350264073024515e-01
1.372120338354923888e+03 2.243822045923658803e-01
1.371922717529414285e+03 2.308544273973826277e-01
1.371725218767416436e+03 2.206388962529743925e-01
1.371527597941906834e+03 2.263299913150901010e-01
1.371330343306932264e+03 2.294924396108436460e-01
1.371133088671957921e+03 2.326517958835953026e-01
1.370935834036983579e+03 2.237426672977652908e-01
1.370738579402009009e+03 2.321452197601795164e-01
1.370541324767034666e+03 2.398723864102070558e-01
1.370344192195572077e+03 2.304466662676222799e-01
1.370147303751132768e+03 2.350703430868822386e-01
1.369950293243181932e+03 2.409778075611019865e-01
1.369753404798742849e+03 2.236167768010939583e-01
1.369556516354303540e+03 2.365764826853214986e-01
1.369359749973376211e+03 2.308517984757544605e-01
1.369163105655960408e+03 2.303731583454361742e-01
1.368966217211521325e+03 2.358457788916385189e-01
1.368769694957617276e+03 2.311435029633524540e-01
1.368573172703713226e+03 2.273758604847857800e-01
1.368376650449809404e+03 2.312931707765654432e-01
1.368180250259417107e+03 2.467259227535892052e-01
1.367983850069025038e+03 2.309748190515315269e-01
1.367787449878632742e+03 2.324163527596966039e-01
1.367591293815263953e+03 2.333474034283576359e-01
1.367395015688383410e+03 2.435005560846013051e-01
1.367198859625014848e+03 2.353544073260538105e-01
1.367002947688669565e+03 2.267684882831427218e-01
1.366806791625300775e+03 2.335167239185396149e-01
1.366610879688955492e+03 2.323736473943748826e-01
1.366414845689098456e+03 2.186057800114374339e-01
1.366219055816265154e+03 2.406494465930330839e-01
1.366023388006943378e+03 2.339282838290766275e-01
1.365827598134109849e+03 2.440732136088788473e-01
1.365631930324788073e+03 2.319475830888196310e-01
1.365436262515466296e+03 2.314465233809909483e-01
1.365240716769656274e+03 2.303879267783643936e-01
1.365045415150869758e+03 2.301645523309829577e-01
1.364849869405059735e+03 2.343154223803253777e-01
1.364654567786272992e+03 2.360949657789417899e-01
1.364459144103974722e+03 2.371703688383062780e-01
1.364263964548699960e+03 2.363549928426994795e-01
1.364068784993425197e+03 2.323717892940720398e-01
1.363873605438150435e+03 2.438158568183076136e-01
1.363678547946387425e+03 2.369254934779973509e-01
1.363483490454624189e+03 2.319472746318735623e-01
1.363288555026372933e+03 2.286207855088702723e-01
1.363093619598121677e+03 2.384905034509854360e-01
1.362898806233382174e+03 2.401396883928570425e-01
1.362704114932154198e+03 2.397800809787487830e-01
1.362509179503902942e+03 2.329924187021954474e-01
1.362314610266186946e+03 2.352323542123370137e-01
1.362120041028470723e+03 2.365882546088870497e-01
1.361925593854266481e+03 2.387201791842003262e-01
1.361731024616550258e+03 2.349212931198057797e-01
1.361536577442346015e+03 2.354747009663466784e-01
1.361342130268141545e+03 2.261419405897647783e-01
1.361147805157449056e+03 2.291565891852594128e-01
1.360953602110268093e+03 2.354731155532743259e-01
1.360759521126599111e+03 2.456089923337924086e-01
1.360565318079418148e+03 2.355340754546692006e-01
1.360371237095748938e+03 2.269229270394511611e-01
1.360177156112079956e+03 2.326045100414093070e-01
1.359983075128410746e+03 2.418033198636048986e-01
1.359789360335276797e+03 2.440385218724139826e-01
1.359595523478631321e+03 2.447953363778606894e-01
1.359401686621985618e+03 2.303906941615614656e-01
1.359207971828851669e+03 2.321162092757270146e-01
1.359014257035717719e+03 2.342154990982158180e-01
1.358820664306095523e+03 2.529658016595047187e-01
1.358627193639985080e+03 2.429040754023803483e-01
1.358433600910363111e+03 2.340128688369300103e-01
1.358240130244252668e+03 2.433056687836003262e-01
1.358046781641653979e+03 2.362123930611074452e-01
1.357853433039055290e+03 2.314414245911588230e-01
1.357660206499968353e+03 2.346695585008435891e-01
1.357466979960881417e+03 2.406187625344003711e-01
1.357273875485306235e+03 2.359989904084259515e-01
1.357080771009731052e+03 2.364010046371100016e-01
1.356887666534155869e+03 2.381867338220337305e-01
1.356694684122092440e+03 2.402604646027522439e-01
1.356501823773540536e+03 2.410171773457484290e-01
1.356308963424988860e+03 2.358667262312078572e-01
1.356116225139948938e+03 2.466405019043704794e-01
1.355923364791397262e+03 2.428522793301437221e-01
1.355730748569869093e+03 2.417511632421786849e-01
1.355538010284829170e+03 2.284620687474521183e-01
1.355345638190324280e+03 2.424443918669095255e-01
1.355153021968796111e+03 2.431569213214500591e-01
1.354960527810779695e+03 2.463547517499553863e-01
1.354768155716274805e+03 2.425980899775532496e-01
1.354575783621770142e+03 2.385684785949445386e-01
1.354383655654288759e+03 2.276737932117877394e-01
1.354191405623295850e+03 2.414427590148714442e-01
1.353999155592302941e+03 2.361737429055255078e-01
1.353807027624821558e+03 2.396650173144587170e-01
1.353614899657340402e+03 2.397236418966888494e-01
1.353422893753370772e+03 2.389585175702363118e-01
1.353231131976424876e+03 2.395370673660532634e-01
1.353039248135967000e+03 2.409863258199176628e-01
1.352847364295509124e+03 2.387980545938629684e-01
1.352655602518563228e+03 2.328771326678713560e-01
1.352463840741617105e+03 2.415914181517911374e-01
1.352272201028182963e+03 2.397335672652669836e-01
1.352080683378260346e+03 2.366109040215468584e-01
1.351889165728337730e+03 2.487048404621828301e-01
1.351697648078415114e+03 2.391113673160567832e-01
1.351506130428492725e+03 2.458253180953262618e-01
1.351314734842081862e+03 2.368473651625360443e-01
1.351123339255670999e+03 2.399478307638468200e-01
1.350932309859795396e+03 2.333899322784077912e-01
1.350741036336896286e+03 2.410713119506716073e-01
1.350549884877508930e+03 2.365614961782160630e-01
1.350358855481633555e+03 2.410913078360509276e-01
1.350167826085757952e+03 2.354315178520679785e-01
1.349976796689882349e+03 2.360494678571193883e-01
1.349786011421030253e+03 2.318292553453367710e-01
1.349595104088666403e+03 2.408329954425554587e-01
1.349404318819814307e+03 2.376595316520811740e-01
1.349213533550962211e+03 2.391890776354484993e-01
1.349022870345621868e+03 2.451703187335635692e-01
1.348832207140281298e+03 2.400957244670261781e-01
1.348641665998452709e+03 2.427858751314256602e-01
1.348451246920135873e+03 2.349150318545640825e-01
1.348260705778307283e+03 2.425925250097888120e-01
1.348070286699990447e+03 2.379561233647087548e-01
1.347879989685185365e+03 2.381586855114902479e-01
1.347689692670380055e+03 2.431647428749784401e-01
1.347499517719086725e+03 2.398282886768841604e-01
1.347309220704281643e+03 2.387027634303789114e-01
1.347119167816499839e+03 2.416516330578740435e-01
1.346929114928718263e+03 2.421780199982604409e-01
1.346739062040936687e+03 2.364226137451907739e-01
1.346549131216666638e+03 2.457752709750065379e-01
1.346359322455908568e+03 2.365214479271904868e-01
1.346169513695150272e+03 2.409731478903522628e-01
1.345979704934392203e+03 2.446526561655891774e-01
1.345790018237145887e+03 2.389129470363631769e-01
1.345600331539899344e+03 2.288358241454027109e-01
1.345410644842653028e+03 2.433947467777664853e-01
1.345221202272429991e+03 2.352613292239301157e-01
1.345031637638695202e+03 2.396312861920402437e-01
1.344842195068472392e+03 2.450309048374772203e-01
1.344652874561761109e+03 2.396823177840529950e-01
1.344463431991538300e+03 2.503910042228589816e-01
1.344274233548338771e+03 2.412678694506769639e-01
1.344084913041627487e+03 2.409643932419495982e-01
1.343895958725451464e+03 2.363001081296257078e-01
1.343706760282252162e+03 2.431461090031416250e-01
1.343517683902564386e+03 2.485216063417444166e-01
1.343328729586388363e+03 2.369686999208626133e-01
1.343139775270212340e+03 2.445067070213415572e-01
1.342950943017548070e+03 2.358371062094675452e-01
1.342762110764884028e+03 2.431798937049929610e-01
1.342573400575731512e+03 2.361395941983339408e-01
1.342384568323067242e+03 2.406625423884670989e-01
1.342195980197426479e+03 2.329412268059919688e-01
1.342007392071785716e+03 2.374910541086288629e-01
1.341818803946144953e+03 2.417296614099935514e-01
1.341630337884015944e+03 2.485466853067832826e-01
1.341441993885398688e+03 2.453320084740343021e-01
1.341253649886781432e+03 2.404698359698499988e-01
1.341065305888164175e+03 2.296725431535549256e-01
1.340876961889546919e+03 2.434482503221491456e-01
1.340688739954441189e+03 2.401546249646488440e-01
1.340500640082847440e+03 2.443673413440704267e-01
1.340312540211253690e+03 2.435226406024310897e-01
1.340124562403171694e+03 2.433565328761166657e-01
1.339936584595089698e+03 2.412509499405204594e-01
1.339748606787007475e+03 2.375190652894496046e-01
1.339560751042437232e+03 2.478175664280414803e-01
1.339372895297866989e+03 2.460932225599552492e-01
1.339185039553296747e+03 2.332535423474846048e-01
1.338997427935749784e+03 2.445093181646070812e-01
1.338809816318203048e+03 2.431246941216073931e-01
1.338622082637144558e+03 2.332469227929731270e-01
1.338434593083109348e+03 2.348755109327140544e-01
1.338247103529074366e+03 2.385338992880212672e-01
1.322328312708806834e+03 2.494670308565623551e-01
1.322145583631729551e+03 2.508395941081486558e-01
1.321962854554652495e+03 2.581859518162827882e-01
1.321780125477575211e+03 2.565843278339622890e-01
1.321597640527521662e+03 2.519466454742560479e-01
1.304846132430152920e+03 2.642524956485445276e-01
1.304668407957057070e+03 2.456777313220799008e-01
1.304490805547473201e+03 2.533473440768220786e-01
1.304313203137889104e+03 2.594635167399100828e-01
1.304135600728305008e+03 2.548851837173189416e-01
1.286981283042189261e+03 2.414593391660447563e-01
1.286808807300098351e+03 2.408373071985753788e-01
1.286636209494495688e+03 2.477935832204528899e-01
1.286463733752404778e+03 2.527035271656398185e-01
1.286291258010314095e+03 2.536385225561221812e-01
1.286118904331734939e+03 2.448290468757400029e-01
1.285946550653155782e+03 2.491331186232636219e-01
1.285774196974576626e+03 2.423436852327184865e-01
1.285601965359509222e+03 2.476494413419993990e-01
1.285429733744441819e+03 2.509956092338866407e-01
1.285257746256397922e+03 2.492865337209560495e-01
1.285085636704842273e+03 2.539528540353916952e-01
1.284913527153286623e+03 2.489854316441759974e-01
1.284741539665242726e+03 2.490784678775133099e-01
1.284569552177198830e+03 2.453924730919778696e-01
1.284397686752666687e+03 2.472766958705629181e-01
1.284225821328134543e+03 2.492317208942806950e-01
1.284053955903602400e+03 2.458498239984041323e-01
1.283882212542582010e+03 2.439450009113821038e-01
1.283710469181561621e+03 2.451804516679465806e-01
1.283538847884052984e+03 2.507430197527109050e-01
1.283367226586544348e+03 2.673809135707357898e-01
1.283195605289035484e+03 2.556043246592058504e-01
1.283024106055038601e+03 2.632675604439557171e-01
1.282852606821041718e+03 2.606167790719806088e-01
1.282681351714068342e+03 2.580411608096432885e-01
1.282509974543582985e+03 2.568167851476790275e-01
1.282338597373097855e+03 2.597883063339564425e-01
1.282167342266124479e+03 2.630217672066151313e-01
1.281996209222662628e+03 2.495075645238078177e-01
1.281824954115689252e+03 2.505699405616851894e-01
1.281653821072227629e+03 2.424648243895055344e-01
1.281482688028765779e+03 2.505188143441015591e-01
1.281311677048815909e+03 2.466574775283759680e-01
1.281140666068865812e+03 2.476305899730276150e-01
1.280969655088915943e+03 2.481186170874419838e-01
1.280798888235989580e+03 2.514623588814882682e-01
1.280627999319551236e+03 2.468216275388056269e-01
1.280457110403113120e+03 2.514988073686390546e-01
1.280286465613698283e+03 2.435063723682076853e-01
1.280115698760771693e+03 2.398634721529729341e-01
1.279945176034868837e+03 2.512785923555231893e-01
1.279774531245454000e+03 2.495073838655529896e-01
1.279604008519551144e+03 2.456793117814975724e-01
1.279433485793648060e+03 2.466141779975639936e-01
1.279263085131256730e+03 2.439895710491744862e-01
1.279092562405353874e+03 2.483537059996301088e-01
1.278922283806474297e+03 2.529907141027512019e-01
1.278751883144082967e+03 2.486536276813810509e-01
1.278581726608715144e+03 2.421887787255372626e-01
1.278411448009835794e+03 2.460522981903551787e-01
1.278241291474467971e+03 2.561130243352746083e-01
1.278071134939100148e+03 2.454179399996329614e-01
1.277901100467244078e+03 2.493821764663793628e-01
1.277731065995388008e+03 2.513611467906036734e-01
1.277561031523532165e+03 2.520530734543302565e-01
1.277391119115187848e+03 2.430378036642596995e-01
1.277221206706843532e+03 2.512079881970991080e-01
1.277051538425522722e+03 2.447600037536370177e-01
1.276881748080690159e+03 2.562977252963113961e-01
1.276711957735857595e+03 2.507465854422002427e-01
1.276542289454536785e+03 2.424268800057369777e-01
1.276372743236727729e+03 2.499468764767866780e-01
1.276203074955406919e+03 2.476030778040520519e-01
1.276033528737597862e+03 2.487217318852118775e-01
1.275863982519788806e+03 2.464353267281425841e-01
1.275694558365491503e+03 2.464360738943702778e-01
1.275525134211194199e+03 2.534366321332973682e-01
1.275355710056896896e+03 2.556524233550379055e-01
1.275186530029622872e+03 2.439252151809241653e-01
1.275017105875325569e+03 2.527970098839341095e-01
1.274847925848051773e+03 2.473199561573480310e-01
1.274678745820777976e+03 2.496997019630012582e-01
1.274509687857015933e+03 2.528948791293753606e-01
1.274340507829741910e+03 2.495066854133580203e-01
1.274171571929491620e+03 2.540914384368623824e-01
1.274002636029241330e+03 2.589287340033055163e-01
1.273833700128990813e+03 2.542067636769556604e-01
1.273664886292252277e+03 2.436672013659137159e-01
1.273496072455513740e+03 2.573903992148984798e-01
1.273327380682286730e+03 2.567390373072107046e-01
1.273327258618774977e+03 2.471218635732266578e-01
1.273158566845548194e+03 2.463861336056968887e-01
1.273158444782036440e+03 2.518806752870803023e-01
1.272989997135833164e+03 2.573293661925252773e-01
1.272989875072321411e+03 2.449683593120815517e-01
1.272821305362606154e+03 2.592924606419495515e-01
1.272821183299094400e+03 2.496816360414194080e-01
1.272652613589379371e+03 2.496237671603852570e-01
1.272652491525867617e+03 2.448193171711120220e-01
1.272483921816152360e+03 2.482294942544028271e-01
1.272315474169949084e+03 2.489818323676373513e-01
1.272147026523745581e+03 2.428440950702093204e-01
1.271978578877542304e+03 2.537869115666754327e-01
1.271810253294850554e+03 2.508574433624102262e-01
1.271641927712159031e+03 2.493595804609837763e-01
1.271473602129467281e+03 2.424336788890192607e-01
1.271305398610287511e+03 2.493515737863567783e-01
1.271137195091107515e+03 2.501654065946019578e-01
1.270969113635439271e+03 2.454448056787015831e-01
1.270801032179771255e+03 2.502706760862188906e-01
1.270632950724103011e+03 2.620270960255324799e-01
1.270465113395458275e+03 2.574500509677611348e-01
1.270297154003301785e+03 2.530410226948051067e-01
1.270129194611145522e+03 2.555071647967861459e-01
1.269961357282500785e+03 2.570772771446063754e-01
1.269793642017367802e+03 2.525502700743811890e-01
1.269625804688723065e+03 2.551580103265325139e-01
1.269458089423590081e+03 2.585027289385137816e-01
1.269290496221969079e+03 2.448080095226435604e-01
1.269122903020347849e+03 2.616053668718785752e-01
1.268955309818726619e+03 2.518904310697619997e-01
1.268787716617105389e+03 2.576995892437872193e-01
1.268620367542507665e+03 2.626529572051108929e-01
1.268452896404398189e+03 2.555084800820534574e-01
1.268285425266288712e+03 2.536844125273411410e-01
1.268118198255202742e+03 2.470627664775574273e-01
1.267950849180605019e+03 2.570369532377379529e-01
1.267783622169519049e+03 2.504802311485806454e-01
1.267616395158433079e+03 2.426367822785829576e-01
1.267449412274370616e+03 2.617665071699011303e-01
1.267282185263284646e+03 2.545883573165200753e-01
1.267115080315710429e+03 2.553161036081684210e-01
1.266948097431647966e+03 2.512123770925999144e-01
1.266781114547585503e+03 2.451050322431076456e-01
1.266614253727034566e+03 2.494193990291162788e-01
1.266447514969995609e+03 2.595162462571473649e-01
1.266280654149444899e+03 2.584224313840092768e-01
1.266113915392405943e+03 2.520883648626022211e-01
1.265947176635366986e+03 2.477780088960381821e-01
1.265780437878327803e+03 2.545260736122112455e-01
1.265613821184800599e+03 2.506487509347903320e-01
1.265447204491273396e+03 2.623927216077964752e-01
1.265280831924769473e+03 2.579673407784541794e-01
1.265114215231242270e+03 2.555415696766052958e-01
1.264947720601226820e+03 2.436946213406102901e-01
1.264781348034722896e+03 2.534036396818594161e-01
1.264614975468219200e+03 2.508253683929463351e-01
1.264448724965227029e+03 2.575491143119710835e-01
1.264282474462235086e+03 2.555227299923749085e-01
1.264116223959243143e+03 2.551274240445572383e-01
1.263950095519762726e+03 2.521425065059098580e-01
1.263783967080282537e+03 2.572046638839068922e-01
1.263617838640802120e+03 2.586865038169761100e-01
1.263451832264833683e+03 2.596954934559316808e-01
1.263285825888865020e+03 2.579899771752429127e-01
1.263119941576408110e+03 2.561684936239884691e-01
1.262953935200439673e+03 2.632962692737143562e-01
1.262788172951494516e+03 2.523465444174069483e-01
1.262622288639037833e+03 2.492316721162230186e-01
1.262456526390092677e+03 2.566500794514768868e-01
1.262290886204659273e+03 2.589947202245614366e-01
1.262125246019226097e+03 2.594224811505555506e-01
1.261959605833792693e+03 2.537289331567783024e-01
1.261793965648359290e+03 2.508413470849417126e-01
1.261628569589949393e+03 2.489341360365355527e-01
1.261463173531539724e+03 2.549490596332174008e-01
1.261297655409618073e+03 2.598841290483563382e-01
1.261132259351208177e+03 2.586385179672335277e-01
1.260966985356310033e+03 2.667667310607917397e-01
1.260801711361411890e+03 2.544293267956206916e-01
1.260636437366513746e+03 2.481060912347639869e-01
1.260471163371615830e+03 2.463064697038306050e-01
1.260306011440229440e+03 2.552918103851509191e-01
1.260140981572354804e+03 2.569043214311865220e-01
1.259975829640968414e+03 2.487540853616578840e-01
1.259810921836605530e+03 2.553731574732134857e-01
1.259645891968730893e+03 2.479737023209061253e-01
1.259480984164368010e+03 2.618998556290073054e-01
