# Wavelength, Reflectance
1.644328490301983948e+03 3.029858363478966643e-01
1.643462401434796448e+03 2.900258359471548641e-01
1.642597167059796448e+03 3.055903400684250038e-01
1.641732909247296448e+03 3.033405701729010584e-01
1.640869505926983948e+03 3.066045196950663021e-01
1.640007201239483948e+03 3.059073220840320406e-01
1.639145751044171448e+03 3.044216831503308018e-01
1.638285277411358948e+03 3.154371335156383460e-01
1.637425658270733948e+03 3.102244040071879261e-01
1.636567137762921448e+03 3.102749806562532520e-01
1.635709471747296448e+03 3.171350199597051112e-01
1.634852782294171448e+03 3.133449103939782154e-01
1.633997069403546448e+03 3.137257277309595249e-01
1.633142211005108948e+03 3.115826167042896611e-01
1.632288329169171448e+03 3.080594350961872729e-01
1.631435301825421448e+03 3.042126930504418514e-01
1.630583251044171448e+03 3.166051592516391233e-01
1.629732176825421448e+03 3.126314013647474299e-01
1.628881957098858948e+03 3.072026447975435559e-01
1.628032713934796448e+03 3.046942735181137896e-01
1.627184325262921448e+03 3.127025215489701027e-01
1.626336913153546448e+03 3.193283425633263728e-01
1.625490477606671448e+03 3.069442256936958935e-01
1.624645018622296448e+03 3.098705164832908920e-01
1.623800292059796448e+03 3.051080592829736871e-01
1.622956664130108948e+03 3.120137841780492027e-01
1.622113768622296448e+03 3.085425665437859788e-01
1.621271971747296448e+03 3.163766635955603812e-01
1.620430907294171448e+03 3.085317131355164721e-01
1.619590941473858948e+03 3.023324284500656378e-01
1.618751708075421448e+03 3.036296313640962086e-01
1.617913451239483948e+03 3.031242586044297083e-01
1.617076048895733948e+03 3.015308789227091335e-01
1.616239623114483948e+03 3.026817609882205273e-01
1.615404051825421448e+03 3.015687467931626453e-01
1.614569457098858948e+03 2.972597919708014347e-01
1.613735838934796448e+03 3.030540697782332926e-01
1.612902953192608948e+03 3.018450682458588274e-01
1.612071044012921448e+03 3.106294491069450103e-01
1.611239989325421448e+03 3.020138006572616884e-01
1.610409911200421448e+03 3.017853807602740024e-01
1.609580687567608948e+03 2.980566679234467609e-01
1.608752318426983948e+03 3.015689012821328729e-01
1.607924925848858948e+03 2.986025279396983811e-01
1.607098265692608948e+03 2.956254170456488195e-01
1.606272582098858948e+03 3.041056826463851004e-01
1.605447875067608948e+03 3.021462900376521432e-01
1.604624022528546448e+03 2.950672647932051640e-01
1.603800902411358948e+03 3.024815910756070148e-01
1.602978758856671448e+03 2.996846201575147361e-01
1.602157591864483948e+03 3.015548245716026532e-01
1.601337157294171448e+03 3.019085121652767545e-01
1.600517699286358948e+03 2.983175834138113158e-01
1.599699095770733948e+03 3.052146621510675728e-01
1.598881346747296448e+03 3.002370587931765256e-01
1.598064452216046448e+03 3.023120449553604594e-01
1.597248290106671448e+03 2.983205259691466549e-01
1.596433470770733948e+03 2.997027067102844278e-01
1.595619139716046448e+03 2.972890580374343839e-01
1.594805663153546448e+03 3.010335357641606424e-01
1.593993285223858948e+03 2.932761677717978799e-01
1.593181517645733948e+03 3.009758045474790755e-01
1.592370726630108948e+03 2.982098888880611032e-01
1.591560912176983948e+03 2.968933209500219106e-01
1.590751830145733948e+03 3.037446005053439646e-01
1.589943724676983948e+03 2.986835212084659186e-01
1.589136229559796448e+03 2.945934668053863392e-01
1.588329588934796448e+03 2.936140818683934950e-01
1.587524169012921448e+03 2.996306839524122689e-01
1.586719359442608948e+03 2.962741397714936387e-01
1.585915404364483948e+03 2.956851708430660586e-01
1.585112425848858948e+03 3.024759532847182686e-01
1.584310179755108948e+03 2.986183922615158193e-01
1.583508788153546448e+03 2.944260563189592395e-01
1.582708373114483948e+03 3.004493145410644939e-01
1.581908690497296448e+03 3.011176723263184196e-01
1.581109984442608948e+03 3.019123775734606219e-01
1.580311888739483948e+03 3.024927813150963818e-01
1.579514647528546448e+03 3.036242574528065230e-01
1.578718504950421448e+03 3.041425588722731499e-01
1.577922972723858948e+03 2.992660325023830392e-01
1.577128417059796448e+03 3.021446325156775248e-01
1.576334715887921448e+03 3.027209792175467595e-01
1.575541747137921448e+03 2.982633900744710020e-01
1.574749510809796448e+03 2.994037105424992018e-01
1.573958251044171448e+03 3.014905417269196919e-01
1.573167845770733948e+03 2.973306600118737486e-01
1.572378294989483948e+03 2.969349208644709304e-01
1.571589476630108948e+03 2.997580167955450903e-01
1.570801390692608948e+03 2.988696494773349088e-01
1.570014403387921448e+03 3.003899511446599946e-01
1.569228026434796448e+03 2.971083992766579973e-01
1.568442748114483948e+03 2.995131771578889990e-01
1.567657958075421448e+03 2.987127296144408972e-01
1.566874144598858948e+03 2.992353658961645624e-01
1.566091185614483948e+03 2.968799781029104468e-01
1.565308959051983948e+03 2.986767359105489406e-01
1.564527586981671448e+03 2.970128736172059081e-01
1.563747069403546448e+03 2.991827192120148360e-01
1.562967406317608948e+03 3.033434647506595971e-01
1.562188353583233948e+03 2.993104865129606051e-01
1.561410277411358948e+03 3.005152966977759910e-01
1.560633055731671448e+03 2.984583624516404798e-01
1.559856566473858948e+03 2.999185558671858542e-01
1.559080809637921448e+03 2.992010946692528761e-01
1.558305907294171448e+03 2.964726632977920939e-01
1.557531981512921448e+03 2.971199137097894627e-01
1.556758666083233948e+03 2.994260319696122052e-01
1.555986205145733948e+03 2.982938510481398797e-01
1.555214476630108948e+03 2.970680089212428543e-01
1.554443724676983948e+03 3.001020507994840991e-01
1.553673583075421448e+03 2.926470375720882089e-01
1.552904418036358948e+03 2.911457016901820016e-01
1.552904295966046448e+03 2.996328099321247107e-01
1.552648192450421448e+03 2.946802454641563318e-01
1.552391966864483948e+03 2.967480020103713256e-01
1.552135985419171448e+03 2.961688868932067509e-01
1.552135863348858948e+03 2.928542986498650635e-01
1.551880003973858948e+03 2.974803472393467429e-01
1.551368285223858948e+03 2.947827348893235500e-01
1.550601439520733948e+03 2.954683134573271031e-01
1.549835326239483948e+03 2.960583555785842313e-01
1.549070067450421448e+03 2.970130927939925725e-01
1.548305663153546448e+03 2.938883166600931296e-01
1.547541869208233948e+03 2.942304099400264161e-01
1.546778929755108948e+03 2.917112483813569801e-01
1.546016844794171448e+03 3.003234226128356776e-01
1.545255614325421448e+03 2.983668362332710378e-01
1.544494994208233948e+03 2.945593516630565789e-01
1.543735106512921448e+03 2.974579853754253378e-01
1.542976195380108948e+03 2.972121292922761393e-01
1.542218138739483948e+03 2.959313577233853576e-01
1.541460692450421448e+03 2.972056995961770420e-01
1.540703978583233948e+03 2.977951164716600152e-01
1.539948119208233948e+03 2.954563341221489448e-01
1.539192992255108948e+03 2.969437523842742288e-01
1.538438841864483948e+03 2.955791439881187421e-01
1.537685301825421448e+03 2.990022801151419607e-01
1.536932494208233948e+03 2.964932408973296463e-01
1.536180541083233948e+03 2.980889848678427989e-01
1.535429076239483948e+03 2.948888836637514332e-01
1.534678954169171448e+03 2.982010958605317286e-01
1.533929076239483948e+03 2.997553862074327502e-01
1.533180296942608948e+03 2.940002515959697638e-01
1.532432127997296448e+03 2.989676554847738310e-01
1.531684691473858948e+03 2.942778594398954284e-01
1.530938231512921448e+03 2.982898359559839618e-01
1.530192381903546448e+03 2.923436279989871101e-01
1.529447264716046448e+03 2.911647678006487050e-01
1.528702879950421448e+03 3.011965112593639193e-01
1.527959349676983948e+03 2.968365979993575765e-01
1.527216307684796448e+03 2.964528294370111228e-01
1.526474486395733948e+03 2.951564047626396015e-01
1.525733031317608948e+03 2.958094265783953736e-01
1.524992674872296448e+03 2.949633288226913286e-01
1.524252806708233948e+03 2.921575241682221602e-01
1.523513793036358948e+03 2.986999241997700394e-01
1.522775511786358948e+03 2.990757546917150456e-01
1.522038085028546448e+03 2.933116983465521299e-01
1.521301268622296448e+03 2.949965091728252164e-01
1.520565184637921448e+03 2.962881185344691803e-01
1.519829833075421448e+03 2.951380189638298512e-01
1.519095336005108948e+03 2.989751561338767072e-01
1.518361449286358948e+03 2.939761267842917469e-01
1.517628294989483948e+03 2.978376001011616703e-01
1.516896239325421448e+03 2.927933663954166432e-01
1.516164671942608948e+03 2.935077315641901885e-01
1.515433714911358948e+03 2.988090769453966011e-01
1.515190428778546448e+03 2.938186520664543000e-01
1.514947142645733948e+03 2.950873167030338973e-01
1.514703734442608948e+03 2.942115917481291643e-01
1.514703612372296448e+03 2.965358637839873301e-01
1.514460570380108948e+03 2.958133318646165577e-01
1.514217528387921448e+03 2.933048597483129405e-01
1.513974242255108948e+03 2.915099667261122907e-01
1.513245604559796448e+03 2.940009640735085084e-01
1.512517699286358948e+03 2.960349853446629931e-01
1.511790526434796448e+03 2.947419540610935473e-01
1.511064208075421448e+03 2.943792589635851886e-01
1.510338500067608948e+03 2.947706327095755419e-01
1.509613524481671448e+03 2.964081850418782693e-01
1.508889281317608948e+03 3.011670312011721640e-01
1.508165770575421448e+03 2.947748878383411597e-01
1.507442992255108948e+03 2.917423538469740563e-01
1.506720946356671448e+03 2.980262215380020119e-01
1.505999632880108948e+03 2.976905003523229731e-01
1.505279051825421448e+03 2.997237755817487859e-01
1.504559325262921448e+03 3.007917082626554439e-01
1.503840086981671448e+03 2.983543827719805086e-01
1.503121670051318915e+03 2.976788606038827112e-01
1.502403302929972824e+03 2.973383758950726707e-01
1.501685668836301375e+03 3.002416044816074159e-01
1.500968889941584166e+03 2.991074334042492233e-01
1.500252721903262454e+03 3.006431456934429147e-01
1.499537286892615612e+03 2.917683006582236227e-01
1.498822584909643865e+03 2.963182304890573104e-01
1.498108493783067615e+03 3.004898797134218924e-01
1.497395257855445379e+03 2.994056051853706824e-01
1.496682632784218640e+03 2.991412488560942773e-01
1.495970862911946142e+03 2.967338702401621786e-01
1.495259703896069368e+03 2.993758133334270544e-01
1.494549277907867236e+03 2.938915040779965238e-01
1.493839462776060827e+03 2.952889380867739222e-01
1.493130502843208660e+03 2.938102046645061916e-01
1.492422153766751990e+03 3.005517856944487920e-01
1.491714537717970188e+03 2.984616177704137452e-01
1.491007654696863256e+03 2.965599551841721637e-01
1.490301382532152047e+03 2.994671695017702140e-01
1.489595843395115480e+03 3.000447630742642535e-01
1.488891037285754010e+03 2.978704943999198607e-01
1.488186964204067408e+03 2.950158529544411601e-01
1.487483501978776303e+03 2.983222033532353934e-01
1.486780772781160067e+03 2.991955248797166234e-01
1.486078654439939555e+03 3.014123156592914410e-01
1.485377391297673057e+03 2.999819924755572353e-01
1.484676739011802283e+03 2.970633200376239236e-01
1.483976819753606378e+03 2.968769274247852197e-01
1.483277511351806197e+03 2.968066544188033284e-01
1.482579058148960030e+03 2.912865867748993254e-01
1.481881093631230215e+03 3.008141529664584701e-01
1.481183984312454641e+03 2.980222893776620086e-01
1.480487485850074563e+03 2.978839742353106557e-01
1.479791598244090210e+03 2.970330273044870517e-01
1.479096565837059870e+03 2.926034309887947660e-01
1.478402022115146110e+03 2.974204378670809445e-01
1.477708333592186364e+03 2.979908111155808448e-01
1.477015255925622341e+03 2.952472394246763998e-01
1.476322911286732960e+03 2.972370600137916319e-01
1.475631177504239531e+03 2.962674153112080377e-01
1.474940176749420743e+03 2.956828544038341833e-01
1.474249786850997907e+03 3.034549811845964062e-01
1.473560129980249712e+03 2.991757051141276103e-01
1.472871083965897242e+03 2.964422662024271959e-01
1.472182770979219640e+03 2.978944820538794724e-01
1.471495191020216907e+03 2.931322502809722841e-01
1.470808221917609899e+03 2.986827114469474687e-01
1.470121985842677759e+03 2.945239118986084370e-01
1.469436360624141116e+03 2.931344832671237688e-01
1.468751346262000425e+03 2.977632509283312245e-01
1.468067064927534375e+03 2.985959295484929554e-01
1.467383516620743421e+03 2.946378934617081002e-01
1.466700579170347964e+03 2.987630162955776103e-01
1.466018252576348232e+03 2.978630875956959079e-01
1.465336659010023368e+03 2.924464468265363659e-01
1.464655676300094228e+03 2.923285445610726563e-01
1.463975426617839958e+03 2.968302394769072872e-01
1.463295787791981184e+03 2.997341754990902052e-01
1.462616881993797506e+03 2.971922228212711681e-01
1.461938587052009325e+03 2.991453254565824560e-01
1.461260902966617095e+03 2.911186162665735933e-01
1.460583829737620363e+03 2.979240622579658604e-01
1.459907611707577644e+03 2.942983890272198311e-01
1.459231882362651504e+03 2.964105168652664268e-01
1.458556886045400233e+03 2.933954669868632514e-01
1.457882500584544687e+03 2.981579957547865201e-01
1.457208848151364009e+03 2.936356127818104955e-01
1.456535806574579055e+03 2.939720996817398735e-01
1.455863375854189599e+03 2.911295806646804207e-01
1.455191678161475238e+03 2.909186271626651998e-01
1.454520591325156374e+03 2.921581589719871030e-01
1.453850115345233235e+03 2.961951970892073849e-01
1.453180250221705819e+03 2.904097606787208741e-01
1.452511240297132417e+03 2.974277597790197514e-01
1.451842719057675595e+03 2.952595921079261276e-01
1.451174808674614496e+03 2.947183891738014427e-01
1.450507631319228267e+03 2.995548856979812213e-01
1.449841064820237762e+03 2.933300605316668253e-01
1.449175109177642753e+03 2.944759477486596499e-01
1.448509886562722841e+03 2.910386229194883989e-01
1.447845274804198425e+03 2.968028760213424766e-01
1.447181151730790589e+03 3.001537111959664550e-01
1.446517883856336766e+03 2.966703403412176976e-01
1.445855104666999523e+03 3.029275440309909251e-01
1.445193180676616294e+03 2.948828365521868333e-01
1.444531623200070499e+03 2.999680256553707847e-01
1.443870798751199573e+03 3.030991040589283148e-01
1.443210707330003515e+03 3.009172229903007145e-01
1.442551104593923810e+03 3.020056866302902598e-01
1.441892234885519201e+03 2.998459791076276137e-01
1.441233976033510089e+03 2.995226384388400276e-01
1.440576328037896701e+03 2.950721883658011246e-01
1.439919168727400120e+03 2.969900193214811135e-01
1.439262986787136470e+03 2.986460562787007778e-01
1.439262864615857325e+03 2.944781436181162504e-01
1.439044300197474968e+03 2.955694374939012992e-01
1.438825613607813466e+03 2.967823102785724920e-01
1.438607171360710254e+03 2.980541446022774155e-01
1.438607049189431109e+03 2.991788961075886322e-01
1.438388606942327897e+03 3.008363083285713335e-01
1.438170286866503830e+03 2.948758059269019904e-01
1.437952088961958680e+03 3.000517648607057830e-01
1.437951966790679535e+03 3.022454049026895850e-01
1.437733768886134612e+03 2.974136558168665179e-01
1.437515693152868835e+03 2.995474726553047362e-01
1.437297617419603057e+03 2.966293568209369957e-01
1.437297495248323912e+03 2.966283454537806397e-01
1.437079297343778990e+03 2.941051841432827385e-01
1.436861465953071502e+03 2.939977266783840304e-01
1.436643756733643158e+03 2.930355463718683495e-01
1.436643634562364014e+03 2.991770294065008162e-01
1.436425803171656526e+03 2.990766834433084553e-01
1.436207971780949038e+03 2.953965965380957459e-01
1.435990384732799839e+03 2.943786474223920591e-01
1.435772797684650413e+03 2.945700261051839020e-01
1.435555210636501215e+03 2.935009150616398887e-01
1.435337745759631161e+03 2.962010140461012186e-01
1.435120403054040253e+03 3.019086698374654487e-01
1.434903060348449344e+03 3.011186989538134351e-01
1.434685717642858208e+03 2.991781199681372017e-01
1.434468619279825589e+03 2.962707745910304058e-01
1.434251398745513825e+03 3.051299560106396913e-01
1.434034300382481206e+03 3.056155244592217990e-01
1.433817324190727504e+03 3.024460870930052447e-01
1.433600470170253175e+03 3.004372855112984464e-01
1.433383616149778845e+03 2.973503058980600522e-01
1.433166762129304516e+03 3.013157635549125191e-01
1.432950152451388249e+03 2.974593982863817931e-01
1.432733420602193064e+03 2.942574614466060279e-01
1.432516810924277024e+03 3.023638361111652961e-01
1.432300323417639902e+03 2.990912179882121991e-01
1.432083958082282152e+03 2.933500593628148856e-01
1.431867592746924402e+03 2.983959465523205457e-01
1.431651227411566424e+03 2.940779607952264674e-01
1.431434984247487819e+03 2.955635010586682987e-01
1.431218863254688358e+03 2.891157166999012706e-01
1.431002742261888670e+03 2.843897598815440797e-01
1.430786743440368355e+03 2.861662478904070661e-01
1.430570866790126956e+03 2.970683043990511307e-01
1.430354867968606641e+03 2.962846608582701546e-01
1.430138991318365242e+03 2.972015602935671463e-01
1.429923114668124072e+03 2.986229281694127713e-01
1.429707604531720335e+03 2.985915034780525223e-01
1.429491972224037227e+03 2.976210144634141019e-01
1.429276462087633490e+03 2.958641591537093385e-01
1.429061074122508671e+03 2.948201204127678943e-01
1.428845563986104935e+03 2.958220043033062963e-01
1.428630176020980116e+03 2.967475406521656867e-01
1.428414910227134669e+03 2.993827466279171401e-01
1.428199766604568140e+03 2.962694242967401359e-01
1.427984622982001611e+03 3.018152991291337961e-01
1.427769479359435309e+03 3.004841414197504390e-01
1.427554457908147924e+03 3.021157156772409924e-01
1.427339680799419057e+03 3.026292224196594494e-01
1.427124659348131672e+03 3.024663483676732212e-01
1.426909882239402805e+03 3.013267504768805671e-01
1.426695227301952855e+03 3.046130186406296181e-01
1.426480572364502905e+03 3.041917244383938179e-01
1.426265917427053182e+03 3.020788645628979530e-01
1.426051384660882377e+03 3.062276945899070069e-01
1.425836974065990717e+03 3.055512781357955787e-01
1.425622563471099284e+03 3.014300867742412127e-01
1.425408275047486768e+03 3.010265227667852650e-01
1.425193986623874252e+03 2.977693635137118600e-01
1.424979820371541109e+03 2.935835996062780007e-01
1.424765654119207738e+03 2.995146560267817892e-01
1.424551610038153513e+03 3.026220479509917349e-01
1.424337443785820369e+03 3.026755225238078051e-01
1.424123766218603578e+03 2.988564544978531412e-01
1.423909844308828497e+03 2.982184589382692042e-01
1.423696044570332560e+03 2.989860540580932535e-01
1.423482367003115996e+03 2.985678778331607441e-01
1.423268689435899205e+03 2.997791531438648294e-01
1.423055134039961558e+03 3.014757453024433098e-01
1.422841456472744767e+03 2.980009281376105879e-01
1.422628267590644555e+03 2.959134946216009365e-01
1.422414834365986280e+03 2.949474492087126865e-01
1.422201523312606923e+03 3.022393435689840757e-01
1.421988212259227566e+03 3.030063261269069219e-01
1.421775145548406499e+03 3.034210006862181341e-01
1.421561956666306287e+03 3.024996197344950177e-01
1.421348889955485220e+03 2.981208900877795887e-01
1.421135823244664380e+03 2.994433524476880493e-01
1.420923000876401602e+03 2.910610591514344314e-01
1.420710178508138824e+03 2.941168186579400379e-01
1.420497356139876047e+03 2.958891813893795297e-01
1.420284778114171559e+03 3.000688718813119271e-01
1.420071955745908781e+03 3.036493532115020488e-01
1.419859499891483438e+03 2.981769518507457750e-01
1.419646921865778950e+03 3.037822464846491877e-01
1.419434588182632751e+03 3.022909922754944412e-01
1.419222132328207408e+03 3.030208823601871493e-01
1.419009798645061210e+03 3.006803271578979420e-01
1.418797587133194156e+03 2.971062827619260771e-01
1.418585497792606247e+03 2.986013027073945447e-01
1.418373408452018339e+03 2.999663872338044768e-01
1.418161319111430430e+03 2.969323850059007452e-01
1.417949229770842521e+03 3.008921171451928167e-01
1.417737506944092047e+03 2.994386276265640912e-01
1.417525539774783283e+03 2.962029876234570369e-01
1.417313694776753664e+03 3.015344376813283156e-01
1.417102094121282335e+03 2.962420013983745881e-01
1.416890493465811005e+03 2.994317147180887151e-01
1.416678892810339676e+03 3.002586661201805396e-01
1.416467292154868346e+03 2.983426888403306609e-01
1.416255935841955079e+03 3.052230138876015908e-01
1.416044579529042039e+03 3.030414431262375974e-01
1.415833223216128999e+03 3.025230131678745549e-01
1.415621989074495104e+03 2.989590408682450406e-01
1.415410754932861209e+03 3.017841113131765063e-01
1.415199765133785604e+03 3.021358427749814557e-01
1.414988653163430627e+03 3.031235786737861426e-01
1.414777663364355021e+03 3.019011964279740834e-01
1.414566673565279416e+03 3.051007135896380285e-01
1.414355928108762100e+03 2.993910935984577248e-01
1.414145182652244785e+03 3.005495725841459964e-01
1.413934437195727241e+03 3.041458304026627424e-01
1.413723813910489071e+03 2.985387101035241741e-01
1.413513312796530045e+03 2.985940567851689820e-01
1.413302689511291874e+03 2.981965535510132104e-01
1.413092066226053475e+03 2.993803285806806436e-01
1.412881931625931884e+03 2.988388428368667360e-01
1.412671552683252003e+03 2.979404261096881279e-01
1.412461295911851266e+03 2.971593754561616674e-01
1.412251039140450303e+03 3.015974051460066918e-01
1.412041026711607856e+03 3.009774019875937623e-01
1.411831014282765409e+03 3.047083643197878722e-01
1.411621001853922735e+03 2.997915880052691717e-01
1.411410989425080288e+03 3.024212502766170374e-01
1.411201221338795904e+03 2.989631291564424642e-01
1.410991453252511747e+03 2.986213571634231401e-01
1.410781685166227589e+03 2.986290535203928176e-01
1.410571917079943205e+03 2.985844356361950780e-01
1.410362393336217337e+03 3.022686385403724474e-01
1.410152869592491243e+03 2.967279806418960386e-01
1.409943468020044520e+03 3.033075118401283854e-01
1.409733944276318653e+03 3.035227181026639576e-01
1.409524787046429992e+03 3.029755214687593345e-01
1.409315385473983270e+03 2.981417914687569115e-01
1.409106228244094609e+03 2.994096817809233646e-01
1.408897071014206176e+03 3.002653286902873253e-01
1.408688035955596661e+03 2.999038387481141044e-01
1.408479000896987372e+03 3.013032357677155604e-01
1.408270088009657002e+03 2.972134668219387210e-01
1.408061175122326858e+03 2.983651946825634504e-01
1.407852384406275633e+03 2.962889544646238882e-01
1.407643593690224634e+03 2.988501688122556232e-01
1.407434925145452553e+03 2.984092159536922417e-01
1.407226256600680699e+03 3.053944890245186006e-01
1.407017710227187763e+03 3.053078757634642426e-01
1.406809286024973972e+03 2.979812349424064144e-01
1.406600861822760407e+03 3.040359791280551893e-01
1.406392437620546616e+03 3.035108594509031699e-01
1.406184135589612197e+03 3.006921715632980274e-01
1.405976077901235840e+03 2.977276006186682089e-01
1.405767775870301193e+03 2.971298450072853981e-01
1.405559718181925064e+03 3.045721856480287926e-01
1.405351660493548707e+03 3.068419412763828680e-01
1.405143724976451495e+03 3.047814044193911109e-01
1.404935789459354510e+03 3.019175575070751072e-01
1.404727976113536442e+03 3.023165152971272196e-01
1.404520162767718375e+03 2.968000704996773820e-01
1.404312593764458825e+03 3.035962363680357878e-01
1.404104902589919902e+03 3.039207415445242533e-01
1.403897211415380980e+03 3.053274224862657094e-01
1.403689764583400574e+03 3.052533023439970017e-01
1.403482317751419941e+03 3.000407199738185926e-01
1.403274993090718453e+03 3.026143721426860500e-01
1.403067546258737821e+03 3.054199944672169598e-01
1.402860343769315705e+03 3.030229557899852266e-01
1.402653263451172506e+03 2.970570992571258118e-01
1.402446060961750163e+03 3.028295517480609211e-01
1.402238980643606965e+03 3.040335108755565230e-01
1.402031900325463766e+03 3.045723198526429920e-01
1.401825064349879085e+03 3.036127450078544010e-01
1.401618228374294176e+03 3.055300551463825398e-01
1.401411392398709268e+03 3.063059065113116763e-01
1.401204556423124359e+03 2.997936571037210229e-01
1.400997842618818595e+03 3.016535562453139252e-01
1.400791250985791976e+03 3.044660950598341853e-01
1.400584781524044502e+03 3.018934165438055262e-01
1.400378312062297255e+03 3.043726753257534057e-01
1.400171842600549780e+03 3.082233881682400756e-01
1.399965495310081451e+03 3.053401137696573620e-01
1.399759270190892266e+03 3.003968436043886747e-01
1.399552922900423937e+03 2.996566966674279464e-01
1.399346819952513897e+03 3.015906341198936746e-01
1.399140717004603857e+03 2.979780971691909919e-01
1.398934736227972962e+03 3.037790289637122276e-01
1.398728633280062922e+03 2.986225445866574901e-01
1.398522774674711172e+03 3.033316777414504783e-01
1.398317038240638567e+03 2.992333270526744693e-01
1.398111057464007672e+03 2.971128741055338862e-01
1.397905443201214212e+03 3.042177359555900962e-01
1.397699706767141606e+03 3.066031951581793535e-01
1.397494092504348146e+03 2.995555619632785938e-01
1.397288722584112975e+03 2.991981997931146831e-01
1.397083230492598659e+03 3.021012248477498718e-01
1.396877738401084343e+03 3.034760200952280051e-01
1.396672246309570028e+03 3.077456640693043699e-01
1.396467242903172291e+03 2.991496865506891867e-01
1.396261995154216265e+03 3.045768544410147327e-01
1.396056747405260239e+03 3.058201315098613704e-01
1.395851743998862275e+03 3.029829222726265203e-01
1.395646740592464539e+03 3.084935622498666818e-01
1.395441737186066803e+03 3.027424741875315850e-01
1.395236855950948211e+03 3.030074116752488056e-01
1.395031974715829620e+03 3.013697301532203832e-01
1.394827215651990173e+03 3.033903031211311330e-01
1.394622578759429871e+03 2.974729792626237268e-01
1.394417941866869342e+03 3.040326675464289363e-01
1.394213304974309040e+03 3.011375528488457465e-01
1.394008668081748738e+03 3.024417985733187653e-01
1.393804397703025870e+03 2.988473917203978147e-01
1.393600005153023858e+03 3.037952543957103124e-01
1.393395612603021618e+03 3.033569955410235219e-01
1.393191342224298751e+03 3.020967930498639209e-01
1.392987194016855028e+03 3.087211424929313108e-01
1.392783045809411306e+03 3.065093187266596519e-01
1.392579019773246500e+03 3.059912019865811961e-01
1.392374993737081923e+03 3.020073933588701132e-01
1.392170967700917345e+03 3.050294098634959705e-01
1.391967186007311057e+03 3.038723439049025865e-01
1.391763282142425396e+03 2.979144583423359305e-01
1.391559500448819108e+03 3.075180835919724132e-01
1.391355718755212820e+03 2.964678383148098284e-01
1.391152303575443739e+03 2.995479067863225375e-01
1.390948644053116595e+03 3.013988587775329187e-01
1.390745106702068597e+03 2.989243480609431458e-01
1.390541691522299516e+03 3.019362280906277562e-01
1.390338276342530662e+03 3.047699923088931229e-01
1.390134983334040726e+03 2.975266666265935500e-01
1.389931690325551017e+03 3.012898335545764472e-01
1.389728519488340453e+03 3.007513707714649653e-01
1.389525348651129661e+03 3.015482569183839945e-01
1.389322422156477387e+03 3.037609452263180798e-01
1.389119373490545740e+03 2.992667482489984598e-01
1.388916324824614321e+03 3.043000796626528781e-01
1.388713398329962047e+03 3.055324721833713175e-01
1.388510594006588690e+03 3.033078262082237186e-01
1.388307911854494705e+03 3.026651626529636152e-01
1.388105229702400493e+03 3.038414732302683885e-01
1.387902547550306508e+03 2.992499920842555672e-01
1.387699987569491441e+03 3.057290700720567966e-01
1.387497549759955746e+03 2.994714834235999157e-01
1.387294989779140678e+03 3.023495083198740607e-01
1.387092674140884128e+03 3.047172580800565633e-01
1.386890358502627350e+03 3.037958473123403280e-01
1.386688042864370573e+03 3.000128287852458220e-01
1.386485849397393167e+03 3.063131916449990944e-01
1.386283778101694679e+03 3.007841130535917062e-01
1.386081584634717274e+03 3.067135753660534814e-01
1.385879635510297931e+03 3.065769092886779235e-01
1.385677686385878815e+03 3.086063799395495355e-01
1.385475859432738616e+03 3.008128429967502071e-01
1.385274032479598418e+03 3.003791251043513300e-01
1.385072205526458447e+03 3.072486271646217570e-01
1.384870500744597393e+03 3.090669545870798895e-01
1.384668795962736340e+03 3.054684412299828455e-01
1.384467335523433803e+03 3.013193315531512706e-01
1.384265752912851895e+03 3.028732220403108633e-01
1.384064292473549131e+03 3.091175916527602596e-01
1.383862832034246594e+03 3.066130749370387654e-01
1.383661615937502120e+03 3.013842777655700855e-01
1.383460277669478501e+03 3.029761697790055996e-01
1.383259061572734254e+03 3.044500019488407538e-01
1.383057845475989780e+03 3.085734687155800571e-01
1.382856873721803595e+03 3.079652407668172498e-01
1.382655901967617638e+03 3.084102097183106794e-01
1.382454808042152308e+03 3.062732200309092323e-01
1.382253958459245268e+03 3.098861589284373497e-01
1.382053108876338229e+03 3.046001220772091012e-01
1.381852381464710334e+03 3.028270505463726003e-01
1.381651654053082666e+03 3.032683485502095655e-01
1.381450926641454771e+03 3.046735675398451471e-01
1.381250321401106021e+03 3.106951864213421954e-01
1.381049716160757271e+03 3.110826148511491307e-01
1.380849355262966810e+03 3.034102525709071463e-01
1.380648994365176577e+03 3.119459889056369617e-01
1.380448633467386117e+03 3.078898454213774838e-01
1.380248272569595656e+03 3.050179470782784508e-01
1.380048033843084340e+03 3.048669816230690777e-01
1.379847917287852169e+03 3.052845405542380375e-01
1.379647800732619999e+03 3.035090634812502297e-01
1.379447684177387828e+03 3.022689496711388202e-01
1.379247689793435029e+03 3.043003619154047157e-01
1.379047939752040293e+03 3.082256310761042895e-01
1.378848067539366411e+03 3.056996561808337232e-01
1.378648195326692530e+03 3.088711122634947848e-01
1.378448445285297794e+03 3.080767285307154935e-01
1.378248695243903057e+03 3.055764022619683051e-01
1.378049067373787466e+03 3.043555301717341677e-01
1.377849561674951019e+03 3.073870409387075564e-01
1.377650055976114572e+03 3.063293190716526171e-01
1.377450672448557270e+03 3.088727235700255425e-01
1.377251288920999968e+03 3.123500701278777991e-01
1.377052027564721811e+03 3.062027708249362434e-01
1.376852766208443654e+03 3.093074212947202195e-01
1.376653504852165497e+03 3.050740884400631181e-01
1.376454365667166485e+03 3.066458280982194418e-01
1.376255226482167473e+03 3.085921760966833793e-01
1.376056331639726750e+03 3.104817957243141691e-01
1.375857314626006882e+03 3.049283408160558539e-01
1.375658419783566160e+03 3.079199544999247085e-01
1.375459524941125437e+03 3.019051211415532121e-01
1.375260752269963859e+03 3.054936157311166078e-01
1.375062223941360344e+03 3.097377100107351899e-01
1.374863573441477911e+03 3.138961081079782445e-01
1.374664922941595478e+03 3.082647739195631398e-01
1.374466394612992190e+03 3.064603951532337556e-01
1.374267866284388901e+03 3.072567172931185975e-01
1.374069582298343903e+03 3.062929368990205958e-01
1.373871176141019760e+03 3.084956245862789936e-01
1.373672892154974534e+03 3.071199224927254057e-01
1.373474608168929535e+03 3.057613069638190906e-01
1.373276446354163681e+03 3.059900849254587052e-01
1.373078406710676973e+03 3.033864241557933106e-01
1.372880244895911119e+03 3.058746196260557215e-01
1.372682327423703327e+03 3.059308556367169585e-01
1.372484409951495763e+03 3.085887749073076280e-01
1.372286492479288199e+03 3.101785096599770641e-01
1.372088819349638925e+03 3.056798647494452514e-01
1.371891024048710506e+03 3.027121283906035187e-01
1.371693350919061004e+03 3.029553812995838813e-01
1.371495555618132585e+03 3.089829064141321746e-01
1.371298126831041600e+03 3.092910802197303965e-01
1.371100698043950388e+03 3.080970625345211267e-01
1.370903269256859403e+03 3.054932463815897559e-01
1.370705840469768418e+03 3.085703227219003253e-01
1.370508411682677433e+03 3.095829768982887864e-01
1.370311105066865366e+03 3.103409631330815155e-01
1.370114042793611816e+03 3.027225532984650358e-01
1.369916858349079121e+03 3.014188974692213474e-01
1.369719796075825343e+03 3.013893488058250192e-01
1.369522733802571793e+03 3.004234696263671789e-01
1.369325793700597160e+03 3.007712657763460529e-01
1.369128975769901899e+03 3.068655435620948335e-01
1.368931913496648349e+03 3.142149228211109091e-01
1.368735217737232006e+03 3.093655109053821128e-01
1.368538521977815890e+03 3.075905930699459057e-01
1.368341826218399547e+03 3.099186395612421596e-01
1.368145252630262576e+03 3.062123813357232605e-01
1.367948679042125605e+03 3.101767517541717534e-01
1.367752105453988406e+03 3.061545652341930990e-01
1.367555776208409725e+03 3.071111770813007569e-01
1.367359324791551671e+03 3.069910689769392298e-01
1.367162995545972990e+03 3.099334568993811767e-01
1.366966910642952371e+03 3.066599518489376286e-01
1.366770581397373689e+03 3.033418634646242729e-01
1.366574496494353070e+03 3.050769001667665292e-01
1.366378289420053534e+03 3.041480962859379189e-01
1.366182326688312060e+03 3.091798171550210195e-01
1.365986486127849957e+03 3.093165321689377301e-01
1.365790523396108483e+03 3.088736476331289671e-01
1.365594682835646381e+03 3.095371778908417304e-01
1.365398842275184052e+03 3.090585383998316615e-01
1.365203123886001094e+03 3.087025946549160627e-01
1.365007649839376199e+03 3.129311804272703612e-01
1.364811931450193015e+03 3.086856693650040229e-01
1.364616457403568347e+03 3.089349034624169210e-01
1.364420861185664307e+03 3.085330642746642038e-01
1.364225509310318785e+03 3.038027061030312281e-01
1.364030157434973034e+03 3.093873803079675300e-01
1.363834805559627284e+03 3.055321101718683208e-01
1.363639575855560906e+03 3.037948701805438523e-01
1.363444346151494301e+03 3.017634744010318504e-01
1.363249238618706840e+03 3.083803461959994108e-01
1.363054131085919607e+03 3.014412860124505711e-01
1.362859145724411292e+03 3.122353537464722106e-01
1.362664282534182121e+03 3.137842354369212439e-01
1.362469175001394888e+03 3.074331640353150652e-01
1.362274433982444862e+03 3.148860692200548539e-01
1.362079692963494836e+03 3.072484036189200851e-01
1.361885074115824182e+03 3.090129693221566609e-01
1.361690333096874156e+03 3.050481730856605123e-01
1.361495714249203274e+03 3.078074512082990544e-01
1.361301095401532393e+03 3.105469483907904449e-01
1.361106598725140884e+03 3.052364214688368937e-01
1.360912224220028293e+03 3.046047800635109937e-01
1.360717971886194846e+03 3.063376742547089249e-01
1.360523597381082254e+03 3.063628073898070903e-01
1.360329345047248808e+03 3.094567082816102044e-01
1.360135092713415588e+03 3.120105273292787529e-01
1.359940840379582141e+03 3.128912566365628645e-01
1.359746954559586129e+03 3.101603356363514252e-01
1.359552946568310972e+03 3.102697823195709748e-01
1.359358938577035815e+03 3.082596212109568468e-01
1.359165052757040030e+03 3.043921509498977995e-01
1.358971166937044018e+03 3.066466553176880883e-01
1.358777403288327150e+03 3.067127167790842379e-01
1.358583761810889428e+03 3.061641518862474043e-01
1.358389998162172560e+03 3.037869551194185558e-01
1.358196356684734837e+03 3.104119672860876089e-01
1.358002837378576260e+03 3.114655993761485386e-01
1.357809318072417682e+03 3.086936927470653180e-01
1.357615920937538249e+03 3.111072020887351575e-01
1.357422523802659043e+03 3.089478932935956768e-01
1.357229248839058755e+03 3.101510447537190185e-01
1.357035973875458467e+03 3.091389883557488782e-01
1.356842698911858179e+03 3.054048830436250084e-01
1.356649546119537035e+03 3.079301752526762415e-01
1.356456515498495037e+03 3.060754840858179726e-01
1.356263484877453038e+03 3.068024061300043126e-01
1.356070576427690185e+03 3.080679990237640276e-01
1.355877545806648186e+03 3.102434774568559317e-01
1.355684759528164477e+03 3.081578674430519027e-01
1.355491851078401623e+03 3.100163346471797032e-01
1.355299309142476204e+03 3.104038844413503084e-01
1.355106522863992495e+03 3.080325572766975939e-01
1.354913858756787931e+03 3.150187202109365758e-01
1.354721316820862512e+03 3.067618888743807171e-01
1.354528774884937093e+03 3.034526050709914768e-01
1.354336477291569736e+03 3.055945640478970327e-01
1.354144057526923461e+03 3.083083570571052423e-01
1.353951637762277187e+03 3.086435091534169284e-01
1.353759340168910057e+03 3.065893071039118012e-01
1.353567042575542928e+03 3.082179073256506863e-01
1.353374867153454943e+03 3.058781967428211290e-01
1.353182936073925248e+03 3.089696149554738147e-01
1.352990882823116408e+03 3.062803381576438833e-01
1.352798829572307568e+03 3.084185736165531155e-01
1.352606898492777646e+03 3.065108458335007446e-01
1.352414967413247950e+03 3.029240175197478457e-01
1.352223158504997400e+03 3.053159049286434112e-01
1.352031471768025995e+03 3.066984366753205959e-01
1.351839785031054589e+03 3.076550351696811791e-01
1.351648098294083184e+03 3.058000610904675898e-01
1.351456411557111551e+03 3.077916726373877143e-01
1.351264846991419290e+03 3.101901418647541320e-01
1.351073282425727029e+03 3.092674602708510023e-01
1.350882084373872203e+03 3.065766900580639276e-01
1.350690641979458860e+03 3.054081966702547057e-01
1.350499321756324889e+03 3.081011204892125654e-01
1.350308123704470063e+03 3.066235711638167216e-01
1.350116925652615237e+03 3.053291250903197862e-01
1.349925727600760183e+03 3.033678027771979924e-01
1.349734773891463647e+03 3.050551968523840807e-01
1.349543698010887965e+03 3.058355068237869068e-01
1.349352744301591201e+03 3.043981133755994661e-01
1.349161790592294665e+03 3.069367684567642640e-01
1.348970959054277273e+03 3.073803732558014201e-01
1.348780127516259654e+03 3.035622627848406641e-01
1.348589418149521407e+03 3.023586782711003562e-01
1.348398830954062305e+03 3.056936240306160069e-01
1.348208121587323831e+03 3.106654225821912085e-01
1.348017534391864729e+03 3.051900899223768393e-01
1.347827069367684771e+03 3.050565045118437402e-01
1.347636604343504587e+03 3.094110458186210000e-01
1.347446261490603774e+03 3.015932867230255998e-01
1.347255796466423817e+03 3.032213169235027372e-01
1.347065575784801922e+03 3.055164033827245107e-01
1.346875355103180254e+03 3.074455073460531374e-01
1.346685134421558359e+03 3.043247668260423699e-01
1.346495035911215837e+03 3.079130879144789668e-01
1.346305059572152231e+03 3.039530453411539712e-01
1.346115083233088853e+03 3.047464615548839406e-01
1.345925106894025248e+03 3.057952636651677381e-01
1.345735252726241015e+03 3.042843713096902714e-01
1.345545398558456782e+03 3.051256890513098785e-01
1.345355544390672321e+03 3.067868437463237563e-01
1.345165934565446378e+03 3.070163468237557813e-01
1.344976202568941062e+03 3.029467663746308603e-01
1.344786592743715119e+03 3.041617719023614330e-01
1.344597105089768093e+03 3.036143985566298054e-01
1.344407495264541922e+03 3.026394545608039333e-01
1.344218129781874268e+03 3.044614383992002016e-01
1.344028642127927242e+03 3.017287323192119342e-01
1.343839520987817878e+03 3.001212539955600000e-01
1.343650155505149996e+03 3.004838675891911004e-01
1.343460912193761487e+03 3.036049365074959816e-01
1.343271791053651896e+03 3.010319231478122415e-01
1.343082669913542304e+03 2.998193543873229894e-01
1.342893670944712085e+03 3.028602979325568656e-01
1.342704671975881638e+03 3.064304916831112613e-01
1.342515795178330563e+03 3.059325839830993043e-01
1.342326796209500117e+03 3.084534739935887449e-01
1.342138041583227960e+03 3.042264127454997191e-01
1.341949286956956030e+03 3.058907493896760310e-01
1.341760532330683873e+03 3.045977729994067684e-01
1.341571899875690860e+03 3.024265644949745702e-01
1.341383389591977220e+03 3.043206769532471601e-01
1.341194879308263353e+03 3.036464282171513762e-01
1.341006369024549485e+03 3.033399850795039931e-01
1.340817858740835845e+03 3.045024021792752666e-01
1.340629470628401123e+03 3.040732553538889049e-01
1.340441204687245545e+03 3.052953394024614520e-01
1.340252938746090194e+03 3.024106327326478993e-01
1.340064794976213761e+03 3.054623476791877290e-01
1.339876651206337328e+03 3.066476939025125636e-01
1.339688507436460895e+03 3.072430577392500362e-01
1.339500485837863835e+03 3.017701256388213293e-01
1.339312464239266546e+03 3.063367738414117802e-01
1.339124442640669258e+03 3.087852204336834494e-01
1.338936665384630260e+03 3.043865464633074280e-01
1.338748888128591261e+03 3.016709117838702880e-01
1.338560988701273345e+03 3.048185126482841345e-01
1.338373333616513492e+03 3.060129726434070441e-01
1.338185678531753638e+03 3.073472544583054633e-01
1.322252833333924173e+03 3.034892178276817898e-01
1.322069942929050740e+03 3.014195224556578956e-01
1.321887052524177534e+03 3.052511309153097541e-01
1.321704162119304101e+03 3.015802597021832732e-01
1.321521516056988958e+03 3.012126507995269153e-01
1.304755218392863071e+03 3.054971865878708392e-01
1.304577337010434348e+03 3.129221983165318410e-01
1.304399577799284998e+03 3.112109372258757278e-01
1.304221818588135648e+03 3.092660547060531173e-01
1.304044059376986070e+03 3.081673292661865071e-01
1.286874596491696366e+03 3.097272343060541444e-01
1.286701968474270871e+03 3.113390306609928326e-01
1.286529218285566230e+03 3.134686049350025594e-01
1.286356590268140735e+03 3.123202743014030780e-01
1.286183962250715240e+03 3.101951087931975048e-01
1.286011456404568889e+03 3.108041697337175502e-01
1.285838950558422312e+03 3.121777651861358249e-01
1.285666444712275961e+03 3.154278154683818891e-01
1.285494061037408756e+03 3.114124754077605695e-01
1.285321677362541550e+03 3.124164329827500142e-01
1.285149538030232634e+03 3.132183345930487084e-01
1.284977276526644346e+03 3.122590553990297058e-01
1.284805015023056285e+03 3.149098479311193688e-01
1.284632875690747369e+03 3.149700122050184681e-01
1.284460736358438453e+03 3.128858790073634766e-01
1.284288719197408454e+03 3.146723109351765579e-01
1.284116702036378683e+03 3.137543287215160959e-01
1.283944684875348912e+03 3.135831184553678486e-01
1.283772789885598286e+03 3.147600152663705964e-01
1.283600894895847432e+03 3.215801372476850828e-01
1.283429122077375951e+03 3.186832376268079470e-01
1.283257349258904469e+03 3.233454915787959405e-01
1.283085576440432988e+03 3.163796059253443094e-01
1.282913925793240423e+03 3.179301143945691965e-01
1.282742275146048087e+03 3.257213448125183541e-01
1.282570868841414040e+03 3.252584637652488619e-01
1.282399340365500620e+03 3.246219645795189179e-01
1.282227811889587429e+03 3.249295975038183348e-01
1.282056405584953382e+03 3.217128531856917051e-01
1.281885121451598252e+03 3.148596786928642421e-01
1.281713715146964205e+03 3.154155668512027000e-01
1.281542431013609303e+03 3.201440133323490422e-01
1.281371146880254173e+03 3.151141147793757868e-01
1.281199984918178416e+03 3.118587626573313121e-01
1.281028822956102431e+03 3.132645298304603254e-01
1.280857660994026674e+03 3.124257588481262893e-01
1.280686743374509206e+03 3.130974806796980592e-01
1.280515703583712366e+03 3.117555539082599858e-01
1.280344663792915753e+03 3.132857353504409081e-01
1.280173868344677203e+03 3.136832177822079792e-01
1.280002950725159735e+03 3.141548527850103745e-01
1.279832277448200330e+03 3.140709201744948942e-01
1.279661481999962007e+03 3.087502875225797139e-01
1.279490808723002829e+03 3.120281415749190934e-01
1.279320135446043423e+03 3.126861230011583892e-01
1.279149584340363390e+03 3.144654992142567052e-01
1.278978911063403984e+03 3.159315999678404818e-01
1.278808482129003096e+03 3.120026690438579275e-01
1.278637931023322835e+03 3.100195710208837330e-01
1.278467624260201092e+03 3.143056822742072431e-01
1.278297195325799976e+03 3.172534787140892099e-01
1.278126888562678232e+03 3.126069267379432692e-01
1.277956581799556261e+03 3.122466081230627633e-01
1.277786397207713662e+03 3.117082879801595929e-01
1.277616212615870836e+03 3.133969174025131865e-01
1.277446028024028237e+03 3.106980754966267022e-01
1.277275965603464556e+03 3.101016312972018629e-01
1.277105903182900875e+03 3.084547043211043893e-01
1.276936085104895710e+03 3.102988594903009489e-01
1.276766144855611174e+03 3.172325944574408418e-01
1.276596204606326864e+03 3.130100557510771542e-01
1.276426386528321473e+03 3.132817173166653202e-01
1.276256690621595453e+03 3.108094464099210308e-01
1.276086872543590061e+03 3.101907781991055102e-01
1.275917176636863815e+03 3.131585236335651667e-01
1.275747480730137795e+03 3.116864129104315317e-01
1.275577906994690693e+03 3.122730770653756038e-01
1.275408333259243591e+03 3.103262990411143063e-01
1.275238759523796716e+03 3.117136811834058663e-01
1.275069430130907904e+03 3.120312867348595809e-01
1.274899856395461029e+03 3.077386476887762345e-01
1.274730527002572217e+03 3.086689810402781231e-01
1.274561197609683404e+03 3.111313555606476933e-01
1.274391990388073964e+03 3.137897825587209755e-01
1.274222660995185151e+03 3.121191929885029914e-01
1.274053575944854629e+03 3.124487358163509643e-01
1.273884490894524106e+03 3.131494456413012051e-01
1.273715405844193810e+03 3.115028757478278121e-01
1.273546442965142433e+03 3.111913615729220983e-01
1.273377480086091055e+03 3.132483600925101697e-01
1.273208639378319049e+03 3.073436069208350663e-01
1.273208517207039904e+03 3.112189917029042907e-01
1.273039676499267671e+03 3.126561013760409402e-01
1.273039554327988526e+03 3.135502163759178451e-01
1.272870957962774582e+03 3.075431423877108550e-01
1.272870835791495438e+03 3.096291915044096510e-01
1.272702117255002349e+03 3.095201112487004358e-01
1.272701995083723205e+03 3.098178911706468419e-01
1.272533276547230344e+03 3.088555085855037019e-01
1.272533154375951199e+03 3.106425701676593931e-01
1.272364435839458110e+03 3.094217918891510322e-01
1.272195839474244167e+03 3.109914255093457758e-01
1.272027243109030223e+03 3.140335198041751541e-01
1.271858646743816280e+03 3.131044354278804676e-01
1.271690172549881709e+03 3.111043429893821100e-01
1.271521698355946910e+03 3.112364651371910540e-01
1.271353224162012111e+03 3.126337424737781756e-01
1.271184872139356457e+03 3.112093442301401280e-01
1.271016520116700804e+03 3.104835209332523771e-01
1.270848290265324522e+03 3.135741805765060453e-01
1.270680060413948013e+03 3.127192621662127081e-01
1.270511830562571504e+03 3.128128233430257921e-01
1.270343845053753284e+03 3.136969384922091431e-01
1.270175737373655920e+03 3.123866611400522575e-01
1.270007629693558556e+03 3.117054509535162055e-01
1.269839644184740337e+03 3.116525486416442670e-01
1.269671780847201489e+03 3.135024882086328568e-01
1.269503795338383270e+03 3.135357622122117993e-01
1.269335932000844195e+03 3.133550043371693405e-01
1.269168190834584266e+03 3.157457286730758206e-01
1.269000449668324336e+03 3.143701485913138471e-01
1.268832708502064406e+03 3.172730377162417681e-01
1.268664967335804477e+03 3.189001032112756540e-01
1.268497470512102836e+03 3.143806616574456592e-01
1.268329851517122052e+03 3.141261484192736098e-01
1.268162232522141267e+03 3.140721491347365779e-01
1.267994857869718771e+03 3.119482179886756690e-01
1.267827361046017131e+03 3.103966132736200589e-01
1.267659986393594636e+03 3.129678890449356099e-01
1.267492611741172141e+03 3.129782371007973074e-01
1.267325481431307935e+03 3.114942037027544353e-01
1.267158106778885440e+03 3.120496824230475363e-01
1.266990854297742089e+03 3.108741885709873087e-01
1.266823723987877884e+03 3.160273030532108618e-01
1.266656593678013678e+03 3.116590125734868266e-01
1.266489585539428617e+03 3.130576497106911660e-01
1.266322699572122701e+03 3.147300594669164564e-01
1.266155691433537640e+03 3.124156357016883989e-01
1.265988805466231724e+03 3.156356593316030357e-01
1.265821919498925809e+03 3.132951022153155907e-01
1.265655033531619893e+03 3.125994758857804090e-01
1.265488269735593121e+03 3.126232237003682135e-01
1.265321505939566350e+03 3.131158596254896564e-01
1.265154986486097869e+03 3.168968457769520408e-01
1.264988222690071098e+03 3.123672652449262510e-01
1.264821581065323471e+03 3.122148077080217354e-01
1.264655061611854990e+03 3.125587434597904557e-01
1.264488542158386508e+03 3.160441534232958927e-01
1.264322144876196944e+03 3.132747905957852796e-01
1.264155747594007607e+03 3.107964126309316621e-01
1.263989350311818271e+03 3.116958314034681266e-01
1.263823075200908079e+03 3.101803517845575509e-01
1.263656800089997887e+03 3.120817540098730358e-01
1.263490524979087695e+03 3.160455625268267510e-01
1.263324372039456648e+03 3.138024374092334701e-01
1.263158219099825374e+03 3.131755033239597696e-01
1.262992188331473471e+03 3.129852135100054111e-01
1.262826035391842424e+03 3.138445025814142197e-01
1.262660126794769667e+03 3.132297545791077331e-01
1.262494096026417765e+03 3.148713365578622581e-01
1.262328187429345007e+03 3.140733045366101428e-01
1.262162401003551167e+03 3.141099800945537646e-01
1.261996614577757555e+03 3.136564621089718563e-01
1.261830828151963942e+03 3.143587929414188853e-01
1.261665041726170330e+03 3.111542005762505392e-01
1.261499499642934779e+03 3.146674877783031121e-01
1.261333957559699456e+03 3.112497760868106478e-01
1.261168293305184989e+03 3.124693739342326859e-01
1.261002751221949666e+03 3.134472989950348176e-01
1.260837331309993260e+03 3.131265977244524490e-01
1.260671911398037082e+03 3.140025936103605919e-01
1.260506491486080904e+03 3.127532759135840945e-01
1.260341071574124726e+03 3.098934423553678652e-01
1.260175773833447465e+03 3.117242077413957535e-01
1.260010598264049577e+03 3.092854670195258060e-01
1.259845300523372543e+03 3.153866343617711121e-01
1.259680247125253572e+03 3.143693826154507764e-01
1.259515071555855684e+03 3.140864730460301568e-01
1.259350018157736940e+03 3.090373831899903556e-01
