# Wavelength, Reflectance
1.644586322415998666e+03 2.151984569266509606e-01
1.643720233548811166e+03 2.013053540679272391e-01
1.642854999173811166e+03 2.116684211550937389e-01
1.641990741361311166e+03 2.125500102152216575e-01
1.641127338040998666e+03 2.324257828389422742e-01
1.640265033353498666e+03 1.926947579262310584e-01
1.639403583158186166e+03 2.284186951899895568e-01
1.638543109525373666e+03 2.163200634238193198e-01
1.637683490384748666e+03 1.774759425174133043e-01
1.636824969876936166e+03 1.925434091540520753e-01
1.635967303861311166e+03 2.003597199542737906e-01
1.635110614408186166e+03 2.215654173583635755e-01
1.634254901517561166e+03 1.887993569886187994e-01
1.633400043119123666e+03 2.025528038942117082e-01
1.632546161283186166e+03 2.090199642692699145e-01
1.631693133939436166e+03 1.826689401478181485e-01
1.630841083158186166e+03 1.736360912109904675e-01
1.629990008939436166e+03 2.070033195486687405e-01
1.629139789212873666e+03 2.021493106021155228e-01
1.628290546048811166e+03 1.799129407415577531e-01
1.627442157376936166e+03 1.877057321708097137e-01
1.626594745267561166e+03 1.981862977992901176e-01
1.625748309720686166e+03 2.023141152238819018e-01
1.624902850736311166e+03 1.799043513963948238e-01
1.624058124173811166e+03 1.851599985604307497e-01
1.623214496244123666e+03 1.912930314706015877e-01
1.622371600736311166e+03 1.981695158498359421e-01
1.621529803861311166e+03 1.872843539310678207e-01
1.620688739408186166e+03 1.876523156317351504e-01
1.619848773587873666e+03 1.736399704025350099e-01
1.619009540189436166e+03 2.041889711982482203e-01
1.618171283353498666e+03 1.975739958512176819e-01
1.617333881009748666e+03 1.975549861866292556e-01
1.616497455228498666e+03 1.853668417105246158e-01
1.615661883939436166e+03 1.756670682708485476e-01
1.614827289212873666e+03 1.777080894316659665e-01
1.613993671048811166e+03 1.850555788243806177e-01
1.613160785306623666e+03 1.828239877724663065e-01
1.612328876126936166e+03 1.898316711806661006e-01
1.611497821439436166e+03 1.694224950353598047e-01
1.610667743314436166e+03 1.871834438377632526e-01
1.609838519681623666e+03 1.860107093640116227e-01
1.609010150540998666e+03 1.810753203621673912e-01
1.608182757962873666e+03 1.613953348007098332e-01
1.607356097806623666e+03 1.733935474097838547e-01
1.606530414212873666e+03 1.749049963445606648e-01
1.605705707181623666e+03 1.780771306958854050e-01
1.604881854642561166e+03 1.956294275738708621e-01
1.604058734525373666e+03 1.830323187119196615e-01
1.603236590970686166e+03 1.901067550174687926e-01
1.602415423978498666e+03 1.736562549513605835e-01
1.601594989408186166e+03 1.860419015500785755e-01
1.600775531400373666e+03 1.914935109930101242e-01
1.599956927884748666e+03 1.911160278773342547e-01
1.599139178861311166e+03 1.780592475787035611e-01
1.598322284330061166e+03 1.800438063915410225e-01
1.597506122220686166e+03 1.874322634755177797e-01
1.596691302884748666e+03 1.901124139088549991e-01
1.595876971830061166e+03 1.838519586876240230e-01
1.595063495267561166e+03 1.864337198112994975e-01
1.594251117337873666e+03 1.857926434567248597e-01
1.593439349759748666e+03 1.941623188862687255e-01
1.592628558744123666e+03 1.798880527463980472e-01
1.591818744290998666e+03 1.790900534732011995e-01
1.591009662259748666e+03 1.796310509156291702e-01
1.590201556790998666e+03 1.924221723136971263e-01
1.589394061673811166e+03 1.691346788458682193e-01
1.588587421048811166e+03 1.893535591126980777e-01
1.587782001126936166e+03 1.919522734688236532e-01
1.586977191556623666e+03 1.797181328497743924e-01
1.586173236478498666e+03 1.859927850655763715e-01
1.585370257962873666e+03 1.966822553738543644e-01
1.584568011869123666e+03 1.928399768789971491e-01
1.583766620267561166e+03 1.810195611250554337e-01
1.582966205228498666e+03 1.896001302758363039e-01
1.582166522611311166e+03 1.911538460326443201e-01
1.581367816556623666e+03 1.784997296865557526e-01
1.580569720853498666e+03 1.855380773219938439e-01
1.579772479642561166e+03 1.879969657807581684e-01
1.578976337064436166e+03 1.841929657974608336e-01
1.578180804837873666e+03 1.789710365695056926e-01
1.577386249173811166e+03 1.798934750694167750e-01
1.576592548001936166e+03 1.973109829982158947e-01
1.575799579251936166e+03 1.990467776805286138e-01
1.575007342923811166e+03 1.816700613836231271e-01
1.574216083158186166e+03 1.894136918956794979e-01
1.573425677884748666e+03 1.880816203118737817e-01
1.572636127103498666e+03 1.724237244208373654e-01
1.571847308744123666e+03 1.757844432515261734e-01
1.571059222806623666e+03 1.776624056464085333e-01
1.570272235501936166e+03 1.833566159333307743e-01
1.569485858548811166e+03 1.917080029314065792e-01
1.568700580228498666e+03 1.893423132230447059e-01
1.567915790189436166e+03 1.861669152773703928e-01
1.567131976712873666e+03 1.874456568720968275e-01
1.566349017728498666e+03 1.651470188904159975e-01
1.565566791165998666e+03 1.882043504708481862e-01
1.564785419095686166e+03 1.922127161579093579e-01
1.564004901517561166e+03 1.860020403636222230e-01
1.563225238431623666e+03 1.939481207810007934e-01
1.562446185697248666e+03 1.893415302492886254e-01
1.561668109525373666e+03 1.775343040320926657e-01
1.560890887845686166e+03 1.728045041947968152e-01
1.560114398587873666e+03 1.880206741151665140e-01
1.559338641751936166e+03 1.887562905174196282e-01
1.558563739408186166e+03 1.811924356721246188e-01
1.557789813626936166e+03 1.884950295166546441e-01
1.557016498197248666e+03 1.841916485249898428e-01
1.556244037259748666e+03 1.802099115857764000e-01
1.555472308744123666e+03 1.758773014856970240e-01
1.554701556790998666e+03 1.763146208498647671e-01
1.553931415189436166e+03 1.912998823080858390e-01
1.553162250150373666e+03 1.630409669514348014e-01
1.553162128080061166e+03 1.746132663531873019e-01
1.552906024564436166e+03 1.776501816006766099e-01
1.552649798978498666e+03 1.860160966474051214e-01
1.552393817533186166e+03 1.849193810027815743e-01
1.552393695462873666e+03 1.870185278933265138e-01
1.552137836087873666e+03 1.836676909232578814e-01
1.551626117337873666e+03 1.800050919847562270e-01
1.550859271634748666e+03 1.807258936954712902e-01
1.550093158353498666e+03 1.833269558869554394e-01
1.549327899564436166e+03 1.819606656308367654e-01
1.548563495267561166e+03 1.914132185257167995e-01
1.547799701322248666e+03 1.895594054965346886e-01
1.547036761869123666e+03 1.776878631661679420e-01
1.546274676908186166e+03 1.921076881455461016e-01
1.545513446439436166e+03 1.842895570070927913e-01
1.544752826322248666e+03 1.800198144458166616e-01
1.543992938626936166e+03 1.782063536697856276e-01
1.543234027494123666e+03 1.868794988107853605e-01
1.542475970853498666e+03 1.797181656182357257e-01
1.541718524564436166e+03 1.938266644252894244e-01
1.540961810697248666e+03 1.918964078537165052e-01
1.540205951322248666e+03 1.698464648890575246e-01
1.539450824369123666e+03 1.971247513400175289e-01
1.538696673978498666e+03 1.880816944234352528e-01
1.537943133939436166e+03 1.851957153314529037e-01
1.537190326322248666e+03 1.806884553275241168e-01
1.536438373197248666e+03 1.865149643577493910e-01
1.535686908353498666e+03 1.824247937717090318e-01
1.534936786283186166e+03 1.904141100764600858e-01
1.534186908353498666e+03 1.813331918902223450e-01
1.533438129056623666e+03 1.799163071467378971e-01
1.532689960111311166e+03 1.842761555306085819e-01
1.531942523587873666e+03 1.842310423549282372e-01
1.531196063626936166e+03 1.889617521006450029e-01
1.530450214017561166e+03 1.800907020558519256e-01
1.529705096830061166e+03 1.754816200340245935e-01
1.528960712064436166e+03 1.849994575390953022e-01
1.528217181790998666e+03 1.860550670906221948e-01
1.527474139798811166e+03 1.725887836781446194e-01
1.526732318509748666e+03 1.871009802887043660e-01
1.525990863431623666e+03 1.835065343533656690e-01
1.525250506986311166e+03 1.930032568509709445e-01
1.524510638822248666e+03 1.903479345002494494e-01
1.523771625150373666e+03 1.837216681922327344e-01
1.523033343900373666e+03 1.847202654836386515e-01
1.522295917142561166e+03 1.770919540762868338e-01
1.521559100736311166e+03 1.942585933111683760e-01
1.520823016751936166e+03 1.949432585784832139e-01
1.520087665189436166e+03 1.768221608962126101e-01
1.519353168119123666e+03 1.882315290121321372e-01
1.518619281400373666e+03 1.892780407609321869e-01
1.517886127103498666e+03 1.886448395574944481e-01
1.517154071439436166e+03 1.875403931540694513e-01
1.516422504056623666e+03 1.786509131385456972e-01
1.515691547025373666e+03 1.896822081762565282e-01
1.515448260892561166e+03 1.939419811949046613e-01
1.515204974759748666e+03 1.846383966526638221e-01
1.514961566556623666e+03 1.836240790615026597e-01
1.514961444486311166e+03 1.779475101355171285e-01
1.514718402494123666e+03 1.867902159623225367e-01
1.514475360501936166e+03 1.852313808692475638e-01
1.514232074369123666e+03 1.806312099340003363e-01
1.513503436673811166e+03 1.866620626106733349e-01
1.512775531400373666e+03 1.833914133313072070e-01
1.512048358548811166e+03 1.818385708818618662e-01
1.511322040189436166e+03 1.901234211320337320e-01
1.510596332181623666e+03 1.920456989566753925e-01
1.509871356595686166e+03 1.840110470080969507e-01
1.509147113431623666e+03 1.936270712205612199e-01
1.508423602689436166e+03 1.921929694654183618e-01
1.507700824369123666e+03 1.930387912526616567e-01
1.506978778470686166e+03 1.912067879938954829e-01
1.506257464994123666e+03 1.976362906332639058e-01
1.505536883939436166e+03 1.688390568345301546e-01
1.504817157376936166e+03 1.829883398021726060e-01
1.504097919095686166e+03 1.894945725776957801e-01
1.503379535306623666e+03 1.966781497606490403e-01
1.502660785141605857e+03 1.950768158236362848e-01
1.501942652604771865e+03 1.885258132130090691e-01
1.501225375860882650e+03 1.937968906391150103e-01
1.500508710397668438e+03 1.939229601911325318e-01
1.499792778471264000e+03 1.840726581544341878e-01
1.499077580081669339e+03 1.815900487767384830e-01
1.498362992972749680e+03 1.949567471568653954e-01
1.497649261656774797e+03 1.848413447175215885e-01
1.496936141621474690e+03 1.850067736923934614e-01
1.496223877379119585e+03 1.835297007063746988e-01
1.495512224417439029e+03 1.936857962620091855e-01
1.494801304992568703e+03 1.915804611501350507e-01
1.494090996848372924e+03 1.880904058049997218e-01
1.493381544497122150e+03 1.849132904844955905e-01
1.492672703426546150e+03 1.830798088851546823e-01
1.491964595892779926e+03 1.952574911368978594e-01
1.491257221895823704e+03 1.940002882276729568e-01
1.490550459179542258e+03 1.922281504770025906e-01
1.489844430000070588e+03 1.875832682330325352e-01
1.489139134357408921e+03 1.898224162957893035e-01
1.488434572251557029e+03 1.698988628246551891e-01
1.487730621426379912e+03 1.874033580863739556e-01
1.487027404138012798e+03 1.872524169760994284e-01
1.486324798130320460e+03 1.916266888118240697e-01
1.485623047915572897e+03 1.942849908099349709e-01
1.484921908981500337e+03 1.841208963032693047e-01
1.484221503584237553e+03 1.837943545478256391e-01
1.483521709467649544e+03 1.769410209233488462e-01
1.482822771144006310e+03 1.923566153145094826e-01
1.482124321844903079e+03 1.933288987214317745e-01
1.481426728338744851e+03 1.924535119105904024e-01
1.480729746113261172e+03 1.835162025745736836e-01
1.480033375168452494e+03 1.897984414318241997e-01
1.479337860016588593e+03 1.952377014647170284e-01
1.478642833889264693e+03 1.932806552714708692e-01
1.477948663554885570e+03 1.849894505944601752e-01
1.477255104501181222e+03 1.884383153321490534e-01
1.476562278984286650e+03 1.844194630131555102e-01
1.475870064748067080e+03 1.810521464185657070e-01
1.475178584048657513e+03 1.927989547336103615e-01
1.474487714629922493e+03 1.810000108205928604e-01
1.473797578747997477e+03 1.906108544255959991e-01
1.473108054146747236e+03 1.919031048948734441e-01
1.472419263082306998e+03 1.837605071676207957e-01
1.471731205554676535e+03 1.779575506649555827e-01
1.471043759307720848e+03 1.935190140898229161e-01
1.470357046597575163e+03 1.981652602453976564e-01
1.469670945168104254e+03 1.792446279859186975e-01
1.468985455019308120e+03 1.885311478333138169e-01
1.468300698407321988e+03 1.847559282719153650e-01
1.467616675332145633e+03 1.870311399048783241e-01
1.466933263537644052e+03 1.934706331317940786e-01
1.466250463023817474e+03 1.863078772050715537e-01
1.465568396046800672e+03 1.754651057243606094e-01
1.464886940350458644e+03 1.908654311699230777e-01
1.464206218190926620e+03 2.001061735331323144e-01
1.463526107312069371e+03 1.976363726655688546e-01
1.462846729970021897e+03 1.870574691647319265e-01
1.462167963908649426e+03 2.024408611924196910e-01
1.461489809127951730e+03 1.895745219064440545e-01
1.460812265627929037e+03 1.911679764808842386e-01
1.460135577920851119e+03 1.903533032568587580e-01
1.459459379238312977e+03 1.873148111555914541e-01
1.458783914092584837e+03 1.850037966032486159e-01
1.458109060227531472e+03 1.865923925127179750e-01
1.457434939899287883e+03 1.902909422421044383e-01
1.456761430851719297e+03 1.973572097644564205e-01
1.456088533084825485e+03 1.991899158312505358e-01
1.455416368854741449e+03 1.905506407241163713e-01
1.454744815905332416e+03 1.804821196628157987e-01
1.454073874236598158e+03 1.975319331509101939e-01
1.453403543848538902e+03 1.873266754450209903e-01
1.452734069253424423e+03 1.980258263961162668e-01
1.452065083682849718e+03 1.822599124867552989e-01
1.451396709392950015e+03 1.843388368104782460e-01
1.450729068639860088e+03 1.806352075499499665e-01
1.450062039167444937e+03 1.887298224744428654e-01
1.449395620975704787e+03 1.884073651512751524e-01
1.448729936320774414e+03 1.944134625143854600e-01
1.448064862946519042e+03 1.899825081493047851e-01
1.447400278596803446e+03 1.919298971246059249e-01
1.446736550040032625e+03 2.071958638131545238e-01
1.446073310507801580e+03 1.923311299511454020e-01
1.445410926768515537e+03 1.874265195443829135e-01
1.444748909797634496e+03 1.831979775242796316e-01
1.444087626363563231e+03 1.883458148621734440e-01
1.443427076466301742e+03 1.924654352017299286e-01
1.442767015593580027e+03 1.913771868519251462e-01
1.442107688257668315e+03 1.945684657802363993e-01
1.441448972202431605e+03 1.783617954662814475e-01
1.440790867427869443e+03 1.918609505133897497e-01
1.440133251677847284e+03 1.840922007119395187e-01
1.439476613976905128e+03 1.922602079337406289e-01
1.439476491720770127e+03 1.922604865349528680e-01
1.439257775495302667e+03 1.955529651566849381e-01
1.439038937013700206e+03 1.796563626797727520e-01
1.438820343044367746e+03 1.831349611752349782e-01
1.438820220788232746e+03 1.789645049810963673e-01
1.438601626818900286e+03 1.967492052149406867e-01
1.438383155105702599e+03 1.922060862840775375e-01
1.438164805648640140e+03 1.838557203412105046e-01
1.438164683392505140e+03 1.858931277104327318e-01
1.437946333935442681e+03 1.813871333724903778e-01
1.437728106734514995e+03 1.872671229180786490e-01
1.437509879533587537e+03 1.688389702010592852e-01
1.437509757277452536e+03 1.829695401390909471e-01
1.437291407820389850e+03 1.898241706250799743e-01
1.437073425131732165e+03 1.880239536888547724e-01
1.436855564699209708e+03 1.985262771747828558e-01
1.436855442443074708e+03 1.853634307825464678e-01
1.436637459754417023e+03 1.870909882916357292e-01
1.436419477065759338e+03 1.998159607466656884e-01
1.436201738889371654e+03 1.792414943904546976e-01
1.435984000712983971e+03 1.869054959748369105e-01
1.435766262536596287e+03 1.903309602047330296e-01
1.435548646616343603e+03 2.078188779196085967e-01
1.435331152952225921e+03 1.887703070747084599e-01
1.435113659288108011e+03 1.955230454394718265e-01
1.434896165623990328e+03 1.834664826523998149e-01
1.434678916472142646e+03 1.988788601185763893e-01
1.434461545064159736e+03 1.917368417061598995e-01
1.434244295912312054e+03 1.890729814215620919e-01
1.434027169016599146e+03 1.895323388324824387e-01
1.433810164377021238e+03 1.866330472237474891e-01
1.433593159737443557e+03 1.821506848689461167e-01
1.433376155097865649e+03 1.822536583128663012e-01
1.433159394970557742e+03 1.882274447556647190e-01
1.432942512587114834e+03 1.895872308644764304e-01
1.432725752459806927e+03 1.858852051426953811e-01
1.432509114588634020e+03 1.911603318415888153e-01
1.432292598973596114e+03 1.858213576820200996e-01
1.432076083358558208e+03 1.716340276537202392e-01
1.431859567743520074e+03 1.971071833942774632e-01
1.431643174384617168e+03 1.717164173020798990e-01
1.431426903281849263e+03 1.686621055661693125e-01
1.431210632179081131e+03 1.847640591471652882e-01
1.430994483332448226e+03 1.823584069687580467e-01
1.430778456741950095e+03 1.739948413160339880e-01
1.430562307895316962e+03 1.825226249395167366e-01
1.430346281304819058e+03 1.863009583728253982e-01
1.430130254714320927e+03 1.993827526706736797e-01
1.429914594892227797e+03 1.859339893616799577e-01
1.429698812813999666e+03 1.936838155070488288e-01
1.429483152991906536e+03 1.898650602940269161e-01
1.429267615425948406e+03 1.952455149224246178e-01
1.429051955603855276e+03 2.018048603231072657e-01
1.428836418037897147e+03 1.943251663426001086e-01
1.428621002728073790e+03 1.878834285861348818e-01
1.428405709674385662e+03 2.000071893056951655e-01
1.428190416620697533e+03 1.988944844181349536e-01
1.427975123567009177e+03 2.053201916091640655e-01
1.427759952769456049e+03 1.898975211365269700e-01
1.427545026484172695e+03 1.841587542984145232e-01
1.427329855686619339e+03 1.987548126504755375e-01
1.427114929401336212e+03 1.991670254067728074e-01
1.426900125372187858e+03 2.000520185706357035e-01
1.426685321343039504e+03 1.969634956796514624e-01
1.426470517313891150e+03 1.989554648505509893e-01
1.426255835540877797e+03 1.998095556149986352e-01
1.426041276023999444e+03 1.942796244487390578e-01
1.425826716507121091e+03 1.990455555553935496e-01
1.425612279246377739e+03 1.967021708212709774e-01
1.425397841985634159e+03 1.979599836034779403e-01
1.425183526981025807e+03 1.851562778720090285e-01
1.424969211976417455e+03 1.946937648753291061e-01
1.424755019227943876e+03 1.880990209536747004e-01
1.424540704223335524e+03 1.954054406430043023e-01
1.424326878243266947e+03 1.907935757378106667e-01
1.424112807750928368e+03 2.018472503905303084e-01
1.423898859514725018e+03 1.881837232287540684e-01
1.423685033534656441e+03 1.902276653101373227e-01
1.423471207554587863e+03 1.895689174553611689e-01
1.423257503830654287e+03 1.956762413533784106e-01
1.423043677850585709e+03 1.909222984961645164e-01
1.422830340895057134e+03 1.846012145907623414e-01
1.422616759427258557e+03 2.051635410290456596e-01
1.422403300215594982e+03 1.972019564350145082e-01
1.422189841003931406e+03 1.879462527496452706e-01
1.421976626304537604e+03 1.925550094504660803e-01
1.421763289349009028e+03 1.924750162706306278e-01
1.421550074649615226e+03 2.014326737220891173e-01
1.421336859950221651e+03 2.014997016642139094e-01
1.421123889763097850e+03 1.998346885517854332e-01
1.420910919575974276e+03 1.844061917746836476e-01
1.420697949388850475e+03 1.934068706235606561e-01
1.420485223713996675e+03 2.004141870735093589e-01
1.420272253526872873e+03 1.940615924222794664e-01
1.420059650108154074e+03 1.913417276927885657e-01
1.419846924433300501e+03 2.041633387237008768e-01
1.419634443270716474e+03 1.967175005526289877e-01
1.419421839851997674e+03 1.920089535186254581e-01
1.419209358689413875e+03 1.992101242370528380e-01
1.418996999782965077e+03 1.950121605963284765e-01
1.418784763132651278e+03 1.935464682193974995e-01
1.418572526482337253e+03 1.911671672115801413e-01
1.418360289832023454e+03 1.941824885042665316e-01
1.418148053181709429e+03 1.938463037686230517e-01
1.417936183299800632e+03 1.974282360225927402e-01
1.417724068905621607e+03 1.911926626691526909e-01
1.417512076767577810e+03 2.048715867390880074e-01
1.417300329141803786e+03 1.872244146444795310e-01
1.417088581516029762e+03 2.000100476713969622e-01
1.416876833890255739e+03 2.005486021266491281e-01
1.416665086264481715e+03 1.856373277293277557e-01
1.416453583150977693e+03 1.977102389355334666e-01
1.416242080037473670e+03 1.991053125950933422e-01
1.416030576923969647e+03 1.992390423214834838e-01
1.415819196066600625e+03 1.953022628341484213e-01
1.415607815209231603e+03 1.947786878895701179e-01
1.415396678864132355e+03 1.864391630437837732e-01
1.415185420262898333e+03 1.928160123044392882e-01
1.414974283917799085e+03 1.997656432537394389e-01
1.414763147572700063e+03 2.012009648331913314e-01
1.414552255739870816e+03 1.833224216937158757e-01
1.414341363907041796e+03 1.843966219385984595e-01
1.414130472074212548e+03 1.902102861538444156e-01
1.413919702497518301e+03 1.934860037999779070e-01
1.413709055176959055e+03 2.023469878096353369e-01
1.413498285600264808e+03 2.011406468665328795e-01
1.413287516023570788e+03 1.984858024032175317e-01
1.413077235471416316e+03 1.981791276501433385e-01
1.412866710406992070e+03 2.019995994343196377e-01
1.412656307598702824e+03 1.936072337029840496e-01
1.412445904790413579e+03 1.897491551215566286e-01
1.412235746494394334e+03 1.960341061720340394e-01
1.412025588198374862e+03 1.893190996140174109e-01
1.411815429902355618e+03 2.104712249596208951e-01
1.411605271606336146e+03 2.006330556420913847e-01
1.411395357822586902e+03 2.088707645286442538e-01
1.411185444038837431e+03 1.968558133002885069e-01
1.410975530255087961e+03 1.894443340475585047e-01
1.410765616471338717e+03 2.043206733512811235e-01
1.410555947199859247e+03 1.958894512853562031e-01
1.410346277928379777e+03 1.948638700082543640e-01
1.410136730913035308e+03 1.979942612931926971e-01
1.409927061641555838e+03 1.996298092288448234e-01
1.409717759138481370e+03 1.971111027336306665e-01
1.409508212123136900e+03 2.033254114770238485e-01
1.409298909620062432e+03 1.794320474991009384e-01
1.409089607116987736e+03 1.881805369671543104e-01
1.408880426870048268e+03 1.981430613153652431e-01
1.408671246623108800e+03 1.934812667940473963e-01
1.408462188632304105e+03 1.943377067348275589e-01
1.408253130641499638e+03 1.952728992445276202e-01
1.408044194906829944e+03 1.826461188146988601e-01
1.407835259172160477e+03 1.944334384181159170e-01
1.407626445693625783e+03 1.841990386385365386e-01
1.407417632215091089e+03 1.855428545049816469e-01
1.407208940992691396e+03 1.815283658019433977e-01
1.407000372026426703e+03 1.983847270615951563e-01
1.406791803060162238e+03 1.942710291487862728e-01
1.406583234093897545e+03 1.930680064755325442e-01
1.406374787383767853e+03 1.907510558583335736e-01
1.406166585185907934e+03 2.008565857581751657e-01
1.405958138475778242e+03 1.929803199200176844e-01
1.405749936277918550e+03 1.967850288612103815e-01
1.405541734080058859e+03 1.973548207498120599e-01
1.405333654138333941e+03 1.931889450870190872e-01
1.405125574196609250e+03 1.998228779660794208e-01
1.404917616511019332e+03 1.949586651830268469e-01
1.404709658825429642e+03 2.010810858751741481e-01
1.404501945652109725e+03 1.960773045896082589e-01
1.404294110222654808e+03 1.975826240870106887e-01
1.404086274793200118e+03 1.904598995821084884e-01
1.403878683876015202e+03 2.073817717831552276e-01
1.403671092958830286e+03 1.930287696480889603e-01
1.403463624297780370e+03 1.963870846886147659e-01
1.403256033380595454e+03 1.943314963295675601e-01
1.403048686975680539e+03 1.927314793142411442e-01
1.402841462826900397e+03 1.854337096449666378e-01
1.402634116421985482e+03 1.999168545792406326e-01
1.402426892273205567e+03 1.928607007694050912e-01
1.402219668124425652e+03 1.980293868081966224e-01
1.402012688487915511e+03 1.940097585935254276e-01
1.401805708851405598e+03 1.984825539979611919e-01
1.401598729214895457e+03 1.949923595511358909e-01
1.401391749578385543e+03 1.977369482213010010e-01
1.401184892198010402e+03 1.926886209431531161e-01
1.400978157073770490e+03 1.822462324727579519e-01
1.400771544205665350e+03 1.936236059540651921e-01
1.400564931337560211e+03 1.982614929292636219e-01
1.400358318469455071e+03 1.910545420515537274e-01
1.400151827857484932e+03 1.927684979749683669e-01
1.399945459501649793e+03 2.104237857777575549e-01
1.399738968889679654e+03 1.959329561429604405e-01
1.399532722789979516e+03 2.015799141777400993e-01
1.399326476690279378e+03 2.019256569915702515e-01
1.399120352846714013e+03 1.883839560396808888e-01
1.398914106747013875e+03 1.899902632887225662e-01
1.398708105159583738e+03 1.963048392722663571e-01
1.398502225828288374e+03 2.006400170323955345e-01
1.398296101984723236e+03 1.884432222162504278e-01
1.398090344909562873e+03 1.820349064956693352e-01
1.397884465578267509e+03 1.951628747190287394e-01
1.397678708503107373e+03 2.001816356591954449e-01
1.397473195940217011e+03 1.938643584975416889e-01
1.397267561121191648e+03 1.981647095724839158e-01
1.397061926302166285e+03 1.889996277795788493e-01
1.396856291483140922e+03 1.935579725539264273e-01
1.396651145688655561e+03 1.972347971926526333e-01
1.396445755381900199e+03 2.002826819714205731e-01
1.396240365075144837e+03 2.089970501485522991e-01
1.396035219280659476e+03 1.976629282763475992e-01
1.395830073486173887e+03 1.979454680419121260e-01
1.395624927691688526e+03 2.021941731492477579e-01
1.395419904153338166e+03 1.931685113564312883e-01
1.395214880614987578e+03 1.984128435487897413e-01
1.395009979332772218e+03 2.042086963489599949e-01
1.394805200306691631e+03 1.956719961632344129e-01
1.394600421280611272e+03 1.965129363559874887e-01
1.394395642254530685e+03 2.007447935517453763e-01
1.394190863228450098e+03 2.030309579023581723e-01
1.393986450970774513e+03 1.924862596616515598e-01
1.393781916456964154e+03 1.919572925924057649e-01
1.393577381943153568e+03 2.007408935538392281e-01
1.393372969685477983e+03 1.998453330099188019e-01
1.393168679683937398e+03 2.007117092849942386e-01
1.392964389682396586e+03 1.993390513056789992e-01
1.392760221936991002e+03 1.921769021329444715e-01
1.392556054191585417e+03 1.950715575435895688e-01
1.392351886446179833e+03 1.911641756316004304e-01
1.392147963213044022e+03 1.987025663898167038e-01
1.391943917723773438e+03 2.007286901359681686e-01
1.391739994490637628e+03 1.820527051419389419e-01
1.391536071257502044e+03 1.988792780665052939e-01
1.391332514792771235e+03 1.901446591232199002e-01
1.391128713815770652e+03 2.055138578865425558e-01
1.390925035094904842e+03 1.979137500802585214e-01
1.390721478630174033e+03 1.920580341599336660e-01
1.390517922165443224e+03 2.127118599291474288e-01
1.390314487956847415e+03 2.136459172769229198e-01
1.390111053748251607e+03 2.059305958941791970e-01
1.389907741795790798e+03 1.898789747637700531e-01
1.389704429843329990e+03 2.068053568903902018e-01
1.389501362403139183e+03 2.072123968269996008e-01
1.389298172706813375e+03 1.899975754926359062e-01
1.389094983010487567e+03 1.957999712634696243e-01
1.388891915570296533e+03 1.908801495267816450e-01
1.388688970386240726e+03 1.816182385284841605e-01
1.388486147458319692e+03 2.029391732362998690e-01
1.388283324530398886e+03 1.858826695102669402e-01
1.388080501602477852e+03 2.000737742931454899e-01
1.387877800930692047e+03 2.055022476870320136e-01
1.387675222515041014e+03 2.136506014808046694e-01
1.387472521843254981e+03 1.942225856439144804e-01
1.387270065683738949e+03 1.963850093756568937e-01
1.387067609524222917e+03 1.994633223215510620e-01
1.386865153364706885e+03 1.942676742865396544e-01
1.386662819461325853e+03 1.922690126358070073e-01
1.386460607814079822e+03 1.901495023552625951e-01
1.386258273910698790e+03 1.991103830515105755e-01
1.386056184519587759e+03 2.039508803376983981e-01
1.385854095128476729e+03 1.987286624953502612e-01
1.385652127993500471e+03 1.889538592811207118e-01
1.385450160858524441e+03 2.019875437364124782e-01
1.385248193723548411e+03 1.925068256023155788e-01
1.385046348844707154e+03 2.007181886382891078e-01
1.384844503965866124e+03 1.944788099248417612e-01
1.384642903599294868e+03 2.098806397759931663e-01
1.384441180976588612e+03 2.046355270335825371e-01
1.384239580610017583e+03 2.037157641978342981e-01
1.384037980243446327e+03 1.897710442120443264e-01
1.383836624389145072e+03 2.074165119156232140e-01
1.383635146278708817e+03 1.927526838817422983e-01
1.383433790424407562e+03 2.064086776575511373e-01
1.383232434570106307e+03 1.979308950614950824e-01
1.383031323228075053e+03 1.961534119654819996e-01
1.382830211886043799e+03 2.018159541685353164e-01
1.382628978287877544e+03 2.074823687302967956e-01
1.382427989201981063e+03 1.951288578964035514e-01
1.382227000116084810e+03 1.967034559862818888e-01
1.382026133286323557e+03 2.042324622677641199e-01
1.381825266456562076e+03 1.958572237314616660e-01
1.381624399626800823e+03 2.005396377353805548e-01
1.381423655053174343e+03 2.091574189384701188e-01
1.381222910479548091e+03 2.040887342360360457e-01
1.381022410418191612e+03 2.059301331441888983e-01
1.380821910356835133e+03 2.001465862185338451e-01
1.380621410295478654e+03 1.967545456699287543e-01
1.380420910234122175e+03 1.965029074319855074e-01
1.380220532428900697e+03 1.986069306002361257e-01
1.380020276879814219e+03 2.014227721221064915e-01
1.379820021330727741e+03 2.004998987108978226e-01
1.379619765781641263e+03 2.057155704729105583e-01
1.379419632488689786e+03 1.974019145173913914e-01
1.379219743708008309e+03 1.961891944149198597e-01
1.379019732671191605e+03 2.047460454617579251e-01
1.378819721634375128e+03 1.862556484781020816e-01
1.378619832853693651e+03 2.070691329579584516e-01
1.378419944073011948e+03 1.886765124274175920e-01
1.378220177548465472e+03 1.962756397833822775e-01
1.378020533280053769e+03 2.140961731400972123e-01
1.377820889011642294e+03 1.970990517514691343e-01
1.377621366999365591e+03 2.068743756848523685e-01
1.377421844987088889e+03 1.971317876885249343e-01
1.377222445230947187e+03 2.166137677407899698e-01
1.377023045474805485e+03 2.006743501463081614e-01
1.376823645718663784e+03 1.963874886954399268e-01
1.376624368218657082e+03 2.022812556113703086e-01
1.376425090718650608e+03 2.075448897641229140e-01
1.376226057730913681e+03 2.083443679594699227e-01
1.376026902487041980e+03 2.094425081699532731e-01
1.375827869499305280e+03 2.064282575148444765e-01
1.375628836511568579e+03 1.922863552586545344e-01
1.375429925779966652e+03 1.901394357834995663e-01
1.375231259560634953e+03 2.016070016429846457e-01
1.375032471085168027e+03 2.005679170673261291e-01
1.374833682609701327e+03 2.057082623880004124e-01
1.374635016390369401e+03 2.042445589662061078e-01
1.374436350171037702e+03 1.991860900662243139e-01
1.374237928463975777e+03 1.846136143326071177e-01
1.374039384500778851e+03 2.174805593390365388e-01
1.373840962793716926e+03 1.960812134383429772e-01
1.373642541086655001e+03 2.010221058835078567e-01
1.373444241635728304e+03 2.037972269059951103e-01
1.373246064440936152e+03 1.941713490521970176e-01
1.373047764990009455e+03 2.039817821038057144e-01
1.372849710051352304e+03 1.970548695422471852e-01
1.372651655112695380e+03 1.988692715997552041e-01
1.372453600174038456e+03 2.023811146250503457e-01
1.372255789747651534e+03 1.925431040666710780e-01
1.372057857065129383e+03 1.932894742420970258e-01
1.371860046638742460e+03 1.972289137612589227e-01
1.371662113956220537e+03 2.028591808285508946e-01
1.371464548042103388e+03 1.995532707207136047e-01
1.371266982127986239e+03 1.958919931080361776e-01
1.371069416213869317e+03 1.966735948679627366e-01
1.370871850299752168e+03 2.030042498566574649e-01
1.370674284385635019e+03 1.998769317544317192e-01
1.370476840727653098e+03 2.054137552139613243e-01
1.370279641581940723e+03 2.005678831947422525e-01
1.370082320180093802e+03 2.060531841116056140e-01
1.369885121034381655e+03 1.898882441875038296e-01
1.369687921888669507e+03 1.925845417273807092e-01
1.369490844999092133e+03 1.936801988952045472e-01
1.369293890365649986e+03 1.978902992988934018e-01
1.369096691219937838e+03 1.908719593088918920e-01
1.368899858842630692e+03 1.935221501460981930e-01
1.368703026465323319e+03 2.068351045833748403e-01
1.368506194088016173e+03 2.053542040774651301e-01
1.368309483966844027e+03 2.013481427996383355e-01
1.368112773845671654e+03 1.948797647151838397e-01
1.367916063724499509e+03 1.957870424527861086e-01
1.367719598115597137e+03 1.996883833210572889e-01
1.367523010250559764e+03 1.944595286898741782e-01
1.367326544641657620e+03 1.908506710224361635e-01
1.367130323545025249e+03 1.952337524344512076e-01
1.366933857936122877e+03 1.945878920297720027e-01
1.366737636839490506e+03 1.982770871860797535e-01
1.366541293486723134e+03 2.056039867394448273e-01
1.366345194646225764e+03 2.118635038336352805e-01
1.366149218061863394e+03 1.941035287943990995e-01
1.365953119221366023e+03 2.042352469719402874e-01
1.365757142637003426e+03 1.982303518473594872e-01
1.365561166052641056e+03 2.011795175853941520e-01
1.365365311724413687e+03 1.931875387497898333e-01
1.365169701908456091e+03 1.941934946686375563e-01
1.364973847580228721e+03 2.081783442375048365e-01
1.364778237764271125e+03 1.953322003307536026e-01
1.364582505692178756e+03 1.981808358335447051e-01
1.364387018132356161e+03 2.056231955802412525e-01
1.364191530572533793e+03 2.001998357338952150e-01
1.363996043012711198e+03 1.979638864710562829e-01
1.363800677709023603e+03 1.987185500698578355e-01
1.363605312405336008e+03 1.979996148035430559e-01
1.363410069357783414e+03 1.878590826230564503e-01
1.363214826310231047e+03 1.918559143995018645e-01
1.363019705518813453e+03 2.061735155075651305e-01
1.362824706983530632e+03 1.923876075483454406e-01
1.362629463935978038e+03 2.067499490179564858e-01
1.362434587656830445e+03 2.163039349094983965e-01
1.362239711377682852e+03 2.015471198876909176e-01
1.362044957354670032e+03 1.971099576369096940e-01
1.361850081075522439e+03 2.010512727838073832e-01
1.361655327052509847e+03 2.055230552099302221e-01
1.361460573029497027e+03 2.080002620428087201e-01
1.361265941262619435e+03 2.044013954118305831e-01
1.361071431751876617e+03 2.010821714569818175e-01
1.360877044497269026e+03 1.904257402601068627e-01
1.360682534986526207e+03 1.929561815745562403e-01
1.360488147731918389e+03 2.082805418213839466e-01
1.360293760477310570e+03 2.068422007946869035e-01
1.360099373222702980e+03 2.018230720299932779e-01
1.359905352736500163e+03 2.002617886256311264e-01
1.359711209994162346e+03 1.909892442896671538e-01
1.359517067251824528e+03 1.944183002912313052e-01
1.359323046765621484e+03 1.973857472198792262e-01
1.359129026279418667e+03 1.957595698745761281e-01
1.358935128049350851e+03 2.032820938938585675e-01
1.358741352075418035e+03 2.026700141671173572e-01
1.358547453845350219e+03 1.844222068959895933e-01
1.358353677871417176e+03 2.012253237421628149e-01
1.358160024153619361e+03 1.987252438991359560e-01
1.357966370435821318e+03 1.954012699102366246e-01
1.357772838974158503e+03 2.011513942013451184e-01
1.357579307512495461e+03 2.064305063362198434e-01
1.357385898306967420e+03 1.974938189570496772e-01
1.357192489101439605e+03 1.975863486488453058e-01
1.356999079895911564e+03 2.047219697968744867e-01
1.356805792946518523e+03 2.024703350921861489e-01
1.356612628253260482e+03 2.141052946508177068e-01
1.356419463560002441e+03 2.101224864758658439e-01
1.356226421122879401e+03 2.032493736401231876e-01
1.356033256429621360e+03 2.150212179314870409e-01
1.355840336248633321e+03 2.008859922017345312e-01
1.355647293811510281e+03 2.032984358733199437e-01
1.355454618142792242e+03 1.990404180482327201e-01
1.355261697961803975e+03 2.050777512734485442e-01
1.355068900036950936e+03 1.958891224447251445e-01
1.354876224368232897e+03 1.892190157574683840e-01
1.354683548699514631e+03 2.017009015531779359e-01
1.354491117543066593e+03 1.980508908531200540e-01
1.354298564130483328e+03 1.933970261134319302e-01
1.354106010717900290e+03 2.006584544732472331e-01
1.353913579561452025e+03 2.123624515849972250e-01
1.353721148405003760e+03 1.988054531093133848e-01
1.353528839504690495e+03 2.079288764998212802e-01
1.353336775116647232e+03 2.114847136254908722e-01
1.353144588472469195e+03 2.023987886067343256e-01
1.352952401828290931e+03 2.023775820617057519e-01
1.352760337440247667e+03 2.041606120098576338e-01
1.352568273052204404e+03 1.986957301537873588e-01
1.352376330920296141e+03 1.984631607783856055e-01
1.352184511044522651e+03 2.019882776239752264e-01
1.351992691168749388e+03 2.104598247607391281e-01
1.351800871292976126e+03 2.037972228019700183e-01
1.351609051417202863e+03 1.958115329542792216e-01
1.351417353797564374e+03 2.102707805016347520e-01
1.351225656177926112e+03 1.941833764799157092e-01
1.351034325326692624e+03 1.948133745003625406e-01
1.350842749963189362e+03 2.092845995168370887e-01
1.350651296855820874e+03 1.943202493439828427e-01
1.350459966004587386e+03 2.036027661578247161e-01
1.350268635153354126e+03 2.024143968528894222e-01
1.350077304302120638e+03 2.081902409733154546e-01
1.349886217963157151e+03 2.086948122730619692e-01
1.349695009368058663e+03 2.100951568288458304e-01
1.349503923029095176e+03 2.099092512979144898e-01
1.349312836690131689e+03 2.027682222872596307e-01
1.349121872607303203e+03 2.065041390733957927e-01
1.348930908524474717e+03 1.957033086369337760e-01
1.348740066697781231e+03 2.000529423599704537e-01
1.348549347127222518e+03 1.993005038425225972e-01
1.348358505300529032e+03 1.960213163677959891e-01
1.348167785729970547e+03 1.955200785523120433e-01
1.347977188415546834e+03 2.011423776694055976e-01
1.347786591101123349e+03 1.984398182658248522e-01
1.347596116042834637e+03 1.964354403838446395e-01
1.347405518728411153e+03 1.935307709080052174e-01
1.347215165926257441e+03 2.035045272775694025e-01
1.347024813124103957e+03 1.985699836394521078e-01
1.346834460321950246e+03 1.929603164823850414e-01
1.346644229775931535e+03 2.061457061920225486e-01
1.346454121486047825e+03 1.937619302996745063e-01
1.346264013196164115e+03 1.974832923075632296e-01
1.346073904906280404e+03 2.011544450204875711e-01
1.345883918872531694e+03 2.003857283444625548e-01
1.345693932838782985e+03 1.960569764086433353e-01
1.345503946805034275e+03 2.015168693189806626e-01
1.345314205283555566e+03 1.988001483076620168e-01
1.345124341505941857e+03 2.087661421025329422e-01
1.344934599984463148e+03 1.892518432430006503e-01
1.344744980719119212e+03 1.996179892061719918e-01
1.344555239197640503e+03 2.109054474409993440e-01
1.344365742188431568e+03 1.968410709859711727e-01
1.344176122923087860e+03 2.027077050439507477e-01
1.343986870426148926e+03 1.959526032702775811e-01
1.343797373416940218e+03 1.989834257603220191e-01
1.343607998663866283e+03 2.001816770626529129e-01
1.343418746166927349e+03 2.022165713761848449e-01
1.343229493669988642e+03 1.997749768047335506e-01
1.343040363429184708e+03 2.026968321527248262e-01
1.342851233188380775e+03 2.046288646815973278e-01
1.342662225203711841e+03 2.112935113972919665e-01
1.342473094962907908e+03 1.958253599342433260e-01
1.342284209234373975e+03 2.050214379477480475e-01
1.342095323505840042e+03 2.031242890567114268e-01
1.341906437777306110e+03 2.000254435674713449e-01
1.341717674304906950e+03 2.075666543943057163e-01
1.341529033088643018e+03 2.019861884465636304e-01
1.341340391872379087e+03 2.035431109369785774e-01
1.341151750656114928e+03 1.977514929265290766e-01
1.340963109439850996e+03 2.041029419028923819e-01
1.340774590479722065e+03 2.000090260447906776e-01
1.340586193775727907e+03 1.924663568280703674e-01
1.340397797071733748e+03 1.976336850443496940e-01
1.340209522623874818e+03 2.024776890971573817e-01
1.340021248176015661e+03 1.999861687247051489e-01
1.339832973728156503e+03 2.102819817635035449e-01
1.339644821536432346e+03 1.994957878972235532e-01
1.339456669344708416e+03 1.948287005339665590e-01
1.339268517152984259e+03 1.988280407149903284e-01
1.339080609473530103e+03 2.011984744010955062e-01
1.338892701794075947e+03 2.014158991790460929e-01
1.338704671858486790e+03 1.928273870585890670e-01
1.338516886435167635e+03 2.031589242679205654e-01
1.338329101011848252e+03 1.941481581338322937e-01
1.322385189425422823e+03 2.099426721014406028e-01
1.322202171991367550e+03 2.007990822920613649e-01
1.322019154557312277e+03 2.016277251714926610e-01
1.321836137123257004e+03 2.067556822809054062e-01
1.321653364201471732e+03 2.036976056494123333e-01
1.304875421262257532e+03 2.143194881420466824e-01
1.304697416329736143e+03 2.024010759843090368e-01
1.304519533653349754e+03 1.971636802571302138e-01
1.304341650976963365e+03 2.116749003655904182e-01
1.304163768300577203e+03 2.041051758993363274e-01
1.286982380115950491e+03 2.025184108036455211e-01
1.286809632197232986e+03 2.146104403010850870e-01
1.286636762022380481e+03 2.077498342885111260e-01
1.286464014103662976e+03 2.112297612498021393e-01
1.286291266184945698e+03 2.165951745920677574e-01
1.286118640522363194e+03 1.995774031024645234e-01
1.285946014859780689e+03 2.014043614678125982e-01
1.285773389197198185e+03 2.006904128309626445e-01
1.285600885790750681e+03 2.079505710766881565e-01
1.285428382384303177e+03 2.144737285730062559e-01
1.285256123490125447e+03 2.061374891832993550e-01
1.285083742339812943e+03 2.091197428985930307e-01
1.284911361189500440e+03 1.974689081191174644e-01
1.284739102295322937e+03 2.086071363458516514e-01
1.284566843401145206e+03 2.082148927384512849e-01
1.284394706763102704e+03 2.095006661475909693e-01
1.284222570125060201e+03 2.117241970301176057e-01
1.284050433487017472e+03 2.080869146371552569e-01
1.283878419105109970e+03 2.097942045413822842e-01
1.283706404723202240e+03 2.108684949082708926e-01
1.283534512597429739e+03 2.089642602396518389e-01
1.283362620471657010e+03 2.203105863352241844e-01
1.283190728345884281e+03 2.081640097302581982e-01
1.283018958476246553e+03 2.191023023131685177e-01
1.282847188606609052e+03 2.100402262705732270e-01
1.282675663249241325e+03 2.278450011815961185e-01
1.282504015635738597e+03 2.145827788094134547e-01
1.282332368022235869e+03 2.140096281168804848e-01
1.282160842664868142e+03 2.113269283450310010e-01
1.281989439563635415e+03 2.038908416913332855e-01
1.281817914206267687e+03 2.007255522238084455e-01
1.281646511105034961e+03 2.157283297492564589e-01
1.281475108003802006e+03 2.017273741581064594e-01
1.281303827158704280e+03 2.115944045950868269e-01
1.281132546313606554e+03 2.119960204584299124e-01
1.280961265468508827e+03 2.028131390279325763e-01
1.280790229135680875e+03 2.049789179314135401e-01
1.280619070546718149e+03 2.084910048706284658e-01
1.280447911957755423e+03 2.199244136190835475e-01
1.280276997881062471e+03 2.016196800443492421e-01
1.280105961548234518e+03 1.948259357829736360e-01
1.279935169727676794e+03 1.909063968697223279e-01
1.279764255650983841e+03 2.027725072307026144e-01
1.279593463830425890e+03 1.964278043264506279e-01
1.279422672009868165e+03 2.055696454691800235e-01
1.279252002445445214e+03 1.930216416692867865e-01
1.279081210624887262e+03 2.184738981425705662e-01
1.278910663316599312e+03 2.070564627978108696e-01
1.278739993752176360e+03 2.129418800532527356e-01
1.278569568700023410e+03 2.024333050277083990e-01
1.278399021391735459e+03 2.021732359713952487e-01
1.278228596339582509e+03 2.061761334537849377e-01
1.278058171287429559e+03 2.059258954025282584e-01
1.277887868491411609e+03 2.117577981621828198e-01
1.277717565695393660e+03 2.065301190174509416e-01
1.277547262899375482e+03 2.056668740773257009e-01
1.277377082359492533e+03 2.022203082739505164e-01
1.277206901819609584e+03 2.055287378461068681e-01
1.277036965791996408e+03 2.053369103387465144e-01
1.276866907508248460e+03 1.991753763079847639e-01
1.276696849224500284e+03 1.974389334995552969e-01
1.276526913196887335e+03 2.068109907761478128e-01
1.276357099425409160e+03 2.007617299733786553e-01
1.276187163397796212e+03 2.133401934229031405e-01
1.276017349626318037e+03 2.054386798714230022e-01
1.275847535854839862e+03 2.154758095711042931e-01
1.275677844339496687e+03 2.061007189535293826e-01
1.275508152824153740e+03 1.882891909826618915e-01
1.275338461308810565e+03 1.935119296033063208e-01
1.275169014305737392e+03 2.003240202825214700e-01
1.274999322790394217e+03 2.087761364393736774e-01
1.274829875787321043e+03 2.062437514283952111e-01
1.274660428784247870e+03 2.056437815969018312e-01
1.274491104037309697e+03 2.059952246969510015e-01
1.274321657034236523e+03 1.949244592537502652e-01
1.274152454543433350e+03 2.066938903614933820e-01
1.273983252052629950e+03 2.010261969039407737e-01
1.273814049561826778e+03 2.014102255107081962e-01
1.273644969327158606e+03 1.995197826032883981e-01
1.273475889092490206e+03 2.020559535601330614e-01
1.273306931113957035e+03 2.029310565126738741e-01
1.273306808857822034e+03 2.139817950950149705e-01
1.273137850879288635e+03 2.003384163829615983e-01
1.273137728623153635e+03 1.952388559334430340e-01
1.272969015156890464e+03 2.164456594161582870e-01
1.272968892900755463e+03 1.986000256562301114e-01
1.272800057178357065e+03 2.104155683847178659e-01
1.272799934922222064e+03 2.002215682032222333e-01
1.272631099199823893e+03 2.027202315788222686e-01
1.272630976943688893e+03 2.001722081773318618e-01
1.272462141221290494e+03 1.993039556026400538e-01
1.272293427755027096e+03 2.002045499509675086e-01
1.272124714288763926e+03 1.908900946888514583e-01
1.271956000822500528e+03 2.103951664697902291e-01
1.271787409612372130e+03 2.110888316194382830e-01
1.271618818402243733e+03 1.965561058708411857e-01
1.271450227192115335e+03 2.109193916359078380e-01
1.271281758238121938e+03 2.050312045924810589e-01
1.271113289284128541e+03 1.957958683766697072e-01
1.270944942586270145e+03 2.085983497130798892e-01
1.270776595888411748e+03 2.077655198471327624e-01
1.270608249190553352e+03 2.044348768520937443e-01
1.270440147004964956e+03 1.978076363084612654e-01
1.270271922563241333e+03 2.040831984610853578e-01
1.270103698121517937e+03 2.026966629151157884e-01
1.269935595935929541e+03 2.079690856684905109e-01
1.269767616006475919e+03 2.013798736887034702e-01
1.269599513820887523e+03 2.069422796123202846e-01
1.269431533891434128e+03 2.048284021110858277e-01
1.269263676218115506e+03 2.135711007061823208e-01
1.269095818544797112e+03 2.111005569798958537e-01
1.268927960871478490e+03 2.030720560803243036e-01
1.268760103198159868e+03 2.069654433836135010e-01
1.268592490037111475e+03 2.037494753607131115e-01
1.268424754619927853e+03 2.089050955132565335e-01
1.268257019202744232e+03 2.010413205914960422e-01
1.268089528297830611e+03 2.100051334927161562e-01
1.267921915136781990e+03 2.038996449921901544e-01
1.267754424231868370e+03 2.019286245144629732e-01
1.267586933326954977e+03 2.043106896435875064e-01
1.267419686934311130e+03 2.006920909357167437e-01
1.267252196029397510e+03 2.039015721807446446e-01
1.267084827380618890e+03 2.013631143674593504e-01
1.266917580987975271e+03 1.954072044585374313e-01
1.266750334595331651e+03 2.177291297633020817e-01
1.266583210458823032e+03 2.016094662204502008e-01
1.266416208578449186e+03 2.027802873146250795e-01
1.266249084441940568e+03 2.021391866642676949e-01
1.266082082561566949e+03 2.011961697466211341e-01
1.265915080681193103e+03 2.010730319278712930e-01
1.265748078800819485e+03 2.066412149212246696e-01
1.265581199176580640e+03 2.100582740202180665e-01
1.265414319552342022e+03 2.027664997658062962e-01
1.265247684440373177e+03 2.008601511263018724e-01
1.265080804816134332e+03 2.017741623411549168e-01
1.264914047448030715e+03 2.037496974244398795e-01
1.264747412336061871e+03 2.068932399524271437e-01
1.264580777224093026e+03 1.995612625284991226e-01
1.264414264368259182e+03 2.004390230734612588e-01
1.264247751512425339e+03 2.048504639187963550e-01
1.264081238656591722e+03 1.996455450066103587e-01
1.263914848056892879e+03 2.093009222340469766e-01
1.263748457457194036e+03 2.111773081972957711e-01
1.263582066857495192e+03 1.997004881353384997e-01
1.263415798513931122e+03 2.103459412988768762e-01
1.263249530170367279e+03 2.031765114877671086e-01
1.263083384082938437e+03 2.097646583882068205e-01
1.262917115739374594e+03 2.093272129933244907e-01
1.262751091908080753e+03 2.089272071430759159e-01
1.262584945820651683e+03 2.009157624713427126e-01
1.262418921989357841e+03 1.883655899382249144e-01
1.262253020414198772e+03 2.173166551935428736e-01
1.262087118839039931e+03 2.153696036173129158e-01
1.261921217263880862e+03 2.045514580428189622e-01
1.261755315688722021e+03 2.056760332658178758e-01
1.261589658625832953e+03 2.075770610438931740e-01
1.261424001562944113e+03 2.070758363019364057e-01
1.261258222243920045e+03 1.988541414892198156e-01
1.261092565181030977e+03 2.109855792780116757e-01
1.260927030374276910e+03 2.217008408254605156e-01
1.260761495567523070e+03 2.149711171536340393e-01
1.260595960760769003e+03 2.063141844390053992e-01
1.260430425954014936e+03 1.930880671380347802e-01
1.260265013403395869e+03 1.993886336724196295e-01
1.260099723108911803e+03 2.058728166639336998e-01
1.259934310558292736e+03 2.051400397600842140e-01
1.259769142519943671e+03 2.054617385123200524e-01
1.259603852225459605e+03 2.065058549299105262e-01
1.259438684187110312e+03 2.091324650761375581e-01
