# Wavelength, Reflectance
1.644404115079023313e+03 2.980024241065080681e-01
1.643538026211835813e+03 2.924269503211248677e-01
1.642672791836835813e+03 3.053925513959185323e-01
1.641808534024335813e+03 3.008642913840227640e-01
1.640945130704023313e+03 3.008672654312228856e-01
1.640082826016523313e+03 2.909870587491233951e-01
1.639221375821210813e+03 3.048889234736852361e-01
1.638360902188398313e+03 3.070281113674068196e-01
1.637501283047773313e+03 2.976198091714405969e-01
1.636642762539960813e+03 3.015606714854349724e-01
1.635785096524335813e+03 3.044993629699141446e-01
1.634928407071210813e+03 3.130840991345218427e-01
1.634072694180585813e+03 3.040885102948510665e-01
1.633217835782148313e+03 3.059051984266334956e-01
1.632363953946210813e+03 3.091456487130153086e-01
1.631510926602460813e+03 3.087201733751040456e-01
1.630658875821210813e+03 2.979995444510671332e-01
1.629807801602460813e+03 2.984857293795645239e-01
1.628957581875898313e+03 2.958625731625437738e-01
1.628108338711835813e+03 2.942133340387166340e-01
1.627259950039960813e+03 2.959604535612758158e-01
1.626412537930585813e+03 2.977115215519891556e-01
1.625566102383710813e+03 2.973920563261740480e-01
1.624720643399335813e+03 3.021631286672806227e-01
1.623875916836835813e+03 3.036313656949260475e-01
1.623032288907148313e+03 2.996233320229019226e-01
1.622189393399335813e+03 3.021677831615356968e-01
1.621347596524335813e+03 3.081567840787401424e-01
1.620506532071210813e+03 2.991816003217324105e-01
1.619666566250898313e+03 3.060982713296323543e-01
1.618827332852460813e+03 2.962403158577210371e-01
1.617989076016523313e+03 3.027641798565302578e-01
1.617151673672773313e+03 2.965310335745571790e-01
1.616315247891523313e+03 2.925395146698717697e-01
1.615479676602460813e+03 2.972221152732918981e-01
1.614645081875898313e+03 2.973764708861695860e-01
1.613811463711835813e+03 2.936751498192831655e-01
1.612978577969648313e+03 3.008302833664328602e-01
1.612146668789960813e+03 3.005629182627813645e-01
1.611315614102460813e+03 2.993183763521118923e-01
1.610485535977460813e+03 2.956451824960462105e-01
1.609656312344648313e+03 3.005091930538890677e-01
1.608827943204023313e+03 2.972321730859202593e-01
1.608000550625898313e+03 2.953968638791127366e-01
1.607173890469648313e+03 2.962138888103155177e-01
1.606348206875898313e+03 2.934540743901674076e-01
1.605523499844648313e+03 2.968463222540720925e-01
1.604699647305585813e+03 2.897469738558189900e-01
1.603876527188398313e+03 2.918868774976581815e-01
1.603054383633710813e+03 2.964739001648090122e-01
1.602233216641523313e+03 2.988539953640196867e-01
1.601412782071210813e+03 2.949517587828064391e-01
1.600593324063398313e+03 3.012326873031121455e-01
1.599774720547773313e+03 2.950185877754602504e-01
1.598956971524335813e+03 2.915750690005772250e-01
1.598140076993085813e+03 3.000735363425265367e-01
1.597323914883710813e+03 2.946434826799207984e-01
1.596509095547773313e+03 2.950112000228908293e-01
1.595694764493085813e+03 2.955261183179451190e-01
1.594881287930585813e+03 2.941423384425053134e-01
1.594068910000898313e+03 2.942465610332872794e-01
1.593257142422773313e+03 2.959688119674145357e-01
1.592446351407148313e+03 2.927644965084931772e-01
1.591636536954023313e+03 2.937315830669851024e-01
1.590827454922773313e+03 3.009807354589658646e-01
1.590019349454023313e+03 2.911772192577741225e-01
1.589211854336835813e+03 2.861186356962812094e-01
1.588405213711835813e+03 2.918550310933644698e-01
1.587599793789960813e+03 2.937836933355235103e-01
1.586794984219648313e+03 2.834112074385421454e-01
1.585991029141523313e+03 2.903525008686423936e-01
1.585188050625898313e+03 2.966617695061648519e-01
1.584385804532148313e+03 2.959032007504348027e-01
1.583584412930585813e+03 2.980270231891093968e-01
1.582783997891523313e+03 2.927133160993651839e-01
1.581984315274335813e+03 2.970482247748474913e-01
1.581185609219648313e+03 2.942944188405525741e-01
1.580387513516523313e+03 2.957254871433153132e-01
1.579590272305585813e+03 2.941203457856829684e-01
1.578794129727460813e+03 3.018507449329817516e-01
1.577998597500898313e+03 2.979759041793282326e-01
1.577204041836835813e+03 2.949443301492924996e-01
1.576410340664960813e+03 3.018183518258706899e-01
1.575617371914960813e+03 2.979063702755438969e-01
1.574825135586835813e+03 2.948269850284672144e-01
1.574033875821210813e+03 2.906036168615559467e-01
1.573243470547773313e+03 2.978505526269776826e-01
1.572453919766523313e+03 2.879679694313875271e-01
1.571665101407148313e+03 2.912812599544569725e-01
1.570877015469648313e+03 2.966361805768393256e-01
1.570090028164960813e+03 2.994911514598446178e-01
1.569303651211835813e+03 2.940008133558801862e-01
1.568518372891523313e+03 2.933672197252688019e-01
1.567733582852460813e+03 2.910203570556079145e-01
1.566949769375898313e+03 2.928541977323100287e-01
1.566166810391523313e+03 2.953702774035479872e-01
1.565384583829023313e+03 2.935814741045271181e-01
1.564603211758710813e+03 2.935180639812605685e-01
1.563822694180585813e+03 2.999768077146591772e-01
1.563043031094648313e+03 2.931460892405419183e-01
1.562263978360273313e+03 2.903579757265357664e-01
1.561485902188398313e+03 2.950618739007841995e-01
1.560708680508710813e+03 2.899815658385884731e-01
1.559932191250898313e+03 2.894498752274985987e-01
1.559156434414960813e+03 2.915234331468288254e-01
1.558381532071210813e+03 2.896385451759594942e-01
1.557607606289960813e+03 2.928950665715103208e-01
1.556834290860273313e+03 2.899124072531288343e-01
1.556061829922773313e+03 2.947930772647248121e-01
1.555290101407148313e+03 2.891287466495900405e-01
1.554519349454023313e+03 2.951047165856717780e-01
1.553749207852460813e+03 2.947830489500565254e-01
1.552980042813398313e+03 2.902958833170019015e-01
1.552979920743085813e+03 2.877368431570562213e-01
1.552723817227460813e+03 2.890469353997734969e-01
1.552467591641523313e+03 2.900017621505673326e-01
1.552211610196210813e+03 2.927147758359570084e-01
1.552211488125898313e+03 2.927145950419977050e-01
1.551955628750898313e+03 2.907379624656556416e-01
1.551443910000898313e+03 2.920712228330730187e-01
1.550677064297773313e+03 2.894526028732704037e-01
1.549910951016523313e+03 2.936980418321101793e-01
1.549145692227460813e+03 2.892469796794734926e-01
1.548381287930585813e+03 2.875684983331200928e-01
1.547617493985273313e+03 2.918877903860660483e-01
1.546854554532148313e+03 2.908263677591406693e-01
1.546092469571210813e+03 2.911182356414915295e-01
1.545331239102460813e+03 2.920599608098615740e-01
1.544570618985273313e+03 2.897164416557652111e-01
1.543810731289960813e+03 2.925886439534723937e-01
1.543051820157148313e+03 2.962705587133051544e-01
1.542293763516523313e+03 2.932059964531321672e-01
1.541536317227460813e+03 2.905285249200099673e-01
1.540779603360273313e+03 2.925171482841261161e-01
1.540023743985273313e+03 2.912784918403621415e-01
1.539268617032148313e+03 2.927757686354988120e-01
1.538514466641523313e+03 2.932183229884027242e-01
1.537760926602460813e+03 2.951855148675913143e-01
1.537008118985273313e+03 2.909265218832444155e-01
1.536256165860273313e+03 2.928586581381553144e-01
1.535504701016523313e+03 2.946973234635489880e-01
1.534754578946210813e+03 2.893470044522536977e-01
1.534004701016523313e+03 2.912189885483021379e-01
1.533255921719648313e+03 2.916647351455504134e-01
1.532507752774335813e+03 2.901890819123997267e-01
1.531760316250898313e+03 2.915832563163774926e-01
1.531013856289960813e+03 2.937865389359055057e-01
1.530268006680585813e+03 2.948161314328735516e-01
1.529522889493085813e+03 2.892125813376151267e-01
1.528778504727460813e+03 2.904352177490310827e-01
1.528034974454023313e+03 2.920380379523062064e-01
1.527291932461835813e+03 2.944280241768693629e-01
1.526550111172773313e+03 2.921030410398209320e-01
1.525808656094648313e+03 2.868945988060923602e-01
1.525068299649335813e+03 2.946867214033964677e-01
1.524328431485273313e+03 2.925407115912668776e-01
1.523589417813398313e+03 2.905162260187030276e-01
1.522851136563398313e+03 2.894722890374784585e-01
1.522113709805585813e+03 2.902636962835463685e-01
1.521376893399335813e+03 2.888698504838647096e-01
1.520640809414960813e+03 2.908667733660353361e-01
1.519905457852460813e+03 2.894196151602737022e-01
1.519170960782148313e+03 2.905850293736228496e-01
1.518437074063398313e+03 2.919224751558490705e-01
1.517703919766523313e+03 2.891229249816044122e-01
1.516971864102460813e+03 2.884208290261526808e-01
1.516240296719648313e+03 2.848333358025951223e-01
1.515509339688398313e+03 2.914506943445110965e-01
1.515266053555585813e+03 2.901140839789027037e-01
1.515022767422773313e+03 2.870974114307016656e-01
1.514779359219648313e+03 2.872068058702033078e-01
1.514779237149335813e+03 2.878648304231786748e-01
1.514536195157148313e+03 2.877962071721688053e-01
1.514293153164960813e+03 2.909141263125385457e-01
1.514049867032148313e+03 2.888060295280909795e-01
1.513321229336835813e+03 2.902908180399624283e-01
1.512593324063398313e+03 2.903206203722059064e-01
1.511866151211835813e+03 2.851432202351252276e-01
1.511139832852460813e+03 2.936069957409730979e-01
1.510414124844648313e+03 2.900505296738777328e-01
1.509689149258710813e+03 2.936585768655755602e-01
1.508964906094648313e+03 2.940647602645218295e-01
1.508241395352460813e+03 2.910555816669623819e-01
1.507518617032148313e+03 2.887102335788680474e-01
1.506796571133710813e+03 2.962478555253821866e-01
1.506075257657148313e+03 2.932436775471065626e-01
1.505354676602460813e+03 2.948114436078391742e-01
1.504634950039960813e+03 2.914661762226707364e-01
1.503915711758710813e+03 2.931897319338730989e-01
1.503197303779283629e+03 2.956544088410623661e-01
1.502478704521158761e+03 2.904838216967834397e-01
1.501760838527583246e+03 2.908278792031674387e-01
1.501043828009315121e+03 2.911088402538188902e-01
1.500327428544837630e+03 2.916741734762710037e-01
1.499611762344909494e+03 2.910328900507858640e-01
1.498896829409530255e+03 2.922601184715849509e-01
1.498182507527942107e+03 2.874241063649691230e-01
1.497469041121661121e+03 2.929332814983777178e-01
1.496756185769171225e+03 2.917212662390538114e-01
1.496044185891988491e+03 2.903122537981840390e-01
1.495332797068596619e+03 2.910372776692626839e-01
1.494622141509754101e+03 2.915001974789780959e-01
1.493912097004702218e+03 2.889720758265469924e-01
1.493202907974957952e+03 2.936883979981973480e-01
1.492494329999004322e+03 2.922421667102328424e-01
1.491786485287599817e+03 2.911076856998860984e-01
1.491079373840744438e+03 2.938143868468395259e-01
1.490372873447680149e+03 2.924566811594934701e-01
1.489667106319164759e+03 2.923619347015057324e-01
1.488962072455198722e+03 2.951132995772919321e-01
1.488257771855781584e+03 2.883297558829209795e-01
1.487554082310155309e+03 2.922075837709264823e-01
1.486851126029078387e+03 2.924402819195769943e-01
1.486148780801792327e+03 2.947041331549358212e-01
1.485447291049813430e+03 2.917049004611201868e-01
1.484746412351625395e+03 2.946366921227661084e-01
1.484046266917986713e+03 2.912168462659033841e-01
1.483346732538138667e+03 2.871905340857973110e-01
1.482648053633598238e+03 2.918270249200256017e-01
1.481949863572090408e+03 2.895504910175185076e-01
1.481252528985889739e+03 2.903757380795132792e-01
1.480555805453480161e+03 2.934919367847699245e-01
1.479859692974861446e+03 2.926626017387222167e-01
1.479164435971549892e+03 2.918514111000143907e-01
1.478469667811271165e+03 2.943368772009712364e-01
1.477775755126299828e+03 2.945703176352867381e-01
1.477082453495119353e+03 2.931640602309502075e-01
1.476389885128488004e+03 2.970895079494551561e-01
1.475697927815647517e+03 2.905572368740361733e-01
1.475006703767356157e+03 2.881087497549946752e-01
1.474316090772855887e+03 2.969881155468182543e-01
1.473626211042904515e+03 2.973968362686481570e-01
1.472936942366744006e+03 2.960255704327205972e-01
1.472248406955132850e+03 2.911410895107511276e-01
1.471560604808070593e+03 2.861126465252112894e-01
1.470873413714799426e+03 2.883365790648586557e-01
1.470186955886077158e+03 2.879495722258407220e-01
1.469501109111145979e+03 2.869068803150701119e-01
1.468815873390005663e+03 2.908798240921534051e-01
1.468131370933414473e+03 2.897283682116957859e-01
1.467447601741372409e+03 2.941274161047687241e-01
1.466764443603121208e+03 2.931177115430278479e-01
1.466081896518660869e+03 2.889731470790506962e-01
1.465400082698749884e+03 2.890830120036090300e-01
1.464718879932629534e+03 2.908770036029800221e-01
1.464038410431058537e+03 2.905524601277735264e-01
1.463358551983278403e+03 2.930876117453719010e-01
1.462679426800047167e+03 2.896549644663772849e-01
1.462000912670607022e+03 2.944546118277192592e-01
1.461323009594957739e+03 2.941081527815426755e-01
1.460645717573099546e+03 2.913445119062649247e-01
1.459969281026548515e+03 2.899840972852018584e-01
1.459293333323030311e+03 2.870625712436419286e-01
1.458618118884061005e+03 2.872155397858098258e-01
1.457943515498882789e+03 2.915958556643979960e-01
1.457269645378253699e+03 2.886704205349408525e-01
1.456596386311415472e+03 2.915648299455909642e-01
1.455923738298368107e+03 2.877850110561960828e-01
1.455251823549869869e+03 2.843542263392367375e-01
1.454580519855162720e+03 2.855528685204863915e-01
1.453909827214246206e+03 2.905519091174257884e-01
1.453239745627120783e+03 2.909986034631225071e-01
1.452570519515302749e+03 2.907698001468825288e-01
1.451901782246517314e+03 2.912161003196981901e-01
1.451233656031522742e+03 2.947029993734640030e-01
1.450566263081077523e+03 2.927205712681037464e-01
1.449899481184422939e+03 2.909720821381600597e-01
1.449233310341559445e+03 2.917747228799686399e-01
1.448567872763245077e+03 2.907168596308923880e-01
1.447903046238721572e+03 2.940869318950585787e-01
1.447238708557230893e+03 3.012265588523082571e-01
1.446575226351047377e+03 2.936275298632079478e-01
1.445912232987896687e+03 2.945048680717374801e-01
1.445250095100053159e+03 2.932389802947650281e-01
1.444588323844484194e+03 2.951081399451479514e-01
1.443927285853464582e+03 2.954073717344310457e-01
1.443266981126993869e+03 2.949098534496202295e-01
1.442607165243555755e+03 2.974150212737581844e-01
1.441948082624666995e+03 2.941832719697202725e-01
1.441289611059569097e+03 2.942777235959105897e-01
1.440631750548262062e+03 2.920260881055909419e-01
1.439974378879987853e+03 2.905899722202232027e-01
1.439317984897779070e+03 2.963537237954277925e-01
1.439317862687021034e+03 2.877170413527281312e-01
1.439099227640628897e+03 2.944575737763890366e-01
1.438880470383478723e+03 2.892543400028685374e-01
1.438661957547844850e+03 2.912974744367618496e-01
1.438661835337086814e+03 2.916679121444663014e-01
1.438443322501452940e+03 2.937277679224839511e-01
1.438224931876577330e+03 2.896627545984921670e-01
1.438006663462459755e+03 2.944215973364402994e-01
1.438006541251701719e+03 2.929721976301537523e-01
1.437788272837584145e+03 2.957896149905901995e-01
1.437570126634224835e+03 2.932137756336666290e-01
1.437351980430865524e+03 2.871422637924199162e-01
1.437351858220107488e+03 2.889259537001156453e-01
1.437133589805989914e+03 2.942752508729888361e-01
1.436915688024147130e+03 2.938139061902450000e-01
1.436697908453062382e+03 2.939401823007114500e-01
1.436697786242304119e+03 2.910769690701587864e-01
1.436479884460461335e+03 2.917021852941172888e-01
1.436261982678618324e+03 2.923380387701118299e-01
1.436044325318291840e+03 2.906194481528737716e-01
1.435826667957965356e+03 2.904557251207628421e-01
1.435609010597638644e+03 2.922234246277748415e-01
1.435391475448070423e+03 2.938374288405242174e-01
1.435174062509260239e+03 2.938516887285459456e-01
1.434956649570450054e+03 2.980015766808367661e-01
1.434739236631639869e+03 2.985325827356634099e-01
1.434522068114346212e+03 2.938974965043983922e-01
1.434304777386294063e+03 2.963957619267658661e-01
1.434087608869000405e+03 2.929689479959324272e-01
1.433870562562464784e+03 2.982529692065662430e-01
1.433653638466687198e+03 2.944524119557174746e-01
1.433436714370909840e+03 2.924602182969884279e-01
1.433219790275132482e+03 2.883067161838155923e-01
1.433003110600871423e+03 2.928993776331712540e-01
1.432786308715852101e+03 2.984339466437310739e-01
1.432569629041591043e+03 2.950035359189758788e-01
1.432353071578088247e+03 2.983724418343370322e-01
1.432136636325343488e+03 2.946873968992789750e-01
1.431920201072598729e+03 2.921441045346127585e-01
1.431703765819854198e+03 2.906630648717854482e-01
1.431487452777867702e+03 2.917120185688644174e-01
1.431271261946639243e+03 2.853314841379707700e-01
1.431055071115411010e+03 2.806825723597177746e-01
1.430839002494940814e+03 2.832130455704591210e-01
1.430623056085228882e+03 2.847301629027823022e-01
1.430406987464758686e+03 2.905232316947432003e-01
1.430191041055046753e+03 2.981704810634651648e-01
1.429975094645334821e+03 2.958622594182040988e-01
1.429759514867897451e+03 2.918027259047261679e-01
1.429543812879701818e+03 2.928704386598753318e-01
1.429328233102264448e+03 2.888147123258378302e-01
1.429112775535585342e+03 2.904327731955639313e-01
1.428897195758147745e+03 2.947472269199505335e-01
1.428681738191468639e+03 2.969769145020102474e-01
1.428466402835547569e+03 2.929967988522758082e-01
1.428251189690384763e+03 2.941774523536249686e-01
1.428035976545221956e+03 2.934119177552283464e-01
1.427820763400059150e+03 2.943764831186823083e-01
1.427605672465654379e+03 2.983157658655668509e-01
1.427390825952766136e+03 2.968572960431686836e-01
1.427175735018361365e+03 2.983501868421556402e-01
1.426960888505473122e+03 2.972232644233135379e-01
1.426746164203343142e+03 2.962134143388164831e-01
1.426531439901212934e+03 2.980801109945407923e-01
1.426316715599082727e+03 3.002632488409686107e-01
1.426102113507710783e+03 2.967728783778145196e-01
1.425887633627097102e+03 2.957494105961586128e-01
1.425673153746483422e+03 3.022835045348020167e-01
1.425458796076627777e+03 2.929457467456957898e-01
1.425244438406772360e+03 2.976205900144552330e-01
1.425030202947674979e+03 2.931244076031758183e-01
1.424815967488577598e+03 2.967328079612933101e-01
1.424601854240238481e+03 2.929703045680839835e-01
1.424387618781141100e+03 2.942538147353486178e-01
1.424173872165076318e+03 2.934245569936590470e-01
1.423959881127495464e+03 2.911340598708707650e-01
1.423746012300672646e+03 2.935806848462562679e-01
1.423532265684607864e+03 2.935149158410187420e-01
1.423318519068543310e+03 2.901277705804227169e-01
1.423104894663236792e+03 2.957139636710076069e-01
1.422891148047172237e+03 2.945761013164016617e-01
1.422677890274140282e+03 2.938199149844634706e-01
1.422464388079592027e+03 2.928549709802290568e-01
1.422251008095802035e+03 2.923128162103132976e-01
1.422037628112011816e+03 2.975839964735835230e-01
1.421824492549738125e+03 2.953638860264536370e-01
1.421611234776706397e+03 2.938009533916904892e-01
1.421398099214432477e+03 2.943758994640207072e-01
1.421184963652158785e+03 2.902064162408714010e-01
1.420972072511401620e+03 2.890033775665075688e-01
1.420759181370644228e+03 2.933261831275790210e-01
1.420546290229886836e+03 2.882672818845506413e-01
1.420333643510645970e+03 2.966313493779624832e-01
1.420120752369888578e+03 2.949617845725162057e-01
1.419908227861405749e+03 2.954084017436182652e-01
1.419695581142164883e+03 2.960422618784797066e-01
1.419483178844440090e+03 2.978397413757381540e-01
1.419270654335957488e+03 3.028479889990792762e-01
1.419058252038232695e+03 2.998633722712077954e-01
1.418845971951266392e+03 2.940232689132740718e-01
1.418633814075058126e+03 2.893502445013638735e-01
1.418421656198849860e+03 2.936346642387753225e-01
1.418209498322641593e+03 2.922458049943424951e-01
1.417997340446433327e+03 2.964903018762257703e-01
1.417785549202499851e+03 2.883026535418855563e-01
1.417573513537049621e+03 2.924879955639398954e-01
1.417361600082357882e+03 2.939199895930160178e-01
1.417149931049182442e+03 2.915675968272886109e-01
1.416938262016006775e+03 2.924800291941916375e-01
1.416726592982831335e+03 2.942517440092916048e-01
1.416514923949655895e+03 2.926680065996385971e-01
1.416303499337996755e+03 2.949682855575324059e-01
1.416092074726337614e+03 2.918460297227695732e-01
1.415880650114678474e+03 2.926257943062907652e-01
1.415669347713777597e+03 2.919842404012381598e-01
1.415458045312876493e+03 2.931387838045505512e-01
1.415246987333491916e+03 2.993283268982479539e-01
1.415035807143349302e+03 2.950300401842383957e-01
1.414824749163964725e+03 2.947893843731250740e-01
1.414613691184580148e+03 2.969501134739168102e-01
1.414402877626711870e+03 2.946289532368722153e-01
1.414192064068843592e+03 2.961179285516101212e-01
1.413981250510975542e+03 2.941313261188399086e-01
1.413770559163865528e+03 2.938111347030562537e-01
1.413559990027513550e+03 2.951672852382337675e-01
1.413349298680403535e+03 2.954247323407345194e-01
1.413138607333293521e+03 2.904161591240382312e-01
1.412928404829216333e+03 2.908596221521144165e-01
1.412717957903622619e+03 2.909447733380695067e-01
1.412507633188787167e+03 2.934211597323068133e-01
1.412297308473951716e+03 2.971570645294553392e-01
1.412087228180632565e+03 2.942211563302010724e-01
1.411877147887313413e+03 2.972502080889438680e-01
1.411667067593994489e+03 2.983257502077811818e-01
1.411456987300675337e+03 2.976441400326341746e-01
1.411247151428872485e+03 2.978086015445122747e-01
1.411037315557069860e+03 2.961680041404018970e-01
1.410827479685267235e+03 2.952037602585198539e-01
1.410617643813464383e+03 2.932135424511569943e-01
1.410408052363178058e+03 2.949160716939619453e-01
1.410198460912891733e+03 2.916962300980628919e-01
1.409988991673363444e+03 2.975487303732210487e-01
1.409779400223077118e+03 2.980733796271736180e-01
1.409570175405065356e+03 2.968662063980731514e-01
1.409360706165537067e+03 2.947159087946497058e-01
1.409151481347525305e+03 2.927073751274730240e-01
1.408942256529513543e+03 2.942189520536904190e-01
1.408733153922259817e+03 2.883435911417251973e-01
1.408524051315006318e+03 2.936356583547939381e-01
1.408315070918510855e+03 2.941242147996240286e-01
1.408106090522015393e+03 2.949419225534621880e-01
1.407897232336278194e+03 2.948313133328356317e-01
1.407688374150540994e+03 2.947608499581604868e-01
1.407479638175561831e+03 2.982785126516466212e-01
1.407270902200582668e+03 2.992326602951141390e-01
1.407062288436361996e+03 2.948650085014723476e-01
1.406853796882899132e+03 2.932431384872116742e-01
1.406645305329436496e+03 2.943615407767886660e-01
1.406436813775973860e+03 2.967859964817968765e-01
1.406228444433269260e+03 2.972463631179749211e-01
1.406020319512081187e+03 2.959261829263425403e-01
1.405811950169376587e+03 2.979211264808616089e-01
1.405603825248188514e+03 2.991208517693121349e-01
1.405395700327000213e+03 2.989881220171680121e-01
1.405187697616570404e+03 3.039642366978954069e-01
1.404979694906140367e+03 2.987754903468498591e-01
1.404771814406468593e+03 2.975138337069064276e-01
1.404563933906796819e+03 2.933810135604196234e-01
1.404356297828641345e+03 2.951752005376232502e-01
1.404148539539727835e+03 2.961712249180241119e-01
1.403940781250814325e+03 2.966159137457741735e-01
1.403733267383417115e+03 2.955939055922435776e-01
1.403525753516019904e+03 2.992034717694287416e-01
1.403318361859380730e+03 2.994712380205756252e-01
1.403110847991983519e+03 2.983350948573871286e-01
1.402903578546102608e+03 2.956597684986670416e-01
1.402696431310979960e+03 2.975185229634784712e-01
1.402489161865099049e+03 2.954936314662898744e-01
1.402282014629976402e+03 2.989350267852218246e-01
1.402074867394853754e+03 2.978218599124256571e-01
1.401867964581247406e+03 2.978310857557797120e-01
1.401661061767641286e+03 2.980596488737788374e-01
1.401454158954034938e+03 2.961419123517982643e-01
1.401247256140428590e+03 2.990068030382956321e-01
1.401040475537580505e+03 2.985113305489873192e-01
1.400833817145490457e+03 2.996185628584508986e-01
1.400627280964158899e+03 2.953813927618318402e-01
1.400420744782827114e+03 3.028897806265412607e-01
1.400214208601495329e+03 3.009689292685487350e-01
1.400007794630921808e+03 2.984680163715270340e-01
1.399801502871106322e+03 2.982671787076510150e-01
1.399595088900532801e+03 2.971967734213687984e-01
1.399388919351475579e+03 2.900002862561049111e-01
1.399182749802418357e+03 2.974604777927956634e-01
1.398976702464119398e+03 2.942101336337915596e-01
1.398770532915062176e+03 2.971294030994595103e-01
1.398564607787521254e+03 2.963284027527766651e-01
1.398358804870738823e+03 2.916332804704370174e-01
1.398152757532439637e+03 2.908261626261905985e-01
1.397947076826415241e+03 2.943409650603404093e-01
1.397741273909632582e+03 2.995662183886838581e-01
1.397535593203608187e+03 2.961206784309663442e-01
1.397330156919100091e+03 2.941455232995418001e-01
1.397124598423833731e+03 2.927753057845576823e-01
1.396919039928567599e+03 2.990128263578454848e-01
1.396713481433301240e+03 2.966567081535810835e-01
1.396508411781067707e+03 2.976785223845923589e-01
1.396303097707317875e+03 2.984634699389722146e-01
1.396097783633567815e+03 2.996963571497980872e-01
1.395892713981334282e+03 3.014819741891135996e-01
1.395687644329100749e+03 2.966486859247310370e-01
1.395482574676867216e+03 2.982589993151720242e-01
1.395277627235391947e+03 2.972101768228098684e-01
1.395072679793916677e+03 2.998711666210382987e-01
1.394867854563199444e+03 2.950190719777275872e-01
1.394663151543240474e+03 2.960046498370071388e-01
1.394458448523281504e+03 2.995761193309565695e-01
1.394253745503322534e+03 2.996317755378153924e-01
1.394049042483363564e+03 2.976812827017051299e-01
1.393844706095679157e+03 2.950947933832392400e-01
1.393640247497236487e+03 2.964567069456967019e-01
1.393435788898793817e+03 2.969979392359430315e-01
1.393231452511109410e+03 2.989626517471181688e-01
1.393027238334183266e+03 3.003167983142870368e-01
1.392823024157256896e+03 3.036536304670003905e-01
1.392618932191088788e+03 2.955037849082045587e-01
1.392414840224920908e+03 2.998541276220125229e-01
1.392210748258752801e+03 2.972665418582590702e-01
1.392006900714100993e+03 2.945636108191819202e-01
1.391802930958691149e+03 2.951427900237257873e-01
1.391599083414039569e+03 2.985826402913540067e-01
1.391395235869387761e+03 2.969158882787245601e-01
1.391191754957010744e+03 2.945080109264376911e-01
1.390988029623117200e+03 2.928027414653483484e-01
1.390784426499981919e+03 2.942156076176242752e-01
1.390580945587604674e+03 2.936522131610905806e-01
1.390377464675227657e+03 3.019340908330612194e-01
1.390174105973608675e+03 2.963878109106004577e-01
1.389970747271989694e+03 2.945879099194569917e-01
1.389767510781128976e+03 2.947300401119439250e-01
1.389564274290268031e+03 2.968217725548605301e-01
1.389361282220923840e+03 2.961363756234546840e-01
1.389158167940821158e+03 2.958418345446635622e-01
1.388955053660718477e+03 2.988936707003927440e-01
1.388752061591374058e+03 2.994524747711392876e-01
1.388549191732787904e+03 2.995048592493733119e-01
1.388346444084960012e+03 2.939252930614323911e-01
1.388143696437131894e+03 2.980451765207375314e-01
1.387940948789303775e+03 2.980971458696799470e-01
1.387738323352233920e+03 2.944533561719618331e-01
1.387535820125922328e+03 2.989361180220905245e-01
1.387333194688852473e+03 2.927747657174004647e-01
1.387130813673298917e+03 3.005904586491591757e-01
1.386928432657745589e+03 2.993495146989766931e-01
1.386726051642192033e+03 2.965716179490919813e-01
1.386523792837396741e+03 3.018383710331649095e-01
1.386321656243359712e+03 3.018833322880047909e-01
1.386119397438564420e+03 2.967194456294743876e-01
1.385917383055285427e+03 2.981962087290830343e-01
1.385715368672006434e+03 3.044216061047385069e-01
1.385513476499485705e+03 3.016438319104213228e-01
1.385311584326964976e+03 3.005725322223156692e-01
1.385109692154444247e+03 3.013958231602598126e-01
1.384907922192681781e+03 2.999189814893234440e-01
1.384706152230919315e+03 2.993600716922726335e-01
1.384504626690672922e+03 2.952718350246442691e-01
1.384302978939668719e+03 3.003710684029658462e-01
1.384101453399422553e+03 2.961013880762786155e-01
1.383899927859176387e+03 3.014520939670136679e-01
1.383698646740446520e+03 2.966035411170472869e-01
1.383497243410958390e+03 2.985032706189238438e-01
1.383295962292228751e+03 2.975901831750332183e-01
1.383094681173498884e+03 3.026046684436329293e-01
1.382893644476285317e+03 3.054411345698543889e-01
1.382692607779071977e+03 3.003376130653809262e-01
1.382491448871100374e+03 3.006930200651501961e-01
1.382290534384645071e+03 3.039764086801728382e-01
1.382089619898189767e+03 3.044180538886527287e-01
1.381888827622492727e+03 3.049530811857446566e-01
1.381688035346795687e+03 2.994572590516306199e-01
1.381487243071098646e+03 3.015047540654124392e-01
1.381286573006159642e+03 3.002613899804046915e-01
1.381085902941220638e+03 3.041928550529375275e-01
1.380885477297798161e+03 3.012409018434417662e-01
1.380685051654375684e+03 3.033607305627684658e-01
1.380484626010953207e+03 3.023634754576524086e-01
1.380284200367530730e+03 2.988928585669604066e-01
1.380083896934866289e+03 3.020215379290749902e-01
1.379883715712960111e+03 2.988763566356393286e-01
1.379683534491053933e+03 2.990681888821470347e-01
1.379483353269147756e+03 2.997699008337940119e-01
1.379283294257999842e+03 3.027595100645061876e-01
1.379083479668368227e+03 2.987580776987253661e-01
1.378883542867978576e+03 2.985275092531210483e-01
1.378683606067588698e+03 3.000188986802507785e-01
1.378483791477957084e+03 2.982933010705396959e-01
1.378283976888325469e+03 2.978412920179971390e-01
1.378084284509452118e+03 2.998997999933194492e-01
1.377884714341336803e+03 2.990454510867590066e-01
1.377685144173221488e+03 2.989649108993446269e-01
1.377485696215864436e+03 3.007972295767303295e-01
1.377286248258507385e+03 3.058275949136884941e-01
1.377086922511908597e+03 3.046625091130908958e-01
1.376887596765309809e+03 3.001854291984105694e-01
1.376688271018710793e+03 3.032076164501533722e-01
1.376489067482870269e+03 3.050973682302479117e-01
1.376289863947029517e+03 3.050520301809857004e-01
1.376090904832705291e+03 3.042638822839475732e-01
1.375891823507622803e+03 2.984605185856681331e-01
1.375692864393298350e+03 3.024488414354853938e-01
1.375493905278974125e+03 2.961790019390762030e-01
1.375295068375407936e+03 3.032957963029926929e-01
1.375096475893358274e+03 3.055320817579696979e-01
1.374897761200550349e+03 3.043563417262653559e-01
1.374699046507742423e+03 2.994648323634667708e-01
1.374500454025692534e+03 3.003419290190035285e-01
1.374301861543642872e+03 2.972672252239141888e-01
1.374103513483109509e+03 3.008607369779663920e-01
1.373905043211817883e+03 3.011050539606219267e-01
1.373706695151284521e+03 3.013454619899684217e-01
1.373508347090751158e+03 3.016128452503351598e-01
1.373310121240975832e+03 2.985924603876479178e-01
1.373112017601958769e+03 3.012057704688229642e-01
1.372913791752183670e+03 2.978524717468869487e-01
1.372715810323924870e+03 2.965995969080031380e-01
1.372517828895666071e+03 3.008237857885304734e-01
1.372319847467407044e+03 2.971454597302983225e-01
1.372122110460664771e+03 3.034800269340809931e-01
1.371924251243164008e+03 2.979311270035313597e-01
1.371726514236421508e+03 2.968631421660476999e-01
1.371528655018920972e+03 2.972011285885107212e-01
1.371331162433694772e+03 3.024048578705859081e-01
1.371133669848468799e+03 2.978930352250845348e-01
1.370936177263242598e+03 2.983472431644241807e-01
1.370738684678016398e+03 3.001297118516722540e-01
1.370541192092790425e+03 2.995216639127321057e-01
1.370343821718322488e+03 3.018702599195020042e-01
1.370146695765370850e+03 2.943039522067874003e-01
1.369949447601661177e+03 2.959777701309627140e-01
1.369752321648709767e+03 2.943460353371961102e-01
1.369555195695758130e+03 2.966497108020783591e-01
1.369358191953564756e+03 3.041343964068494166e-01
1.369161310422129645e+03 3.023593352757728003e-01
1.368964184469178008e+03 3.036610280617737523e-01
1.368767425148501161e+03 3.008473728874053177e-01
1.368570665827824087e+03 3.000942088344366598e-01
1.368373906507147012e+03 3.024112237780587353e-01
1.368177269397228201e+03 3.082899631184207734e-01
1.367980632287309390e+03 3.030014453187640511e-01
1.367783995177390580e+03 3.003364086391661636e-01
1.367587602488988296e+03 3.002985593315017354e-01
1.367391087589827521e+03 3.051107891439672759e-01
1.367194694901425237e+03 2.994769543126118982e-01
1.366998546634539025e+03 3.021568521373564908e-01
1.366802153946136741e+03 3.028006424156551857e-01
1.366606005679250529e+03 3.009302797302465526e-01
1.366409735201606281e+03 3.016337497828699976e-01
1.366213709145478333e+03 3.030662763483560340e-01
1.366017805300108648e+03 3.015637478555408535e-01
1.365821779243980927e+03 3.046824418502734888e-01
1.365625875398611242e+03 3.036969767065855197e-01
1.365429971553241558e+03 3.028864297431480557e-01
1.365234189918629909e+03 3.058200738888338654e-01
1.365038652705534787e+03 3.043479925775648409e-01
1.364842871070923366e+03 3.044643602264239246e-01
1.364647333857828016e+03 3.027027375398289033e-01
1.364451674433974858e+03 3.033333830705035594e-01
1.364256259431637773e+03 3.052220971118045356e-01
1.364060844429300914e+03 3.042217804256754921e-01
1.363865429426963829e+03 2.997565612283746295e-01
1.363670136635385234e+03 2.970647269454422257e-01
1.363474843843806411e+03 3.015482830872844300e-01
1.363279673262985852e+03 3.041938740684497211e-01
1.363084502682165066e+03 3.022597860656744406e-01
1.362889454312102771e+03 3.016598334754305721e-01
1.362694528152798512e+03 3.055156239765429715e-01
1.362499357571977953e+03 3.022346646403325510e-01
1.362304553623431957e+03 3.033225621050081866e-01
1.362109749674885961e+03 3.000818561271230700e-01
1.361915067937098001e+03 3.028349918382764461e-01
1.361720263988552006e+03 3.005603283839801687e-01
1.361525582250764046e+03 3.039532181136558320e-01
1.361330900512976314e+03 3.027546279982816779e-01
1.361136340985946617e+03 3.030435185978964663e-01
1.360941903669675185e+03 3.017656503871264939e-01
1.360747588564161788e+03 2.979378682804048051e-01
1.360553151247890355e+03 3.015570250489234549e-01
1.360358836142376958e+03 3.013796650082571360e-01
1.360164521036863789e+03 3.084507351300060374e-01
1.359970205931350392e+03 3.066866643003182125e-01
1.359776257458111559e+03 3.079324035802298298e-01
1.359582186774114689e+03 3.047377083281975763e-01
1.359388116090117819e+03 3.037537065837310202e-01
1.359194167616878985e+03 3.015579989994025545e-01
1.359000219143640379e+03 3.008849311617481370e-01
1.358806392881159809e+03 3.012695171433604213e-01
1.358612688829437275e+03 3.049288638223662251e-01
1.358418862566956705e+03 3.035434485086787593e-01
1.358225158515234398e+03 3.075214731590931727e-01
1.358031576674270127e+03 3.088927431238244758e-01
1.357837994833306084e+03 3.064750328448551664e-01
1.357644535203100077e+03 3.020106539479525121e-01
1.357451075572894069e+03 3.050934094817137621e-01
1.357257738153446098e+03 3.039840804544772790e-01
1.357064400733998355e+03 2.977036153539595054e-01
1.356871063314550611e+03 3.032187663186997617e-01
1.356677848105860903e+03 2.992194649483490010e-01
1.356484755107929459e+03 2.993498291691132351e-01
1.356291662109998015e+03 3.036226221310954210e-01
1.356098691322824607e+03 3.038883865542331142e-01
1.355905598324893162e+03 3.063706973298991332e-01
1.355712749748478018e+03 3.043082273317679332e-01
1.355519778961304837e+03 3.045159219158112829e-01
1.355327174806406219e+03 3.038996147675780413e-01
1.355134326229991075e+03 3.055018276521117015e-01
1.354941599864334194e+03 3.054507444053414789e-01
1.354748995709435349e+03 3.035828100540655106e-01
1.354556391554536731e+03 3.048673250872100948e-01
1.354364031821154413e+03 3.034003194440550444e-01
1.354171549877013831e+03 3.031905480570665223e-01
1.353979067932873249e+03 3.012791998426503359e-01
1.353786708199490931e+03 3.027764841954737052e-01
1.353594348466108613e+03 3.021451365051536775e-01
1.353402110943484331e+03 2.991911353475693591e-01
1.353210117842376576e+03 3.016206377819539153e-01
1.353018002530510557e+03 3.015135876138883009e-01
1.352825887218644766e+03 2.994659231257230103e-01
1.352633894117536784e+03 3.017409885377138612e-01
1.352441901016429028e+03 2.981903022809215265e-01
1.352250030126079537e+03 3.002477235052037896e-01
1.352058281446488081e+03 3.060741841285745668e-01
1.351866532766896626e+03 3.019249095795850102e-01
1.351674784087305170e+03 3.048791954494243228e-01
1.351483035407713714e+03 3.014136140241167605e-01
1.351291408938880522e+03 3.041172220069512377e-01
1.351099782470047330e+03 3.028846003664333320e-01
1.350908522633488474e+03 3.011629951471782030e-01
1.350717018375413545e+03 2.977256161959331293e-01
1.350525636328096653e+03 3.000534939733132678e-01
1.350334376491538023e+03 2.969790732844720393e-01
1.350143116654979167e+03 3.050651448546257694e-01
1.349951856818420538e+03 3.043764081432119295e-01
1.349760841403378208e+03 2.996742169495592578e-01
1.349569703777577615e+03 3.014050464241834204e-01
1.349378688362535513e+03 3.002999081723879971e-01
1.349187672947493184e+03 3.015470761714661441e-01
1.348996779743208890e+03 2.991277672693661294e-01
1.348805886538924824e+03 2.975644633602287925e-01
1.348615115545398794e+03 2.992313857312539072e-01
1.348424466762631027e+03 3.031705672456418976e-01
1.348233695769105225e+03 3.001345492628270106e-01
1.348043046986337458e+03 3.029934142669455932e-01
1.347852520414327728e+03 3.015843442075388237e-01
1.347661993842318225e+03 2.992273747520474703e-01
1.347471589481066758e+03 2.997352316755799717e-01
1.347281062909057255e+03 2.994563341357007191e-01
1.347090780758564051e+03 2.985865178443052881e-01
1.346900498608070848e+03 3.023797237452789943e-01
1.346710216457577644e+03 3.018133631546497941e-01
1.346520056517842477e+03 2.980853406623502067e-01
1.346330018788865800e+03 3.014439615868372835e-01
1.346139981059888896e+03 2.984339903174031972e-01
1.345949943330911992e+03 3.023180025881221367e-01
1.345760027812693352e+03 2.976589515814171971e-01
1.345570112294474711e+03 2.988100482054186768e-01
1.345380196776256071e+03 2.995169406709633497e-01
1.345190525679553730e+03 2.981783147543775603e-01
1.345000732372093353e+03 3.010730222541941337e-01
1.344811061275391012e+03 3.000715160446494334e-01
1.344621512389446934e+03 3.033162448807638634e-01
1.344431841292744593e+03 2.991888251090273343e-01
1.344242414617558552e+03 3.022583741852615802e-01
1.344052865731614474e+03 2.982847433432047057e-01
1.343863683477944960e+03 3.008066520930238741e-01
1.343674256802759146e+03 2.980005159509878654e-01
1.343484952338331368e+03 2.991961460906872872e-01
1.343295770084661854e+03 2.960160605426565006e-01
1.343106587830992112e+03 2.970252612431964478e-01
1.342917527788080861e+03 2.962524830832002354e-01
1.342728467745169382e+03 2.963280997175717357e-01
1.342539529913016167e+03 2.983543291196246172e-01
1.342350469870104916e+03 3.021004552159060053e-01
1.342161654248709965e+03 2.998026561624342889e-01
1.341972838627315014e+03 3.036721733936566525e-01
1.341784023005919835e+03 3.014368770733783509e-01
1.341595329595283147e+03 3.011957239911157713e-01
1.341406758395404495e+03 2.998919713312837021e-01
1.341218187195525843e+03 2.992293205544369616e-01
1.341029615995647191e+03 2.995613952433238136e-01
1.340841044795768539e+03 2.985085724293317644e-01
1.340652595806648151e+03 2.958718424340452402e-01
1.340464269028285798e+03 2.970748298165117873e-01
1.340275942249923673e+03 2.999011596046309847e-01
1.340087737682319585e+03 2.994394241400065715e-01
1.339899533114715496e+03 2.980350692948705582e-01
1.339711328547111407e+03 3.008325040213979951e-01
1.339523246190265354e+03 2.979813810030943477e-01
1.339335163833419529e+03 2.954185280303888161e-01
1.339147081476573703e+03 2.988474788295027440e-01
1.338959243541244177e+03 2.989889971094730758e-01
1.338771405605914651e+03 3.020405237328963599e-01
1.338583445459826862e+03 3.061156875982698478e-01
1.338395729735255600e+03 2.980552734993274777e-01
1.338208014010684110e+03 3.003389310087216102e-01
1.322270020192815082e+03 2.987776729112600616e-01
1.322087070687812911e+03 2.970376552380344926e-01
1.321904121182810968e+03 2.970803098442875156e-01
1.321721171677808798e+03 2.993823998786089291e-01
1.321538466594322927e+03 3.008958015321972490e-01
1.304766750984119426e+03 3.035441869204612009e-01
1.304588812120202874e+03 3.045971039388994939e-01
1.304410995467044586e+03 3.065035958080311040e-01
1.304233178813886070e+03 3.003734610632891600e-01
1.304055362160727782e+03 3.013813799360114398e-01
1.286880351048515422e+03 3.074402964340196553e-01
1.286707667247200789e+03 3.066481341748579781e-01
1.286534861235127892e+03 3.009925484230195347e-01
1.286362177433813258e+03 3.076192194104472311e-01
1.286189493632498625e+03 3.049141951951994112e-01
1.286016932041942255e+03 3.061135557516490580e-01
1.285844370451385657e+03 3.071735569531897636e-01
1.285671808860829287e+03 3.088928043414307933e-01
1.285499369481030953e+03 3.058095938744709308e-01
1.285326930101232620e+03 3.080014668608647144e-01
1.285154735142950813e+03 3.109031004682857313e-01
1.284982417973910742e+03 3.066323823321247533e-01
1.284810100804870672e+03 3.098552221614180868e-01
1.284637905846588637e+03 3.077827178776622596e-01
1.284465710888306830e+03 3.081437077346255715e-01
1.284293638140783059e+03 3.105197465272127033e-01
1.284121565393259289e+03 3.111347820024126798e-01
1.283949492645735518e+03 3.118851676067583290e-01
1.283777542108970010e+03 3.087507909086542046e-01
1.283605591572204503e+03 3.108584005437936559e-01
1.283433763246197032e+03 3.147781265921504312e-01
1.283261934920189788e+03 3.124676446359362370e-01
1.283090106594182316e+03 3.166102415674718062e-01
1.282918400478933336e+03 3.159317690504665488e-01
1.282746694363684128e+03 3.154764835608327989e-01
1.282575232669951220e+03 3.175072505392638189e-01
1.282403648765460275e+03 3.222923463421943358e-01
1.282232064860969331e+03 3.190873116830819645e-01
1.282060603167236422e+03 3.127984754763062369e-01
1.281889263684261778e+03 3.102376721414682459e-01
1.281717801990529097e+03 3.108375215334843178e-01
1.281546462507554452e+03 3.132973656499669080e-01
1.281375123024579807e+03 3.086704880640115389e-01
1.281203905752363426e+03 3.105308890465981464e-01
1.281032688480146817e+03 3.084693894593358854e-01
1.280861471207930435e+03 3.057995153548097034e-01
1.280690498357230354e+03 3.083340043969493571e-01
1.280519403295772236e+03 3.109913605718747087e-01
1.280348308234313890e+03 3.106693860163996512e-01
1.280177457594372072e+03 3.086318063349636209e-01
1.280006484743671990e+03 3.078949132437172054e-01
1.279835756314488208e+03 3.081211278395276643e-01
1.279664905674546389e+03 3.094918664694521482e-01
1.279494177245362607e+03 3.094198794940146158e-01
1.279323448816179052e+03 3.067622609162233283e-01
1.279152842597753533e+03 3.055289333020945741e-01
1.278982114168569751e+03 3.069933790491093384e-01
1.278811630160902496e+03 3.063994631332311314e-01
1.278641023942476977e+03 3.074280397595502978e-01
1.278470662145567758e+03 3.110756420834253078e-01
1.278300178137900502e+03 3.095171060937713658e-01
1.278129816340991283e+03 3.090953876691532876e-01
1.277959454544082064e+03 3.072498486452088784e-01
1.277789214957931108e+03 3.090992263802888607e-01
1.277618975371780152e+03 3.057136824573422618e-01
1.277448735785629196e+03 3.083960672408353476e-01
1.277278618410236504e+03 3.069125884475998323e-01
1.277108501034843584e+03 3.067684102254356615e-01
1.276938628080967192e+03 3.041364207798586961e-01
1.276768632916332763e+03 3.116014001009737022e-01
1.276598637751698107e+03 3.086064905890378296e-01
1.276428764797821714e+03 3.038283050804304608e-01
1.276259014054703357e+03 3.082080380808850939e-01
1.276089141100826964e+03 3.087811324393173740e-01
1.275919390357708835e+03 3.069795689015307194e-01
1.275749639614590706e+03 3.064120146811758483e-01
1.275580011082230612e+03 3.075851898230458348e-01
1.275410382549870519e+03 3.068404106503203610e-01
1.275240754017510426e+03 3.055476553164735987e-01
1.275071369906666860e+03 3.111958638097069296e-01
1.274901741374306766e+03 3.075354048894986536e-01
1.274732357263463200e+03 3.069759859239034050e-01
1.274562973152619406e+03 3.100099200316497328e-01
1.274393711252533876e+03 3.055148440124739739e-01
1.274224327141690310e+03 3.086142356242098095e-01
1.274055187452363043e+03 3.030006163556406840e-01
1.273886047763035776e+03 3.075628066416258299e-01
1.273716908073708282e+03 3.080069737805749552e-01
1.273547890595139279e+03 3.009077070724940350e-01
1.273378873116570048e+03 3.079651345124581607e-01
1.273209977848759308e+03 3.086122610365204522e-01
1.273209855638001045e+03 3.092028166320193172e-01
1.273040960370190078e+03 3.076736383256245544e-01
1.273040838159431814e+03 3.097403544594679037e-01
1.272872187313137374e+03 3.049708427195504390e-01
1.272872065102379111e+03 3.073324570699713099e-01
1.272703292045326407e+03 3.048632770391118130e-01
1.272703169834568143e+03 3.081094042227238705e-01
1.272534396777515440e+03 3.053855563904770976e-01
1.272534274566757176e+03 3.071557700364929144e-01
1.272365501509704472e+03 3.059465741459257981e-01
1.272196850663410032e+03 3.089767432083685428e-01
1.272028199817115365e+03 3.043161689476518439e-01
1.271859548970820924e+03 3.078235017257510142e-01
1.271691020335284520e+03 3.034843699049351584e-01
1.271522491699748116e+03 3.074498033932751007e-01
1.271353963064211712e+03 3.106023877074746697e-01
1.271185556639433571e+03 3.094863168152942046e-01
1.271017150214655430e+03 3.069985370591632456e-01
1.270848866000635326e+03 3.079946503349290654e-01
1.270680581786615221e+03 3.062623121422538008e-01
1.270512297572595344e+03 3.075345329820657336e-01
1.270344257780091539e+03 3.072218015502105604e-01
1.270176095776829925e+03 3.044390846076744372e-01
1.270007933773568084e+03 3.073124694456739747e-01
1.269839893981064279e+03 3.120045609793365426e-01
1.269671976399318964e+03 3.081989932794921283e-01
1.269503936606815159e+03 3.061443386606864103e-01
1.269336019025069845e+03 3.119195381087320751e-01
1.269168223654082567e+03 3.059312474407450133e-01
1.269000428283095289e+03 3.069547212688004678e-01
1.268832632912108011e+03 3.095197081113788551e-01
1.268664837541120733e+03 3.117048848188000987e-01
1.268497286591649754e+03 3.096270526339293117e-01
1.268329613431420739e+03 3.048289389481262934e-01
1.268161940271191725e+03 3.044993622921289278e-01
1.267994511532479009e+03 3.054379616324244262e-01
1.267826960583008031e+03 3.054101990483724105e-01
1.267659531844295316e+03 3.091515664184284473e-01
1.267492103105582601e+03 3.076747633415763405e-01
1.267324918788386185e+03 3.088827876371244008e-01
1.267157490049673470e+03 3.073537868998679756e-01
1.266990183521719018e+03 3.076744381627065650e-01
1.266822999204522603e+03 3.074317588639612353e-01
1.266655814887326187e+03 3.114239260671120557e-01
1.266488752780888035e+03 3.080530610100049027e-01
1.266321812885208146e+03 3.079197950796558336e-01
1.266154750778769994e+03 3.077100922272910100e-01
1.265987810883089878e+03 3.135836654792686917e-01
1.265820870987409990e+03 3.076897209838086455e-01
1.265653931091730101e+03 3.075928848903703994e-01
1.265487113406808248e+03 3.103039310707015330e-01
1.265320295721886396e+03 3.083906759159330546e-01
1.265153722458481070e+03 3.106359812223940531e-01
1.264986904773559218e+03 3.085538018378470859e-01
1.264820209299395628e+03 3.104917923261030777e-01
1.264653636035990075e+03 3.102377845469440065e-01
1.264487062772584750e+03 3.073835379773048881e-01
1.264320611719937460e+03 3.064250223376899229e-01
1.264154160667290171e+03 3.103127279353364298e-01
1.263987709614642881e+03 3.057760684536393048e-01
1.263821380772753855e+03 3.102830302640667837e-01
1.263655051930864829e+03 3.082685267583853972e-01
1.263488723088975803e+03 3.100867903706994722e-01
1.263322516457844813e+03 3.111740549278306789e-01
1.263156309826714050e+03 3.087468912329863202e-01
1.262990225406341324e+03 3.100630123785834136e-01
1.262824018775210561e+03 3.067161766172080140e-01
1.262658056565595871e+03 3.073123804178590768e-01
1.262491972145223372e+03 3.110345531970883370e-01
1.262326009935608681e+03 3.081484752438391483e-01
1.262160169936752482e+03 3.090701304938563432e-01
1.261994329937896055e+03 3.098183500627263443e-01
1.261828489939039855e+03 3.080780122088376261e-01
1.261662649940183428e+03 3.109799844655378176e-01
1.261497054362843528e+03 3.090182458433815560e-01
1.261331458785503628e+03 3.095398588947108620e-01
1.261165740997405464e+03 3.086568224202296817e-01
1.261000145420065564e+03 3.060456381950577565e-01
1.260834672053483700e+03 3.093060960381397440e-01
1.260669198686902064e+03 3.065836043739701422e-01
1.260503725320320200e+03 3.077394226082597051e-01
1.260338251953738336e+03 3.070000570971101461e-01
1.260172900797914735e+03 3.085157397627127374e-01
1.260007671852849398e+03 3.081809248428076242e-01
1.259842320697025798e+03 3.115494737432805139e-01
1.259677213962718724e+03 3.084563431946306666e-01
1.259511985017653160e+03 3.102593948581571781e-01
1.259346878283346086e+03 3.088349694870223816e-01
