# Wavelength, Reflectance
1.644268156612910616e+03 3.161469043405285007e-01
1.643402067745723116e+03 3.085546875590607363e-01
1.642536833370723116e+03 3.222645218067133888e-01
1.641672575558223116e+03 3.663556825609523560e-01
1.640809172237910616e+03 3.203733502903792774e-01
1.639946867550410616e+03 2.845259127770631835e-01
1.639085417355098116e+03 3.662392645127377500e-01
1.638224943722285616e+03 2.559789975365927006e-01
1.637365324581660616e+03 3.586687771344768683e-01
1.636506804073848116e+03 3.417633064575431034e-01
1.635649138058223116e+03 3.579850179816676525e-01
1.634792448605098116e+03 3.408236901337353686e-01
1.633936735714473116e+03 2.978306212342219372e-01
1.633081877316035616e+03 2.451831999708442011e-01
1.632227995480098116e+03 3.462885582209915269e-01
1.631374968136348116e+03 2.888141019810686050e-01
1.630522917355098116e+03 3.262017028310034150e-01
1.629671843136348116e+03 2.343544054498493401e-01
1.628821623409785616e+03 3.165985106022257689e-01
1.627972380245723116e+03 2.529064164089794842e-01
1.627123991573848116e+03 2.725985886264334357e-01
1.626276579464473116e+03 2.252724516146387412e-01
1.625430143917598116e+03 2.084254446160329621e-01
1.624584684933223116e+03 2.667899700450919176e-01
1.623739958370723116e+03 2.651590152458405680e-01
1.622896330441035616e+03 2.244808551420216791e-01
1.622053434933223116e+03 3.203598534006978915e-01
1.621211638058223116e+03 3.201767156635497158e-01
1.620370573605098116e+03 2.511432200368225454e-01
1.619530607784785616e+03 1.993890345345417370e-01
1.618691374386348116e+03 2.483552627472472851e-01
1.617853117550410616e+03 2.683259256766638012e-01
1.617015715206660616e+03 2.770432578801871881e-01
1.616179289425410616e+03 2.542287850950940564e-01
1.615343718136348116e+03 2.810759412367084820e-01
1.614509123409785616e+03 2.826801557215465888e-01
1.613675505245723116e+03 3.002810912259986642e-01
1.612842619503535616e+03 2.805003512490961692e-01
1.612010710323848116e+03 2.976638935507672779e-01
1.611179655636348116e+03 2.793252032829269815e-01
1.610349577511348116e+03 2.778672304262274073e-01
1.609520353878535616e+03 2.366581868246726839e-01
1.608691984737910616e+03 2.316898268238972158e-01
1.607864592159785616e+03 3.187826867074069481e-01
1.607037932003535616e+03 2.264191523253015759e-01
1.606212248409785616e+03 2.593115932709001981e-01
1.605387541378535616e+03 2.354868396561702049e-01
1.604563688839473116e+03 2.514601873650584296e-01
1.603740568722285616e+03 2.023329411610468309e-01
1.602918425167598116e+03 2.316901943962569599e-01
1.602097258175410616e+03 2.180672631501632264e-01
1.601276823605098116e+03 2.419494319735366328e-01
1.600457365597285616e+03 2.758063767309085201e-01
1.599638762081660616e+03 2.558880061009472517e-01
1.598821013058223116e+03 3.095422684920327017e-01
1.598004118526973116e+03 2.509829696588395387e-01
1.597187956417598116e+03 2.394017719226766983e-01
1.596373137081660616e+03 2.175623294885568604e-01
1.595558806026973116e+03 2.938251241902590238e-01
1.594745329464473116e+03 2.736485703944432357e-01
1.593932951534785616e+03 2.716570542551156597e-01
1.593121183956660616e+03 2.056880090570676889e-01
1.592310392941035616e+03 2.742901300312498014e-01
1.591500578487910616e+03 2.321697275610249411e-01
1.590691496456660616e+03 2.837065048736907569e-01
1.589883390987910616e+03 2.657902602056103070e-01
1.589075895870723116e+03 2.245094483980821787e-01
1.588269255245723116e+03 2.617435334252256607e-01
1.587463835323848116e+03 3.057743207817747999e-01
1.586659025753535616e+03 2.331625152359901032e-01
1.585855070675410616e+03 2.562874948120768548e-01
1.585052092159785616e+03 2.958638126570921068e-01
1.584249846066035616e+03 2.677714254462910670e-01
1.583448454464473116e+03 2.455838243560239942e-01
1.582648039425410616e+03 2.573120726711346506e-01
1.581848356808223116e+03 2.567206481004872809e-01
1.581049650753535616e+03 2.662259455693336552e-01
1.580251555050410616e+03 2.902117128886860797e-01
1.579454313839473116e+03 2.405460684210565248e-01
1.578658171261348116e+03 3.374132953243620392e-01
1.577862639034785616e+03 2.937734534464255254e-01
1.577068083370723116e+03 2.273547985537445748e-01
1.576274382198848116e+03 2.161428287071216481e-01
1.575481413448848116e+03 2.621261953423844049e-01
1.574689177120723116e+03 2.737275554860436055e-01
1.573897917355098116e+03 2.425829005231005808e-01
1.573107512081660616e+03 3.174313540288247193e-01
1.572317961300410616e+03 2.660427784815146968e-01
1.571529142941035616e+03 2.431280176158460427e-01
1.570741057003535616e+03 2.341108232316508608e-01
1.569954069698848116e+03 2.245369721601379598e-01
1.569167692745723116e+03 2.359182631381110673e-01
1.568382414425410616e+03 2.571419123244823579e-01
1.567597624386348116e+03 2.801036861507366638e-01
1.566813810909785616e+03 2.550418654338780233e-01
1.566030851925410616e+03 3.086032560863117280e-01
1.565248625362910616e+03 2.581545315521292516e-01
1.564467253292598116e+03 2.411497057653738951e-01
1.563686735714473116e+03 2.775015259694203484e-01
1.562907072628535616e+03 2.658548031704048298e-01
1.562128019894160616e+03 2.874250128323942999e-01
1.561349943722285616e+03 2.570576753786558144e-01
1.560572722042598116e+03 2.709832576749143795e-01
1.559796232784785616e+03 2.552052773044634071e-01
1.559020475948848116e+03 2.918614908534515884e-01
1.558245573605098116e+03 2.396156558984668672e-01
1.557471647823848116e+03 2.228268851234891657e-01
1.556698332394160616e+03 2.689364040488914087e-01
1.555925871456660616e+03 2.938083562053058762e-01
1.555154142941035616e+03 2.414059838755257814e-01
1.554383390987910616e+03 2.661396862355346338e-01
1.553613249386348116e+03 2.563262615735451555e-01
1.552844084347285616e+03 2.693060655360952627e-01
1.552843962276973116e+03 2.260133096591831481e-01
1.552587858761348116e+03 2.226589096675825330e-01
1.552331633175410616e+03 2.526575895622953372e-01
1.552075651730098116e+03 2.527090270550542694e-01
1.552075529659785616e+03 2.659976845690965597e-01
1.551819670284785616e+03 2.359599478107250736e-01
1.551307951534785616e+03 2.421120519632564694e-01
1.550541105831660616e+03 2.581554573504014072e-01
1.549774992550410616e+03 3.156089834872284894e-01
1.549009733761348116e+03 2.905498543516790155e-01
1.548245329464473116e+03 2.432273163020547968e-01
1.547481535519160616e+03 2.489349641218083498e-01
1.546718596066035616e+03 2.809859705661016949e-01
1.545956511105098116e+03 2.423082666943423280e-01
1.545195280636348116e+03 2.645448931102716283e-01
1.544434660519160616e+03 2.581740125121487761e-01
1.543674772823848116e+03 2.685505682651638248e-01
1.542915861691035616e+03 2.580475299791248345e-01
1.542157805050410616e+03 2.715253871943825170e-01
1.541400358761348116e+03 3.007635799415823152e-01
1.540643644894160616e+03 2.355565678393164997e-01
1.539887785519160616e+03 2.782946490768162251e-01
1.539132658566035616e+03 2.545485775913083892e-01
1.538378508175410616e+03 2.779200451965965213e-01
1.537624968136348116e+03 2.946258703259307388e-01
1.536872160519160616e+03 2.652138227254499103e-01
1.536120207394160616e+03 2.503211805682464819e-01
1.535368742550410616e+03 2.809755086313709405e-01
1.534618620480098116e+03 2.755589583817037447e-01
1.533868742550410616e+03 2.348244618043600351e-01
1.533119963253535616e+03 2.670799221799647905e-01
1.532371794308223116e+03 2.340258273213300377e-01
1.531624357784785616e+03 2.359483227088012280e-01
1.530877897823848116e+03 2.529388014672019347e-01
1.530132048214473116e+03 2.709514071213965924e-01
1.529386931026973116e+03 2.726164723096097808e-01
1.528642546261348116e+03 3.002902511006372288e-01
1.527899015987910616e+03 2.519609318839603485e-01
1.527155973995723116e+03 2.306858804741321323e-01
1.526414152706660616e+03 2.910948487437554633e-01
1.525672697628535616e+03 2.763266318482925921e-01
1.524932341183223116e+03 2.883560572588704796e-01
1.524192473019160616e+03 2.755695494742292362e-01
1.523453459347285616e+03 2.410461492720596677e-01
1.522715178097285616e+03 2.829669319080319601e-01
1.521977751339473116e+03 2.525007647278347256e-01
1.521240934933223116e+03 2.644191169703015154e-01
1.520504850948848116e+03 2.462590817057826453e-01
1.519769499386348116e+03 2.804102824482532230e-01
1.519035002316035616e+03 2.368564673112148466e-01
1.518301115597285616e+03 2.746318975540331664e-01
1.517567961300410616e+03 2.738164931653585543e-01
1.516835905636348116e+03 2.054308568251134448e-01
1.516104338253535616e+03 2.747804357212786930e-01
1.515373381222285616e+03 2.416580724050129136e-01
1.515130095089473116e+03 2.123545352927563856e-01
1.514886808956660616e+03 2.395267774975104180e-01
1.514643400753535616e+03 2.574160419995106808e-01
1.514643278683223116e+03 2.454374871453758600e-01
1.514400236691035616e+03 2.488945547647025414e-01
1.514157194698848116e+03 2.253328702126036198e-01
1.513913908566035616e+03 2.616290511339718350e-01
1.513185270870723116e+03 2.416377353478485479e-01
1.512457365597285616e+03 2.346021894714835354e-01
1.511730192745723116e+03 2.207625268412600483e-01
1.511003874386348116e+03 2.682283768719241901e-01
1.510278166378535616e+03 2.830111908112047381e-01
1.509553190792598116e+03 2.567139410613208939e-01
1.508828947628535616e+03 2.688982887725501203e-01
1.508105436886348116e+03 2.579808402400332046e-01
1.507382658566035616e+03 2.953236405985861235e-01
1.506660612667598116e+03 2.729396701517748935e-01
1.505939299191035616e+03 2.657967995862349220e-01
1.505218718136348116e+03 2.884645678082070619e-01
1.504498991573848116e+03 2.815525508787343756e-01
1.503779753292598116e+03 2.451906196968518248e-01
1.503061369503535616e+03 2.585294431114244507e-01
1.502343708184398338e+03 2.365104119700149332e-01
1.501626803712520314e+03 2.485613788685169245e-01
1.500910753570111865e+03 2.859528919814748882e-01
1.500195313663038405e+03 2.668886736890216382e-01
1.499480606038367569e+03 2.703033583841615295e-01
1.498766630696098900e+03 2.810711471231845393e-01
1.498053265589165676e+03 2.464230297452128515e-01
1.497340754811701572e+03 2.601704212162150864e-01
1.496628854269572912e+03 2.381685953297599523e-01
1.495917808056913600e+03 3.097955161741593466e-01
1.495207372079589504e+03 3.059108620322051886e-01
1.494497668384667804e+03 2.607634424309109855e-01
1.493788574925081321e+03 2.596230605199619235e-01
1.493080335794964412e+03 2.545577924440448059e-01
1.492372706900182493e+03 2.602353087813306654e-01
1.491665810287803197e+03 2.746369299723840363e-01
1.490959645957826069e+03 2.774169572558633501e-01
1.490254091863184158e+03 2.609969162029038836e-01
1.489549270050944642e+03 2.934058889754354027e-01
1.488845180521107295e+03 2.757178280388980496e-01
1.488141823273672571e+03 2.824667508381453196e-01
1.487439076261572836e+03 2.952638674015812259e-01
1.486737061531875497e+03 2.991344856183000278e-01
1.486035657037513602e+03 3.088145760391160510e-01
1.485335106872621054e+03 2.878454674760946852e-01
1.484635166943063496e+03 2.803415030764830340e-01
1.483935959295908560e+03 2.605950789556554792e-01
1.483237361884088841e+03 2.833212856359033638e-01
1.482539618801738470e+03 2.487185019199477654e-01
1.481842363907656363e+03 2.569730586250837390e-01
1.481145963343043377e+03 2.774494701464110258e-01
1.480450173013766062e+03 2.390465881853537644e-01
1.479754992919823735e+03 3.136346860856749630e-01
1.479060667155350984e+03 2.342959807866717981e-01
1.478366829579146270e+03 2.837996250799796338e-01
1.477673846332410903e+03 2.954973700663466873e-01
1.476981473321010981e+03 2.757966316012635533e-01
1.476289832592013454e+03 2.900611787723920143e-01
1.475598802098350916e+03 2.769105951236652818e-01
1.474908503887091001e+03 2.311707564447092467e-01
1.474218815911166075e+03 2.659197239965083170e-01
1.473529860217643773e+03 2.894690275388310807e-01
1.472841514759456459e+03 2.761991888008026863e-01
1.472153901583671768e+03 2.609675429431286275e-01
1.471467020690289246e+03 2.287397929486596204e-01
1.470780750032241940e+03 2.564417662155357158e-01
1.470095211656597030e+03 3.088203831119606946e-01
1.469410283516287336e+03 2.599933521372990719e-01
1.468725965611312859e+03 2.534295621369853091e-01
1.468042379988740777e+03 2.871162184173910448e-01
1.467359526648571091e+03 2.701440225126173766e-01
1.466677283543736621e+03 2.484625724077641762e-01
1.465995650674237368e+03 2.654368842583499366e-01
1.465314750087140510e+03 2.854331842608017200e-01
1.464634459735379096e+03 2.181174634491529485e-01
1.463954901666019850e+03 2.228483977247045777e-01
1.463275953831995821e+03 2.543630666505462545e-01
1.462597738280374188e+03 2.669634802172521915e-01
1.461920132964087770e+03 2.838137620176425790e-01
1.461243137883136569e+03 2.461343964855380040e-01
1.460566753037520812e+03 2.666092041915290034e-01
1.459891222521374175e+03 3.025465360451478070e-01
1.459216180193496029e+03 2.605037927912497442e-01
1.458541870148020053e+03 3.078082059190460074e-01
1.457868170337879519e+03 2.797828115471379662e-01
1.457195202810141154e+03 2.620208193501335492e-01
1.456522845517738006e+03 2.657387486699505641e-01
1.455851098460670300e+03 2.701127521249106489e-01
1.455180083686004991e+03 2.777965524917936357e-01
1.454509679146674671e+03 2.746902337309542474e-01
1.453839884842679794e+03 2.370548288533984027e-01
1.453170700774020133e+03 2.622220195957749578e-01
1.452502371034829821e+03 2.678689672744571371e-01
1.451834529483907772e+03 3.009666906504294137e-01
1.451167298168321167e+03 2.675866077664311726e-01
1.450500799135136731e+03 2.695608213246161178e-01
1.449834910337287511e+03 2.945292526649780918e-01
1.449169631774773734e+03 2.571640772848330370e-01
1.448505085494662126e+03 2.422291120582169277e-01
1.447841149449885734e+03 2.615252990215983786e-01
1.447177701593377606e+03 2.584707677518696123e-01
1.446515108066339053e+03 2.712127746530036410e-01
1.445853002727568537e+03 2.566039290841692910e-01
1.445191751718267369e+03 2.457120607882816443e-01
1.444530866850167513e+03 2.508822170149924147e-01
1.443870714264469825e+03 2.811145721241500861e-01
1.443211293961174761e+03 2.957472877124106003e-01
1.442552361846147505e+03 2.622010696343756719e-01
1.441894162013522873e+03 2.466169881984306145e-01
1.441236572416233457e+03 2.768536526183119628e-01
1.440579593054279258e+03 2.486722210173580583e-01
1.439923101880593322e+03 2.507489131204899691e-01
1.439267587083443686e+03 2.394483360261091265e-01
1.439267465036376734e+03 2.687075172145640400e-01
1.439049122833416277e+03 2.268399938119005088e-01
1.438830658583388640e+03 2.522882022354699383e-01
1.438612438427495363e+03 2.441710578191346181e-01
1.438612316380428183e+03 2.474071336318019176e-01
1.438394096224534906e+03 2.722393307847710275e-01
1.438175998115708580e+03 2.737097221294387817e-01
1.437958022053949207e+03 2.549456955439892147e-01
1.437957900006882255e+03 2.324254908376278683e-01
1.437739923945122882e+03 2.769362673250870821e-01
1.437522069930430689e+03 2.191000377008731903e-01
1.437304215915738496e+03 2.726396967085587542e-01
1.437304093868671544e+03 2.726392971863952908e-01
1.437086117806912171e+03 2.954573798719474231e-01
1.436868507886354109e+03 2.315710668612195600e-01
1.436651020012863000e+03 2.351859839730547075e-01
1.436650897965796048e+03 2.448719834774572557e-01
1.436433288045237987e+03 2.896367903518009546e-01
1.436215678124679698e+03 2.119013011509555955e-01
1.435998312298255769e+03 2.437860563275232040e-01
1.435780946471831840e+03 2.432899929920925297e-01
1.435563580645407683e+03 2.617832217699506137e-01
1.435346336866050706e+03 2.642391821495010396e-01
1.435129215133760908e+03 2.608327123791819857e-01
1.434912093401471111e+03 2.599628746674566560e-01
1.434694971669181086e+03 2.608889975252367543e-01
1.434478094031025421e+03 3.023423322697602611e-01
1.434261094345802576e+03 2.422167571250386509e-01
1.434044216707646683e+03 2.475024804754270558e-01
1.433827461116557970e+03 2.483140904239544422e-01
1.433610827572536209e+03 2.649191728149145608e-01
1.433394194028514676e+03 2.644663694401052645e-01
1.433177560484492915e+03 2.329642186535606507e-01
1.432961171034605286e+03 2.217180239341619563e-01
1.432744659537650705e+03 2.515789292625469353e-01
1.432528270087763303e+03 2.063164310852690086e-01
1.432312002684942627e+03 2.813526982389590314e-01
1.432095857329189130e+03 2.157385866907393923e-01
1.431879711973435860e+03 2.479290800016938356e-01
1.431663566617682363e+03 2.648043443847619138e-01
1.431447543308995819e+03 2.323098764625790014e-01
1.431231642047376681e+03 2.493623833012340585e-01
1.431015740785757316e+03 2.192934915185314748e-01
1.430799961571204904e+03 2.595997202184593400e-01
1.430584304403719671e+03 2.489871449707091455e-01
1.430368525189167485e+03 2.332658465554174332e-01
1.430152868021682252e+03 3.088267183266037996e-01
1.429937210854197019e+03 2.792058967101472833e-01
1.429721919827912870e+03 2.748501115385770244e-01
1.429506506754561769e+03 2.904192239719195490e-01
1.429291215728277621e+03 2.978926935673433252e-01
1.429076046749060652e+03 2.405410828208915108e-01
1.428860755722776503e+03 2.849959997945936685e-01
1.428645586743559534e+03 2.537691054926256573e-01
1.428430539811409517e+03 2.717879455309177295e-01
1.428215614926326680e+03 2.908236302427850695e-01
1.428000690041243615e+03 2.800158962958967934e-01
1.427785765156160778e+03 3.031709353388274408e-01
1.427570962318144893e+03 2.445012520823822144e-01
1.427356403574263140e+03 2.964197347891592282e-01
1.427141600736247256e+03 2.826392167072162009e-01
1.426927041992365503e+03 3.055047194321656723e-01
1.426712605295550929e+03 2.714862633734779207e-01
1.426498168598736129e+03 2.574634419942967156e-01
1.426283731901921556e+03 3.078067785135786272e-01
1.426069417252173935e+03 2.836183206381832078e-01
1.425855224649493266e+03 2.597800325556048895e-01
1.425641032046812597e+03 2.655963968896223881e-01
1.425426961491199108e+03 2.708379191435251743e-01
1.425212890935585619e+03 2.628812052346749528e-01
1.424998942427039083e+03 2.898147980650362943e-01
1.424784993918492773e+03 2.714234873415071192e-01
1.424571167457013189e+03 2.752406717247171675e-01
1.424357218948466880e+03 2.831937773209369791e-01
1.424143758628188607e+03 2.901511008898228772e-01
1.423930054213776202e+03 2.747961057656549411e-01
1.423716471846430750e+03 2.549726797325012617e-01
1.423503011526152477e+03 2.702935718912118368e-01
1.423289551205874204e+03 2.474285617789076519e-01
1.423076212932663111e+03 2.934169267754545007e-01
1.422862752612384838e+03 2.888855346664832568e-01
1.422649780480374829e+03 2.731217682930897062e-01
1.422436564254230689e+03 2.531690675764168286e-01
1.422223470075153500e+03 2.757052973041110855e-01
1.422010375896076539e+03 2.592669474595074575e-01
1.421797525811133482e+03 2.750078258111175455e-01
1.421584553679123474e+03 3.011757222213353180e-01
1.421371703594180417e+03 2.639797157497764113e-01
1.421158853509237360e+03 2.730963750004988810e-01
1.420946247518428663e+03 2.430331796455329763e-01
1.420733641527619739e+03 2.835654758075182302e-01
1.420521035536810814e+03 2.584105129484445262e-01
1.420308673640136021e+03 2.735195622417709305e-01
1.420096067649327097e+03 3.025344215258099489e-01
1.419883827799719484e+03 2.789494733994984377e-01
1.419671465903044691e+03 2.580526226618581331e-01
1.419459348100504030e+03 2.692487061885185939e-01
1.419247108250896417e+03 2.572958213411003503e-01
1.419034990448355757e+03 2.773528617236548643e-01
1.418822994692882048e+03 2.739564808506095850e-01
1.418611120984475519e+03 2.850993398607776230e-01
1.418399247276068991e+03 2.816235436307975570e-01
1.418187373567662462e+03 2.777616196631922385e-01
1.417975499859255933e+03 2.913999027592134028e-01
1.417763992292050489e+03 2.911398942219255992e-01
1.417552240630710912e+03 2.654247131666390702e-01
1.417340611016438515e+03 2.884806172221521248e-01
1.417129225496300251e+03 2.621687537064544271e-01
1.416917839976161758e+03 2.534498623668682282e-01
1.416706454456023494e+03 2.598209696524600987e-01
1.416495068935885229e+03 2.635703016350193217e-01
1.416283927509880868e+03 2.519935608822526651e-01
1.416072786083876736e+03 3.034057348164937995e-01
1.415861644657872603e+03 2.672214611229911663e-01
1.415650625278935422e+03 2.520283568171985955e-01
1.415439605899998242e+03 2.780806688337375543e-01
1.415228830615195193e+03 2.701395092303183199e-01
1.415017933283324965e+03 2.882693687621899481e-01
1.414807157998521916e+03 2.856230224255769112e-01
1.414596382713718867e+03 2.917031209327284880e-01
1.414385851523049951e+03 2.855080652173720424e-01
1.414175320332381034e+03 2.410337040198364533e-01
1.413964789141712117e+03 2.635708970992393652e-01
1.413754379998110153e+03 2.691731808310166563e-01
1.413544092901575368e+03 2.963680898243937212e-01
1.413333683757973404e+03 2.537083115915440001e-01
1.413123274614371439e+03 2.715374611484062117e-01
1.412913353659037739e+03 3.089844863945449549e-01
1.412703188609569906e+03 2.723460990817119787e-01
1.412493145607169254e+03 2.864001178712314299e-01
1.412283102604768601e+03 2.845223628491737600e-01
1.412073303696501853e+03 2.457859768510694265e-01
1.411863504788235332e+03 2.527953486176527931e-01
1.411653705879968584e+03 2.816438735524399717e-01
1.411443906971702063e+03 2.764539761750847147e-01
1.411234352157569447e+03 2.822944631840248464e-01
1.411024797343437058e+03 3.155325556657107566e-01
1.410815242529304442e+03 2.458779762966211146e-01
1.410605687715172053e+03 2.720258596028998777e-01
1.410396376995173569e+03 2.947217965132099549e-01
1.410187066275175084e+03 2.768243936115513115e-01
1.409977877602243780e+03 2.650161944235386313e-01
1.409768566882245295e+03 2.708946459495709669e-01
1.409559622303448123e+03 2.736955378023528396e-01
1.409350433630516818e+03 2.791772299675397417e-01
1.409141489051719645e+03 2.959615811244992734e-01
1.408932544472922245e+03 2.900237301991425709e-01
1.408723721941192025e+03 2.726393537416694768e-01
1.408514899409462032e+03 2.870664111965766097e-01
1.408306198924798764e+03 2.580320351039546156e-01
1.408097498440135723e+03 2.724225282566028472e-01
1.407888920002539635e+03 3.100797269840203096e-01
1.407680341564943546e+03 2.930490962521296594e-01
1.407471885174414410e+03 2.877359723360622956e-01
1.407263428783885502e+03 2.674317521283970933e-01
1.407055094440423545e+03 2.991107117463899234e-01
1.406846882144028541e+03 2.723736678981377168e-01
1.406638669847633537e+03 3.101696132022594421e-01
1.406430457551238760e+03 2.693445797913131545e-01
1.406222367301910936e+03 2.367833987056492950e-01
1.406014521146717016e+03 2.558870277927213777e-01
1.405806430897389191e+03 2.867024365059052116e-01
1.405598584742195499e+03 2.498636191528340877e-01
1.405390738587001806e+03 2.722808590357590486e-01
1.405183014478875066e+03 2.999501295737867501e-01
1.404975290370748326e+03 2.999342799605675958e-01
1.404767688309688765e+03 2.869392679902506016e-01
1.404560086248628977e+03 2.884731107035877207e-01
1.404352728281703548e+03 2.822434176658281113e-01
1.404145248267710940e+03 2.877373579822998795e-01
1.403937768253718332e+03 2.667669158554498154e-01
1.403730532333859855e+03 2.923263190091271446e-01
1.403523296414001379e+03 3.015651004018866654e-01
1.403316182541209855e+03 3.051540523760740142e-01
1.403108946621351379e+03 2.755631279499891617e-01
1.402901954795627034e+03 2.310234577738038697e-01
1.402695085016969870e+03 2.676949572731730509e-01
1.402488093191245298e+03 2.644664879925188727e-01
1.402281223412588133e+03 2.935880777651624363e-01
1.402074353633930741e+03 3.285919941698153823e-01
1.401867727949407481e+03 2.474040820113191097e-01
1.401661102264884448e+03 2.653561777880394934e-01
1.401454476580361188e+03 2.580855884887411911e-01
1.401247850895837928e+03 2.887308150962960562e-01
1.401041347258381847e+03 3.101018398139184229e-01
1.400834965667992719e+03 2.651774949821746330e-01
1.400628706124670543e+03 3.090430906346645079e-01
1.400422446581348595e+03 2.776920018280942815e-01
1.400216187038026419e+03 2.815247486905136931e-01
1.400010049541771423e+03 2.636111524050370192e-01
1.399804034092583606e+03 2.531405235040493640e-01
1.399597896596328610e+03 2.856468248779611696e-01
1.399392003194207746e+03 2.804700492175367099e-01
1.399186109792086881e+03 2.673700665196304671e-01
1.398980338437032970e+03 2.550891990429708933e-01
1.398774445034912105e+03 2.864069458481794395e-01
1.398568795726925373e+03 3.004363713467487762e-01
1.398363268466005593e+03 2.913811627784663183e-01
1.398157497110951908e+03 2.506726875620856054e-01
1.397952091897099081e+03 2.706580625901570114e-01
1.397746564636179528e+03 2.563796074779658984e-01
1.397541159422326700e+03 2.421247865262470544e-01
1.397335998302608232e+03 2.737735982427191850e-01
1.397130715135822584e+03 2.944971679599582837e-01
1.396925431969036936e+03 2.723545371742702170e-01
1.396720148802251288e+03 2.966471025090000602e-01
1.396515353823733903e+03 2.819565568638355280e-01
1.396310314751082387e+03 2.781445786571081213e-01
1.396105275678430871e+03 2.947150888561690940e-01
1.395900480699913487e+03 2.779421356252258501e-01
1.395695685721396103e+03 2.852483458874512379e-01
1.395490890742878719e+03 2.713438496043326098e-01
1.395286217811428514e+03 2.766102530074829868e-01
1.395081544879978082e+03 3.012081389630539285e-01
1.394876993995594830e+03 2.943730489134435135e-01
1.394672565158278530e+03 2.505359662550297184e-01
1.394468136320962458e+03 2.766640440803576628e-01
1.394263707483646158e+03 2.877980736411331342e-01
1.394059278646329858e+03 2.580520543651652621e-01
1.393855215950214870e+03 2.429191585740864967e-01
1.393651031207032702e+03 2.740483069354931467e-01
1.393446846463850534e+03 2.621043226418780514e-01
1.393242783767735546e+03 2.764871234022106550e-01
1.393038843118687510e+03 2.945831943893507665e-01
1.392834902469639474e+03 2.755470968706759671e-01
1.392631083867658617e+03 2.444543409167335146e-01
1.392427265265677534e+03 2.618900223911191372e-01
1.392223446663696677e+03 2.518928424143366818e-01
1.392019872155849725e+03 2.703566919546749880e-01
1.391816175600935821e+03 2.572003844090829938e-01
1.391612601093089097e+03 2.940539173342793799e-01
1.391409026585242145e+03 3.060468641577808735e-01
1.391205818218596505e+03 2.775240078466040816e-01
1.391002365757816733e+03 2.771104674382911526e-01
1.390799035344103913e+03 2.566322761246064288e-01
1.390595826977458273e+03 2.689768224639179639e-01
1.390392618610812633e+03 2.678111724379294567e-01
1.390189532291233945e+03 2.541866328117281526e-01
1.389986445971655485e+03 2.973918221093965197e-01
1.389783481699143749e+03 2.838488921381681629e-01
1.389580517426632241e+03 2.934766960969514282e-01
1.389377797248254865e+03 2.582349335425139225e-01
1.389174955022810309e+03 2.668073149580925119e-01
1.388972112797365753e+03 2.727214016465231428e-01
1.388769392618988149e+03 2.701821245516817793e-01
1.388566794487677726e+03 2.592918738564800041e-01
1.388364318403434481e+03 3.152886528282476952e-01
1.388161842319191010e+03 2.724968948711257166e-01
1.387959366234947765e+03 2.778353409077164993e-01
1.387757012197771473e+03 2.653635260216740677e-01
1.387554780207662134e+03 2.585761214757818505e-01
1.387352426170485842e+03 2.929320972566663572e-01
1.387150316227443682e+03 2.470763654367782725e-01
1.386948206284401522e+03 2.703942323105382184e-01
1.386746096341359362e+03 2.588843552296641315e-01
1.386544108445384154e+03 2.409518021610868588e-01
1.386342242596476126e+03 2.833775361751915689e-01
1.386140254700500918e+03 2.656538907049450504e-01
1.385938510898659842e+03 2.775427848771243600e-01
1.385736767096818994e+03 2.905313224399659333e-01
1.385535145342044871e+03 2.570721178746200875e-01
1.385333523587270975e+03 2.898030030087633269e-01
1.385131901832497078e+03 2.922511746013701228e-01
1.384930402124790135e+03 2.618217028588305517e-01
1.384728902417083191e+03 2.690091833679302824e-01
1.384527646803510379e+03 3.056289654341334261e-01
1.384326269142870387e+03 2.916711492960183394e-01
1.384125013529297576e+03 2.898102919026638302e-01
1.383923757915724764e+03 2.412900604518449788e-01
1.383722746396286084e+03 2.732179903693531253e-01
1.383521612829780452e+03 2.498400928288215528e-01
1.383320601310341544e+03 2.507772298287397894e-01
1.383119589790902864e+03 2.705196460021188076e-01
1.382918822365598317e+03 3.020087140143604132e-01
1.382718054940293769e+03 2.784880986263570390e-01
1.382517165467922041e+03 2.474244241835506231e-01
1.382316520089684673e+03 2.548058300031665890e-01
1.382115874711447077e+03 2.771470763496414746e-01
1.381915351380276434e+03 2.879092805183726123e-01
1.381714828049106018e+03 2.868779554125525100e-01
1.381514304717935602e+03 2.801949710462388055e-01
1.381313903433832138e+03 3.008985728967413786e-01
1.381113502149728674e+03 2.908068365787007115e-01
1.380913344959759343e+03 2.945905194788575598e-01
1.380713187769790011e+03 2.854672044477404858e-01
1.380513030579820679e+03 2.438540904391681974e-01
1.380312873389851347e+03 3.094114040158976175e-01
1.380112838246949195e+03 2.681594865761975921e-01
1.379912925151113996e+03 2.817845834189504073e-01
1.379713012055278796e+03 2.750475903978102932e-01
1.379513098959443596e+03 2.717514253766566412e-01
1.379313307910675348e+03 2.838087450901905506e-01
1.379113760956041233e+03 2.967350329322377966e-01
1.378914091954340165e+03 2.861957979076787395e-01
1.378714422952639097e+03 2.922089367768472834e-01
1.378514875998004982e+03 3.182218853034589068e-01
1.378315329043371094e+03 2.801424075202046393e-01
1.378115904135803930e+03 2.710412398470246620e-01
1.377916601275303947e+03 2.617638871418418445e-01
1.377717298414804191e+03 2.984593314913343565e-01
1.377518117601371159e+03 2.930772897240204733e-01
1.377318936787938355e+03 2.858379860076102341e-01
1.377119878021572504e+03 2.636763223312432181e-01
1.376920819255206652e+03 2.753997549668691369e-01
1.376721760488840800e+03 2.895352033987179108e-01
1.376522823769542129e+03 2.841624221732943489e-01
1.376323887050243229e+03 3.180415865220827532e-01
1.376125194425078689e+03 2.602127487580109810e-01
1.375926379752846969e+03 2.888238592206006650e-01
1.375727687127682202e+03 2.981083707114664527e-01
1.375528994502517435e+03 2.531561327315215992e-01
1.375330423924419847e+03 2.942999298987057921e-01
1.375132097440456391e+03 2.900694793313909337e-01
1.374933648909425756e+03 2.763792624779925489e-01
1.374735200378395348e+03 2.670796946884982925e-01
1.374536873894431892e+03 2.886773527211633494e-01
1.374338547410468209e+03 2.869062368280184683e-01
1.374140465020638885e+03 2.772888761099649435e-01
1.373942260583742382e+03 2.342489340674233367e-01
1.373744178193913058e+03 2.894026645898642447e-01
1.373546095804083734e+03 2.695150947454326706e-01
1.373348135461321363e+03 2.866569716783028410e-01
1.373150297165625943e+03 2.976528234406651263e-01
1.372952336822863572e+03 2.629678394325545288e-01
1.372754620574235332e+03 2.634457087512481754e-01
1.372556904325607320e+03 2.788713241260009079e-01
1.372359188076979081e+03 2.768191069724793008e-01
1.372161715922484746e+03 3.149493567828432483e-01
1.371964121720923686e+03 2.597993765745097994e-01
1.371766649566429578e+03 2.602108822136703914e-01
1.371569055364868291e+03 3.225910625828110057e-01
1.371371827304508315e+03 2.540137104332652607e-01
1.371174599244148339e+03 2.688365448664760682e-01
1.370977371183788364e+03 2.501991133969423964e-01
1.370780143123428388e+03 2.667341417967468153e-01
1.370582915063068185e+03 2.869468738130868668e-01
1.370385809049775389e+03 2.764594904635089279e-01
1.370188947130616498e+03 3.155454222377033213e-01
1.369991963164390654e+03 2.625875150583966700e-01
1.369795101245231763e+03 2.696220234643092462e-01
1.369598239326072871e+03 2.798295870861327583e-01
1.369401499453981160e+03 2.770447384338800556e-01
1.369204881628956400e+03 3.021734384949616992e-01
1.369008019709797509e+03 2.600136816241513382e-01
1.368811523931839702e+03 2.773652157278838626e-01
1.368615028153882122e+03 2.675982229595085804e-01
1.368418532375924315e+03 2.755218139417647816e-01
1.368222158645033687e+03 2.721114965422085641e-01
1.368025784914143060e+03 2.256243025190186047e-01
1.367829411183252432e+03 2.286580322431384649e-01
1.367633281546495937e+03 2.931281725805826022e-01
1.367437029862672489e+03 3.111356192514065366e-01
1.367240900225915766e+03 2.848768445394464499e-01
1.367045014683293402e+03 2.960833150767873123e-01
1.366848885046536907e+03 2.457805574285729100e-01
1.366652999503914543e+03 2.507225018064556665e-01
1.366456991914225000e+03 2.672827534817182604e-01
1.366261228418669589e+03 2.787673995235868118e-01
1.366065586970181357e+03 2.938184836546480216e-01
1.365869823474625946e+03 3.005671074783144436e-01
1.365674182026137714e+03 3.213180941093236598e-01
1.365478540577649483e+03 2.808121424228746665e-01
1.365283021176228203e+03 2.637144341388528712e-01
1.365087745868941056e+03 2.939182238907236955e-01
1.364892226467519777e+03 2.833449743690457656e-01
1.364696951160232629e+03 2.750244406854425727e-01
1.364501553805878302e+03 2.684504211647680272e-01
1.364306400545658335e+03 2.783167396883384215e-01
1.364111247285438139e+03 2.717157157435217130e-01
1.363916094025218172e+03 2.740487683465215318e-01
1.363721062812065156e+03 2.651983048255819320e-01
1.363526031598912141e+03 2.683444067532413380e-01
1.363331122432826078e+03 2.518795519042636988e-01
1.363136213266740015e+03 2.850626276908908019e-01
1.362941426147721131e+03 3.068393549336735360e-01
1.362746761075769200e+03 2.774934308634401936e-01
1.362551851909683364e+03 2.882948897096884178e-01
1.362357308884798613e+03 2.668477268078283116e-01
1.362162765859913634e+03 2.920016179711235060e-01
1.361968344882095835e+03 2.474996771285940256e-01
1.361773801857211083e+03 2.669466296291628793e-01
1.361579380879393284e+03 2.524420186823950751e-01
1.361384959901575485e+03 2.839915232730402250e-01
1.361190660970824865e+03 2.611610905532080196e-01
1.360996484087141198e+03 2.763415552291262900e-01
1.360802429250524710e+03 2.627881133942384650e-01
1.360608252366841043e+03 2.657341293811978367e-01
1.360414197530224328e+03 2.597819802958220015e-01
1.360220142693607841e+03 2.630893936268049460e-01
1.360026087856991126e+03 2.531607079486767886e-01
1.359832399161575722e+03 2.781288522026989507e-01
1.359638588419093139e+03 2.668290029916170480e-01
1.359444777676610784e+03 3.035313572008929150e-01
1.359251088981195380e+03 2.466048515014778730e-01
1.359057400285779977e+03 2.688672098721439641e-01
1.358863833637431526e+03 2.490455930286561981e-01
1.358670389036150254e+03 2.783694344076030891e-01
1.358476822387801803e+03 2.931813081366714813e-01
1.358283377786520532e+03 2.706351311916327940e-01
1.358090055232306213e+03 2.479261325104895886e-01
1.357896732678091894e+03 3.117852195014914063e-01
1.357703532170944754e+03 2.545191179528778491e-01
1.357510331663797388e+03 2.988615807449619965e-01
1.357317253203717428e+03 2.951428748986583139e-01
1.357124174743637241e+03 2.530762497317735060e-01
1.356931096283557054e+03 2.707994568638654731e-01
1.356738139870543819e+03 2.871957778146340123e-01
1.356545305504597764e+03 2.625653141997006390e-01
1.356352471138651708e+03 2.916725251384341688e-01
1.356159758819772833e+03 3.016774826846812529e-01
1.355966924453826778e+03 2.707626187547847452e-01
1.355774334182014854e+03 2.913577137269445227e-01
1.355581621863135751e+03 2.799437213806318936e-01
1.355389275685457960e+03 2.688091392535517654e-01
1.355196685413646037e+03 2.601982892856313789e-01
1.355004217188901066e+03 3.034809065981423637e-01
1.354811871011223275e+03 2.877366558829863030e-01
1.354619524833545483e+03 3.125271573924878754e-01
1.354427422750001597e+03 3.007596683058436082e-01
1.354235198619390985e+03 2.554751997134901420e-01
1.354042974488780146e+03 2.701510521081411653e-01
1.353850872405236487e+03 2.760029681312110572e-01
1.353658770321692600e+03 2.962158490166437730e-01
1.353466790285215893e+03 3.050952441106939972e-01
1.353275054342873545e+03 2.739144875817028923e-01
1.353083196353463791e+03 2.712423441056879270e-01
1.352891338364054263e+03 2.827070149110209041e-01
1.352699602421711688e+03 2.686530846279296392e-01
1.352507866479369113e+03 2.603709447472861704e-01
1.352316252584093490e+03 2.746986911686446486e-01
1.352124760735885047e+03 2.664219611478994554e-01
1.351933268887676604e+03 2.954931586724745540e-01
1.351741777039468161e+03 2.879292549400391255e-01
1.351550285191259718e+03 2.914734485680774423e-01
1.351358915390118227e+03 2.748408955014096100e-01
1.351167545588976964e+03 2.984093469663856024e-01
1.350976541929036784e+03 2.793475498200918006e-01
1.350785294174962246e+03 2.746064400948571849e-01
1.350594168467955114e+03 2.725647472698921603e-01
1.350403164808014708e+03 2.472292813598544747e-01
1.350212161148074529e+03 2.761771528050572799e-01
1.350021157488134349e+03 2.874394262007018419e-01
1.349830397922328302e+03 2.987186826336099554e-01
1.349639516309455075e+03 2.926906327543858932e-01
1.349448756743648801e+03 2.898107486651676501e-01
1.349257997177842753e+03 2.929453422960734965e-01
1.349067359659103658e+03 2.818199278408886066e-01
1.348876722140364564e+03 3.017722861928412437e-01
1.348686206668692648e+03 2.591087044420032348e-01
1.348495813244087685e+03 2.878775243857868427e-01
1.348305297772415543e+03 2.884961127470331288e-01
1.348114904347810580e+03 2.863666712177179163e-01
1.347924632970272796e+03 2.584238154378009078e-01
1.347734361592734786e+03 2.815766582921367389e-01
1.347544212262263954e+03 2.534464151608729066e-01
1.347353940884726171e+03 2.593538037704314902e-01
1.347163913601322292e+03 2.767874063851298860e-01
1.346973886317918414e+03 2.804393612285504545e-01
1.346783859034514762e+03 2.844947010531200804e-01
1.346593953798177836e+03 2.712900634365102981e-01
1.346404170608908316e+03 2.776656353577612868e-01
1.346214387419638570e+03 2.694902403692803761e-01
1.346024604230368823e+03 2.726264110300664067e-01
1.345834943088166256e+03 2.958708014035971723e-01
1.345645281945963461e+03 2.907088507050349380e-01
1.345455620803760894e+03 2.655272811732640736e-01
1.345266203755692459e+03 2.716214875147093255e-01
1.345076664660556844e+03 2.976712674101689715e-01
1.344887247612488181e+03 2.614083343983866214e-01
1.344697952611486699e+03 2.680203525390459918e-01
1.344508535563418263e+03 2.660671245373375515e-01
1.344319362609483733e+03 2.469706334861886399e-01
1.344130067608482477e+03 2.822481809372092698e-01
1.343941138748682079e+03 2.776880961140073545e-01
1.343751965794747548e+03 3.044063726266514336e-01
1.343562914887880197e+03 2.737365364478752117e-01
1.343373986028080026e+03 2.457754510259676228e-01
1.343185057168279627e+03 2.724967982382779375e-01
1.342996250355546408e+03 2.790788365703676388e-01
1.342807443542813189e+03 2.512026967535391231e-01
1.342618758777146923e+03 2.693870096760290767e-01
1.342429951964413704e+03 2.681872496899984082e-01
1.342241389245814617e+03 2.643616509231905276e-01
1.342052826527215302e+03 2.544592427369359866e-01
1.341864263808616215e+03 2.961523815071466226e-01
1.341675823137084080e+03 2.825532180166743235e-01
1.341487504512619125e+03 2.656818862153356720e-01
1.341299185888153943e+03 2.716968210727209732e-01
1.341110867263688988e+03 2.775145599857724577e-01
1.340922548639224033e+03 2.639221562586351322e-01
1.340734352061826030e+03 2.565779268867192098e-01
1.340546277531494979e+03 2.666430157855949057e-01
1.340358203001164156e+03 2.597056581861564850e-01
1.340170250517900286e+03 2.678786035176991542e-01
1.339982298034636415e+03 2.511499394119893203e-01
1.339794345551372544e+03 2.719449226953322141e-01
1.339606515115175625e+03 2.713642849663683299e-01
1.339418684678978934e+03 2.661725058712018921e-01
1.339230854242782016e+03 2.689894373925406645e-01
1.339043267900719229e+03 2.924176197089806140e-01
1.338855681558656670e+03 3.194776112442465621e-01
1.338667973169526931e+03 2.892644007198230116e-01
1.338480508874531097e+03 2.817719059395082382e-01
1.338293044579535490e+03 2.856236916506832424e-01
1.322376398376694624e+03 2.929067145226356694e-01
1.322193693917314022e+03 2.891702937653258809e-01
1.322010989457933420e+03 2.827452987315223765e-01
1.321828284998552817e+03 2.618520347977734697e-01
1.321645824633306574e+03 3.089109108486451927e-01
1.304896573339019824e+03 2.678787452741854813e-01
1.304718872809388586e+03 2.979435605090128281e-01
1.304541294326824300e+03 2.593759575820303587e-01
1.304363715844260014e+03 2.890144629297013990e-01
1.304186137361695955e+03 2.672010357769458722e-01
1.287034130746129676e+03 3.007543253229005842e-01
1.286861678240381707e+03 2.981544774332164360e-01
1.286689103687566558e+03 2.737241715628550009e-01
1.286516651181818588e+03 2.737997211778082085e-01
1.286344198676070619e+03 2.659142027298069255e-01
1.286171868217389829e+03 2.770907122580191229e-01
1.285999537758708811e+03 2.608912173379596688e-01
1.285827207300028022e+03 2.856694820338336327e-01
1.285654998888414184e+03 2.834505479527937855e-01
1.285482790476800346e+03 2.786162373816159499e-01
1.285310826159320413e+03 2.982941160569296257e-01
1.285138739794773755e+03 2.851021658140509563e-01
1.284966653430226870e+03 2.720784509203533208e-01
1.284794689112747164e+03 2.840728588727355342e-01
1.284622724795267459e+03 2.958577503849637025e-01
1.284450882524854705e+03 2.687021134157825397e-01
1.284279040254442180e+03 3.055100611543100642e-01
1.284107197984029426e+03 2.703647228282129444e-01
1.283935477760683852e+03 2.770762488343782581e-01
1.283763757537338051e+03 2.391175877677665096e-01
1.283592159361059430e+03 2.694442536621259321e-01
1.283420561184781036e+03 2.896385055921595897e-01
1.283248963008502415e+03 2.726815919528600141e-01
1.283077486879290973e+03 2.819896834590462920e-01
1.282906010750079304e+03 2.724387063316609514e-01
1.282734778715001994e+03 2.864665339092477558e-01
1.282563424632857505e+03 3.138937577162441706e-01
1.282392070550713015e+03 3.077979395270921126e-01
1.282220838515635478e+03 2.626797758491653534e-01
1.282049728527625120e+03 2.606934833003659580e-01
1.281878496492547811e+03 2.768006200564371300e-01
1.281707386504537453e+03 2.748056437953117492e-01
1.281536276516527096e+03 2.778783915510541491e-01
1.281365288575583691e+03 2.779976175264737281e-01
1.281194300634640513e+03 2.692101852347009716e-01
1.281023312693697108e+03 2.693293267172435779e-01
1.280852568846888062e+03 2.506275910307007582e-01
1.280681702953011609e+03 3.080325247461678795e-01
1.280510837059135383e+03 2.817336549706835891e-01
1.280340215259393290e+03 2.972337091770193562e-01
1.280169471412584016e+03 2.685807200923804872e-01
1.279998971659909103e+03 3.147139943864696865e-01
1.279828349860166782e+03 2.674637628043100568e-01
1.279657850107491868e+03 2.835238939176616957e-01
1.279487350354816726e+03 2.938868421576253387e-01
1.279316972649208765e+03 2.685777950284734539e-01
1.279146472896533623e+03 2.488404577956612185e-01
1.278976217237992614e+03 2.921721679383649239e-01
1.278805839532384653e+03 2.564863537362098711e-01
1.278635705920910596e+03 3.134288030490766097e-01
1.278465450262369586e+03 2.640275917321157073e-01
1.278295316650895757e+03 2.853519498906920693e-01
1.278125183039421927e+03 2.904011796272787937e-01
1.277955171475015050e+03 2.684401355364655073e-01
1.277785159910608172e+03 2.818486016724050525e-01
1.277615148346201295e+03 2.736728934423259263e-01
1.277445258828861370e+03 2.736123719327398507e-01
1.277275369311521672e+03 2.571620720572220797e-01
1.277105723888315879e+03 2.839649357676689578e-01
1.276935956418043133e+03 2.620407365977476810e-01
1.276766188947770388e+03 2.565604480219750849e-01
1.276596543524564595e+03 2.727327184901225943e-01
1.276427020148425981e+03 2.915541295273846312e-01
1.276257374725220188e+03 2.912078804581363922e-01
1.276087851349081575e+03 2.746821413799043210e-01
1.275918327972942961e+03 2.744114631840701701e-01
1.275748926643871300e+03 2.447191401719787662e-01
1.275579525314799866e+03 3.041650446569109656e-01
1.275410123985728205e+03 2.881169063398330565e-01
1.275240966750790676e+03 2.799801333529463587e-01
1.275071565421719015e+03 2.528630612638581021e-01
1.274902408186781713e+03 2.717696747404930724e-01
1.274733250951844184e+03 2.747860362246415944e-01
1.274564215763973607e+03 2.914899472872016228e-01
1.274395058529036305e+03 2.888447680240420756e-01
1.274226145388232908e+03 2.831255497317800018e-01
1.274057232247429511e+03 2.958517245241978899e-01
1.273888319106626113e+03 2.655319185736673693e-01
1.273719528012889668e+03 2.518154395890559449e-01
1.273550736919153451e+03 2.813780713023604219e-01
1.273382067872484186e+03 2.760187403647996196e-01
1.273381945825417006e+03 2.706371497775431623e-01
1.273213276778747741e+03 2.651861840336651732e-01
1.273213154731680788e+03 2.732570525160139541e-01
1.273044729779145655e+03 2.866408885984102484e-01
1.273044607732078475e+03 2.651215466278270538e-01
1.272876060732476390e+03 2.811389629405727231e-01
1.272875938685409210e+03 2.623160708109363304e-01
1.272707391685807124e+03 2.703033456997578354e-01
1.272707269638739945e+03 2.514842889576274221e-01
1.272538722639137859e+03 2.487656526553182201e-01
1.272370297686602726e+03 2.837799493062347911e-01
1.272201872734067365e+03 2.945778177262050601e-01
1.272033447781532232e+03 2.918308773178708848e-01
1.271865144876064278e+03 2.996712550792511309e-01
1.271696841970596097e+03 2.914547321485172482e-01
1.271528539065127916e+03 3.047896755421246051e-01
1.271360358206726914e+03 2.645702523450423893e-01
1.271192177348325913e+03 2.646971870181061282e-01
1.271024118536991864e+03 2.862830978392405523e-01
1.270856059725657815e+03 2.701684188728747937e-01
1.270688000914323993e+03 2.756291657934385464e-01
1.270520186197124076e+03 2.839381602550716810e-01
1.270352249432856979e+03 2.709005521277101924e-01
1.270184312668590110e+03 3.010272811355630407e-01
1.270016497951390193e+03 2.661212598372666438e-01
1.269848805281257455e+03 2.989078505941141217e-01
1.269680990564057538e+03 2.480243959885817251e-01
1.269513297893924573e+03 2.893396967318363489e-01
1.269345727270858788e+03 3.303458254797348448e-01
1.269178156647793003e+03 3.359563202341818711e-01
1.269010586024727218e+03 3.150717288848416398e-01
1.268843015401661432e+03 3.665006445889336661e-01
1.268675688872729779e+03 3.574867337271654399e-01
1.268508240296731174e+03 3.656405057136447034e-01
1.268340791720732341e+03 3.200743631600012074e-01
1.268173587238867867e+03 3.178797435741276822e-01
1.268006260709936214e+03 3.001389301249540176e-01
1.267839056228071513e+03 3.106203574525394639e-01
1.267671851746206812e+03 2.723916071849672438e-01
1.267504891358476470e+03 2.856755762395472020e-01
1.267337686876611770e+03 3.016125112129945385e-01
1.267170604441814248e+03 2.854238967724144760e-01
1.267003644054083679e+03 2.719440156991095314e-01
1.266836683666353110e+03 3.045544765457848801e-01
1.266669845325689721e+03 2.776681966878966068e-01
1.266503129032093284e+03 2.862534180814346740e-01
1.266336290691429895e+03 2.947380919612475059e-01
1.266169574397833458e+03 3.028052958452562282e-01
1.266002858104237021e+03 3.270806662412237276e-01
1.265836141810640584e+03 3.359304215224128698e-01
1.265669547564111326e+03 3.208961163386694904e-01
1.265502953317582069e+03 3.106888082585304023e-01
1.265336603165186716e+03 2.885545095719505571e-01
1.265170008918657459e+03 2.955844735192882933e-01
1.265003536719195154e+03 2.811564931133593848e-01
1.264837186566799801e+03 3.200629245463094130e-01
1.264670836414404675e+03 3.111656527540755390e-01
1.264504608309076502e+03 3.042999800208068817e-01
1.264338380203748329e+03 2.961592201265991764e-01
1.264172152098420156e+03 2.866855829365040353e-01
1.264006046040158935e+03 2.665806281745414785e-01
1.263839939981897942e+03 2.804478482966319408e-01
1.263673833923636721e+03 2.676087676551387462e-01
1.263507849912442680e+03 2.761745350263165588e-01
1.263341865901248639e+03 2.786036180951357299e-01
1.263176003937121550e+03 2.781598284390078835e-01
1.263010019925927509e+03 2.666644233459898872e-01
1.262844280008867599e+03 2.797923584141032705e-01
1.262678418044740511e+03 2.984953117584782101e-01
1.262512678127680601e+03 2.418125107009682084e-01
1.262347060257687644e+03 2.845558783317175267e-01
1.262181442387694688e+03 2.810822388152227069e-01
1.262015824517701731e+03 3.012398015283755393e-01
1.261850206647709001e+03 2.727260313510552203e-01
1.261684832871850176e+03 2.651932679690728323e-01
1.261519459095991351e+03 2.825381940292435723e-01
1.261353963273065347e+03 2.764418584349497277e-01
1.261188589497206749e+03 2.711733977667621920e-01
1.261023337768414876e+03 2.798607997873696074e-01
1.260858086039623231e+03 2.446457630622288493e-01
1.260692834310831358e+03 2.881855792740741773e-01
1.260527582582039713e+03 2.741236245063431443e-01
1.260362452900315020e+03 2.787709123139850975e-01
1.260197445265657279e+03 2.728690450453891692e-01
1.260032315583932586e+03 2.649186794674615597e-01
1.259867429996342025e+03 2.789059499438052980e-01
1.259702422361684512e+03 2.656002461543958137e-01
1.259537536774093951e+03 2.521080225690281451e-01
