# Wavelength, Reflectance
1.644876563038841823e+03 2.665878593254808471e-01
1.644010474171654323e+03 3.459255418190237963e-01
1.643145239796654323e+03 3.115917693970987057e-01
1.642280981984154323e+03 1.527667786762479940e-01
1.641417578663841823e+03 2.058459170038448860e-01
1.640555273976341823e+03 2.689259956950507680e-01
1.639693823781029323e+03 1.673331523000089749e-01
1.638833350148216823e+03 2.155783678749871868e-01
1.637973731007591823e+03 2.241326394854972759e-01
1.637115210499779323e+03 2.127670331030940554e-01
1.636257544484154323e+03 1.744984709832591019e-01
1.635400855031029323e+03 1.705839278646354429e-01
1.634545142140404323e+03 2.796663674813477662e-01
1.633690283741966823e+03 2.424054444147444032e-01
1.632836401906029323e+03 2.247784925444119841e-01
1.631983374562279323e+03 2.071612243964324473e-01
1.631131323781029323e+03 1.875281141519043460e-01
1.630280249562279323e+03 2.237381916882191790e-01
1.629430029835716823e+03 2.261076254203629177e-01
1.628580786671654323e+03 1.995866955511462204e-01
1.627732397999779323e+03 1.786949122772490961e-01
1.626884985890404323e+03 2.766045284227809931e-01
1.626038550343529323e+03 1.777295419042323188e-01
1.625193091359154323e+03 1.750008813965361898e-01
1.624348364796654323e+03 2.444227703616007052e-01
1.623504736866966823e+03 2.590157703581804638e-01
1.622661841359154323e+03 1.752579581767931549e-01
1.621820044484154323e+03 2.014943462996020840e-01
1.620978980031029323e+03 2.026918394829382020e-01
1.620139014210716823e+03 2.410344175229960362e-01
1.619299780812279323e+03 1.879505137053582298e-01
1.618461523976341823e+03 1.956623058653464975e-01
1.617624121632591823e+03 1.983274180539691123e-01
1.616787695851341823e+03 2.459234390283395466e-01
1.615952124562279323e+03 2.262998527087497769e-01
1.615117529835716823e+03 1.725614983070274666e-01
1.614283911671654323e+03 2.217962649797403651e-01
1.613451025929466823e+03 2.218632160149590915e-01
1.612619116749779323e+03 2.394919479339301105e-01
1.611788062062279323e+03 1.930898447866836731e-01
1.610957983937279323e+03 2.279730924164011241e-01
1.610128760304466823e+03 2.235018206060628287e-01
1.609300391163841823e+03 1.792097139422809682e-01
1.608472998585716823e+03 2.441890404181640828e-01
1.607646338429466823e+03 1.902854036994348352e-01
1.606820654835716823e+03 1.780788504573326547e-01
1.605995947804466823e+03 1.487981573526996337e-01
1.605172095265404323e+03 1.406803287875619535e-01
1.604348975148216823e+03 1.785831089670198157e-01
1.603526831593529323e+03 1.752530237208496655e-01
1.602705664601341823e+03 1.984698426651654579e-01
1.601885230031029323e+03 2.063393976334407798e-01
1.601065772023216823e+03 2.142966444107421153e-01
1.600247168507591823e+03 1.666286951971902019e-01
1.599429419484154323e+03 1.987740247426956486e-01
1.598612524952904323e+03 1.913486305524649267e-01
1.597796362843529323e+03 1.926166273274469154e-01
1.596981543507591823e+03 1.788244180239429160e-01
1.596167212452904323e+03 2.186090401894539292e-01
1.595353735890404323e+03 1.663252019652905200e-01
1.594541357960716823e+03 1.981532286195091808e-01
1.593729590382591823e+03 1.948251588082929309e-01
1.592918799366966823e+03 1.969718225602477835e-01
1.592108984913841823e+03 1.799270289917001830e-01
1.591299902882591823e+03 2.072983871757185237e-01
1.590491797413841823e+03 2.269086728462417213e-01
1.589684302296654323e+03 1.736390010180953181e-01
1.588877661671654323e+03 2.132259470976910765e-01
1.588072241749779323e+03 2.000026977446770493e-01
1.587267432179466823e+03 1.808927994243748061e-01
1.586463477101341823e+03 2.055414401356950027e-01
1.585660498585716823e+03 1.805188333429860181e-01
1.584858252491966823e+03 2.051023941943475315e-01
1.584056860890404323e+03 2.035849706252614022e-01
1.583256445851341823e+03 1.870771241917403571e-01
1.582456763234154323e+03 1.835563892477302395e-01
1.581658057179466823e+03 1.977459350385675219e-01
1.580859961476341823e+03 2.006983828124645208e-01
1.580062720265404323e+03 1.804291113018296477e-01
1.579266577687279323e+03 2.118715814445519818e-01
1.578471045460716823e+03 1.956566347438808140e-01
1.577676489796654323e+03 2.151308500811534297e-01
1.576882788624779323e+03 2.234545864008593841e-01
1.576089819874779323e+03 1.736255908406486581e-01
1.575297583546654323e+03 2.094874637161558972e-01
1.574506323781029323e+03 2.143753198836098883e-01
1.573715918507591823e+03 1.889252818055268401e-01
1.572926367726341823e+03 2.360160908910533262e-01
1.572137549366966823e+03 2.017095671663200473e-01
1.571349463429466823e+03 1.819839564891879702e-01
1.570562476124779323e+03 1.996863852607374257e-01
1.569776099171654323e+03 2.399493924733668848e-01
1.568990820851341823e+03 1.943529445506245179e-01
1.568206030812279323e+03 1.980200484160523633e-01
1.567422217335716823e+03 2.480021145756044765e-01
1.566639258351341823e+03 1.897479902521676531e-01
1.565857031788841823e+03 1.868154428928217037e-01
1.565075659718529323e+03 2.210310309641281279e-01
1.564295142140404323e+03 2.219225291747407847e-01
1.563515479054466823e+03 1.930181836843553878e-01
1.562736426320091823e+03 2.073317069231027654e-01
1.561958350148216823e+03 2.112303431993039771e-01
1.561181128468529323e+03 2.249939492123734230e-01
1.560404639210716823e+03 1.959102676718533498e-01
1.559628882374779323e+03 2.222371928748090864e-01
1.558853980031029323e+03 2.025891637801585099e-01
1.558080054249779323e+03 2.053934525325183391e-01
1.557306738820091823e+03 2.177193618302792899e-01
1.556534277882591823e+03 1.964472242136675040e-01
1.555762549366966823e+03 1.878482564988597781e-01
1.554991797413841823e+03 1.913169195620898211e-01
1.554221655812279323e+03 1.916208526092628150e-01
1.553452490773216823e+03 2.073650129215196258e-01
1.553452368702904323e+03 1.968194792548607908e-01
1.553196265187279323e+03 2.204805466174422635e-01
1.552940039601341823e+03 2.126214533022801056e-01
1.552684058156029323e+03 2.415857912199591839e-01
1.552683936085716823e+03 2.021355853949299841e-01
1.552428076710716823e+03 2.151347344688493146e-01
1.551916357960716823e+03 1.989732880293015593e-01
1.551149512257591823e+03 1.906304197131511724e-01
1.550383398976341823e+03 2.231940068531573229e-01
1.549618140187279323e+03 1.958283742677207617e-01
1.548853735890404323e+03 2.180688526576392006e-01
1.548089941945091823e+03 2.043519836091954589e-01
1.547327002491966823e+03 2.245752349701631567e-01
1.546564917531029323e+03 2.222727281296879298e-01
1.545803687062279323e+03 2.115449254688132608e-01
1.545043066945091823e+03 2.090524023673333565e-01
1.544283179249779323e+03 1.890934094036202939e-01
1.543524268116966823e+03 1.780209809629431650e-01
1.542766211476341823e+03 2.067565289747034796e-01
1.542008765187279323e+03 1.861432203570080046e-01
1.541252051320091823e+03 1.938024179372204447e-01
1.540496191945091823e+03 1.777493394970653950e-01
1.539741064991966823e+03 2.165496242473686772e-01
1.538986914601341823e+03 2.143660366509115289e-01
1.538233374562279323e+03 1.841915703009955052e-01
1.537480566945091823e+03 1.993057326630411075e-01
1.536728613820091823e+03 1.823818714873985669e-01
1.535977148976341823e+03 2.220432621321775379e-01
1.535227026906029323e+03 2.229538239813374789e-01
1.534477148976341823e+03 1.855665641522085685e-01
1.533728369679466823e+03 1.831095011611463541e-01
1.532980200734154323e+03 1.570749038828097854e-01
1.532232764210716823e+03 2.142467163185463319e-01
1.531486304249779323e+03 1.873679964195987813e-01
1.530740454640404323e+03 2.142382085625090526e-01
1.529995337452904323e+03 2.154729641948121555e-01
1.529250952687279323e+03 1.777127862337545272e-01
1.528507422413841823e+03 1.917335988963925486e-01
1.527764380421654323e+03 1.649777812630409402e-01
1.527022559132591823e+03 1.929421874642277823e-01
1.526281104054466823e+03 2.209259842601626334e-01
1.525540747609154323e+03 1.932247579179808827e-01
1.524800879445091823e+03 2.153238430523922442e-01
1.524061865773216823e+03 1.976993768133335772e-01
1.523323584523216823e+03 2.063716458101089446e-01
1.522586157765404323e+03 1.822194699828158237e-01
1.521849341359154323e+03 2.088412411987177475e-01
1.521113257374779323e+03 2.138326783383167617e-01
1.520377905812279323e+03 1.999243559067783449e-01
1.519643408741966823e+03 1.965564448874010939e-01
1.518909522023216823e+03 2.001424666248526052e-01
1.518176367726341823e+03 1.995553448779986139e-01
1.517444312062279323e+03 2.244773869699834279e-01
1.516712744679466823e+03 2.026647393733663760e-01
1.515981787648216823e+03 2.026307149064109081e-01
1.515738501515404323e+03 2.244904687839209823e-01
1.515495215382591823e+03 1.986070241087130039e-01
1.515251807179466823e+03 2.293602611671925195e-01
1.515251685109154323e+03 2.198776350820255410e-01
1.515008643116966823e+03 2.369053885006247862e-01
1.514765601124779323e+03 2.635210637232994757e-01
1.514522314991966823e+03 1.899500000390113574e-01
1.513793677296654323e+03 1.789888804121489430e-01
1.513065772023216823e+03 2.185178561509230621e-01
1.512338599171654323e+03 1.813373723362540213e-01
1.511612280812279323e+03 2.283274686208162652e-01
1.510886572804466823e+03 1.973605434840336736e-01
1.510161597218529323e+03 2.122552584182764157e-01
1.509437354054466823e+03 2.433848411528317934e-01
1.508713843312279323e+03 2.013492394556403164e-01
1.507991064991966823e+03 2.026523209166746775e-01
1.507269019093529323e+03 1.918746101626138123e-01
1.506547705616966823e+03 2.291921602604512775e-01
1.505827124562279323e+03 1.971001588753106826e-01
1.505107397999779323e+03 1.778730290470142139e-01
1.504388159718529323e+03 1.886137252700627043e-01
1.503669775929466823e+03 2.302804361880367301e-01
1.502950521663492509e+03 2.066282269760946477e-01
1.502231697182945027e+03 2.321923376057067334e-01
1.501513729319926369e+03 1.858472657343318846e-01
1.500796373326571256e+03 2.295594351173812497e-01
1.500079751576811987e+03 2.017715826258349721e-01
1.499363864070649015e+03 2.054962114248145844e-01
1.498648588434149133e+03 2.089426939403274952e-01
1.497934169415178303e+03 2.273547730083125273e-01
1.497220362265870563e+03 2.310993387417105693e-01
1.496507411734091875e+03 2.110322649100357661e-01
1.495795073071976276e+03 1.615449247582553816e-01
1.495083468653456976e+03 2.153941018021604537e-01
1.494372476104600992e+03 1.980448972778929839e-01
1.493662340173273606e+03 2.220806680768403207e-01
1.492952816111609764e+03 2.079337155572471563e-01
1.492244026293541992e+03 1.934161869173485759e-01
1.491535970719070065e+03 2.331502049686953737e-01
1.490828527014261681e+03 1.967776761607580582e-01
1.490121817553049596e+03 2.107068084379883355e-01
1.489415842335433354e+03 2.035641283229152054e-01
1.488710601361413183e+03 2.205644852549041857e-01
1.488005972257056328e+03 1.897839348554408168e-01
1.487302077396295545e+03 2.245198130378610601e-01
1.486598794405198305e+03 2.136443020373762491e-01
1.485896368031629663e+03 2.112648635317844470e-01
1.485194553527724338e+03 2.031048200022622652e-01
1.484493473267415311e+03 2.291266729352981479e-01
1.483793004876769601e+03 2.122260602864173284e-01
1.483093393103652488e+03 2.104741443487819219e-01
1.482394270826266165e+03 2.170507193989779648e-01
1.481696005166408668e+03 2.239742748730416955e-01
1.480998351376214487e+03 2.332355820325823226e-01
1.480301309455683850e+03 2.108989012742865377e-01
1.479605124152681583e+03 2.292462274071715433e-01
1.478909428345410333e+03 2.149280802821589287e-01
1.478214589155667682e+03 2.312523516772804766e-01
1.477520361835588574e+03 2.062834436944626926e-01
1.476826868759105537e+03 2.058726591738878620e-01
1.476133987552285589e+03 2.329735405488679856e-01
1.475441840589061940e+03 2.243510603217978294e-01
1.474750305495501607e+03 2.148678666183478358e-01
1.474059504645537572e+03 2.217040472869839240e-01
1.473369315665236627e+03 2.325554373926242979e-01
1.472679860928531753e+03 2.158477765560596340e-01
1.471991140435423176e+03 2.044619475124760666e-01
1.471303031811977689e+03 2.028055786620557577e-01
1.470615657432128501e+03 2.028935898644588509e-01
1.469928894921942629e+03 2.123506062382052584e-01
1.469242744281420073e+03 2.070615391002363914e-01
1.468557327884493816e+03 2.108688689471106548e-01
1.467872645731163402e+03 2.454306102274746437e-01
1.467188575447496305e+03 2.054391385892355149e-01
1.466505117033492752e+03 2.143624482917219354e-01
1.465822392863085270e+03 2.325522853618736951e-01
1.465140280562341104e+03 1.927209543766962296e-01
1.464458902505193009e+03 2.242387233551864090e-01
1.463778136317708459e+03 2.263186184888063279e-01
1.463098104373819751e+03 2.246708814070639826e-01
1.462418684299594588e+03 2.265651931696230359e-01
1.461739876095032741e+03 2.148663887894294300e-01
1.461061679760134211e+03 2.152651715946678479e-01
1.460384340042764507e+03 1.982903914743946172e-01
1.459707489821125591e+03 2.103436189673806023e-01
1.459031373843082520e+03 2.162328731667145509e-01
1.458355869734702992e+03 1.894338945729879820e-01
1.457681099869919535e+03 1.910267882379228788e-01
1.457006941874799395e+03 2.282173504014080867e-01
1.456333395749342799e+03 2.088482718636466284e-01
1.455660583867482046e+03 2.311244856009108117e-01
1.454988383855284837e+03 2.101827680099952189e-01
1.454316795712750945e+03 2.219100415312655616e-01
1.453645819439880597e+03 2.372872035171671168e-01
1.452975699784538847e+03 2.072923925881050289e-01
1.452306069624927659e+03 2.124083561564347189e-01
1.451637051334980015e+03 2.305858410307417283e-01
1.450968767288628442e+03 1.874846442599807095e-01
1.450301095111940413e+03 1.982469009659885983e-01
1.449634034804915473e+03 2.153005198099250950e-01
1.448967708741486831e+03 2.129223660260285977e-01
1.448301994547721506e+03 1.880544818490253178e-01
1.447636769849686743e+03 2.239244401756071701e-01
1.446972401769180806e+03 2.220309727025194246e-01
1.446308523184405658e+03 2.009685111015583614e-01
1.445645501217159335e+03 2.139566052595804069e-01
1.444982846371710821e+03 1.862216284754771023e-01
1.444320925769858377e+03 2.250604902311285349e-01
1.443659739411602231e+03 1.964401062390429276e-01
1.442999042549076648e+03 1.845819041867901855e-01
1.442339079930147136e+03 2.033294058568836660e-01
1.441679729180880940e+03 2.069266529541068655e-01
1.441020990301278289e+03 2.049003046631968639e-01
1.440362740917406200e+03 2.273250434200520809e-01
1.439705470524995462e+03 2.158367745303383656e-01
1.439705348151062935e+03 2.080780421203517194e-01
1.439486421185502877e+03 1.956482895358756802e-01
1.439267371846010292e+03 2.107484443797104090e-01
1.439048567254382988e+03 1.783363504514136333e-01
1.439048444880450234e+03 2.195405923364460721e-01
1.438829640288822930e+03 1.902388119892297058e-01
1.438610958071128380e+03 2.295565766107155181e-01
1.438392398227366584e+03 1.967330908248499932e-01
1.438392275853433830e+03 1.839660365479234283e-01
1.438173716009671807e+03 1.988680076027493082e-01
1.437955278539842539e+03 1.835328594922662482e-01
1.437736841070013270e+03 2.029702878801955268e-01
1.437736718696080743e+03 2.055119415065381483e-01
1.437518158852318720e+03 1.852955537635166405e-01
1.437299966130354733e+03 2.059689473783223035e-01
1.437081895782323500e+03 2.165586447354558852e-01
1.437081773408390973e+03 2.063252658758578939e-01
1.436863580686426985e+03 2.059739658899539250e-01
1.436645387964463225e+03 2.184333504121141190e-01
1.436427439990364519e+03 2.333983813411312780e-01
1.436209492016266040e+03 2.150812768376706430e-01
1.435991544042167561e+03 2.220091585927946864e-01
1.435773718442001609e+03 2.315038465235628173e-01
1.435556015215768412e+03 2.135783882813053480e-01
1.435338311989535214e+03 2.027853943056720787e-01
1.435120608763302016e+03 2.061087725178390173e-01
1.434903150284934100e+03 2.215521168004690178e-01
1.434685569432633656e+03 2.112477758675492256e-01
1.434468110954265740e+03 2.331269050039516122e-01
1.434250774849830577e+03 2.011372325747929624e-01
1.434033561119328169e+03 1.858151876921576295e-01
1.433816347388825761e+03 2.140042127389295834e-01
1.433599133658323353e+03 2.049755498720345070e-01
1.433382164675686226e+03 1.989977616971473073e-01
1.433165073319116345e+03 1.635213893630922122e-01
1.432948104336479219e+03 1.738784615080166684e-01
1.432731257727774846e+03 1.781806712941796655e-01
1.432514533493003000e+03 1.844729364565882712e-01
1.432297809258231155e+03 1.990222198380329488e-01
1.432081085023459309e+03 2.098818245401845861e-01
1.431864483162620218e+03 1.584560086380148447e-01
1.431648003675713881e+03 1.751191293812288108e-01
1.431431524188807543e+03 1.822907160800291693e-01
1.431215167075833733e+03 1.979375411823693087e-01
1.430998932336792677e+03 1.846725836557470413e-01
1.430782575223818867e+03 2.108138943235237928e-01
1.430566340484777811e+03 2.202274927729023501e-01
1.430350105745736755e+03 2.135243477645875909e-01
1.430134238128493735e+03 1.884713741591006186e-01
1.429918248137318187e+03 2.271503205611842824e-01
1.429702380520074939e+03 2.093866419364359410e-01
1.429486635276764673e+03 2.089206791164689436e-01
1.429270767659521653e+03 2.275911273741691998e-01
1.429055022416211386e+03 2.122675282213455916e-01
1.428839399546833647e+03 2.078115221551857239e-01
1.428623899051388662e+03 2.275732059832000498e-01
1.428408398555943677e+03 1.654615364879861161e-01
1.428192898060498692e+03 2.326165527751116180e-01
1.427977519938986234e+03 2.191188837605968220e-01
1.427762386565339284e+03 2.061543150949740055e-01
1.427547008443827053e+03 2.280387363668563983e-01
1.427331875070180104e+03 2.181864971364128325e-01
1.427116864070465681e+03 2.261916663402937511e-01
1.426901853070751486e+03 2.221686256127006764e-01
1.426686842071037290e+03 2.315204054544936496e-01
1.426471953445255622e+03 2.288298545076209722e-01
1.426257187193406708e+03 2.264019292867626709e-01
1.426042420941557793e+03 2.098878483162856801e-01
1.425827777063641406e+03 2.257505557455559697e-01
1.425613133185725246e+03 2.309879189437587799e-01
1.425398611681741613e+03 2.013182935511880489e-01
1.425184090177757980e+03 2.075484960571857274e-01
1.424969691047707101e+03 2.198021569717667489e-01
1.424755169543723468e+03 2.168213667214663465e-01
1.424541137535470625e+03 2.199878812606684275e-01
1.424326860779352501e+03 2.312443827409380315e-01
1.424112706397166903e+03 2.200814352486506198e-01
1.423898674388914060e+03 2.159277196358173057e-01
1.423684642380661217e+03 2.231969067877802304e-01
1.423470732746340900e+03 2.086113584112822550e-01
1.423256700738088057e+03 2.095566684131966728e-01
1.423043158225566003e+03 2.181165822747515304e-01
1.422829370965178441e+03 2.069201811045934536e-01
1.422615706078723633e+03 2.201288725197487472e-01
1.422402041192268825e+03 2.349689691807405056e-01
1.422188621053679299e+03 2.289362898162221049e-01
1.421975078541157245e+03 2.147151081771125902e-01
1.421761658402567718e+03 2.340380603821259342e-01
1.421548238263978192e+03 2.272739182109215494e-01
1.421335062873254174e+03 2.011433857512880119e-01
1.421121887482529928e+03 1.943350700351586524e-01
1.420908712091805910e+03 2.156656462462122614e-01
1.420695781448946946e+03 2.138394141298758655e-01
1.420482606058222927e+03 2.253124415083569698e-01
1.420269797789296717e+03 2.343398700422301695e-01
1.420056867146437980e+03 2.201018003865225503e-01
1.419844181251444525e+03 2.059672684457641845e-01
1.419631372982518542e+03 2.056978004396377568e-01
1.419418687087525086e+03 2.399662654746878288e-01
1.419206123566464385e+03 2.050680963681525970e-01
1.418993682419336437e+03 2.046937001914371501e-01
1.418781241272208263e+03 2.088150914869236485e-01
1.418568800125080315e+03 1.943682354672845169e-01
1.418356358977952141e+03 2.394271270162627863e-01
1.418144284952622002e+03 2.027607899314594619e-01
1.417931966179426809e+03 1.914773739745946335e-01
1.417719769780163915e+03 2.302636961585543818e-01
1.417507818128766758e+03 2.253843936706936002e-01
1.417295866477369373e+03 2.070702997401872858e-01
1.417083914825971988e+03 2.281646635781735821e-01
1.416871963174574603e+03 2.082309848929259910e-01
1.416660256271042726e+03 2.266789503915980497e-01
1.416448549367510623e+03 2.237185103945830700e-01
1.416236842463978519e+03 2.043062105598638378e-01
1.416025257934379397e+03 2.288264635567714977e-01
1.415813673404780047e+03 1.855800933872027714e-01
1.415602333623045979e+03 2.227698747082153818e-01
1.415390871467379384e+03 2.280096489888488731e-01
1.415179531685645316e+03 2.213324385560077878e-01
1.414968191903911475e+03 2.215628027079591944e-01
1.414757096870042915e+03 1.981900211000042766e-01
1.414546001836174128e+03 2.158878096475243258e-01
1.414334906802305568e+03 2.267719353745134003e-01
1.414123934142369762e+03 2.242659155345165245e-01
1.413913083856366484e+03 2.158495219563345002e-01
1.413702111196430451e+03 1.819397076709979022e-01
1.413491138536494645e+03 2.284823865699122381e-01
1.413280655372289402e+03 2.256968109788481669e-01
1.413069927460218878e+03 2.406099061382780402e-01
1.412859321922080881e+03 2.264123051015193289e-01
1.412648716383942883e+03 2.341780083701441029e-01
1.412438355593670394e+03 2.339107176949337397e-01
1.412227994803397905e+03 2.091273046412677750e-01
1.412017634013125416e+03 2.343073006829200222e-01
1.411807273222852700e+03 2.301419750896582239e-01
1.411597157180445492e+03 2.231646985392250759e-01
1.411387041138038512e+03 2.334599835059187334e-01
1.411176925095631304e+03 2.287198341753430009e-01
1.410966809053224097e+03 2.242307234738024624e-01
1.410756937758682170e+03 2.101208109626730436e-01
1.410547066464140244e+03 2.234924779597119437e-01
1.410337317543531299e+03 2.165143957271125630e-01
1.410127446248989372e+03 2.189979303132646993e-01
1.409917942076245481e+03 2.350463067427118469e-01
1.409708193155636309e+03 2.301752059157509689e-01
1.409498688982892645e+03 2.387826309231319000e-01
1.409289184810148754e+03 2.156584751859907667e-01
1.409079803011337617e+03 2.201722232074410091e-01
1.408870421212526480e+03 2.407652362955415848e-01
1.408661161787648098e+03 2.338084035395621429e-01
1.408451902362769715e+03 2.222878104431599000e-01
1.408242765311823860e+03 2.269283251456394868e-01
1.408033628260878004e+03 2.042842317805028118e-01
1.407824613583865130e+03 2.231876432686900891e-01
1.407615598906852028e+03 2.117607472559430160e-01
1.407406706603771454e+03 2.345613787011664175e-01
1.407197936674623861e+03 2.178565151858922744e-01
1.406989166745476041e+03 2.131321975507455557e-01
1.406780396816328221e+03 2.429694254047304325e-01
1.406571749261113155e+03 2.101903376838466231e-01
1.406363346453763597e+03 2.320902784695542953e-01
1.406154698898548531e+03 2.290004275369601217e-01
1.405946296091198747e+03 2.503893001494333359e-01
1.405737893283848962e+03 2.433518605739751206e-01
1.405529612850431931e+03 2.306423047320612651e-01
1.405321332417014901e+03 2.329654861889766670e-01
1.405113174357530625e+03 2.063341767869738830e-01
1.404905016298046348e+03 2.121453714513251709e-01
1.404697102986427353e+03 2.094796254979900962e-01
1.404489067300875604e+03 2.184156947449215069e-01
1.404281031615323855e+03 1.994559147614856920e-01
1.404073240677637614e+03 2.403720448911077778e-01
1.403865449739951373e+03 2.315788102514211022e-01
1.403657781176197659e+03 2.390431780279624330e-01
1.403449990238511418e+03 2.156045045637336177e-01
1.403242444048690459e+03 2.033414665121248688e-01
1.403035020232802026e+03 2.345971710475992233e-01
1.402827474042981066e+03 2.320181515257512539e-01
1.402620050227092861e+03 2.390667402509701334e-01
1.402412626411204656e+03 2.048054147507740175e-01
1.402205447343181731e+03 2.164785798346054446e-01
1.401998268275158807e+03 2.239100036960809392e-01
1.401791089207135883e+03 2.112547401107499889e-01
1.401583910139112959e+03 2.028671842381598589e-01
1.401376853445022562e+03 2.502455326339789177e-01
1.401169919124864919e+03 2.380884064334840289e-01
1.400963107178640030e+03 2.355057252237069132e-01
1.400756295232415141e+03 2.246846714115644239e-01
1.400549483286190252e+03 2.229593275039338518e-01
1.400342793713898118e+03 2.157991069909395154e-01
1.400136226515538510e+03 2.074446425676751693e-01
1.399929536943246376e+03 2.284635600776223074e-01
1.399723092118819523e+03 2.173528965459790574e-01
1.399516647294392669e+03 2.389771047410963467e-01
1.399310324843898343e+03 2.336952341854443560e-01
1.399103880019471490e+03 2.310516874295456824e-01
1.398897679942910145e+03 2.170664799460702843e-01
1.398691602240281100e+03 2.076212363210409029e-01
1.398485279789787000e+03 2.551461006919342744e-01
1.398279324461090937e+03 2.413633228194710656e-01
1.398073246758462119e+03 2.438246059658439602e-01
1.397867291429765828e+03 2.486310888242617145e-01
1.397661580848935046e+03 2.028718523196985646e-01
1.397455747894171509e+03 2.422439905741212429e-01
1.397249914939408200e+03 2.178952779183999655e-01
1.397044081984644663e+03 2.372173379682965266e-01
1.396838738525611916e+03 2.533172959800644719e-01
1.396633150318713660e+03 2.294149617991160794e-01
1.396427562111815632e+03 2.264086794346838183e-01
1.396222218652782885e+03 2.131209190893474104e-01
1.396016875193750138e+03 2.328323595540806590e-01
1.395811531734717391e+03 2.148337043454379980e-01
1.395606310649617171e+03 2.259451990735494298e-01
1.395401089564517179e+03 2.176391455358393234e-01
1.395195990853349713e+03 2.168774457759852503e-01
1.394991014516115001e+03 2.535143063148064257e-01
1.394786038178880290e+03 2.188990722040397296e-01
1.394581061841645578e+03 1.954737843518820906e-01
1.394376085504410867e+03 2.110010411983581913e-01
1.394171476288973963e+03 1.990018006981043863e-01
1.393966744699604760e+03 2.213506631286415172e-01
1.393762013110235330e+03 2.392651447065430037e-01
1.393557403894798654e+03 2.483800154739442823e-01
1.393352917053294505e+03 2.078529805502253858e-01
1.393148430211790583e+03 2.526861683184963847e-01
1.392944065744219188e+03 2.283007827046510674e-01
1.392739701276647793e+03 2.236394533769567317e-01
1.392535336809076398e+03 2.132690667555611763e-01
1.392331217089370512e+03 2.414516238645900981e-01
1.392126974995731871e+03 2.261903995478845020e-01
1.391922855276025757e+03 2.075760789453733324e-01
1.391718735556319871e+03 2.284313395133472646e-01
1.391514982958411792e+03 1.853181417183400459e-01
1.391310985612638660e+03 2.237806115640223747e-01
1.391107110640797828e+03 2.166406015227370363e-01
1.390903358042889977e+03 2.287317804162593837e-01
1.390699605444981898e+03 2.164243837290232009e-01
1.390495975221006802e+03 2.241685851850898636e-01
1.390292344997031478e+03 2.237647713994127818e-01
1.390088837146988908e+03 2.268597709430709986e-01
1.389885329296946111e+03 2.162054113910326092e-01
1.389682066194769050e+03 2.292316996437729626e-01
1.389478680718659007e+03 2.269393662828553537e-01
1.389275295242549191e+03 2.271254868524037462e-01
1.389072032140371903e+03 2.411747487804182521e-01
1.388868891412127368e+03 1.846378268160263625e-01
1.388665873057815361e+03 2.359177246473172507e-01
1.388462854703503353e+03 2.480619931432177516e-01
1.388259836349191573e+03 2.038242510323104439e-01
1.388056940368812320e+03 2.352163858382853856e-01
1.387854166762365821e+03 2.411181759008061143e-01
1.387651270781986568e+03 2.157429913196381166e-01
1.387448619549472824e+03 2.137195117810046230e-01
1.387245968316958852e+03 2.253692612523844618e-01
1.387043317084444880e+03 2.094312584708888925e-01
1.386840788225863889e+03 2.250239948400479806e-01
1.386638381741215198e+03 2.220828832820055665e-01
1.386435852882634208e+03 2.536512637096017819e-01
1.386233568771918272e+03 2.357257636204760365e-01
1.386031284661202335e+03 2.094092765308401272e-01
1.385829122924419380e+03 2.105730589516056628e-01
1.385626961187636198e+03 2.552107464152211791e-01
1.385424799450853016e+03 2.038854615444008755e-01
1.385222760088002588e+03 2.282066850664764002e-01
1.385020720725151932e+03 2.199303520528932965e-01
1.384818926110166785e+03 2.122969258270878401e-01
1.384617009121249112e+03 2.309210101115126146e-01
1.384415214506263965e+03 2.317915907774708573e-01
1.384213419891278818e+03 2.210340636358159028e-01
1.384011870024159180e+03 2.186929857938676447e-01
1.383810197783106560e+03 2.117177867077588149e-01
1.383608647915986921e+03 2.335338710131195927e-01
1.383407098048867056e+03 2.381014257546861523e-01
1.383205792929612699e+03 2.446260874278883002e-01
1.383004487810358341e+03 2.258614816932551783e-01
1.382803060317171230e+03 2.056382900547783776e-01
1.382601877571849400e+03 2.345524105033125473e-01
1.382400694826527797e+03 2.218777839205213487e-01
1.382199634455138721e+03 1.979927659525997363e-01
1.381998574083749645e+03 2.248852581082341207e-01
1.381797513712360569e+03 2.539966959140179670e-01
1.381596575714904247e+03 2.267639909799997189e-01
1.381395637717447698e+03 2.419165250792300326e-01
1.381194944467856658e+03 2.264466896609029778e-01
1.380994251218265617e+03 2.168958828107548087e-01
1.380793557968674577e+03 2.579035125055795241e-01
1.380592864719083764e+03 2.266615085500203186e-01
1.380392293843425250e+03 2.444523286090005965e-01
1.380191845341699718e+03 2.139015685778525300e-01
1.379991396839973959e+03 2.564269617547191293e-01
1.379790948338248199e+03 2.378246693695370007e-01
1.379590622210455194e+03 2.338372289671510063e-01
1.379390540830527698e+03 2.442915980338501158e-01
1.379190337076667447e+03 2.176342848656836748e-01
1.378990133322806969e+03 2.592997047913279673e-01
1.378790051942879472e+03 2.106503134820985335e-01
1.378589970562951748e+03 2.516956094463794757e-01
1.378390011556956779e+03 2.374343188032038976e-01
1.378190174924894563e+03 2.460475846913017794e-01
1.377990338292832121e+03 2.453365570349190505e-01
1.377790624034702660e+03 2.731979888581244631e-01
1.377590909776572971e+03 2.424399048919208266e-01
1.377391317892376037e+03 2.411302942656641801e-01
1.377191726008179103e+03 2.434532603182195110e-01
1.376992134123982169e+03 2.337902835613547836e-01
1.376792664613717989e+03 2.387702238014588474e-01
1.376593195103453809e+03 2.425554783743742726e-01
1.376393970341054910e+03 2.503256895212020439e-01
1.376194623204723257e+03 1.961493074838270845e-01
1.375995398442324358e+03 2.198388261189873627e-01
1.375796173679925460e+03 2.621941426772315675e-01
1.375597071291459315e+03 2.513417957650515566e-01
1.375398213650858452e+03 2.389020403917450353e-01
1.375199233636324834e+03 2.026092400608345834e-01
1.375000253621791217e+03 2.507823377910848861e-01
1.374801395981190353e+03 2.538082772572986534e-01
1.374602538340589490e+03 2.476403956422378594e-01
1.374403925447854135e+03 2.376267430251123025e-01
1.374205190181185799e+03 2.604449971760564586e-01
1.374006577288450444e+03 2.176455032431695025e-01
1.373807964395714862e+03 2.156101453799751932e-01
1.373609473876912034e+03 2.337796664606856811e-01
1.373411105732041960e+03 2.128199500877996087e-01
1.373212615213239133e+03 2.217564547474403791e-01
1.373014369442301586e+03 2.290303280503017125e-01
1.372816123671364039e+03 2.345344750069152384e-01
1.372617877900426492e+03 2.375982666006399291e-01
1.372419876877354454e+03 2.172461719057569018e-01
1.372221753480349662e+03 2.125828383132968291e-01
1.372023752457277624e+03 2.520596765537264639e-01
1.371825629060272831e+03 2.323276457303390663e-01
1.371627872785066074e+03 2.220893214713625385e-01
1.371430116509859317e+03 2.501618693532350890e-01
1.371232360234652560e+03 2.374763527934624918e-01
1.371034603959445803e+03 2.341775817742381416e-01
1.370836847684238819e+03 2.570441329197735159e-01
1.370639213782964816e+03 2.257075362324208467e-01
1.370441824629556095e+03 2.334702386380232420e-01
1.370244313102214619e+03 2.403242340825164636e-01
1.370046923948805897e+03 2.064252712056927896e-01
1.369849534795397176e+03 2.260210624865917894e-01
1.369652268015921209e+03 2.077408935114214983e-01
1.369455123610377768e+03 2.368701402971748193e-01
1.369257734456969047e+03 2.453791205860741120e-01
1.369060712425358361e+03 2.684106987419954682e-01
1.368863690393747675e+03 2.350103598532414795e-01
1.368666668362136988e+03 2.112076410390810455e-01
1.368469768704458829e+03 2.315982602496298171e-01
1.368272869046780897e+03 2.062754584598582297e-01
1.368075969389102966e+03 2.409668018072520512e-01
1.367879314479290088e+03 2.390233056231253206e-01
1.367682537195544910e+03 2.371216987069749427e-01
1.367485882285732259e+03 2.047674956282114489e-01
1.367289472123784890e+03 2.391087112435519302e-01
1.367092817213972239e+03 2.291161843110605112e-01
1.366896407052024870e+03 2.465890002801050807e-01
1.366699874516144973e+03 2.434741443638935021e-01
1.366503586728130358e+03 2.639584092575650853e-01
1.366307421314048270e+03 2.256968201184733902e-01
1.366111133526033655e+03 2.471908816662272135e-01
1.365914968111951794e+03 2.361189503860205430e-01
1.365718802697869705e+03 2.500045117431994313e-01
1.365522759657720371e+03 2.318842373380709809e-01
1.365326961365436546e+03 2.675446851315045893e-01
1.365130918325287212e+03 2.199016399476761974e-01
1.364935120033003386e+03 2.504506678588217516e-01
1.364739199366786806e+03 2.473729445658802151e-01
1.364543523448435508e+03 2.318476691387882926e-01
1.364347847530084209e+03 2.127787702401872927e-01
1.364152171611732911e+03 2.580411850005063235e-01
1.363956618067314366e+03 2.464299986392267938e-01
1.363761064522895822e+03 2.420975913303832217e-01
1.363565633352409805e+03 2.223046725453100281e-01
1.363370202181924014e+03 2.094835098556654118e-01
1.363174893385370751e+03 2.337221239465566980e-01
1.362979706962750242e+03 2.547285255574398555e-01
1.362784275792264452e+03 2.214383686985610666e-01
1.362589211743576470e+03 2.345489580900423643e-01
1.362394147694888716e+03 2.382514963424021970e-01
1.362199206020133488e+03 2.420123515537034864e-01
1.362004141971445506e+03 2.572743426119770138e-01
1.361809200296690506e+03 2.503028163282843832e-01
1.361614258621935278e+03 2.248961678074237469e-01
1.361419439321112804e+03 2.457007815568709730e-01
1.361224742394222858e+03 2.325777388663181622e-01
1.361030167841265666e+03 2.401966051938970448e-01
1.360835470914375946e+03 2.149063731264949373e-01
1.360640896361418754e+03 2.376431497683542116e-01
1.360446321808461562e+03 2.196986362893135758e-01
1.360251747255504370e+03 2.373185184738544340e-01
1.360057539824345213e+03 2.109828594891763887e-01
1.359863210019253529e+03 2.553212616561603143e-01
1.359668880214161618e+03 2.610341063368729064e-01
1.359474672783002688e+03 2.179641942007342903e-01
1.359280465351843532e+03 2.355101440106285027e-01
1.359086380294617129e+03 2.335079588049189248e-01
1.358892417611323253e+03 2.522502631972041720e-01
1.358698332554096851e+03 2.183494742053249948e-01
1.358504369870802975e+03 2.232993225589668951e-01
1.358310529561441854e+03 2.030101611141357787e-01
1.358116689252080960e+03 2.628001199589424797e-01
1.357922971316652365e+03 2.425780923666613909e-01
1.357729253381223998e+03 2.595407359827726634e-01
1.357535657819728385e+03 2.382719689883366909e-01
1.357342062258232545e+03 2.397013461347882735e-01
1.357148466696736932e+03 2.397482524622207289e-01
1.356954993509173846e+03 2.571187861458236190e-01
1.356761642695543514e+03 2.282453547340349831e-01
1.356568291881912955e+03 2.331302915301185219e-01
1.356375063442215378e+03 2.504196570842749381e-01
1.356181712628585046e+03 2.512769956888197265e-01
1.355988606562819996e+03 2.445022049983024970e-01
1.355795378123122191e+03 2.468356131417464294e-01
1.355602516805222649e+03 2.426335554287410434e-01
1.355409410739457599e+03 2.519883426246784519e-01
1.355216427047625302e+03 2.403764455555507107e-01
1.355023565729725533e+03 2.529744857477257414e-01
1.354830704411825764e+03 2.519432561982455354e-01
1.354638087841791503e+03 2.243444462917054683e-01
1.354445348897824488e+03 2.586657490070132237e-01
1.354252609953857473e+03 2.407988839528730773e-01
1.354059993383823212e+03 2.227542752084192279e-01
1.353867376813788951e+03 2.614288947452275691e-01
1.353674882617687217e+03 2.322524130749848981e-01
1.353482633169450992e+03 2.324169782682445617e-01
1.353290261347282012e+03 2.347962226013708964e-01
1.353097889525113033e+03 2.415866606894917501e-01
1.352905640076876807e+03 2.349303486250645390e-01
1.352713390628640582e+03 2.351101835479889324e-01
1.352521263554336883e+03 2.486629804409909439e-01
1.352329258853965939e+03 2.240580493417126118e-01
1.352137254153594995e+03 2.380852628457447440e-01
1.351945249453224051e+03 2.456508923327491989e-01
1.351753244752853334e+03 2.416655996742208268e-01
1.351561362426414917e+03 2.442845175376741895e-01
1.351369480099976727e+03 2.290064729336914462e-01
1.351177964895336572e+03 2.207101439204887383e-01
1.350986204942830909e+03 2.237998188363237995e-01
1.350794567364258000e+03 2.313098292438578452e-01
1.350603052159617846e+03 2.294579136379241713e-01
1.350411536954977691e+03 2.341201665199286186e-01
1.350220021750337310e+03 2.475131361044362599e-01
1.350028751293562436e+03 2.767851457943216742e-01
1.349837358462855036e+03 2.289638264083437014e-01
1.349646088006080163e+03 2.492536529113400789e-01
1.349454817549305290e+03 2.314302359045469215e-01
1.349263669466463170e+03 2.451849709801534050e-01
1.349072521383620824e+03 2.384718703453883037e-01
1.348881495674711459e+03 2.496541758088365037e-01
1.348690592339734621e+03 2.364734767218265588e-01
1.348499566630825029e+03 2.279714096480744967e-01
1.348308663295848191e+03 2.510610238761867841e-01
1.348117882334804108e+03 2.514626925211467801e-01
1.347927101373760024e+03 2.607762862998365683e-01
1.347736442786648468e+03 2.384424057371667127e-01
1.347545661825604384e+03 2.610447976295626193e-01
1.347355125612425581e+03 2.433809555254411172e-01
1.347164589399246779e+03 2.373169598211742892e-01
1.346974053186067977e+03 2.383222540357148034e-01
1.346783639346821701e+03 2.414545842490866678e-01
1.346593347881508407e+03 2.352167468062976163e-01
1.346403056416194886e+03 2.310076111855239311e-01
1.346212764950881365e+03 2.334917380631964523e-01
1.346022595859500598e+03 2.428698783084566326e-01
1.345832426768119831e+03 2.139337358096862485e-01
1.345642257676739064e+03 2.323846913000719994e-01
1.345452333333223805e+03 2.259115698365146419e-01
1.345262286615775565e+03 2.375229481912792262e-01
1.345072362272260307e+03 2.493854666564651323e-01
1.344882560302677575e+03 2.276038473255258543e-01
1.344692635959162089e+03 2.464084960079962472e-01
1.344502956363512112e+03 2.516545567182394416e-01
1.344313154393929381e+03 2.525143095216831335e-01
1.344123719546144685e+03 2.580052904202861930e-01
1.343934039950494480e+03 2.292868040544744912e-01
1.343744482728777257e+03 2.208762948597885190e-01
1.343555047880992561e+03 2.350471469918676004e-01
1.343365613033207865e+03 2.357809437069935954e-01
1.343176300559355695e+03 2.387153321634110648e-01
1.342986988085503754e+03 2.438142903799261907e-01
1.342797797985584339e+03 2.536877952120659141e-01
1.342608485511732397e+03 2.255861038034336075e-01
1.342419417785745736e+03 2.317238670509221277e-01
1.342230350059759076e+03 2.490769140034846396e-01
1.342041282333772415e+03 2.318249857535711334e-01
1.341852336981718281e+03 2.233522004837402430e-01
1.341663514003597129e+03 2.647467011577275819e-01
1.341474691025475749e+03 2.375088498912325818e-01
1.341285868047354370e+03 2.216350823752564481e-01
1.341097045069233218e+03 2.335022359967947603e-01
1.340908344465044593e+03 2.276917114509546258e-01
1.340719766234788494e+03 2.447404400712023254e-01
1.340531188004532623e+03 2.506230342899029573e-01
1.340342732148209279e+03 2.504530399568257737e-01
1.340154276291885935e+03 2.076922404270543920e-01
1.339965820435562819e+03 2.311710875948448929e-01
1.339777486953172229e+03 2.122095273875802546e-01
1.339589153470781639e+03 2.497982225610623774e-01
1.339400819988390822e+03 2.472200620101729918e-01
1.339212731253865741e+03 2.426927581756725683e-01
1.339024642519340432e+03 2.320254361999136150e-01
1.338836431410882597e+03 2.356143665074522664e-01
1.338648465050290042e+03 2.434188883509124379e-01
1.338460498689697260e+03 2.395832454638860964e-01
1.322501224633499760e+03 2.767652156906216798e-01
1.322318030856281666e+03 2.738482481427855775e-01
1.322134837079063573e+03 2.733222872139536297e-01
1.321951643301845252e+03 2.882668834465266228e-01
1.321768694272492439e+03 2.850868065352267777e-01
1.304974585247569394e+03 2.832359324229278275e-01
1.304796408801591042e+03 2.443631566505108932e-01
1.304618354729545217e+03 2.441471051128077385e-01
1.304440300657499620e+03 2.762580841112024510e-01
1.304262246585453795e+03 2.482235001147166109e-01
1.287064303582694947e+03 2.548626842296128903e-01
1.286891389215821846e+03 2.269785181981785194e-01
1.286718352475015990e+03 2.549881280727049337e-01
1.286545438108142662e+03 2.356746490470879862e-01
1.286372523741269333e+03 2.768688379471413441e-01
1.286199731748328759e+03 2.534143420792124290e-01
1.286026939755388184e+03 2.384465422277536328e-01
1.285854147762447610e+03 2.537622408312796840e-01
1.285681478143439790e+03 2.390613684689751883e-01
1.285508808524431970e+03 2.678125098203632537e-01
1.285336383653289431e+03 2.312984626584696224e-01
1.285163836408214138e+03 2.382628845848901999e-01
1.284991289163139072e+03 2.476353191607671145e-01
1.284818864291996533e+03 2.681846609461271402e-01
1.284646439420853994e+03 2.468837955305791809e-01
1.284474136923643982e+03 2.364058201961445893e-01
1.284301834426434198e+03 2.545844249844325113e-01
1.284129531929224413e+03 2.422815788243070922e-01
1.283957351805947155e+03 2.454869682675783760e-01
1.283785171682669898e+03 2.445450496587466271e-01
1.283613113933325394e+03 2.779679285055584037e-01
1.283441056183980891e+03 2.696821034099414205e-01
1.283268998434636387e+03 2.475336713530469634e-01
1.283097063059224638e+03 2.552947403706917751e-01
1.282925127683812889e+03 2.601720327516456877e-01
1.282753437056266421e+03 2.774601089797656961e-01
1.282581624054787198e+03 2.831250841662136253e-01
1.282409811053307976e+03 2.660125956974112582e-01
1.282238120425761508e+03 2.576016077922573810e-01
1.282066552172147794e+03 2.375021038057461009e-01
1.281894861544601326e+03 2.776720018563429426e-01
1.281723293290987613e+03 2.472438093028134221e-01
1.281551725037373672e+03 2.379057188816008361e-01
1.281380279157692712e+03 2.514899621759970061e-01
1.281208833278011525e+03 2.374420411354366545e-01
1.281037387398330338e+03 2.685391581174306208e-01
1.280866186266514660e+03 2.533725239517090055e-01
1.280694862760766227e+03 2.456118855998691841e-01
1.280523539255017795e+03 2.555651550224844470e-01
1.280352460497134643e+03 2.611462059849161688e-01
1.280181259365318965e+03 2.514792399211248086e-01
1.280010302981368568e+03 2.726649478775156066e-01
1.279839224223485417e+03 2.613395368320049483e-01
1.279668267839535019e+03 2.500861393375978237e-01
1.279497311455584622e+03 2.539043503033991400e-01
1.279326477445566979e+03 2.208340244980245559e-01
1.279155521061616582e+03 2.570518365636300651e-01
1.278984809425531466e+03 2.502823261967044299e-01
1.278813975415513823e+03 2.500734813149573244e-01
1.278643386153361462e+03 2.368971372813166998e-01
1.278472674517276346e+03 2.494902294278576182e-01
1.278302085255123984e+03 2.319043576158155706e-01
1.278131495992971622e+03 2.638236958243199148e-01
1.277961029104751788e+03 2.657365214228216144e-01
1.277790562216532180e+03 2.548714053681855329e-01
1.277620095328312573e+03 2.548400638645830774e-01
1.277449750814025492e+03 2.462063587736951220e-01
1.277279406299738412e+03 2.803670729084570823e-01
1.277109306533316840e+03 2.543622982360159712e-01
1.276939084392962513e+03 2.712540646756128049e-01
1.276768862252608187e+03 2.433528915183531816e-01
1.276598762486186388e+03 2.518684571774565950e-01
1.276428785093697343e+03 2.196539790473692189e-01
1.276258685327275771e+03 2.236690627742721760e-01
1.276088707934786726e+03 2.383704790227531289e-01
1.275918730542297908e+03 2.722966066422329301e-01
1.275748875523741617e+03 2.423886163985551068e-01
1.275579020505185099e+03 2.510228042247597546e-01
1.275409165486628808e+03 2.404621899861144052e-01
1.275239555215938026e+03 2.660818504945381968e-01
1.275069700197381735e+03 2.616951865384052334e-01
1.274900089926690725e+03 2.339305264674604312e-01
1.274730479655999716e+03 2.470420746567756620e-01
1.274560991759241460e+03 2.881844795692324879e-01
1.274391381488550451e+03 2.989736246123826380e-01
1.274222015965724950e+03 2.708126768769884007e-01
1.274052650442899221e+03 2.593982628101997312e-01
1.273883284920073720e+03 2.396019211377194702e-01
1.273714041771180746e+03 2.393656915059820256e-01
1.273544798622287772e+03 2.627671909919792048e-01
1.273375677847327552e+03 2.564009029024211794e-01
1.273375555473395025e+03 2.542707420862303502e-01
1.273206434698434805e+03 2.712459991294388084e-01
1.273206312324502051e+03 2.669864319195678903e-01
1.273037436297407112e+03 2.435029382262431097e-01
1.273037313923474358e+03 2.860911525148921997e-01
1.272868315522446892e+03 2.519135643206977249e-01
1.272868193148514138e+03 2.519134379764298992e-01
1.272699194747486672e+03 2.560989704107388132e-01
1.272699072373553918e+03 2.390729493473283673e-01
1.272530073972526452e+03 2.603267956908391079e-01
1.272361197945431513e+03 2.795481081243535448e-01
1.272192321918336575e+03 2.433948426892910688e-01
1.272023445891241863e+03 2.837939822794269262e-01
1.271854692238079451e+03 2.729445998122340677e-01
1.271685938584917267e+03 2.600437309493024429e-01
1.271517184931755082e+03 2.429583171550174225e-01
1.271348553652525652e+03 2.451392352708084144e-01
1.271179922373295994e+03 2.644046693990205754e-01
1.271011413467999091e+03 2.474619101539229926e-01
1.270842904562702415e+03 2.453485420108493242e-01
1.270674395657405512e+03 2.709731169561465092e-01
1.270506131499973890e+03 2.498936512304415491e-01
1.270337744968609741e+03 2.822981291900997780e-01
1.270169358437245592e+03 2.870155168090204878e-01
1.270001094279814197e+03 2.679755544689719771e-01
1.269832952496315329e+03 2.597304827332082566e-01
1.269664688338883707e+03 2.538390010931608209e-01
1.269496546555385066e+03 2.737673093275210245e-01
1.269328527145818953e+03 2.545955048692093436e-01
1.269160507736252612e+03 2.805720724309631042e-01
1.268992488326686498e+03 3.072791154376471878e-01
1.268824468917120385e+03 3.201020087650760515e-01
1.268656694255419552e+03 3.043890523897767042e-01
1.268488797219786193e+03 3.173903744976028785e-01
1.268320900184152606e+03 3.094745570333576334e-01
1.268153247896384528e+03 2.792657418173307149e-01
1.267985473234683695e+03 2.672456268477937935e-01
1.267817820946915617e+03 2.647664225426319962e-01
1.267650168659147539e+03 2.666726035305999609e-01
1.267482761119244742e+03 2.707080410525390946e-01
1.267315108831476664e+03 2.704287276944457585e-01
1.267147578917641340e+03 2.640426358979774957e-01
1.266980171377738543e+03 2.426664661391337297e-01
1.266812763837835746e+03 2.513508176439171460e-01
1.266645478671865703e+03 2.858285532922787975e-01
1.266478315879828187e+03 2.540690494234546515e-01
1.266311030713858145e+03 2.522164332015388588e-01
1.266143867921820856e+03 2.564454677460653587e-01
1.265976705129783340e+03 2.885408888887114887e-01
1.265809542337746052e+03 2.460912851178545802e-01
1.265642501919641290e+03 2.708495469959010249e-01
1.265475461501536529e+03 2.823005302874457279e-01
1.265308665831297048e+03 2.755646098003603495e-01
1.265141625413192514e+03 2.766289114449747011e-01
1.264974707369020280e+03 2.887202163409764988e-01
1.264807911698781027e+03 2.528948291443010588e-01
1.264641116028541546e+03 2.675356637251396497e-01
1.264474442732234820e+03 2.709060680936876131e-01
1.264307769435928321e+03 2.775441134446663960e-01
1.264141096139621595e+03 2.937248806006531043e-01
1.263974545217247623e+03 2.602768962038768952e-01
1.263807994294873424e+03 2.431622612162347430e-01
1.263641443372499452e+03 2.439117458833701402e-01
1.263475014824058235e+03 2.681102458937981714e-01
1.263308586275616790e+03 2.547836513193191821e-01
1.263142280101108099e+03 2.652062051434848078e-01
1.262975851552666882e+03 2.624937830010005690e-01
1.262809667752090718e+03 2.727852032887799205e-01
1.262643361577582255e+03 2.487392629379404918e-01
1.262477177777006091e+03 2.513751457384577614e-01
1.262311116350362909e+03 2.660441295728402378e-01
1.262145054923719499e+03 2.657704045838690798e-01
1.261978993497076317e+03 2.664840278785743366e-01
1.261812932070432907e+03 2.744419535705189261e-01
1.261647115391655007e+03 2.636917289905070239e-01
1.261481298712877106e+03 2.576643851918844486e-01
1.261315359660166450e+03 2.269462827337824229e-01
1.261149542981388549e+03 2.442983484563220620e-01
1.260983848676543175e+03 2.770990747885611061e-01
1.260818154371698029e+03 2.622010430534189585e-01
1.260652460066852655e+03 2.578317814619865977e-01
1.260486765762007281e+03 2.595667309027531178e-01
1.260321193831094888e+03 2.416557086625394091e-01
1.260155744274114795e+03 2.562285008193544433e-01
1.259990172343202175e+03 2.649624892373459994e-01
1.259824845160155064e+03 2.675310714191901917e-01
1.259659395603175199e+03 2.570367912330322469e-01
1.259494068420127860e+03 2.528123075277180498e-01
