# Wavelength, Reflectance
1.644507109304945516e+03 3.043465859345950153e-01
1.643641020437758016e+03 2.380471296950766869e-01
1.642775786062758016e+03 2.370011406100003548e-01
1.641911528250258016e+03 3.057075327231294493e-01
1.641048124929945516e+03 2.679776135268299719e-01
1.640185820242445516e+03 3.100272082197829682e-01
1.639324370047133016e+03 3.412214039296802004e-01
1.638463896414320516e+03 3.125653705768443591e-01
1.637604277273695516e+03 2.683468848001543949e-01
1.636745756765883016e+03 2.942738586199841744e-01
1.635888090750258016e+03 2.847804168444331707e-01
1.635031401297133016e+03 2.988687508454946906e-01
1.634175688406508016e+03 2.910336590445353200e-01
1.633320830008070516e+03 2.529900408245124854e-01
1.632466948172133016e+03 2.968867870482151394e-01
1.631613920828383016e+03 2.927758162580318957e-01
1.630761870047133016e+03 2.947717284392514236e-01
1.629910795828383016e+03 3.146196438056136357e-01
1.629060576101820516e+03 2.720599379814804264e-01
1.628211332937758016e+03 2.734823804556225646e-01
1.627362944265883016e+03 2.050125103806376137e-01
1.626515532156508016e+03 3.101055753471767540e-01
1.625669096609633016e+03 2.726945194964162655e-01
1.624823637625258016e+03 2.619987553157953064e-01
1.623978911062758016e+03 2.333750478068104262e-01
1.623135283133070516e+03 2.675986339510578182e-01
1.622292387625258016e+03 2.442628265198863724e-01
1.621450590750258016e+03 2.381671932711635908e-01
1.620609526297133016e+03 2.673581707942628838e-01
1.619769560476820516e+03 2.646616457150217649e-01
1.618930327078383016e+03 2.737210910416413290e-01
1.618092070242445516e+03 2.801054065398734250e-01
1.617254667898695516e+03 2.634465526835046423e-01
1.616418242117445516e+03 2.715302845049341607e-01
1.615582670828383016e+03 2.376839914164031176e-01
1.614748076101820516e+03 2.866894773247932182e-01
1.613914457937758016e+03 2.703258402669852511e-01
1.613081572195570516e+03 2.719857631241594520e-01
1.612249663015883016e+03 2.603028616176289445e-01
1.611418608328383016e+03 2.667956249388736545e-01
1.610588530203383016e+03 2.229355006401237127e-01
1.609759306570570516e+03 2.738239054003108186e-01
1.608930937429945516e+03 2.248242098638267294e-01
1.608103544851820516e+03 2.684456683043677239e-01
1.607276884695570516e+03 2.190327180844254262e-01
1.606451201101820516e+03 2.472081808540964043e-01
1.605626494070570516e+03 2.683862064452834928e-01
1.604802641531508016e+03 2.369279490685227696e-01
1.603979521414320516e+03 2.357576460407369012e-01
1.603157377859633016e+03 2.229201450416868902e-01
1.602336210867445516e+03 2.532290802942011587e-01
1.601515776297133016e+03 2.395151571095510412e-01
1.600696318289320516e+03 2.256686534155918633e-01
1.599877714773695516e+03 2.622938988144886130e-01
1.599059965750258016e+03 2.727646274586835728e-01
1.598243071219008016e+03 2.244203014826631482e-01
1.597426909109633016e+03 2.366302326396228783e-01
1.596612089773695516e+03 2.308524322134976325e-01
1.595797758719008016e+03 2.559550145671728449e-01
1.594984282156508016e+03 2.411726275125666563e-01
1.594171904226820516e+03 2.473736450981200707e-01
1.593360136648695516e+03 2.593516689403834174e-01
1.592549345633070516e+03 2.699203725738250070e-01
1.591739531179945516e+03 2.509121912354852491e-01
1.590930449148695516e+03 2.510888979163996559e-01
1.590122343679945516e+03 2.576179119220941005e-01
1.589314848562758016e+03 2.408284601016519588e-01
1.588508207937758016e+03 2.593428122686837201e-01
1.587702788015883016e+03 2.458505303859607471e-01
1.586897978445570516e+03 2.451635243331989344e-01
1.586094023367445516e+03 2.562047293383126756e-01
1.585291044851820516e+03 2.556626848352065995e-01
1.584488798758070516e+03 2.689767328351359010e-01
1.583687407156508016e+03 2.365678786749712270e-01
1.582886992117445516e+03 2.483148774867508790e-01
1.582087309500258016e+03 2.303903732860131948e-01
1.581288603445570516e+03 2.512835505281014736e-01
1.580490507742445516e+03 2.718224375570227336e-01
1.579693266531508016e+03 2.700886890388342620e-01
1.578897123953383016e+03 2.489686116073514532e-01
1.578101591726820516e+03 2.323549021400003467e-01
1.577307036062758016e+03 2.408878427614973561e-01
1.576513334890883016e+03 2.521931353518142016e-01
1.575720366140883016e+03 2.866384634349816163e-01
1.574928129812758016e+03 2.649973654317556715e-01
1.574136870047133016e+03 2.455705070250024935e-01
1.573346464773695516e+03 2.419842597537222029e-01
1.572556913992445516e+03 2.487232152272013108e-01
1.571768095633070516e+03 2.285383706467726539e-01
1.570980009695570516e+03 2.459822757195256615e-01
1.570193022390883016e+03 2.347783100153873481e-01
1.569406645437758016e+03 2.479493454789973017e-01
1.568621367117445516e+03 2.390336787732646739e-01
1.567836577078383016e+03 2.652120862788378552e-01
1.567052763601820516e+03 2.430481344444345160e-01
1.566269804617445516e+03 2.568843652611031980e-01
1.565487578054945516e+03 2.539604204438269952e-01
1.564706205984633016e+03 2.504375639030981815e-01
1.563925688406508016e+03 2.691767563637584848e-01
1.563146025320570516e+03 2.436026986191035804e-01
1.562366972586195516e+03 2.472501263168074837e-01
1.561588896414320516e+03 2.687309110246688948e-01
1.560811674734633016e+03 2.554807297805785082e-01
1.560035185476820516e+03 2.530722123359634423e-01
1.559259428640883016e+03 2.620609691492113980e-01
1.558484526297133016e+03 2.664936776979977551e-01
1.557710600515883016e+03 2.360148141308626990e-01
1.556937285086195516e+03 2.570797956590153421e-01
1.556164824148695516e+03 2.588906117577652877e-01
1.555393095633070516e+03 2.489261888368598519e-01
1.554622343679945516e+03 2.336496518322526694e-01
1.553852202078383016e+03 2.549984455729153998e-01
1.553083037039320516e+03 2.475710475239915054e-01
1.553082914969008016e+03 2.754411422580860247e-01
1.552826811453383016e+03 2.683010299857553349e-01
1.552570585867445516e+03 2.595567241815938120e-01
1.552314604422133016e+03 2.508155881450810920e-01
1.552314482351820516e+03 2.508155441222535420e-01
1.552058622976820516e+03 2.557605893786990547e-01
1.551546904226820516e+03 2.498573920504996437e-01
1.550780058523695516e+03 2.680476837597493556e-01
1.550013945242445516e+03 2.778178081922276776e-01
1.549248686453383016e+03 2.757516117390600430e-01
1.548484282156508016e+03 2.516761819001321898e-01
1.547720488211195516e+03 2.438112196246429997e-01
1.546957548758070516e+03 2.704894912985448263e-01
1.546195463797133016e+03 2.569552451463442688e-01
1.545434233328383016e+03 2.528093947428372013e-01
1.544673613211195516e+03 2.594797093963768786e-01
1.543913725515883016e+03 2.616497609986893069e-01
1.543154814383070516e+03 2.571280854436571728e-01
1.542396757742445516e+03 2.591192357046228079e-01
1.541639311453383016e+03 2.418726517149856758e-01
1.540882597586195516e+03 2.655492537325975788e-01
1.540126738211195516e+03 2.423868770967863850e-01
1.539371611258070516e+03 2.369230521587064320e-01
1.538617460867445516e+03 2.645167493492622812e-01
1.537863920828383016e+03 2.600126527190474435e-01
1.537111113211195516e+03 2.479129946743232060e-01
1.536359160086195516e+03 2.559851083654571258e-01
1.535607695242445516e+03 2.678053520387001507e-01
1.534857573172133016e+03 2.483656193528621103e-01
1.534107695242445516e+03 2.533418822036087037e-01
1.533358915945570516e+03 2.362171182810799130e-01
1.532610747000258016e+03 2.722281912197273557e-01
1.531863310476820516e+03 2.370699452697644927e-01
1.531116850515883016e+03 2.632338354067389474e-01
1.530371000906508016e+03 2.455757580308315369e-01
1.529625883719008016e+03 2.693317631221142094e-01
1.528881498953383016e+03 2.375630696539828834e-01
1.528137968679945516e+03 2.183339463163367633e-01
1.527394926687758016e+03 2.385595387015256308e-01
1.526653105398695516e+03 2.706496411181927297e-01
1.525911650320570516e+03 2.518957047287351259e-01
1.525171293875258016e+03 2.506374062219872134e-01
1.524431425711195516e+03 2.617025639019066041e-01
1.523692412039320516e+03 2.638632589481658686e-01
1.522954130789320516e+03 2.474972943130368530e-01
1.522216704031508016e+03 2.705484798325100693e-01
1.521479887625258016e+03 2.440025228585684935e-01
1.520743803640883016e+03 2.380479804607540384e-01
1.520008452078383016e+03 2.611631232864173313e-01
1.519273955008070516e+03 2.613384928590123391e-01
1.518540068289320516e+03 2.501475225843455830e-01
1.517806913992445516e+03 2.556407064998885703e-01
1.517074858328383016e+03 2.551734552294344094e-01
1.516343290945570516e+03 2.674454794229620402e-01
1.515612333914320516e+03 2.407766167664094348e-01
1.515369047781508016e+03 2.539114187908467768e-01
1.515125761648695516e+03 2.556956312311496338e-01
1.514882353445570516e+03 2.352401557038105995e-01
1.514882231375258016e+03 2.462016728156622425e-01
1.514639189383070516e+03 2.529143443590636253e-01
1.514396147390883016e+03 2.455227327218976741e-01
1.514152861258070516e+03 2.645971881734470732e-01
1.513424223562758016e+03 2.405782129503488409e-01
1.512696318289320516e+03 2.644948897907679064e-01
1.511969145437758016e+03 2.466948956152405226e-01
1.511242827078383016e+03 2.418094541009588871e-01
1.510517119070570516e+03 2.473993502742434514e-01
1.509792143484633016e+03 2.559777847217333813e-01
1.509067900320570516e+03 2.561061891330705942e-01
1.508344389578383016e+03 2.714368654338168985e-01
1.507621611258070516e+03 2.606491334721138808e-01
1.506899565359633016e+03 2.823489402109369828e-01
1.506178251883070516e+03 2.589057778731921333e-01
1.505457670828383016e+03 2.696406638016634050e-01
1.504737944265883016e+03 2.617508037667530263e-01
1.504018705984633016e+03 2.713562569842963290e-01
1.503300322195570516e+03 2.723252579002375384e-01
1.502582151788188639e+03 2.574845882706145450e-01
1.501864648135648395e+03 2.523581425597293260e-01
1.501147999526616331e+03 2.621379078624753722e-01
1.500431961662947515e+03 2.486619900247155068e-01
1.499716656693714185e+03 2.570852539100655920e-01
1.499002084618916570e+03 2.762506644387696664e-01
1.498288123289482201e+03 2.512266169512749614e-01
1.497575017003556013e+03 2.560977018114633519e-01
1.496862521462993072e+03 2.692304835529815699e-01
1.496150880965938313e+03 2.647015048662743619e-01
1.495439851214246573e+03 2.589126892036363037e-01
1.494729554356990548e+03 2.632595959276922692e-01
1.494019868245097541e+03 2.576364480950623648e-01
1.493311037176712944e+03 2.588367766710435447e-01
1.492602816853691365e+03 2.648799533330225553e-01
1.491895329425105501e+03 2.657877958584240474e-01
1.491188574890955351e+03 2.489020806416707143e-01
1.490482431102168221e+03 2.346994953259968486e-01
1.489777020207817031e+03 2.594949719115663966e-01
1.489072342207901102e+03 2.562864779950299599e-01
1.488368397102421113e+03 2.404761762144691506e-01
1.487665062742304144e+03 2.479352886701751968e-01
1.486962461276622889e+03 2.611955102712523735e-01
1.486260470556304881e+03 2.646084153736381062e-01
1.485559334879494827e+03 2.603438279209042694e-01
1.484858809948048020e+03 2.437991480552983425e-01
1.484159017911036926e+03 2.599367498655703601e-01
1.483459836619388852e+03 2.543751064206947743e-01
1.482761510371249187e+03 2.662738397639274335e-01
1.482063672719399847e+03 2.508314610536323541e-01
1.481366690111058915e+03 2.663467409130708119e-01
1.480670318248081003e+03 2.451644099675104882e-01
1.479974557130466337e+03 2.713422984699228602e-01
1.479279651056359626e+03 2.557620467997130387e-01
1.478585233578543694e+03 2.519389400673528456e-01
1.477891671144235943e+03 2.458817950863893820e-01
1.477198719455291211e+03 2.504406085242441571e-01
1.476506500660782194e+03 2.624318665647410453e-01
1.475814892611636424e+03 2.548823708016223488e-01
1.475124017456926140e+03 2.413119291498570240e-01
1.474433753047578875e+03 2.498971394846394856e-01
1.473744221532667552e+03 2.642955192859210989e-01
1.473055300763119021e+03 2.540778106005086578e-01
1.472367112888006432e+03 2.670792317831204854e-01
1.471679657907329329e+03 2.511739938329537458e-01
1.470992813672015473e+03 2.690318243737522264e-01
1.470306702331137330e+03 2.581524635756952679e-01
1.469621201735622208e+03 2.484173494604217658e-01
1.468936311885470104e+03 2.549460801801140541e-01
1.468252154929753715e+03 2.556736007822428824e-01
1.467568730868472812e+03 2.597281258101575840e-01
1.466885917552555156e+03 2.554932122498013158e-01
1.466203714982000747e+03 2.444605622831871328e-01
1.465522245305881825e+03 2.568276277044026501e-01
1.464841386375125921e+03 2.573435736176652444e-01
1.464161260338805960e+03 2.507426052050896192e-01
1.463481745047848790e+03 2.540275057370254830e-01
1.462802962651327562e+03 2.566710298175154947e-01
1.462124791000169353e+03 2.639682823324143168e-01
1.461447230094374163e+03 2.522758413384710297e-01
1.460770279933941993e+03 2.757115624385238495e-01
1.460094184817018231e+03 2.594908215777234628e-01
1.459418578296384794e+03 2.652148802705312503e-01
1.458743704670187071e+03 2.659220140528775755e-01
1.458069441789352595e+03 2.832761961103956727e-01
1.457395911802953606e+03 2.467131590035673561e-01
1.456722992561917863e+03 2.496694110005152623e-01
1.456050684066245140e+03 2.588249323603752927e-01
1.455379108465008130e+03 2.467010142348377566e-01
1.454708143609134140e+03 2.630492149904555266e-01
1.454037789498623169e+03 2.700457546127350561e-01
1.453368046133475218e+03 2.408258971878530774e-01
1.452699157811835676e+03 2.489712464284981885e-01
1.452030758086486685e+03 2.559270607011921994e-01
1.451362969106500714e+03 2.483022644745896956e-01
1.450695913020950456e+03 2.589608096170545881e-01
1.450029467680763219e+03 2.482258940800175229e-01
1.449363633085939000e+03 2.522284576830775560e-01
1.448698531385550496e+03 2.448007771338769900e-01
1.448034040430525238e+03 2.622576451303866296e-01
1.447370038071790304e+03 2.613789938386462675e-01
1.446706890756563553e+03 2.623665048259261612e-01
1.446044232037627353e+03 2.713597224771030492e-01
1.445382428362199562e+03 2.495041885648247026e-01
1.444720991133989628e+03 2.613730850873329792e-01
1.444060286800215181e+03 2.641714981966146736e-01
1.443400315360876675e+03 2.431601679525898785e-01
1.442740832517828494e+03 2.503851506810901850e-01
1.442082082569215800e+03 2.529734904257297523e-01
1.441423943365966579e+03 2.442205096246427565e-01
1.440766414908080151e+03 2.649799506677625316e-01
1.440109375046484274e+03 2.530486915758433653e-01
1.439453312377469274e+03 2.424399039757231533e-01
1.439453190228396807e+03 2.477119966529344186e-01
1.439234665537488581e+03 2.421040015288732361e-01
1.439016018697507661e+03 2.455050610018303658e-01
1.438797616155672131e+03 2.503907804570469353e-01
1.438797494006599663e+03 2.433742022155447604e-01
1.438579091464764133e+03 2.223896678314162545e-01
1.438360811072001070e+03 2.338134492994532743e-01
1.438142652828310702e+03 2.548674120715807012e-01
1.438142530679238234e+03 2.514129361083374814e-01
1.437924372435547866e+03 2.613229492292178935e-01
1.437706336340930193e+03 2.389286011270129739e-01
1.437488300246312519e+03 2.340304121616210431e-01
1.437488178097239825e+03 2.220150828824288824e-01
1.437270019853549456e+03 2.477993714219822174e-01
1.437052228057076945e+03 2.413002866209690567e-01
1.436834558409677129e+03 2.332233096435896713e-01
1.436834436260604434e+03 2.677371481183879465e-01
1.436616644464132150e+03 2.431834645935402328e-01
1.436398852667659639e+03 2.031427013096008538e-01
1.436181305169332290e+03 2.663396325402197506e-01
1.435963757671005169e+03 2.502965587015226756e-01
1.435746210172677820e+03 2.391203796976111573e-01
1.435528784823423166e+03 2.434110601819594322e-01
1.435311481623241207e+03 2.483089457318219395e-01
1.435094178423059248e+03 2.475685908984850414e-01
1.434876875222877061e+03 2.454766708446525225e-01
1.434659816320840264e+03 2.479979908769821551e-01
1.434442635269730999e+03 2.609280844835245583e-01
1.434225576367694202e+03 2.649127384733465096e-01
1.434008639614730100e+03 2.524490764725907388e-01
1.433791825010838465e+03 2.461947642652810853e-01
1.433575010406946831e+03 2.425711352475266314e-01
1.433358195803055423e+03 2.539997156789499111e-01
1.433141625497308951e+03 2.301657353105118209e-01
1.432924933042490011e+03 2.466448930398371930e-01
1.432708362736743766e+03 2.359291231652899667e-01
1.432491914580069988e+03 2.332537498383446262e-01
1.432275588572468905e+03 2.425783871294513172e-01
1.432059262564867822e+03 2.228865431123639995e-01
1.431842936557266739e+03 2.265647290051770180e-01
1.431626732698738351e+03 2.391154321216049927e-01
1.431410650989282431e+03 2.122210902924873965e-01
1.431194569279826510e+03 2.174360030494337792e-01
1.430978609719443284e+03 2.218565646190595042e-01
1.430762772308132526e+03 2.322576434324979122e-01
1.430546812747749300e+03 2.502857468182591028e-01
1.430330975336438769e+03 2.609231144389660417e-01
1.430115137925128010e+03 2.421511590832905458e-01
1.429899666961035336e+03 2.581967146145595637e-01
1.429684073847869968e+03 2.602586868284116894e-01
1.429468602883777066e+03 2.760869501137971360e-01
1.429253254068756860e+03 2.567593438714845799e-01
1.429037783104664186e+03 2.518818130230294772e-01
1.428822434289643979e+03 2.553014360805434535e-01
1.428607207623696468e+03 2.544312726526855029e-01
1.428392103106821423e+03 2.424155970258855541e-01
1.428176998589946606e+03 2.726092906502355917e-01
1.427961894073071562e+03 2.702608090292061838e-01
1.427746911705269213e+03 2.616713688459754161e-01
1.427532173635612025e+03 2.539845575896406138e-01
1.427317191267809903e+03 2.692187984604234585e-01
1.427102453198152716e+03 2.623573993193377696e-01
1.426887837277568224e+03 2.542284306197328259e-01
1.426673221356983731e+03 2.565879865488784328e-01
1.426458605436399239e+03 2.753329281100577730e-01
1.426244111664887441e+03 2.704758586141546850e-01
1.426029740042448111e+03 2.596673016590501648e-01
1.425815368420008781e+03 2.612441082596618225e-01
1.425601118946642146e+03 2.450592285184311769e-01
1.425386869473275510e+03 2.724154790780091151e-01
1.425172742148981570e+03 2.822853150996696425e-01
1.424958614824687402e+03 2.585149873574665857e-01
1.424744609649466156e+03 2.809356014599825313e-01
1.424530482325171988e+03 2.601782519869492716e-01
1.424316843597168599e+03 2.784730763055495717e-01
1.424102960571019594e+03 2.641330659137614001e-01
1.423889199693943510e+03 2.497321944535451921e-01
1.423675560965939894e+03 2.780814467791636879e-01
1.423461922237936278e+03 2.494293357341771655e-01
1.423248405659005357e+03 2.574818334227277905e-01
1.423034766931001741e+03 2.601689330096760844e-01
1.422821616799288677e+03 2.746496246531325292e-01
1.422608222369430450e+03 2.569297712013161594e-01
1.422394950088644691e+03 2.455108085505247895e-01
1.422181677807858932e+03 2.589221720660144221e-01
1.421968649825218563e+03 2.631839741145294842e-01
1.421755499693505271e+03 2.584137290390680075e-01
1.421542471710864902e+03 2.689749704661795193e-01
1.421329443728224305e+03 2.544187978912667014e-01
1.421116660043729098e+03 2.609971785171782410e-01
1.420903876359233891e+03 2.399540967139170977e-01
1.420691092674738684e+03 2.515002434428679767e-01
1.420478553288388639e+03 2.491151414934684727e-01
1.420265769603893204e+03 2.583772945586135794e-01
1.420053352366615854e+03 2.614419149829419475e-01
1.419840812980265810e+03 2.886937306247459589e-01
1.419628517892060927e+03 2.656104796353247477e-01
1.419416100654783577e+03 2.470773375078961498e-01
1.419203805566578922e+03 2.651186589257061299e-01
1.418991632627446734e+03 2.736407501590474856e-01
1.418779581837387013e+03 2.593384709226355667e-01
1.418567531047327520e+03 2.647553055611266415e-01
1.418355480257267800e+03 2.532814433504468332e-01
1.418143429467208307e+03 2.482368254679246655e-01
1.417931745124366671e+03 2.631950101737722814e-01
1.417719816483379645e+03 2.619052020221886434e-01
1.417508009991465315e+03 2.679335123218733461e-01
1.417296447797696146e+03 2.539764529705720864e-01
1.417084885603926978e+03 2.720954981662312977e-01
1.416873323410158036e+03 2.682798429922658712e-01
1.416661761216388868e+03 2.479469154341026882e-01
1.416450443320764862e+03 2.495964458733688218e-01
1.416239125425141083e+03 2.474711115893842850e-01
1.416027807529517077e+03 2.630732984046215694e-01
1.415816611782965992e+03 2.656454679238834937e-01
1.415605416036414681e+03 2.676130723061049821e-01
1.415394464588008532e+03 2.595754567499118370e-01
1.415183390990529915e+03 2.438044781402289585e-01
1.414972439542123993e+03 2.580471806477261376e-01
1.414761488093717844e+03 2.462825190494167260e-01
1.414550780943457085e+03 2.735759375771801838e-01
1.414340073793196325e+03 2.449787700129232026e-01
1.414129366642935565e+03 2.716103626234601109e-01
1.413918781641747273e+03 2.620242894976970716e-01
1.413708318789631676e+03 2.445182907106566161e-01
1.413497733788443384e+03 2.576239199661478629e-01
1.413287148787255319e+03 2.317374955552267690e-01
1.413077052382357579e+03 2.528001806904060511e-01
1.412866711679314676e+03 2.486206612056495180e-01
1.412656493125344241e+03 2.591074290305930838e-01
1.412446274571373806e+03 2.631965117893229622e-01
1.412236300315548760e+03 2.639203557958571533e-01
1.412026326059723715e+03 2.790228371174216515e-01
1.411816351803898442e+03 2.597717259543043111e-01
1.411606377548073397e+03 2.548407167370901893e-01
1.411396647590393513e+03 2.554204209441761630e-01
1.411186917632713630e+03 2.602693282023944010e-01
1.410977187675033747e+03 2.495376339138357102e-01
1.410767457717353864e+03 2.557995931732265915e-01
1.410557972057819143e+03 2.494716570847143600e-01
1.410348486398284649e+03 2.583755599408812387e-01
1.410139122887822396e+03 2.602245201319106638e-01
1.409929637228287902e+03 2.655536629455775843e-01
1.409720518015971038e+03 2.535650117905702827e-01
1.409511154505509012e+03 2.547427400864662461e-01
1.409302035293192148e+03 2.629262313488291980e-01
1.409092916080875284e+03 2.563123851552516208e-01
1.408883919017631115e+03 2.637688937492432273e-01
1.408674921954386946e+03 2.591712077587760010e-01
1.408466047040215471e+03 2.667029616167987394e-01
1.408257172126043770e+03 2.439030647831327281e-01
1.408048419360944763e+03 2.594011897228380437e-01
1.407839666595845756e+03 2.663833494451925410e-01
1.407631035979819444e+03 2.490896822500039964e-01
1.407422405363793132e+03 2.726588054268220818e-01
1.407213896896839287e+03 2.599608566242449514e-01
1.407005510578958365e+03 2.528355744663284832e-01
1.406797124261077215e+03 2.584976702790087733e-01
1.406588737943196065e+03 2.627458870535833158e-01
1.406380473774387610e+03 2.575271643449169590e-01
1.406172453903724318e+03 2.623572444457625275e-01
1.405964189734915635e+03 2.434105482158306633e-01
1.405756169864252342e+03 2.659158840988327110e-01
1.405548149993589277e+03 2.720956191731958018e-01
1.405340252271998452e+03 2.693596812750299607e-01
1.405132354550407854e+03 2.647636451169889105e-01
1.404924578977889723e+03 2.695048491664892576e-01
1.404716803405371820e+03 2.493089303777185906e-01
1.404509272130998852e+03 2.657096115953882509e-01
1.404301618707553416e+03 2.484070838614670929e-01
1.404093965284107981e+03 2.842885447464432169e-01
1.403886556158807934e+03 2.865338428369719193e-01
1.403679147033507661e+03 2.733791255060940006e-01
1.403471860057280082e+03 2.603770941539320649e-01
1.403264450931979809e+03 2.646733100679550255e-01
1.403057286104824925e+03 2.484966469146263346e-01
1.402850243426742509e+03 2.671579543818179969e-01
1.402643078599587625e+03 2.638224171288500730e-01
1.402436035921505209e+03 2.732999441406926966e-01
1.402228993243422792e+03 2.648203193965251723e-01
1.402022194863485765e+03 2.808102321922459899e-01
1.401815396483548511e+03 2.664645309952391461e-01
1.401608598103611484e+03 2.587810456823558258e-01
1.401401799723674230e+03 2.754817138540499033e-01
1.401195123492809671e+03 2.700859015168253774e-01
1.400988569411017806e+03 2.714821621152154196e-01
1.400782137478298637e+03 2.528091897398384580e-01
1.400575705545579240e+03 2.695661026534908467e-01
1.400369273612860070e+03 2.733021265726466309e-01
1.400162963829213368e+03 2.621133671318540692e-01
1.399956776194639360e+03 2.604835831575963434e-01
1.399750466410992658e+03 2.683759912400587311e-01
1.399544400925491118e+03 2.629185141475676724e-01
1.399338335439989805e+03 2.655620924023893159e-01
1.399132392103560960e+03 2.646120912440172446e-01
1.398926326618059420e+03 2.703218175381912336e-01
1.398720505430703270e+03 2.610794423263194663e-01
1.398514806392419587e+03 2.607475260478001600e-01
1.398308863055990741e+03 2.452259410357592595e-01
1.398103286166779753e+03 2.602819031342450962e-01
1.397897587128496298e+03 2.637374827475849060e-01
1.397692010239285310e+03 2.657788772038254255e-01
1.397486677648219484e+03 2.734613406116434553e-01
1.397281222908081190e+03 2.697313801562391533e-01
1.397075768167942897e+03 2.496735026907562771e-01
1.396870313427804376e+03 2.646134698279130060e-01
1.396665347283956635e+03 2.722390224912662471e-01
1.396460136841963504e+03 2.651823267048091237e-01
1.396254926399970373e+03 2.659543604526662941e-01
1.396049960256122404e+03 2.622178966644712061e-01
1.395844994112274435e+03 2.530042879726493998e-01
1.395640027968426466e+03 2.660868466150137501e-01
1.395435183973651192e+03 2.807905825034529568e-01
1.395230339978875918e+03 2.682489583144117007e-01
1.395025618133173339e+03 2.474059679036440251e-01
1.394821018436543227e+03 2.700098730055183749e-01
1.394616418739913115e+03 2.576303130102438610e-01
1.394411819043283003e+03 2.647392940052463173e-01
1.394207219346653119e+03 2.747463516655223037e-01
1.394002986097240864e+03 2.635063120556320193e-01
1.393798630698755915e+03 2.703682305717015621e-01
1.393594275300271192e+03 2.668300966295928389e-01
1.393390042050858938e+03 2.638082754114102757e-01
1.393185930950519378e+03 2.907713051951203997e-01
1.392981819850179818e+03 2.468599026837970112e-01
1.392777830898912725e+03 2.514394134864600394e-01
1.392573841947645860e+03 2.623428335039015291e-01
1.392369852996378768e+03 2.699773823339414180e-01
1.392166108343257065e+03 2.630246401645702781e-01
1.391962241541062667e+03 2.593738598094904590e-01
1.391758496887940964e+03 2.467244965317752503e-01
1.391554752234819262e+03 2.548070893835904238e-01
1.391351374028915188e+03 2.658560059363443973e-01
1.391147751524866180e+03 2.686079556531486001e-01
1.390944251169889640e+03 2.667031678647241999e-01
1.390740872963985566e+03 2.614053130603163910e-01
1.390537494758081721e+03 2.647028995610186675e-01
1.390334238701250570e+03 2.627890194516750988e-01
1.390130982644419191e+03 2.776867227056501464e-01
1.389927848736660508e+03 2.545801760895449184e-01
1.389724714828901824e+03 2.784348268596557041e-01
1.389521825219288303e+03 2.611190991233489633e-01
1.389318813460602314e+03 2.596813580476944883e-01
1.389115801701916325e+03 2.615991254843149094e-01
1.388912912092302804e+03 2.562756786503833650e-01
1.388710144631761978e+03 2.756086511989178645e-01
1.388507499320293618e+03 2.541196171585329289e-01
1.388304854008825487e+03 2.640470909672339994e-01
1.388102208697357355e+03 2.494860569641962622e-01
1.387899685534961691e+03 2.696000410644718293e-01
1.387697284521638721e+03 2.606963091883857664e-01
1.387494761359243057e+03 2.694616884248275390e-01
1.387292482494992782e+03 2.440974573056566288e-01
1.387090203630742280e+03 2.702760609288561433e-01
1.386887924766492006e+03 2.600198474742556054e-01
1.386685768051314199e+03 2.627707986025366593e-01
1.386483733485209086e+03 2.683387610994496519e-01
1.386281576770031279e+03 2.725358032888594573e-01
1.386079664352998634e+03 2.895977214116530196e-01
1.385877751935966216e+03 2.638852390336023368e-01
1.385675961668006266e+03 2.610835787823197474e-01
1.385474171400046316e+03 2.560224947640757365e-01
1.385272381132086366e+03 2.681416803504994006e-01
1.385070713013199111e+03 2.559001618961107005e-01
1.384869044894311855e+03 2.508979811288761796e-01
1.384667621073569762e+03 2.632723993233190285e-01
1.384466075103754974e+03 2.469840675283863363e-01
1.384264651283013109e+03 2.633681903472638308e-01
1.384063227462271016e+03 2.568026884093944640e-01
1.383862047939674085e+03 2.644634984598271954e-01
1.383660746268004686e+03 2.461677801707303492e-01
1.383459566745407756e+03 2.664477084061751544e-01
1.383258387222811052e+03 2.747123462954435547e-01
1.383057451998359284e+03 2.537384655611578110e-01
1.382856516773907742e+03 2.599877852488083896e-01
1.382655459400383506e+03 2.387933503750058195e-01
1.382454646325004433e+03 2.645251464251881512e-01
1.382253833249625586e+03 2.598603412107247657e-01
1.382053142323319207e+03 2.634205727446510270e-01
1.381852451397012828e+03 2.806044076552468569e-01
1.381651760470706449e+03 2.611564305508623507e-01
1.381451191693472538e+03 2.707762035007032497e-01
1.381250622916238854e+03 2.588521624566104684e-01
1.381050298437150332e+03 2.739207881848848558e-01
1.380849973958061810e+03 2.643688513265102236e-01
1.380649649478973288e+03 2.557878930859483479e-01
1.380449324999884766e+03 2.618309886235465900e-01
1.380249122669868711e+03 2.746752352935197261e-01
1.380049042488925352e+03 2.583563353323105605e-01
1.379848962307982219e+03 2.859336171369095125e-01
1.379648882127038860e+03 2.477855329010113516e-01
1.379448924095168195e+03 2.487485758486016052e-01
1.379249210361442692e+03 2.445417744924144876e-01
1.379049374478644495e+03 2.689538705426195997e-01
1.378849538595846525e+03 2.721748918745604540e-01
1.378649824862121022e+03 2.868110826051704643e-01
1.378450111128395520e+03 2.719687317462336495e-01
1.378250519543742712e+03 2.512551135190790874e-01
1.378051050108162599e+03 2.748790788787769945e-01
1.377851580672582259e+03 2.787367215737021620e-01
1.377652233386074613e+03 2.628220852236123339e-01
1.377452886099566967e+03 2.782678410919228740e-01
1.377253660962132017e+03 2.795557925057358117e-01
1.377054435824697066e+03 2.870524896124487801e-01
1.376855210687262115e+03 2.724670149816310061e-01
1.376656107698899632e+03 2.958813496174506064e-01
1.376457004710537376e+03 2.579057612885004569e-01
1.376258146020320055e+03 2.883360432946699414e-01
1.376059165181030266e+03 2.734328956706263414e-01
1.375860306490813173e+03 2.539570553124539942e-01
1.375661447800596079e+03 2.706637022005832782e-01
1.375462711259451453e+03 2.638890667218433683e-01
1.375264219016452216e+03 2.702123412758430931e-01
1.375065604624380285e+03 2.805236236273254136e-01
1.374866990232308353e+03 2.768279548302848281e-01
1.374668497989309117e+03 2.672325647296321938e-01
1.374470005746309653e+03 2.608602363834012228e-01
1.374271757801455578e+03 2.672751604306737305e-01
1.374073387707528809e+03 2.718375184646773524e-01
1.373875139762674735e+03 2.589010899208584182e-01
1.373676891817820660e+03 2.623607503547091269e-01
1.373478766022039281e+03 2.774875145913718311e-01
1.373280762375330369e+03 2.737992801076990501e-01
1.373082636579548989e+03 2.659365766997646152e-01
1.372884755081912772e+03 2.861851040520483336e-01
1.372686873584276555e+03 2.875604454565284240e-01
1.372488992086640337e+03 2.612122604086801192e-01
1.372291354887149282e+03 2.815538229753412058e-01
1.372093595538585532e+03 2.629518508024881740e-01
1.371895958339094705e+03 2.494771983396144865e-01
1.371698198990530955e+03 2.507267147134102370e-01
1.371500806089185289e+03 2.633415903089216803e-01
1.371303413187839396e+03 2.759293376550692733e-01
1.371106020286493731e+03 2.790695388549205846e-01
1.370908627385147838e+03 2.606587953648579203e-01
1.370711234483802173e+03 2.724117012579342911e-01
1.370513963731528975e+03 2.705830283415044391e-01
1.370316937277400939e+03 2.685185810581373067e-01
1.370119788674200436e+03 2.498925440252057761e-01
1.369922762220072400e+03 2.481900018416654807e-01
1.369725735765944592e+03 2.666191815484487693e-01
1.369528831460889251e+03 2.728886068449757341e-01
1.369332049304906604e+03 2.579862468187227309e-01
1.369135022850778569e+03 2.629089100424887859e-01
1.368938362843868617e+03 2.642533826333720026e-01
1.368741702836958439e+03 2.787460021286938816e-01
1.368545042830048260e+03 2.687405432880178857e-01
1.368348504972210776e+03 2.606561952455943576e-01
1.368151967114373520e+03 2.714331643180704079e-01
1.367955429256536036e+03 2.699222771289803702e-01
1.367759135696843714e+03 2.840099498952347590e-01
1.367562719988078925e+03 2.813918199946363607e-01
1.367366426428386603e+03 2.830342483989748414e-01
1.367170377166839671e+03 2.703592948394946127e-01
1.366974083607147350e+03 2.679246556915290678e-01
1.366778034345600418e+03 2.651397780913808400e-01
1.366581862934980791e+03 2.836237140230828402e-01
1.366385935822506326e+03 2.804238299878195617e-01
1.366190130859104556e+03 2.721528611497875394e-01
1.365994203746630092e+03 2.856449593771874795e-01
1.365798398783228322e+03 2.832208995534319373e-01
1.365602593819826552e+03 2.757820005866052360e-01
1.365406911005497477e+03 2.608951411665727527e-01
1.365211472489313337e+03 2.591451793958379213e-01
1.365015789674984262e+03 2.649604404033149563e-01
1.364820351158800349e+03 2.637680463530182040e-01
1.364624790493543742e+03 2.626222530377484432e-01
1.364429474126432524e+03 2.572325668064073256e-01
1.364234157759321079e+03 2.698742272343439552e-01
1.364038841392209861e+03 2.677895518865983648e-01
1.363843647174171110e+03 2.690993054415861119e-01
1.363648452956132360e+03 2.663287362326873797e-01
1.363453380887166304e+03 2.690458656334167031e-01
1.363258308818200248e+03 2.676217403927912408e-01
1.363063358898306660e+03 2.631064425536615570e-01
1.362868531127485767e+03 2.727497929976930302e-01
1.362673459058519711e+03 2.704070984192327720e-01
1.362478753436771512e+03 2.648840133013939391e-01
1.362284047815023314e+03 2.638480657925414974e-01
1.362089464342347583e+03 2.613395704933412222e-01
1.361894758720599384e+03 2.726186362153284470e-01
1.361700175247923653e+03 2.846095923543146555e-01
1.361505591775248149e+03 2.659561271478393385e-01
1.361311130451645113e+03 2.645589771951202818e-01
1.361116791277114771e+03 2.590037799076829739e-01
1.360922574251656897e+03 2.794344668947889576e-01
1.360728235077126556e+03 2.593258939417192321e-01
1.360534018051668681e+03 2.619801361591538869e-01
1.360339801026211035e+03 2.685838895049958985e-01
1.360145584000753161e+03 2.689655544157136813e-01
1.359951733422513144e+03 2.721710011101841631e-01
1.359757760695200659e+03 2.568662212035424108e-01
1.359563787967888175e+03 2.660249881444971543e-01
1.359369937389648157e+03 2.638382829235695892e-01
1.359176086811408140e+03 2.659309129891555545e-01
1.358982358382240818e+03 2.556621403165070250e-01
1.358788752102146191e+03 2.833711594793444366e-01
1.358595023672978868e+03 2.593165889896948961e-01
1.358401417392884014e+03 2.672863630229182497e-01
1.358207933261862081e+03 2.812147978231206435e-01
1.358014449130839921e+03 2.710499004991588357e-01
1.357821087148890456e+03 2.729109486076936042e-01
1.357627725166940991e+03 2.723417074353899903e-01
1.357434485334063993e+03 2.710241080326695751e-01
1.357241245501187223e+03 2.894343414970951822e-01
1.357048005668310225e+03 2.614208730324955599e-01
1.356854887984506149e+03 2.751355887453342253e-01
1.356661892449774314e+03 2.704902908455464883e-01
1.356468896915042706e+03 2.787953659119194461e-01
1.356276023529383792e+03 2.653397239228558191e-01
1.356083027994652184e+03 2.845959275993589777e-01
1.355890276758065738e+03 2.506912710003813549e-01
1.355697403372406598e+03 2.808962134882809769e-01
1.355504896433965541e+03 2.614745209304846219e-01
1.355312145197379095e+03 2.680953358535627107e-01
1.355119516109865344e+03 2.712273562398074822e-01
1.354927009171424061e+03 2.712453995454866540e-01
1.354734502232983004e+03 2.650694621760698588e-01
1.354542239592686883e+03 2.670794206239319735e-01
1.354349854803318522e+03 2.685750112845529114e-01
1.354157470013949933e+03 2.521020588068539348e-01
1.353965207373653811e+03 2.730625486393249979e-01
1.353772944733357917e+03 2.702045505468058662e-01
1.353580804242134718e+03 2.733436062429955848e-01
1.353388908049056454e+03 2.673233915698989827e-01
1.353196889706905722e+03 2.598193126994728930e-01
1.353004871364754990e+03 2.672390515415448697e-01
1.352812975171676953e+03 2.732002327219462678e-01
1.352621078978598916e+03 2.657402916397705872e-01
1.352429304934593347e+03 2.864458704566499869e-01
1.352237653039660472e+03 2.670040872317755998e-01
1.352046001144727597e+03 2.734433814603423052e-01
1.351854349249794723e+03 2.847110455484987979e-01
1.351662697354861848e+03 2.685779740370166091e-01
1.351471167609001668e+03 2.716660406374344361e-01
1.351279637863141261e+03 2.840376408763500282e-01
1.351088474564498938e+03 2.879211542790274247e-01
1.350897066967711226e+03 2.724138860675620610e-01
1.350705781519996208e+03 2.701270722449352069e-01
1.350514618221353885e+03 2.719131917288613587e-01
1.350323454922711335e+03 2.611533753668581759e-01
1.350132291624069012e+03 2.650749205380480422e-01
1.349941372623571851e+03 2.826594196832902250e-01
1.349750331474001996e+03 2.776706991528617996e-01
1.349559412473504835e+03 2.550595100152612260e-01
1.349368493473007675e+03 2.730998283701583373e-01
1.349177696621583209e+03 2.732812843429299199e-01
1.348986899770158516e+03 2.718256038460543644e-01
1.348796225067806517e+03 2.820660821032836552e-01
1.348605672514527214e+03 2.703781782171747472e-01
1.348414997812175216e+03 2.737927179492920526e-01
1.348224445258895912e+03 2.653889410157966866e-01
1.348034014854689303e+03 2.895839879879267276e-01
1.347843584450482467e+03 2.702924715332355454e-01
1.347653276195348326e+03 2.761250029675772488e-01
1.347462845791141717e+03 2.566204913293909651e-01
1.347272659685080271e+03 2.805863035390903093e-01
1.347082473579018597e+03 2.812419097198359252e-01
1.346892287472957150e+03 2.703215851842028505e-01
1.346702223515968399e+03 2.771008283583101250e-01
1.346512281708052114e+03 2.610755952918799028e-01
1.346322339900135830e+03 2.717477604930970680e-01
1.346132398092219546e+03 2.793418319500552971e-01
1.345942578433375957e+03 2.735907813839129621e-01
1.345752758774532140e+03 2.873643375842890313e-01
1.345562939115688550e+03 2.755327202280274945e-01
1.345373363754990123e+03 2.666263339447760283e-01
1.345183666245219001e+03 2.622888242771662659e-01
1.344994090884520574e+03 2.642356875193402899e-01
1.344804637672894842e+03 2.678866649057408678e-01
1.344615062312196414e+03 2.745309038781496569e-01
1.344425731249643150e+03 2.481892940355112376e-01
1.344236278038017417e+03 2.683065456406239502e-01
1.344047191273609542e+03 2.855385400494191983e-01
1.343857860211056277e+03 2.695515375350494569e-01
1.343668651297575707e+03 2.580138440183579185e-01
1.343479564533167832e+03 2.778957274863682048e-01
1.343290477768759729e+03 2.573511331519133249e-01
1.343101513153424548e+03 2.487360854667363952e-01
1.342912548538089140e+03 2.670081249416142444e-01
1.342723706071826427e+03 2.750501014752645967e-01
1.342534741456491020e+03 2.792749860572834031e-01
1.342346021139301001e+03 2.822888415207268631e-01
1.342157300822110756e+03 2.774768386614116511e-01
1.341968580504920737e+03 2.631809120312204042e-01
1.341779982336803187e+03 2.711523550353479028e-01
1.341591506317758331e+03 2.680960487947781079e-01
1.341403030298713475e+03 2.708745932950267221e-01
1.341214554279668619e+03 2.659890451285066293e-01
1.341026078260623535e+03 2.526500791188606154e-01
1.340837724390651374e+03 2.667727167417134893e-01
1.340649492669751680e+03 2.781604868419982335e-01
1.340461260948851987e+03 2.627009320730382957e-01
1.340273151377024988e+03 2.644843229723644051e-01
1.340085041805197989e+03 2.673811039291931757e-01
1.339896932233370990e+03 2.808852424254900670e-01
1.339708944810616458e+03 2.811565756263854632e-01
1.339520957387862154e+03 2.536133416141795882e-01
1.339332969965107623e+03 2.697485568739795281e-01
1.339145226840498481e+03 2.754362213555481276e-01
1.338957483715889339e+03 2.637170379483884664e-01
1.338769618442207502e+03 2.585480285053545213e-01
1.338581997466670828e+03 2.484578627441874632e-01
1.338394376491134381e+03 2.518139781338160632e-01
1.322464427335126629e+03 2.883583127783456712e-01
1.322281570173422097e+03 2.850451140451967236e-01
1.322098713011717564e+03 2.789276471319157569e-01
1.321915855850012804e+03 2.859096346969963176e-01
1.321733242986453433e+03 2.838282382546518101e-01
1.304969992857066700e+03 2.596415958567552806e-01
1.304792143807339244e+03 2.984061780656182550e-01
1.304614416906684482e+03 2.925931228841475162e-01
1.304436690006029721e+03 2.951809875817841267e-01
1.304258963105374960e+03 2.768444938403935018e-01
1.287092621036358651e+03 2.828108126060784877e-01
1.286920024396753661e+03 2.701067710447655479e-01
1.286747305608076203e+03 2.815066075501071463e-01
1.286574708968471214e+03 2.815699543140739447e-01
1.286402112328866224e+03 2.718772705570943748e-01
1.286229637838333929e+03 2.821230446588671725e-01
1.286057163347801634e+03 2.694391717609958548e-01
1.285884688857269339e+03 2.839211315741305697e-01
1.285712336515809511e+03 2.844207983345609647e-01
1.285539984174349911e+03 2.807583251093636045e-01
1.285367876131035473e+03 2.840809333277208859e-01
1.285195645938648340e+03 2.874826021827103228e-01
1.285023415746261207e+03 2.767071095309245887e-01
1.284851307702946769e+03 2.703731192146577866e-01
1.284679199659632332e+03 2.695481748325068705e-01
1.284507213765390361e+03 2.991178567213659822e-01
1.284335227871148618e+03 2.910423676779084756e-01
1.284163241976906647e+03 2.701997857364100697e-01
1.283991378231737372e+03 2.727306338137781561e-01
1.283819514486568096e+03 2.814857872864705568e-01
1.283647772890471515e+03 2.777907447243368466e-01
1.283476031294374934e+03 2.763294434221940099e-01
1.283304289698278353e+03 2.794751836562068825e-01
1.283132670251254240e+03 3.013661582152717400e-01
1.282961050804230126e+03 2.836333216938385915e-01
1.282789675655351402e+03 2.999550383433213230e-01
1.282618178357399984e+03 3.171311132964305668e-01
1.282446681059448565e+03 3.190929930624960553e-01
1.282275305910569841e+03 2.902447626727854835e-01
1.282104052910763585e+03 2.845649731071979716e-01
1.281932677761884861e+03 2.777523516925898273e-01
1.281761424762078605e+03 3.065918456022747596e-01
1.281590171762272576e+03 2.884502744706240462e-01
1.281419040911539014e+03 2.841599508386113970e-01
1.281247910060805452e+03 2.795781530582739927e-01
1.281076779210071891e+03 2.886374511945257182e-01
1.280905892657483491e+03 2.764282893660834906e-01
1.280734883955822625e+03 2.664701618492023028e-01
1.280563875254161530e+03 2.958698581375379111e-01
1.280393110850645826e+03 2.860774550439612596e-01
1.280222224298057654e+03 2.721071732576890168e-01
1.280051582043614417e+03 2.657279533629902102e-01
1.279880817640098712e+03 2.796893974115269854e-01
1.279710175385655702e+03 2.649502188692925420e-01
1.279539533131212465e+03 2.701595586546619576e-01
1.279369013025841923e+03 2.881490970174603872e-01
1.279198370771398913e+03 2.775325767406156552e-01
1.279027972815101066e+03 2.729691727675430113e-01
1.278857452709730524e+03 2.884510649975756680e-01
1.278687176902505371e+03 2.739565343301944012e-01
1.278516778946207523e+03 2.864024970036700424e-01
1.278346503138982143e+03 2.888312951897716307e-01
1.278176227331756991e+03 2.842197359146234059e-01
1.278006073673604305e+03 2.854052146578959781e-01
1.277835920015451620e+03 2.753574468199416203e-01
1.277665766357298935e+03 2.795964688922437102e-01
1.277495734848218945e+03 2.710578701694572046e-01
1.277325703339138954e+03 2.893185652456701784e-01
1.277155916128204126e+03 2.833814779105332526e-01
1.276986006768196830e+03 2.859609310749537947e-01
1.276816097408189307e+03 2.830897301784230935e-01
1.276646310197254479e+03 2.632409664476550448e-01
1.276476645135392346e+03 2.673928472588152916e-01
1.276306857924457518e+03 2.783919666152311900e-01
1.276137192862595384e+03 2.823256194765003668e-01
1.275967527800733251e+03 2.707853604550840565e-01
1.275797984887943585e+03 2.764180856942498044e-01
1.275628441975154146e+03 2.723024527139903950e-01
1.275458899062364480e+03 2.809229793277744913e-01
1.275289600447720204e+03 2.893748522558541314e-01
1.275120057534930538e+03 2.582147378835186191e-01
1.274950758920286262e+03 2.780052369579068539e-01
1.274781460305641986e+03 2.698637624293727111e-01
1.274612283840070177e+03 2.788183740421470991e-01
1.274442985225425900e+03 2.831384685327273942e-01
1.274273930908926786e+03 2.814332605461154491e-01
1.274104876592427672e+03 2.792690194100200252e-01
1.273935822275928558e+03 2.842514093274117748e-01
1.273766890108502139e+03 2.783541489288975379e-01
1.273597957941075492e+03 2.895876193207898019e-01
1.273429147922721768e+03 2.783667434772661986e-01
1.273429025773649073e+03 2.741457962080628974e-01
1.273260215755295121e+03 2.740861924826089591e-01
1.273260093606222654e+03 2.797130445711963342e-01
1.273091527886013864e+03 2.895032716828864761e-01
1.273091405736941397e+03 2.669989331990673120e-01
1.272922717867660140e+03 2.907956369893688331e-01
1.272922595718587445e+03 2.865774439470575863e-01
1.272753907849306188e+03 2.836944760811566102e-01
1.272753785700233493e+03 2.766656990876280586e-01
1.272585097830952236e+03 2.724223574966738171e-01
1.272416532110743674e+03 2.795225871302559062e-01
1.272247966390535112e+03 2.697236042272669887e-01
1.272079400670326322e+03 2.851422292900026578e-01
1.271910957099190227e+03 2.765010360700980718e-01
1.271742513528054360e+03 2.777636382786176084e-01
1.271574069956918265e+03 2.776825106080023087e-01
1.271405748534854865e+03 2.651103333397111239e-01
1.271237427112791465e+03 2.778904192114982630e-01
1.271069227839800533e+03 2.821981458192157621e-01
1.270901028566809828e+03 2.737852282644498425e-01
1.270732829293819123e+03 2.949690814671079298e-01
1.270564874318973352e+03 2.755148169633568900e-01
1.270396797195055342e+03 2.717222585524701195e-01
1.270228720071137104e+03 2.707372164019867800e-01
1.270060765096291561e+03 2.836568893393759949e-01
1.269892932270518486e+03 2.740949794082754298e-01
1.269724977295672943e+03 2.959399590888813769e-01
1.269557144469900095e+03 2.681826962132671799e-01
1.269389433793199714e+03 2.840247819766265613e-01
1.269221723116499334e+03 2.799026050634332852e-01
1.269054012439798953e+03 3.006648807298515913e-01
1.268886301763098572e+03 2.939635993128350000e-01
1.268718835384543581e+03 2.710488042255186913e-01
1.268551246856915895e+03 2.983766538868236617e-01
1.268383658329287982e+03 2.769524394415972535e-01
1.268216314099805686e+03 2.807602350258195933e-01
1.268048847721250468e+03 2.666998721902507641e-01
1.267881503491767944e+03 2.862349264915726721e-01
1.267714159262285420e+03 2.845603548291025797e-01
1.267547059330948287e+03 2.828764226463933440e-01
1.267379715101465763e+03 2.726838062594807433e-01
1.267212493021055707e+03 2.769755198192656587e-01
1.267045393089718573e+03 2.855243885402096171e-01
1.266878293158381211e+03 2.927446095578831176e-01
1.266711315376116545e+03 2.745274005403025019e-01
1.266544459742924573e+03 2.707248397209657820e-01
1.266377481960659907e+03 2.852778377393980769e-01
1.266210626327467935e+03 2.923263972086158069e-01
1.266043770694275963e+03 2.779773880697115618e-01
1.265876915061083764e+03 2.828030451711656124e-01
1.265710181576964487e+03 2.753240414984025053e-01
1.265543448092844983e+03 2.730613143880100124e-01
1.265376958906870868e+03 2.656652796170628217e-01
1.265210225422751364e+03 2.845513617866228806e-01
1.265043614087704555e+03 2.908223347863732045e-01
1.264877124901730440e+03 2.816658113604523228e-01
1.264710635715756098e+03 2.720095701329413584e-01
1.264544268678854678e+03 2.804161385142658891e-01
1.264377901641953031e+03 2.805171546632723723e-01
1.264211534605051384e+03 2.893587216096498715e-01
1.264045289717222431e+03 2.797777450667164878e-01
1.263879044829393479e+03 2.699690669656227837e-01
1.263712799941564526e+03 2.836958044097955267e-01
1.263546677202808269e+03 2.739811340668081296e-01
1.263380554464051784e+03 2.679179697033652330e-01
1.263214553874368221e+03 2.689030273945492433e-01
1.263048431135611736e+03 2.754694176239684267e-01
1.262882552695000641e+03 2.806339781581276283e-01
1.262716552105316850e+03 2.873825718807055951e-01
1.262550673664705755e+03 2.651009701304599675e-01
1.262384917373167355e+03 2.883444134458567620e-01
1.262219161081628727e+03 2.730632689487882403e-01
1.262053404790090326e+03 2.737897867306445243e-01
1.261887648498551698e+03 2.888669200206425702e-01
1.261722136505158460e+03 2.823823997811372721e-01
1.261556624511765222e+03 2.691436445513630260e-01
1.261390990369299288e+03 2.628198182516767734e-01
1.261225478375906050e+03 2.800333261896190695e-01
1.261060088531585507e+03 2.734359754270285214e-01
1.260894698687264736e+03 2.893104451699049506e-01
1.260729308842944192e+03 2.735657365114038120e-01
1.260563918998623421e+03 2.788042424030087729e-01
1.260398651303375345e+03 2.737467859590528851e-01
1.260233505757199964e+03 2.831634653853115635e-01
1.260068238061951888e+03 2.776604106112193771e-01
1.259903214664849202e+03 2.709973075263121811e-01
1.259738069118673593e+03 2.669782714513654898e-01
1.259573045721570907e+03 2.798238851230930857e-01
