# Wavelength, Reflectance
1.644393215683141989e+03 2.825198509827289151e-01
1.643527126815954489e+03 2.426054540096601042e-01
1.642661892440954489e+03 3.307712825615201080e-01
1.641797634628454489e+03 3.026568907037137657e-01
1.640934231308141989e+03 2.534553083110734906e-01
1.640071926620641989e+03 2.598731508477891694e-01
1.639210476425329489e+03 2.980330515102117550e-01
1.638350002792516989e+03 2.848764065151693226e-01
1.637490383651891989e+03 2.643580082834764422e-01
1.636631863144079489e+03 2.567561753091251453e-01
1.635774197128454489e+03 2.269123730767930447e-01
1.634917507675329489e+03 2.444569316180016105e-01
1.634061794784704489e+03 2.686322790419434225e-01
1.633206936386266989e+03 2.107195745894884509e-01
1.632353054550329489e+03 2.543519816578311832e-01
1.631500027206579489e+03 2.606483786957042859e-01
1.630647976425329489e+03 2.566557730246669111e-01
1.629796902206579489e+03 2.633245812828706733e-01
1.628946682480016989e+03 2.278484751187437318e-01
1.628097439315954489e+03 2.409257922278245645e-01
1.627249050644079489e+03 2.449218540300893976e-01
1.626401638534704489e+03 2.611294041144816558e-01
1.625555202987829489e+03 2.648600809553900426e-01
1.624709744003454489e+03 2.631624470799552862e-01
1.623865017440954489e+03 2.738503902189933781e-01
1.623021389511266989e+03 2.597593577123583630e-01
1.622178494003454489e+03 2.359368990215109652e-01
1.621336697128454489e+03 2.589728900580632320e-01
1.620495632675329489e+03 2.361670901641293729e-01
1.619655666855016989e+03 2.339146362632304188e-01
1.618816433456579489e+03 2.041911341096982468e-01
1.617978176620641989e+03 2.431267204002543481e-01
1.617140774276891989e+03 2.278294097099733961e-01
1.616304348495641989e+03 2.453592670521669294e-01
1.615468777206579489e+03 2.583312962143625158e-01
1.614634182480016989e+03 2.449972521491756705e-01
1.613800564315954489e+03 2.491819862272446340e-01
1.612967678573766989e+03 2.215600794497630810e-01
1.612135769394079489e+03 2.327316518116528676e-01
1.611304714706579489e+03 2.557049167275191603e-01
1.610474636581579489e+03 2.334529259034387183e-01
1.609645412948766989e+03 2.474605067508145739e-01
1.608817043808141989e+03 2.654386971055872069e-01
1.607989651230016989e+03 2.401623987108107428e-01
1.607162991073766989e+03 2.350824210806913561e-01
1.606337307480016989e+03 2.347341986411454196e-01
1.605512600448766989e+03 2.425199676919367053e-01
1.604688747909704489e+03 2.465279078281478187e-01
1.603865627792516989e+03 2.381980428849824749e-01
1.603043484237829489e+03 2.148049137566462319e-01
1.602222317245641989e+03 2.032587483695900143e-01
1.601401882675329489e+03 2.091110081070514104e-01
1.600582424667516989e+03 2.372201509566489175e-01
1.599763821151891989e+03 2.263179971336468366e-01
1.598946072128454489e+03 2.467600884931459293e-01
1.598129177597204489e+03 2.324810931954225945e-01
1.597313015487829489e+03 2.201550835711288401e-01
1.596498196151891989e+03 2.256287275613434451e-01
1.595683865097204489e+03 2.416459734505145840e-01
1.594870388534704489e+03 2.259762387162136121e-01
1.594058010605016989e+03 2.573004511796010974e-01
1.593246243026891989e+03 2.365412416711082932e-01
1.592435452011266989e+03 2.185344187627693835e-01
1.591625637558141989e+03 2.268336078212842555e-01
1.590816555526891989e+03 2.229248417364796675e-01
1.590008450058141989e+03 2.225578835745662953e-01
1.589200954940954489e+03 2.301639844993953465e-01
1.588394314315954489e+03 2.405169731950222434e-01
1.587588894394079489e+03 2.377875918173457115e-01
1.586784084823766989e+03 2.524568656064677952e-01
1.585980129745641989e+03 2.089286049092413666e-01
1.585177151230016989e+03 2.294205914079034403e-01
1.584374905136266989e+03 2.162702591464949753e-01
1.583573513534704489e+03 2.430973335301321314e-01
1.582773098495641989e+03 2.206705195799337216e-01
1.581973415878454489e+03 2.434698287412122020e-01
1.581174709823766989e+03 2.312565040087325441e-01
1.580376614120641989e+03 2.402892378181268884e-01
1.579579372909704489e+03 2.288173449283766314e-01
1.578783230331579489e+03 2.172593626028535840e-01
1.577987698105016989e+03 2.383718672255850657e-01
1.577193142440954489e+03 2.175032311403302943e-01
1.576399441269079489e+03 2.380954846195115771e-01
1.575606472519079489e+03 2.248071202732191409e-01
1.574814236190954489e+03 2.293920227766822473e-01
1.574022976425329489e+03 2.319743761003535965e-01
1.573232571151891989e+03 2.147183733009558892e-01
1.572443020370641989e+03 2.209773092987692700e-01
1.571654202011266989e+03 2.260966215928142398e-01
1.570866116073766989e+03 2.380676772784859896e-01
1.570079128769079489e+03 2.356764958257903386e-01
1.569292751815954489e+03 2.321691683220214464e-01
1.568507473495641989e+03 2.443707022316174426e-01
1.567722683456579489e+03 2.440092370057236060e-01
1.566938869980016989e+03 2.288806460795982933e-01
1.566155910995641989e+03 2.309050721337955192e-01
1.565373684433141989e+03 2.350530058029770553e-01
1.564592312362829489e+03 2.486162131079283633e-01
1.563811794784704489e+03 2.335284099593474549e-01
1.563032131698766989e+03 2.509536899046327374e-01
1.562253078964391989e+03 2.440701511833436588e-01
1.561475002792516989e+03 2.383855291599139559e-01
1.560697781112829489e+03 2.346486423183679060e-01
1.559921291855016989e+03 2.224199722033451398e-01
1.559145535019079489e+03 2.423011355070950057e-01
1.558370632675329489e+03 2.397822464740393678e-01
1.557596706894079489e+03 2.606155313361820935e-01
1.556823391464391989e+03 2.230303633968039323e-01
1.556050930526891989e+03 2.327833158835124483e-01
1.555279202011266989e+03 2.205220987740272587e-01
1.554508450058141989e+03 2.405740231648541561e-01
1.553738308456579489e+03 2.276846279151571728e-01
1.552969143417516989e+03 2.718778194054350950e-01
1.552969021347204489e+03 2.432547415959992743e-01
1.552712917831579489e+03 2.653384061823629292e-01
1.552456692245641989e+03 2.636939463694773500e-01
1.552200710800329489e+03 2.445928512429163537e-01
1.552200588730016989e+03 2.509385177136904677e-01
1.551944729355016989e+03 2.253242135043216632e-01
1.551433010605016989e+03 2.231234955450559776e-01
1.550666164901891989e+03 2.524253267408159140e-01
1.549900051620641989e+03 2.297483443985788021e-01
1.549134792831579489e+03 2.390140737533945903e-01
1.548370388534704489e+03 2.421134506789184571e-01
1.547606594589391989e+03 2.333189737082643489e-01
1.546843655136266989e+03 2.467508153380434943e-01
1.546081570175329489e+03 2.530566138991164893e-01
1.545320339706579489e+03 2.367978960785342424e-01
1.544559719589391989e+03 2.506122809916524474e-01
1.543799831894079489e+03 2.293816458393352908e-01
1.543040920761266989e+03 2.485818410943995416e-01
1.542282864120641989e+03 2.332353700472629965e-01
1.541525417831579489e+03 2.221613705780612347e-01
1.540768703964391989e+03 2.233143466366303287e-01
1.540012844589391989e+03 2.496962011741733489e-01
1.539257717636266989e+03 2.332944707357181013e-01
1.538503567245641989e+03 2.146856772794322188e-01
1.537750027206579489e+03 2.433616497143026580e-01
1.536997219589391989e+03 2.261387563145809687e-01
1.536245266464391989e+03 2.366216832651144852e-01
1.535493801620641989e+03 2.412227389916548337e-01
1.534743679550329489e+03 2.359981967912298806e-01
1.533993801620641989e+03 2.154612474660641264e-01
1.533245022323766989e+03 2.480878120240681273e-01
1.532496853378454489e+03 2.392197778336548897e-01
1.531749416855016989e+03 2.209490339414131865e-01
1.531002956894079489e+03 2.295188034852807257e-01
1.530257107284704489e+03 2.494384440243808954e-01
1.529511990097204489e+03 2.269507879918865323e-01
1.528767605331579489e+03 2.378665855443987120e-01
1.528024075058141989e+03 2.441806563883130721e-01
1.527281033065954489e+03 2.327121002133167305e-01
1.526539211776891989e+03 2.274451090083477456e-01
1.525797756698766989e+03 2.149700924253770962e-01
1.525057400253454489e+03 2.407300537706599242e-01
1.524317532089391989e+03 2.299046780846195348e-01
1.523578518417516989e+03 2.333515352333083992e-01
1.522840237167516989e+03 2.361136345737090969e-01
1.522102810409704489e+03 2.334476064610209733e-01
1.521365994003454489e+03 2.373198551651604926e-01
1.520629910019079489e+03 2.448525000644692085e-01
1.519894558456579489e+03 2.425447511143526136e-01
1.519160061386266989e+03 2.225497786970530856e-01
1.518426174667516989e+03 2.266990642198679629e-01
1.517693020370641989e+03 2.417994325582797366e-01
1.516960964706579489e+03 2.529729744019152959e-01
1.516229397323766989e+03 2.338257817172804953e-01
1.515498440292516989e+03 2.352658561562067929e-01
1.515255154159704489e+03 2.458649804559240315e-01
1.515011868026891989e+03 2.746772110419328228e-01
1.514768459823766989e+03 2.531278390095408337e-01
1.514768337753454489e+03 2.345444050362256450e-01
1.514525295761266989e+03 2.507123286933158335e-01
1.514282253769079489e+03 2.583439774933744548e-01
1.514038967636266989e+03 2.384587477606033845e-01
1.513310329940954489e+03 2.564100357201575253e-01
1.512582424667516989e+03 2.441034751302497419e-01
1.511855251815954489e+03 2.363630638517760507e-01
1.511128933456579489e+03 2.546203442483222501e-01
1.510403225448766989e+03 2.371041734450486382e-01
1.509678249862829489e+03 2.449654142463314477e-01
1.508954006698766989e+03 2.465307039383389243e-01
1.508230495956579489e+03 2.647140200426452705e-01
1.507507717636266989e+03 2.377229638616844276e-01
1.506785671737829489e+03 2.475334983179059145e-01
1.506064358261266989e+03 2.477650878422490432e-01
1.505343777206579489e+03 2.320237640223334619e-01
1.504624050644079489e+03 2.497560626191285826e-01
1.503904812362829489e+03 2.385145200870160132e-01
1.503186428573766989e+03 2.452094763693389579e-01
1.502468382119702028e+03 2.408423920738094193e-01
1.501751026297687304e+03 2.388321745424873133e-01
1.501034525343012547e+03 2.447792498686107709e-01
1.500318635007866078e+03 2.551164056267400393e-01
1.499603477416153737e+03 2.685887570867175334e-01
1.498889052567875751e+03 2.434282046982599867e-01
1.498175238339126054e+03 2.234137190381089988e-01
1.497462278977716096e+03 2.512351302992810731e-01
1.496749930235834654e+03 2.470224715332873522e-01
1.496038436361293179e+03 2.414426011818327777e-01
1.495327553106279993e+03 2.475603451096745067e-01
1.494617402594700934e+03 2.387160523753664720e-01
1.493907862702650391e+03 2.307577057317066471e-01
1.493199177677939588e+03 2.333101841974070667e-01
1.492491103272757300e+03 2.486988940001222947e-01
1.491783761611008913e+03 2.282426636711764323e-01
1.491077152692694881e+03 2.439266663854360861e-01
1.490371154393909364e+03 2.239762971136937120e-01
1.489665888838557748e+03 2.423785403231477897e-01
1.488961356026640487e+03 2.423864845314246674e-01
1.488257555958157127e+03 2.302444819138738386e-01
1.487554366509202509e+03 2.407909061880142976e-01
1.486851909803681792e+03 2.339999131748489725e-01
1.486150063717689591e+03 2.216101643501792451e-01
1.485449072499037129e+03 2.459476958460813656e-01
1.484748691899913183e+03 2.336091485173960314e-01
1.484049044044223365e+03 2.441787216470970301e-01
1.483350006808062062e+03 2.433997810249767246e-01
1.482651824439240499e+03 2.401357591958648563e-01
1.481954130566041613e+03 2.429521195289165436e-01
1.481257291560182694e+03 2.331910324703397874e-01
1.480561063173852290e+03 2.350528429837638600e-01
1.479865445407050174e+03 2.223566595123025180e-01
1.479170682507587799e+03 2.488414682472274153e-01
1.478476408103748327e+03 2.341240013234023587e-01
1.477782988567248594e+03 2.399869172514121629e-01
1.477090179650277378e+03 2.482879901763117014e-01
1.476398103476740289e+03 2.380131966436908886e-01
1.475706637922731488e+03 2.396629970086555650e-01
1.475015905112157043e+03 2.341376379771556437e-01
1.474325782921110886e+03 2.394466616769572176e-01
1.473636393473498856e+03 2.454748634529707318e-01
1.472947614645415342e+03 2.318436062855153690e-01
1.472259568560765956e+03 2.538405698804992450e-01
1.471572255219550698e+03 2.264433063093032883e-01
1.470885552497863955e+03 2.356487729444123880e-01
1.470199582519611113e+03 2.327839050097731677e-01
1.469514223160886786e+03 2.500714110087935982e-01
1.468829474421690975e+03 2.408178126126577223e-01
1.468145458425929519e+03 2.402006788610775712e-01
1.467462175173601963e+03 2.617810611869966220e-01
1.466779502540802696e+03 2.523513514896033594e-01
1.466097440527532171e+03 2.396947957529731721e-01
1.465416111257695547e+03 2.371445631385068475e-01
1.464735392607387439e+03 2.457448597550603020e-01
1.464055406700513458e+03 2.273567435793470148e-01
1.463376031413167993e+03 2.456731763255776413e-01
1.462697388869256656e+03 2.341579516878235234e-01
1.462019356944873607e+03 2.283861292505579565e-01
1.461341935640019074e+03 2.479503587229678896e-01
1.460665124954693056e+03 2.419475355078936907e-01
1.459989169136706778e+03 2.490800983642409150e-01
1.459313701814343403e+03 2.296931604773783941e-01
1.458638967235414157e+03 2.371668846079845183e-01
1.457964843276013198e+03 2.434473243673559439e-01
1.457291452060046367e+03 2.541192430783795198e-01
1.456618671463608052e+03 2.511857863381502520e-01
1.455946501486698253e+03 2.319736961155271504e-01
1.455275064253222354e+03 2.334910881613147526e-01
1.454604237639275198e+03 2.330616888464787928e-01
1.453934021644856102e+03 2.269718480840309527e-01
1.453264416269965750e+03 2.449983386396915874e-01
1.452595665762415138e+03 2.399708253895808385e-01
1.451927403750487429e+03 2.408650709431044978e-01
1.451259752358088008e+03 2.297035556895074548e-01
1.450592833709122715e+03 2.482172991860162325e-01
1.449926525679685710e+03 2.352982943838332897e-01
1.449260828269777448e+03 2.403786226613046084e-01
1.448595863603303087e+03 2.149889522993682633e-01
1.447931509556357241e+03 2.352065868687241712e-01
1.447267644005034299e+03 2.314696891970711989e-01
1.446604633321051097e+03 2.367665583938355633e-01
1.445942111132690570e+03 2.331559324252690246e-01
1.445280443811669784e+03 2.279857404220905492e-01
1.444619142862366289e+03 2.433190216891942259e-01
1.443958574656496694e+03 2.337190235790055914e-01
1.443298739194061454e+03 2.237076587032839070e-01
1.442639392227248891e+03 2.479015081655910890e-01
1.441980778003870455e+03 2.106554897984269092e-01
1.441322774400020307e+03 2.076381961638395224e-01
1.440665381415698675e+03 2.437475620331459591e-01
1.440008476926999947e+03 2.264995232520188861e-01
1.439352549429546571e+03 2.168733717567913333e-01
1.439352427305640958e+03 2.184822145431167539e-01
1.439133947638364134e+03 2.344217012926253785e-01
1.438915345847181470e+03 2.229892426577780307e-01
1.438696988303810485e+03 2.241868607968790506e-01
1.438696866179904646e+03 2.402438717801500812e-01
1.438478508636533661e+03 2.271513563199893115e-01
1.438260273217068061e+03 2.245997777255798467e-01
1.438042159921508301e+03 2.295961555226874728e-01
1.438042037797602688e+03 2.438069379479362309e-01
1.437823924502042928e+03 2.496789321091470171e-01
1.437605933330388780e+03 2.339162575241721387e-01
1.437387942158734631e+03 2.198728416112370188e-01
1.437387820034829019e+03 2.230085514716782513e-01
1.437169706739269259e+03 2.261218368219980457e-01
1.436951959815426335e+03 2.138779331802687922e-01
1.436734335015489478e+03 2.253943891618677697e-01
1.436734212891583638e+03 2.269707886503225247e-01
1.436516465967740942e+03 2.171488528283812558e-01
1.436298719043898245e+03 2.135691247898403589e-01
1.436081216367867000e+03 2.319668001897152720e-01
1.435863713691835528e+03 2.188891773983760725e-01
1.435646211015804283e+03 2.399289238169308169e-01
1.435428830463678651e+03 2.406524878189264804e-01
1.435211572035458630e+03 2.171068807502841980e-01
1.434994313607238610e+03 2.397615839892840162e-01
1.434777055179018589e+03 2.239242590280271783e-01
1.434560040998610020e+03 2.262522905603778223e-01
1.434342904694295839e+03 2.212985631039243450e-01
1.434125890513887271e+03 2.339591225251982931e-01
1.433908998457384314e+03 2.192562544553484372e-01
1.433692228524787197e+03 2.324208249785829627e-01
1.433475458592189852e+03 2.179199849204938866e-01
1.433258688659592735e+03 2.266910785198170131e-01
1.433042162974806843e+03 2.098556802583470271e-01
1.432825515166115338e+03 2.131784915288198468e-01
1.432608989481329445e+03 2.100845628849057067e-01
1.432392585920449392e+03 2.388663621752979138e-01
1.432176304483474951e+03 2.074484469543590448e-01
1.431960023046500510e+03 2.088179877380535177e-01
1.431743741609526069e+03 2.231721200798482130e-01
1.431527582296457240e+03 1.985549347693808808e-01
1.431311545107294251e+03 2.050841295246380591e-01
1.431095507918131034e+03 2.022983844633128858e-01
1.430879592852873657e+03 2.043149234510696077e-01
1.430663799911521892e+03 1.984232361174556036e-01
1.430447884846264515e+03 2.342770264863138219e-01
1.430232091904912977e+03 2.454270039896170874e-01
1.430016298963561212e+03 2.370699985096983431e-01
1.429800872393926511e+03 2.341477139776119432e-01
1.429585323700386198e+03 2.403365543265832960e-01
1.429369897130751497e+03 2.533333783651719462e-01
1.429154592685022635e+03 2.471363038707041493e-01
1.428939166115387934e+03 2.541344879730775830e-01
1.428723861669659073e+03 2.657069130038600124e-01
1.428508679347835823e+03 2.350009362691201364e-01
1.428293619149918186e+03 2.436903550507366623e-01
1.428078558952000549e+03 2.276400247594734527e-01
1.427863498754083139e+03 2.494827250893447423e-01
1.427648560680071114e+03 2.559132272140928199e-01
1.427433866853870768e+03 2.558923150594324403e-01
1.427218928779858743e+03 2.400139338790973353e-01
1.427004234953658170e+03 2.351481031085494999e-01
1.426789663251363436e+03 2.432417745360927197e-01
1.426575091549068702e+03 2.397583263959086053e-01
1.426360519846773741e+03 2.384321115795592083e-01
1.426146070268384619e+03 2.411260216318077965e-01
1.425931742813901337e+03 2.355326785900548336e-01
1.425717415359417828e+03 2.511983822326653848e-01
1.425503210028840158e+03 2.292882317632614075e-01
1.425289004698262261e+03 2.288737983802901499e-01
1.425074921491590203e+03 2.408233001776787230e-01
1.424860838284918145e+03 2.442107409727867495e-01
1.424646877202151927e+03 2.353761366295568924e-01
1.424432793995479642e+03 2.487063950476660901e-01
1.424219199284430488e+03 2.414055242020480274e-01
1.424005360325569654e+03 2.439201375133958349e-01
1.423791643490614661e+03 2.462098339389812984e-01
1.423578048779565506e+03 2.328930420738729579e-01
1.423364454068516125e+03 2.304047038971146766e-01
1.423150981481372582e+03 2.405808128407463109e-01
1.422937386770323201e+03 2.416270331211285705e-01
1.422724280554896723e+03 2.350874025596713379e-01
1.422510930091658793e+03 2.371932137413146624e-01
1.422297701752326475e+03 2.574230157395894780e-01
1.422084473412994157e+03 2.502315680978521306e-01
1.421871489321473291e+03 2.457536795531322094e-01
1.421658383106046813e+03 2.526706403709169102e-01
1.421445399014525947e+03 2.342377579977009960e-01
1.421232414923005081e+03 2.335321094793409435e-01
1.421019675079295666e+03 2.284836299659082914e-01
1.420806935235586025e+03 2.466203956851989454e-01
1.420594195391876610e+03 2.281019683391726505e-01
1.420381699795978420e+03 2.342881571131290586e-01
1.420168959952269006e+03 2.441618028021689535e-01
1.419956586480276655e+03 2.483877886193082973e-01
1.419744090884378465e+03 2.579641513978364054e-01
1.419531839536291727e+03 2.424876296225902672e-01
1.419319466064299377e+03 2.311468647214669492e-01
1.419107214716212638e+03 2.545855255073901091e-01
1.418895085492031512e+03 2.497924653547841378e-01
1.418683078391756226e+03 2.408407831075612404e-01
1.418471071291480939e+03 2.485145306501196083e-01
1.418259064191205425e+03 2.476707199668422010e-01
1.418047057090930139e+03 2.265158704274443657e-01
1.417835416362371916e+03 2.525853875908320445e-01
1.417623531386002242e+03 2.307169700603433626e-01
1.417411768533538179e+03 2.417247153723153519e-01
1.417200249928885569e+03 2.427517932993234484e-01
1.416988731324232958e+03 2.386123337127004640e-01
1.416777212719580348e+03 2.530777389431135282e-01
1.416565694114927737e+03 2.414816112415556770e-01
1.416354419758086578e+03 2.485612170016636979e-01
1.416143145401245420e+03 2.465909258688529782e-01
1.415931871044404033e+03 2.303829237834806865e-01
1.415720718811468487e+03 2.396804113743619680e-01
1.415509566578532940e+03 2.567234055714395780e-01
1.415298658593408845e+03 2.411389002954530125e-01
1.415087628484378911e+03 2.435404636062656614e-01
1.414876720499254816e+03 2.468413444617975905e-01
1.414665812514130721e+03 2.431637474303810220e-01
1.414455148776817850e+03 2.470598044103560764e-01
1.414244485039505207e+03 2.404464755296276957e-01
1.414033821302192337e+03 2.410277187694428724e-01
1.413823279688785306e+03 2.461320285390429796e-01
1.413612860199283887e+03 2.426809749541298245e-01
1.413402318585876628e+03 2.322853028871343650e-01
1.413191776972469597e+03 2.352485678479876441e-01
1.412981723854685242e+03 2.460587330267058059e-01
1.412771426489089663e+03 2.352436393598452691e-01
1.412561251247399468e+03 2.643651420557016074e-01
1.412351076005709501e+03 2.500185697799241491e-01
1.412141145011830986e+03 2.436786590713816703e-01
1.411931214017952243e+03 2.546231841900195580e-01
1.411721283024073500e+03 2.512109477719196016e-01
1.411511352030194985e+03 2.578901921505205030e-01
1.411301665284127694e+03 2.526257149188071982e-01
1.411091978538060403e+03 2.514233893117249208e-01
1.410882291791993111e+03 2.360680808289974397e-01
1.410672605045925820e+03 2.556891287870867724e-01
1.410463162547669981e+03 2.499093073522019870e-01
1.410253720049414142e+03 2.497310120043959303e-01
1.410044399675063914e+03 2.459422318567459909e-01
1.409834957176807848e+03 2.397446788227407533e-01
1.409625881050269072e+03 2.399921060983282450e-01
1.409416560675918845e+03 2.494246957741470261e-01
1.409207484549380069e+03 2.553923110045556721e-01
1.408998408422841294e+03 2.381568605710004394e-01
1.408789454420208131e+03 2.574370787072331468e-01
1.408580500417574967e+03 2.379490637165433409e-01
1.408371668538847416e+03 2.462062087882647410e-01
1.408162836660120092e+03 2.420436692361167541e-01
1.407954126905298153e+03 2.437299672879026380e-01
1.407745417150476442e+03 2.557768201426667831e-01
1.407536829519560342e+03 2.344876951710061219e-01
1.407328241888644243e+03 2.434291273265726530e-01
1.407119776381633983e+03 2.613262837915550918e-01
1.406911432998529335e+03 2.630616968536027556e-01
1.406703089615424460e+03 2.289797841112422572e-01
1.406494746232319812e+03 2.453979837844995626e-01
1.406286524973120777e+03 2.489649891125788606e-01
1.406078547961733193e+03 2.394359352460091739e-01
1.405870326702534157e+03 2.442838281371700337e-01
1.405662349691146574e+03 2.358045384863286520e-01
1.405454372679758990e+03 2.485025242233722953e-01
1.405246517792277018e+03 2.460573320841084877e-01
1.405038662904795046e+03 2.461114127646572280e-01
1.404830930141218687e+03 2.560363780362702180e-01
1.404623197377642555e+03 2.501032898782835634e-01
1.404415708861877647e+03 2.328120246541812155e-01
1.404208098222207127e+03 2.547773923078500702e-01
1.404000487582536607e+03 2.413914699333335190e-01
1.403793121190677311e+03 2.517999494477660138e-01
1.403585754798818016e+03 2.495247659142438568e-01
1.403378510530864560e+03 2.418597044833966092e-01
1.403171144139005492e+03 2.443852834772077265e-01
1.402964021994957648e+03 2.532841895040943148e-01
1.402757021974815416e+03 2.493745284479635393e-01
1.402549899830767572e+03 2.463170027275885798e-01
1.402342899810625568e+03 2.591694661907709696e-01
1.402135899790483336e+03 2.361734419051964851e-01
1.401929144018152556e+03 2.326487285187487652e-01
1.401722388245822003e+03 2.559776667920485860e-01
1.401515632473491223e+03 2.447905120331899109e-01
1.401308876701160443e+03 2.416236551506549535e-01
1.401102243052735275e+03 2.637254108741154401e-01
1.400895731528215947e+03 2.465234425381988836e-01
1.400689342127602231e+03 2.408860090645646435e-01
1.400482952726988515e+03 2.605502129044886539e-01
1.400276563326375026e+03 2.510466636553752573e-01
1.400070296049666922e+03 2.465230431265795497e-01
1.399864150896864658e+03 2.406931031848040525e-01
1.399657883620156554e+03 2.379758485074902619e-01
1.399451860591260129e+03 2.246389453681761073e-01
1.399245837562363477e+03 2.520920610717934940e-01
1.399039936657372436e+03 2.553140332996984840e-01
1.398833913628475784e+03 2.467020536327372560e-01
1.398628134847390584e+03 2.534737389447928035e-01
1.398422478190210995e+03 2.434965824119813271e-01
1.398216577285220183e+03 2.348119033578266457e-01
1.398011042751946206e+03 2.499430047922685805e-01
1.397805386094766618e+03 2.503878229426478308e-01
1.397599851561492869e+03 2.356967176228469962e-01
1.397394561276030345e+03 2.676650108775439074e-01
1.397189148866662208e+03 2.546125196951551373e-01
1.396983736457294071e+03 2.433381926710391774e-01
1.396778324047925935e+03 2.444288092707956883e-01
1.396573400134180474e+03 2.443718311814984945e-01
1.396368231972623562e+03 2.477368487196935087e-01
1.396163063811066877e+03 2.344716249776533090e-01
1.395958139897321416e+03 2.436667888488079914e-01
1.395753215983575956e+03 2.620946953152050174e-01
1.395548292069830495e+03 2.401669009070946104e-01
1.395343490279990874e+03 2.479298911882713286e-01
1.395138688490151026e+03 2.364974353225166026e-01
1.394934008824217017e+03 2.538181634789415386e-01
1.394729451282188620e+03 2.590639237863445743e-01
1.394524893740160451e+03 2.686762557796694706e-01
1.394320336198132054e+03 2.388750982718175764e-01
1.394115778656103657e+03 2.355137125214433191e-01
1.393911587485792325e+03 2.502598880677014415e-01
1.393707274191575380e+03 2.426424389614439958e-01
1.393502960897358435e+03 2.532178734011064636e-01
1.393298769727047102e+03 2.504600298385064594e-01
1.393094700680641608e+03 2.585077534416372891e-01
1.392890631634235888e+03 2.519780553398974776e-01
1.392686684711736007e+03 2.507484241507041967e-01
1.392482737789236126e+03 2.395956858103076015e-01
1.392278790866736244e+03 2.451377134300073146e-01
1.392075088192047588e+03 2.443055103077201862e-01
1.391871263393453319e+03 2.505251666762149942e-01
1.391667560718764889e+03 2.526646108842224847e-01
1.391463858044076460e+03 2.490987086814664964e-01
1.391260521741104867e+03 2.399181765750448003e-01
1.391056941190322050e+03 2.369275533839073078e-01
1.390853482763444845e+03 2.462134514676363739e-01
1.390650146460473479e+03 2.413619060330189359e-01
1.390446810157501886e+03 2.499557825032546754e-01
1.390243595978436133e+03 2.468568159077974555e-01
1.390040381799370380e+03 2.311240055269139781e-01
1.389837289744210238e+03 2.517939528795545834e-01
1.389634197689050097e+03 2.513830417590088850e-01
1.389431349881701408e+03 2.548309976970928870e-01
1.389228379950447106e+03 2.494105453031325026e-01
1.389025410019192577e+03 2.636124330487225609e-01
1.388822562211843888e+03 2.630112348256595789e-01
1.388619836528401038e+03 2.600199382854396224e-01
1.388417232968863573e+03 2.474556503980241129e-01
1.388214629409326335e+03 2.677853274550979212e-01
1.388012025849788870e+03 2.431784693097861216e-01
1.387809544414157244e+03 2.447423720738612640e-01
1.387607185102431231e+03 2.573344953237698962e-01
1.387404703666799605e+03 2.584024290474859487e-01
1.387202466478979431e+03 2.629549784137450441e-01
1.387000229291159030e+03 2.425706506160281994e-01
1.386797992103338856e+03 2.582308132261702527e-01
1.386595877039424295e+03 2.607578551012338375e-01
1.386393884099415345e+03 2.464460491139569276e-01
1.386191769035500784e+03 2.558316436884827683e-01
1.385989898219397674e+03 2.367529676356180668e-01
1.385788027403294336e+03 2.493819973056644046e-01
1.385586278711096838e+03 2.679983769375811620e-01
1.385384530018899341e+03 2.466102879917687341e-01
1.385182781326701843e+03 2.534726680567155332e-01
1.384981154758409957e+03 2.590613336563735714e-01
1.384779528190118072e+03 2.625931027669028972e-01
1.384578145869637638e+03 2.542609367118429109e-01
1.384376641425251591e+03 2.602101760694756072e-01
1.384175259104771158e+03 2.516550888819290566e-01
1.383973876784290724e+03 2.457305091849056600e-01
1.383772738711621514e+03 2.499342421126687364e-01
1.383571478515046920e+03 2.514737747887542119e-01
1.383370340442377710e+03 2.561782232841213203e-01
1.383169202369708728e+03 2.611893552650734196e-01
1.382968308544850970e+03 2.421890418579033810e-01
1.382767414719993212e+03 2.594531036780159394e-01
1.382566398771229842e+03 2.455014272113540397e-01
1.382365627070277924e+03 2.530624947522203683e-01
1.382164855369325778e+03 2.514976205941626963e-01
1.381964205792279472e+03 2.490408419474884338e-01
1.381763556215233166e+03 2.646670673098444615e-01
1.381562906638186860e+03 2.551833733337463550e-01
1.381362379185046393e+03 2.514436397032007720e-01
1.381161851731905699e+03 2.560938070088105700e-01
1.380961568526576457e+03 2.586977058504810745e-01
1.380761285321247215e+03 2.457314510936909058e-01
1.380561002115917972e+03 2.547463836337898746e-01
1.380360718910588730e+03 2.573025620686778536e-01
1.380160557829165100e+03 2.410798289992307497e-01
1.379960518871647082e+03 2.580851089160358658e-01
1.379760479914129292e+03 2.513839305573632998e-01
1.379560440956611501e+03 2.648283139462683233e-01
1.379360524122999323e+03 2.603786394923945369e-01
1.379160851537198369e+03 2.443072701867987084e-01
1.378961056827492030e+03 2.611729230888448217e-01
1.378761262117785463e+03 2.444470652557489687e-01
1.378561589531984737e+03 2.451628814279829816e-01
1.378361916946183783e+03 2.664775229630190201e-01
1.378162366484288668e+03 2.502176546295933335e-01
1.377962938146299166e+03 2.481517227376536516e-01
1.377763509808309891e+03 2.613820687067463511e-01
1.377564203594226001e+03 2.524640573724626913e-01
1.377364897380142338e+03 2.625123011827020236e-01
1.377165713289964287e+03 2.525214828999374217e-01
1.376966529199786237e+03 2.495304112536177732e-01
1.376767345109608186e+03 2.641640360626986705e-01
1.376568283143335748e+03 2.617810775472049767e-01
1.376369221177063309e+03 2.524609177138127936e-01
1.376170403458602323e+03 2.591107248136562125e-01
1.375971463616235724e+03 2.595884534155252776e-01
1.375772645897774737e+03 2.374555118564009581e-01
1.375573828179313750e+03 2.359969497226000190e-01
1.375375132584758376e+03 2.576625543339405855e-01
1.375176681238014453e+03 2.677914661219427672e-01
1.374978107767364918e+03 2.646513244173578361e-01
1.374779534296715383e+03 2.542260103978170038e-01
1.374581082949971460e+03 2.537887701944522290e-01
1.374382631603227537e+03 2.534240748020777922e-01
1.374184424504294839e+03 2.426431128357263156e-01
1.373986095281456755e+03 2.702492337385539733e-01
1.373787888182524057e+03 2.488213812218195986e-01
1.373589681083591586e+03 2.492540539873508154e-01
1.373391596108564727e+03 2.547844842035901780e-01
1.373193633257443480e+03 2.527819829425330678e-01
1.372995548282416621e+03 2.455823457122302822e-01
1.372797707555201214e+03 2.502537466752633444e-01
1.372599866827985807e+03 2.361836363450562915e-01
1.372402026100770172e+03 2.580628889273381410e-01
1.372204429621366216e+03 2.557215048315850114e-01
1.372006711018056421e+03 2.680276290137346695e-01
1.371809114538652238e+03 2.417629117344303469e-01
1.371611395935342443e+03 2.598593642031045703e-01
1.371414043703749712e+03 2.560760279758741986e-01
1.371216691472156981e+03 2.520160450295992338e-01
1.371019339240564250e+03 2.463981980767392665e-01
1.370821987008971519e+03 2.407804842592421724e-01
1.370624634777378787e+03 2.430921090967885778e-01
1.370427404669691668e+03 2.498252481973073369e-01
1.370230418809816001e+03 2.606386062633045952e-01
1.370033310826034722e+03 2.534773601914454555e-01
1.369836324966159054e+03 2.405520503337728322e-01
1.369639339106283387e+03 2.559143238945288945e-01
1.369442475370313332e+03 2.602726657999160365e-01
1.369245733758249116e+03 2.650005605921543217e-01
1.369048747898373449e+03 2.584317765032811964e-01
1.368852128410214846e+03 2.511841663947286807e-01
1.368655508922056242e+03 2.461171320962969311e-01
1.368458889433897639e+03 2.692689365003538282e-01
1.368262392069644875e+03 2.366457188611074125e-01
1.368065894705391884e+03 2.366884346705372677e-01
1.367869397341138892e+03 2.520960746150572307e-01
1.367673144224697353e+03 2.453338138051541772e-01
1.367476768984350201e+03 2.415138998133489201e-01
1.367280515867908662e+03 2.430189824129882492e-01
1.367084506999278574e+03 2.426814003556198307e-01
1.366888253882837034e+03 2.502559112620384996e-01
1.366692245014206719e+03 2.462726154855968130e-01
1.366496114021671019e+03 2.617200264229095352e-01
1.366300227276946543e+03 2.643157813486616270e-01
1.366104462656127680e+03 2.623469707680926022e-01
1.365908575911403204e+03 2.580571335073336137e-01
1.365712811290584568e+03 2.558600452742306186e-01
1.365517046669765705e+03 2.546738063527924090e-01
1.365321404172852681e+03 2.550901843707258920e-01
1.365126005923750881e+03 2.550161430559487741e-01
1.364930363426837857e+03 2.547856721672264180e-01
1.364734965177736058e+03 2.650144691687230658e-01
1.364539444804728646e+03 2.609932597555327249e-01
1.364344168679532686e+03 2.599964210675912435e-01
1.364148892554336726e+03 2.700347350481000497e-01
1.363953616429140538e+03 2.542228281423509206e-01
1.363758462427850418e+03 2.581743792014763450e-01
1.363563308426560070e+03 2.722987467970415798e-01
1.363368276549175334e+03 2.498475383015012763e-01
1.363173244671790599e+03 2.584411758785408741e-01
1.362978334918311702e+03 2.685805916301340912e-01
1.362783547288738419e+03 2.519819223790470963e-01
1.362588515411353910e+03 2.653526661531188102e-01
1.362393849905686238e+03 2.560151804580357848e-01
1.362199184400018567e+03 2.536071257523349054e-01
1.362004641018256734e+03 2.554551311713196826e-01
1.361809975512589062e+03 2.545487751185792624e-01
1.361615432130827230e+03 2.515790192567055605e-01
1.361420888749065398e+03 2.512129162879889188e-01
1.361226467491209178e+03 2.527078258593862814e-01
1.361032168357258570e+03 2.615489714872823446e-01
1.360837991347213801e+03 2.635202184847728613e-01
1.360643692213263421e+03 2.548596003655402842e-01
1.360449515203218425e+03 2.530772136124529448e-01
1.360255338193173657e+03 2.758438586184807639e-01
1.360061161183128888e+03 2.680236026224693258e-01
1.359867350544801184e+03 2.612324279248567915e-01
1.359673417782567640e+03 2.641246826803561598e-01
1.359479485020334096e+03 2.568781963345260211e-01
1.359285674382006391e+03 2.644443864586699111e-01
1.359091863743678687e+03 2.607429485939598557e-01
1.358898175229256594e+03 2.541446474415296475e-01
1.358704608838740114e+03 2.836285895683771097e-01
1.358510920324318249e+03 2.436540351942098059e-01
1.358317353933801769e+03 2.786502699560772789e-01
1.358123909667191128e+03 2.664850718606015523e-01
1.357930465400580260e+03 2.613923540535606493e-01
1.357737143257875459e+03 2.644954430611419216e-01
1.357543821115170431e+03 2.612282163259912471e-01
1.357350621096371015e+03 2.768835956906997020e-01
1.357157421077571826e+03 2.530263135584903678e-01
1.356964221058772409e+03 2.653428713431023600e-01
1.356771143163878833e+03 2.692828220223002500e-01
1.356578187392890868e+03 2.524503545974958740e-01
1.356385231621902903e+03 2.573382030955683186e-01
1.356192397974820551e+03 2.716913908570894320e-01
1.355999442203832814e+03 2.557300134600349328e-01
1.355806730680656074e+03 2.569110029114122784e-01
1.355613897033573949e+03 2.522935280645225986e-01
1.355421429758208660e+03 2.583409508278190492e-01
1.355228718235032147e+03 2.729006318529090813e-01
1.355036128835761247e+03 2.632057699412874707e-01
1.354843661560396185e+03 2.408438971008292906e-01
1.354651194285030897e+03 2.490023278894390457e-01
1.354458971257477060e+03 2.672341116768582325e-01
1.354266626106017611e+03 2.547996174006221248e-01
1.354074280954558162e+03 2.809283265183513123e-01
1.353882057927004325e+03 2.657189042548451785e-01
1.353689834899450489e+03 2.685997006452317537e-01
1.353497733995802264e+03 2.549913842753541160e-01
1.353305877339965718e+03 2.604373662508371323e-01
1.353113898560223106e+03 2.686434402367808283e-01
1.352921919780480721e+03 2.644690238457302334e-01
1.352730063124643948e+03 2.562296006256197800e-01
1.352538206468807175e+03 2.617010083543397370e-01
1.352346471936876242e+03 2.587331179237759016e-01
1.352154859528850920e+03 2.545899234009270651e-01
1.351963247120825372e+03 2.618558363396193966e-01
1.351771634712800051e+03 2.489339086803867007e-01
1.351580022304774729e+03 2.656376900484922476e-01
1.351388532020655020e+03 2.547386365316566259e-01
1.351197041736535311e+03 2.673901011552921592e-01
1.351005917824132666e+03 2.517736061761640665e-01
1.350814549663918797e+03 2.513768002960997672e-01
1.350623303627610539e+03 2.479309754651947140e-01
1.350432179715207894e+03 2.578246280186363149e-01
1.350241055802805249e+03 2.699730009037757394e-01
1.350049931890402604e+03 2.459625144028443622e-01
1.349859052225811411e+03 2.688405585894260708e-01
1.349668050437314378e+03 2.560596883491361719e-01
1.349477170772723184e+03 2.722206574916845589e-01
1.349286291108131991e+03 2.641543685599164748e-01
1.349095533567446410e+03 2.547937805162969194e-01
1.348904776026760828e+03 2.643807733588933173e-01
1.348714140609981087e+03 2.601169340762524151e-01
1.348523627317106957e+03 2.712102403168276665e-01
1.348332991900326988e+03 2.525801937171129885e-01
1.348142478607452858e+03 2.639998604794054904e-01
1.347952087438484341e+03 2.574814431841662143e-01
1.347761696269515824e+03 2.521102053295511958e-01
1.347571427224453146e+03 2.696372763316248200e-01
1.347381036055484628e+03 2.639908926839188430e-01
1.347190889134327563e+03 2.437783883304351362e-01
1.347000742213170497e+03 2.470887432691570296e-01
1.346810595292013431e+03 2.684490186066613160e-01
1.346620570494761978e+03 2.555563049643885809e-01
1.346430667821416137e+03 2.559546404075231374e-01
1.346240765148070523e+03 2.643315139209876929e-01
1.346050862474724681e+03 2.658034515388429941e-01
1.345861081925284680e+03 2.509958644377763282e-01
1.345671301375844678e+03 2.540124647715864548e-01
1.345481520826404676e+03 2.623108130986842035e-01
1.345291984524775899e+03 2.705154245372610178e-01
1.345102326099241509e+03 2.624487784776028398e-01
1.344912789797612959e+03 2.451735171885651432e-01
1.344723375619890021e+03 2.553400413191764251e-01
1.344533839318261244e+03 2.559712694387398235e-01
1.344344547264444145e+03 2.496848222141884177e-01
1.344155133086720980e+03 2.653401030205639888e-01
1.343966085280715106e+03 2.605474352883060396e-01
1.343776793226897780e+03 2.459349210317269274e-01
1.343587623296986294e+03 2.408768829124440791e-01
1.343398575490980420e+03 2.645102124882225958e-01
1.343209527684974546e+03 2.621936012870824118e-01
1.343020602002874284e+03 2.584195083149945504e-01
1.342831676320774022e+03 2.531819759355878885e-01
1.342642872762579600e+03 2.468433785919419421e-01
1.342453947080479338e+03 2.602920607370022843e-01
1.342265265646190528e+03 2.479237320259913280e-01
1.342076584211901491e+03 2.545486109218781379e-01
1.341887902777612680e+03 2.608421539244401011e-01
1.341699343467229710e+03 2.543094388897593761e-01
1.341510906280752124e+03 2.680373846963347018e-01
1.341322469094274766e+03 2.677564528224070650e-01
1.341134031907797180e+03 2.495347415839644367e-01
1.340945594721319821e+03 2.715073299264296192e-01
1.340757279658748075e+03 2.734774474110407971e-01
1.340569086720081941e+03 2.510896713799414259e-01
1.340380893781415807e+03 2.643466078889432080e-01
1.340192822966655513e+03 2.550714424979143580e-01
1.340004752151894991e+03 2.592109353086390344e-01
1.339816681337134696e+03 2.660747856709450576e-01
1.339628732646280014e+03 2.509432516004575509e-01
1.339440783955425104e+03 2.495963363531205348e-01
1.339252835264570422e+03 2.656274978280043220e-01
1.339065130821527191e+03 2.735132061865029329e-01
1.338877426378483733e+03 2.669453637730770934e-01
1.338689599811534890e+03 2.566963488144172190e-01
1.338502017492397272e+03 2.654459280545836131e-01
1.338314435173259426e+03 2.739612604576678878e-01
1.322387768136790328e+03 2.741182503405852899e-01
1.322204948649974540e+03 2.602643154030983563e-01
1.322022129163158752e+03 2.736761991492556723e-01
1.321839309676342964e+03 2.922839109720613004e-01
1.321656734437338628e+03 2.876733926537244912e-01
1.304896938116261936e+03 2.669299469431886673e-01
1.304719125709579430e+03 2.853927786963330049e-01
1.304541435426802536e+03 2.657278516791014567e-01
1.304363745144025643e+03 2.628674816610900300e-01
1.304186054861248749e+03 2.788056043634097314e-01
1.287023249651399965e+03 2.813521372339741755e-01
1.286850688572661966e+03 2.671637190950822971e-01
1.286678005370018354e+03 2.593922062329073741e-01
1.286505444291280355e+03 2.633444052849418515e-01
1.286332883212542583e+03 2.792024979966769016e-01
1.286160444257710196e+03 2.794747376378707848e-01
1.285988005302878037e+03 2.692081432750246250e-01
1.285815566348045650e+03 2.537720601656635599e-01
1.285643249517119102e+03 2.751065937218184487e-01
1.285470932686192555e+03 2.704872809107941589e-01
1.285298860103077459e+03 2.761631904649953784e-01
1.285126665396056524e+03 2.832379314224339750e-01
1.284954470689035588e+03 2.800393686432702811e-01
1.284782398105920493e+03 2.664168273084887018e-01
1.284610325522805169e+03 2.537948682475594797e-01
1.284438375063595686e+03 2.715246079830805903e-01
1.284266424604386202e+03 2.787625007361502760e-01
1.284094474145176719e+03 2.784394616918263732e-01
1.283922645809872847e+03 2.728435159491215400e-01
1.283750817474568976e+03 2.728899620832956341e-01
1.283579111263170944e+03 2.709961460108526454e-01
1.283407405051772685e+03 2.794312186861557801e-01
1.283235698840374653e+03 2.715361512026187585e-01
1.283064114752882233e+03 2.973252113050503520e-01
1.282892530665389813e+03 2.943970351764177429e-01
1.282721190825708618e+03 2.956526815825508692e-01
1.282549728862122038e+03 2.892915335511071495e-01
1.282378266898535230e+03 2.895486791373479418e-01
1.282206927058854035e+03 2.647463289771637696e-01
1.282035709343078679e+03 2.683635878596217772e-01
1.281864369503397711e+03 2.647404791301645188e-01
1.281693151787622355e+03 2.712904760478543342e-01
1.281521934071846999e+03 2.880660431627452556e-01
1.281350838479977256e+03 2.825441708575345823e-01
1.281179742888107512e+03 2.794738097960446921e-01
1.281008647296237996e+03 2.646439814387750999e-01
1.280837795952179476e+03 2.748742567846653717e-01
1.280666822484215572e+03 2.856523617614643018e-01
1.280495849016251668e+03 2.725539786158376332e-01
1.280325119796098988e+03 2.781357896323394252e-01
1.280154268452040697e+03 2.692764572087914532e-01
1.279983661355793629e+03 2.607812004001411332e-01
1.279812932135641177e+03 2.656289504364474641e-01
1.279642325039394109e+03 2.783714317994369081e-01
1.279471717943147269e+03 2.673636148614768060e-01
1.279301232970806041e+03 2.719936804905755401e-01
1.279130625874558973e+03 2.701013889086762987e-01
1.278960263026123584e+03 2.789391944077417307e-01
1.278789778053782356e+03 2.670337651203534834e-01
1.278619537329252353e+03 2.837020016179592763e-01
1.278449174480816737e+03 2.729476612027171845e-01
1.278278933756286960e+03 2.712588083883846757e-01
1.278108693031757184e+03 2.735175383033081054e-01
1.277938574431133020e+03 2.668225877696515647e-01
1.277768455830508856e+03 2.809418279107191996e-01
1.277598337229884692e+03 2.938726646912733775e-01
1.277428340753166140e+03 2.705475830732249620e-01
1.277258344276447588e+03 2.703896982871790144e-01
1.277088592047540487e+03 2.765970165505508005e-01
1.276918717694727775e+03 2.724803038232976871e-01
1.276748843341914835e+03 2.788989821528659596e-01
1.276579091113007735e+03 2.711086073220205783e-01
1.276409461008006247e+03 2.800545647772651470e-01
1.276239708779099146e+03 2.603952251067498391e-01
1.276070078674097886e+03 2.742867159609270189e-01
1.275900448569096397e+03 2.688868790318461599e-01
1.275730940588000749e+03 2.637311070638642119e-01
1.275561432606904873e+03 2.754353529993923688e-01
1.275391924625809224e+03 2.717225066952943524e-01
1.275222660892524800e+03 2.639724819897789621e-01
1.275053152911429152e+03 2.806209427758376562e-01
1.274883889178144727e+03 2.703455329390242468e-01
1.274714625444860303e+03 2.693862480443658947e-01
1.274545483835481718e+03 2.750158247733748840e-01
1.274376220102197294e+03 2.699149760780276686e-01
1.274207200616724322e+03 2.631802405141761003e-01
1.274038181131251349e+03 2.727826928856547095e-01
1.273869161645778377e+03 2.682927112119601332e-01
1.273700264284211016e+03 2.873010331488257130e-01
1.273531366922643883e+03 2.513247042317200974e-01
1.273362591684982135e+03 2.770419582785717538e-01
1.273362469561076523e+03 2.783263052950622485e-01
1.273193694323415002e+03 2.821196017796151478e-01
1.273193572199509163e+03 2.705619852024608862e-01
1.273025041209659094e+03 2.730770429477484273e-01
1.273024919085753254e+03 2.807808130042467321e-01
1.272856265971997345e+03 2.806713225731161110e-01
1.272856143848091733e+03 2.575676376709600812e-01
1.272687490734335825e+03 2.754689323138290180e-01
1.272687368610430212e+03 2.716190251237338149e-01
1.272518715496674304e+03 2.638944134079402870e-01
1.272350184506824007e+03 2.690967721849739092e-01
1.272181653516973711e+03 2.691405236282363722e-01
1.272013122527123414e+03 2.819286162021139575e-01
1.271844713661178957e+03 2.637632549082221667e-01
1.271676304795234500e+03 2.751667649995607201e-01
1.271507895929289816e+03 2.789321197896255100e-01
1.271339609187250971e+03 2.725903752740352903e-01
1.271171322445212127e+03 2.855559437466475559e-01
1.271003157827079121e+03 2.715345031772318785e-01
1.270834993208945889e+03 2.766894394570413862e-01
1.270666828590812656e+03 2.767800152753731591e-01
1.270498908220490875e+03 2.821554241254189410e-01
1.270330865726263482e+03 2.851783566787440827e-01
1.270162823232036089e+03 2.650027153147848091e-01
1.269994902861714309e+03 2.639105547467713309e-01
1.269827104615298140e+03 2.693943875922658049e-01
1.269659184244976359e+03 2.880823543583203028e-01
1.269491385998560190e+03 2.770520903172468685e-01
1.269323709876049861e+03 2.746620995683768385e-01
1.269156033753539532e+03 2.812976603210900484e-01
1.268988357631028975e+03 2.742737680566448288e-01
1.268820681508518646e+03 2.838846460749831491e-01
1.268653249633819541e+03 2.894141064929499074e-01
1.268485695635214825e+03 2.655942244160995891e-01
1.268318141636610108e+03 2.749264518053917694e-01
1.268150831885816842e+03 2.665251356219950907e-01
1.267983400011117737e+03 2.614245427411715506e-01
1.267816090260324472e+03 2.792356479888367660e-01
1.267648780509531207e+03 2.673377251827943057e-01
1.267481715006549166e+03 2.670862684430004297e-01
1.267314405255755901e+03 2.513148520881157699e-01
1.267147217628868248e+03 2.784854631278476655e-01
1.266980152125886207e+03 2.811269323256545549e-01
1.266813086622904166e+03 2.735091585528244273e-01
1.266646143243827964e+03 2.685254796299350599e-01
1.266479321988657375e+03 2.884061672237019924e-01
1.266312378609581174e+03 2.732025639367420822e-01
1.266145557354410585e+03 2.757420413620669808e-01
1.265978736099239995e+03 2.768954509944948073e-01
1.265811914844069406e+03 2.800459192924746321e-01
1.265645215712804429e+03 2.733012418638882113e-01
1.265478516581539452e+03 2.738959632898407270e-01
1.265312061698085927e+03 2.592883034713410195e-01
1.265145362566821177e+03 2.777618229403925887e-01
1.264978785559461812e+03 2.795436572078660586e-01
1.264812330676008287e+03 2.842230415960081413e-01
1.264645875792554762e+03 2.781974775166348723e-01
1.264479543033007076e+03 2.833748759010252249e-01
1.264313210273459163e+03 2.874191532286450301e-01
1.264146877513911249e+03 2.744138574368201744e-01
1.263980666878269176e+03 2.891081541276994682e-01
1.263814456242627102e+03 2.723459022303651444e-01
1.263648245606985029e+03 2.823366793542562148e-01
1.263482157095248567e+03 2.852904241525406337e-01
1.263316068583512106e+03 2.875661113285979953e-01
1.263150102195681256e+03 2.648709640491278550e-01
1.262984013683944795e+03 2.734310288474816053e-01
1.262818169420019785e+03 2.728965588432429312e-01
1.262652203032188936e+03 2.686376369978126233e-01
1.262486358768263926e+03 2.834593504551127796e-01
1.262320636628244529e+03 2.669448337452258180e-01
1.262154914488225131e+03 2.794122799264013857e-01
1.261989192348205734e+03 2.801532704685653075e-01
1.261823470208186336e+03 2.661246818954073889e-01
1.261657992315978390e+03 2.719674625112052380e-01
1.261492514423770217e+03 2.870976762586433528e-01
1.261326914407656659e+03 2.682517297616792140e-01
1.261161436515448486e+03 2.878749447782938953e-01
1.260996080747146152e+03 2.637066093747801321e-01
1.260830724978843818e+03 2.795094600652414663e-01
1.260665369210541712e+03 2.742384711445853274e-01
1.260500013442239378e+03 2.711876295070957954e-01
1.260334779797842657e+03 2.768814920946307545e-01
1.260169668277351775e+03 2.802586311201851199e-01
1.260004434632955054e+03 2.700740684443549422e-01
1.259839445236369784e+03 2.795578861986406372e-01
1.259674333715878902e+03 2.733235283815899641e-01
1.259509344319293632e+03 2.746844514996745201e-01
