# Wavelength, Reflectance
1.644394522067833122e+03 2.314338553571179402e-01
1.643528433200645622e+03 2.763105334368558541e-01
1.642663198825645622e+03 3.315062430714426633e-01
1.641798941013145622e+03 2.522553346276681929e-01
1.640935537692833122e+03 3.063669734885346441e-01
1.640073233005333122e+03 2.643217523643839884e-01
1.639211782810020622e+03 2.506457329368544928e-01
1.638351309177208122e+03 2.660901163831085325e-01
1.637491690036583122e+03 2.613757454061433894e-01
1.636633169528770622e+03 2.746191353199080032e-01
1.635775503513145622e+03 2.388303044010262888e-01
1.634918814060020622e+03 2.695173280465640864e-01
1.634063101169395622e+03 2.623885393453104786e-01
1.633208242770958122e+03 2.573072635301019151e-01
1.632354360935020622e+03 2.458004490985842561e-01
1.631501333591270622e+03 2.310497824459291638e-01
1.630649282810020622e+03 2.329843791149849574e-01
1.629798208591270622e+03 2.309729581823563582e-01
1.628947988864708122e+03 2.540266430946797049e-01
1.628098745700645622e+03 2.186870274070190634e-01
1.627250357028770622e+03 2.550977557177418475e-01
1.626402944919395622e+03 2.620797224415096771e-01
1.625556509372520622e+03 2.629075295614755059e-01
1.624711050388145622e+03 2.614006784278267714e-01
1.623866323825645622e+03 2.418134343549194487e-01
1.623022695895958122e+03 2.290614983421907780e-01
1.622179800388145622e+03 2.692774219856250428e-01
1.621338003513145622e+03 2.518987888545821674e-01
1.620496939060020622e+03 2.381768895097063354e-01
1.619656973239708122e+03 2.262934537826066517e-01
1.618817739841270622e+03 2.291296154905012594e-01
1.617979483005333122e+03 2.251694538481038288e-01
1.617142080661583122e+03 2.570197689082621695e-01
1.616305654880333122e+03 2.246908680683913084e-01
1.615470083591270622e+03 2.407255028931111207e-01
1.614635488864708122e+03 2.327358439853220995e-01
1.613801870700645622e+03 2.559391885760945451e-01
1.612968984958458122e+03 2.310336973075128864e-01
1.612137075778770622e+03 2.276075851135010986e-01
1.611306021091270622e+03 2.282283988956292919e-01
1.610475942966270622e+03 2.144142816760625792e-01
1.609646719333458122e+03 2.289215888996030401e-01
1.608818350192833122e+03 2.251464536533988314e-01
1.607990957614708122e+03 2.089124018643329916e-01
1.607164297458458122e+03 2.323251017289090226e-01
1.606338613864708122e+03 2.281959281928609973e-01
1.605513906833458122e+03 2.411256970472846761e-01
1.604690054294395622e+03 2.086979497066066835e-01
1.603866934177208122e+03 2.090104884769962146e-01
1.603044790622520622e+03 2.045443128852559300e-01
1.602223623630333122e+03 2.293808563794502153e-01
1.601403189060020622e+03 2.125482856778576624e-01
1.600583731052208122e+03 2.153452444147300471e-01
1.599765127536583122e+03 2.511650372715107382e-01
1.598947378513145622e+03 2.407811535010050408e-01
1.598130483981895622e+03 1.969997291211748880e-01
1.597314321872520622e+03 2.400634119708546232e-01
1.596499502536583122e+03 2.280927975601791391e-01
1.595685171481895622e+03 2.435078415965512277e-01
1.594871694919395622e+03 2.198565789034332141e-01
1.594059316989708122e+03 2.356695946786686036e-01
1.593247549411583122e+03 2.455216796240796973e-01
1.592436758395958122e+03 2.401278462904875843e-01
1.591626943942833122e+03 2.480222007800476081e-01
1.590817861911583122e+03 2.303768026630122479e-01
1.590009756442833122e+03 2.494543355561418818e-01
1.589202261325645622e+03 2.323879776886934589e-01
1.588395620700645622e+03 2.331856559770631998e-01
1.587590200778770622e+03 2.162547203789419725e-01
1.586785391208458122e+03 2.470393407023115107e-01
1.585981436130333122e+03 2.349125798423651323e-01
1.585178457614708122e+03 2.359764368451441330e-01
1.584376211520958122e+03 2.404101082589178151e-01
1.583574819919395622e+03 2.381900155107666839e-01
1.582774404880333122e+03 2.070354005390136476e-01
1.581974722263145622e+03 2.397401090056803519e-01
1.581176016208458122e+03 2.227700341357374270e-01
1.580377920505333122e+03 2.429709134026877548e-01
1.579580679294395622e+03 2.199805216391991503e-01
1.578784536716270622e+03 2.058488838207170046e-01
1.577989004489708122e+03 2.321752165399062484e-01
1.577194448825645622e+03 2.226127668158392747e-01
1.576400747653770622e+03 2.285290021682280515e-01
1.575607778903770622e+03 2.393160870686308894e-01
1.574815542575645622e+03 2.338662486244721672e-01
1.574024282810020622e+03 2.256697894285231709e-01
1.573233877536583122e+03 2.132799310072555909e-01
1.572444326755333122e+03 2.203833946416595968e-01
1.571655508395958122e+03 2.144933529018770713e-01
1.570867422458458122e+03 2.290813739209993094e-01
1.570080435153770622e+03 2.364270157444042786e-01
1.569294058200645622e+03 2.424605333074231761e-01
1.568508779880333122e+03 2.378556792487556970e-01
1.567723989841270622e+03 2.406223943621177697e-01
1.566940176364708122e+03 2.253323631735311972e-01
1.566157217380333122e+03 2.254986402739514451e-01
1.565374990817833122e+03 2.340176045669853377e-01
1.564593618747520622e+03 2.446091045186639668e-01
1.563813101169395622e+03 2.451500368055451740e-01
1.563033438083458122e+03 2.144764894451279547e-01
1.562254385349083122e+03 2.344500072544289659e-01
1.561476309177208122e+03 2.260950652852218301e-01
1.560699087497520622e+03 2.424188963578036982e-01
1.559922598239708122e+03 2.054776657121947792e-01
1.559146841403770622e+03 2.235923147982322445e-01
1.558371939060020622e+03 2.390503470036336453e-01
1.557598013278770622e+03 2.402708572510801888e-01
1.556824697849083122e+03 2.387094108783678059e-01
1.556052236911583122e+03 2.345311325750587261e-01
1.555280508395958122e+03 2.391457715865848710e-01
1.554509756442833122e+03 2.190758662472931939e-01
1.553739614841270622e+03 2.353282155311879620e-01
1.552970449802208122e+03 2.331015863257167586e-01
1.552970327731895622e+03 2.273029174175523470e-01
1.552714224216270622e+03 2.474276237898909159e-01
1.552457998630333122e+03 2.300069864253791729e-01
1.552202017185020622e+03 2.285093990521915031e-01
1.552201895114708122e+03 2.285093937941366504e-01
1.551946035739708122e+03 2.253764354404939607e-01
1.551434316989708122e+03 2.218612351428273510e-01
1.550667471286583122e+03 2.458336518680603600e-01
1.549901358005333122e+03 2.364988504556939375e-01
1.549136099216270622e+03 2.461268588251330214e-01
1.548371694919395622e+03 2.462068844964264147e-01
1.547607900974083122e+03 2.351701549123958457e-01
1.546844961520958122e+03 2.415996855316001612e-01
1.546082876560020622e+03 2.246338945359288020e-01
1.545321646091270622e+03 2.182879811287084804e-01
1.544561025974083122e+03 2.364434862829944695e-01
1.543801138278770622e+03 2.212788524884863328e-01
1.543042227145958122e+03 2.330774856252483818e-01
1.542284170505333122e+03 2.317765463048137853e-01
1.541526724216270622e+03 2.442259948811859593e-01
1.540770010349083122e+03 2.399281993784192768e-01
1.540014150974083122e+03 2.353130297556980111e-01
1.539259024020958122e+03 2.330708074701334231e-01
1.538504873630333122e+03 2.191227241723555375e-01
1.537751333591270622e+03 2.492749220334649074e-01
1.536998525974083122e+03 2.333032776224698290e-01
1.536246572849083122e+03 2.469338639138738134e-01
1.535495108005333122e+03 2.157761312420261035e-01
1.534744985935020622e+03 2.322680418024110904e-01
1.533995108005333122e+03 2.223534535237140231e-01
1.533246328708458122e+03 2.375979988857165881e-01
1.532498159763145622e+03 2.282037974680754810e-01
1.531750723239708122e+03 2.254823432902958724e-01
1.531004263278770622e+03 2.277294758422004350e-01
1.530258413669395622e+03 2.304421013363058268e-01
1.529513296481895622e+03 2.343062531811087867e-01
1.528768911716270622e+03 2.311313061289879123e-01
1.528025381442833122e+03 2.149676986817968538e-01
1.527282339450645622e+03 2.181677204689417282e-01
1.526540518161583122e+03 2.325845784135925631e-01
1.525799063083458122e+03 2.359921951265065432e-01
1.525058706638145622e+03 2.270659777859363460e-01
1.524318838474083122e+03 2.280453939694235266e-01
1.523579824802208122e+03 2.366009574307980645e-01
1.522841543552208122e+03 2.325535770020228377e-01
1.522104116794395622e+03 2.261085413757639162e-01
1.521367300388145622e+03 2.376980196443867765e-01
1.520631216403770622e+03 2.390013151390911195e-01
1.519895864841270622e+03 2.354336540417188706e-01
1.519161367770958122e+03 2.315456777784129783e-01
1.518427481052208122e+03 2.236243699684374864e-01
1.517694326755333122e+03 2.268304753142505736e-01
1.516962271091270622e+03 2.462789278098828361e-01
1.516230703708458122e+03 2.419569562894470505e-01
1.515499746677208122e+03 2.494160044422046585e-01
1.515256460544395622e+03 2.422259012751510898e-01
1.515013174411583122e+03 2.267805753991960771e-01
1.514769766208458122e+03 2.319078399410025582e-01
1.514769644138145622e+03 2.306043302860976418e-01
1.514526602145958122e+03 2.375410660243771899e-01
1.514283560153770622e+03 2.209702629052281986e-01
1.514040274020958122e+03 2.473333620862147864e-01
1.513311636325645622e+03 2.271065300558704758e-01
1.512583731052208122e+03 2.236783794290584659e-01
1.511856558200645622e+03 2.334644556599135556e-01
1.511130239841270622e+03 2.332459362784054802e-01
1.510404531833458122e+03 2.356077073614712136e-01
1.509679556247520622e+03 2.415154421894973591e-01
1.508955313083458122e+03 2.442536595892460805e-01
1.508231802341270622e+03 2.294275640136255456e-01
1.507509024020958122e+03 2.476332950598985616e-01
1.506786978122520622e+03 2.489239559824069359e-01
1.506065664645958122e+03 2.429225414380682957e-01
1.505345083591270622e+03 2.422637408030891004e-01
1.504625357028770622e+03 2.403902842646600535e-01
1.503906118747520622e+03 2.349360971033059575e-01
1.503187734958458122e+03 2.520548358301854530e-01
1.502469775092911277e+03 2.206409130803969054e-01
1.501752519113258813e+03 2.319103624751615855e-01
1.501036117881964856e+03 2.396475812029162378e-01
1.500320327185212591e+03 2.360561797017676489e-01
1.499605269129910312e+03 2.482415485663352905e-01
1.498890943716058473e+03 2.369791126639928525e-01
1.498177228836748100e+03 2.370119705079858641e-01
1.497464368705796232e+03 2.199621814386414631e-01
1.496752119109386285e+03 2.311294163375745003e-01
1.496040724261334617e+03 2.421172091361134537e-01
1.495329939947824641e+03 2.277877306999105400e-01
1.494619888275764879e+03 2.313884372159091263e-01
1.493910447138247036e+03 2.369976358415804563e-01
1.493201860749087473e+03 2.417006978324247324e-01
1.492493884894469602e+03 2.378319377057102613e-01
1.491786641681301944e+03 2.388754398604216178e-01
1.491080131109584272e+03 2.400595536174931766e-01
1.490374231072408520e+03 2.361765511064893575e-01
1.489669063676682754e+03 2.490988097610924712e-01
1.488964628922407201e+03 2.403034999370148028e-01
1.488260926809581633e+03 2.308646116920010372e-01
1.487557835231297759e+03 2.338420108741407211e-01
1.486855476294464097e+03 2.300215246864815433e-01
1.486153727892172128e+03 2.416726639412620226e-01
1.485452834238238665e+03 2.404422047859832434e-01
1.484752551118847123e+03 2.303635408656352079e-01
1.484053000640905566e+03 2.362253731200058826e-01
1.483354060697505702e+03 2.382420814319729241e-01
1.482655975502464344e+03 2.300618511812763112e-01
1.481958378735056158e+03 2.338405690723064090e-01
1.481261636716006706e+03 2.390416203732945444e-01
1.480565505231498946e+03 2.368364552210349416e-01
1.479869984281532879e+03 2.226137289096932481e-01
1.479175318079925319e+03 2.365287236883802102e-01
1.478481140305951158e+03 2.193869612320223927e-01
1.477787817280335503e+03 2.389291125839363428e-01
1.477095104789261541e+03 2.270772967316345148e-01
1.476403124939637792e+03 2.306098913451901933e-01
1.475711755624555508e+03 2.439016898068006312e-01
1.475021118950923665e+03 2.334348777499379024e-01
1.474331092811833287e+03 2.386246638256656616e-01
1.473641799314193349e+03 2.361111206400337836e-01
1.472953116351094877e+03 2.405499727198309734e-01
1.472265166029446618e+03 2.370089940383188487e-01
1.471577948349248345e+03 2.341160022630250637e-01
1.470891341203591992e+03 2.375363846980345361e-01
1.470205466699385624e+03 2.346371265809960027e-01
1.469520202729721177e+03 2.339491501879107649e-01
1.468835549294598422e+03 2.456082510011306508e-01
1.468151628500925653e+03 2.452754434151757368e-01
1.467468440348703098e+03 2.333706733368727526e-01
1.466785862731022235e+03 2.360371306482562659e-01
1.466103895647883064e+03 2.334649620177668417e-01
1.465422661206194107e+03 2.311137923750747614e-01
1.464742037299046842e+03 2.363308403408044545e-01
1.464062146033349791e+03 2.399315214898373461e-01
1.463382865302194432e+03 2.262463101191238557e-01
1.462704317212489286e+03 2.233509372422276817e-01
1.462026379657325606e+03 2.281739730668746191e-01
1.461349052636703846e+03 2.470455214312696768e-01
1.460672336150624005e+03 2.291039790368429585e-01
1.459996474412902444e+03 2.381036106393880081e-01
1.459321101102814282e+03 2.427604836120172693e-01
1.458646460434176106e+03 2.234610380232365523e-01
1.457972430300079850e+03 2.403910942414804464e-01
1.457299132807433807e+03 2.490657701057642226e-01
1.456626445849329230e+03 2.362550140582839187e-01
1.455954369425766572e+03 2.290751293277938916e-01
1.455283025643654128e+03 2.301805179817094649e-01
1.454612292396083376e+03 2.376820519306926116e-01
1.453942169683054317e+03 2.395290086827416010e-01
1.453272657504566951e+03 2.393149385167174514e-01
1.452604000074438090e+03 2.487156494405922125e-01
1.451935831071942630e+03 2.305012945929767187e-01
1.451268272603988862e+03 2.370704559281250901e-01
1.450601446777485307e+03 2.304236206029070810e-01
1.449935231485523445e+03 2.471185536448454179e-01
1.449269626728103503e+03 2.363476705533927025e-01
1.448604754612133547e+03 2.223586154482823374e-01
1.447940493030705284e+03 2.330188166367407332e-01
1.447276719876910420e+03 2.497193912027194651e-01
1.446613801471474062e+03 2.291216489513092647e-01
1.445951371493671104e+03 2.310084244016955557e-01
1.445289796264226652e+03 2.302217394823267982e-01
1.444628587355507079e+03 2.185385813951334633e-01
1.443968111088237720e+03 2.205065603902707227e-01
1.443308367462418573e+03 2.294657983762760367e-01
1.442649112264232599e+03 2.428838563810558626e-01
1.441990589707497065e+03 2.230047775545306588e-01
1.441332677685302997e+03 2.255019179435865107e-01
1.440675376197650849e+03 2.171766242434904348e-01
1.440018563137631872e+03 2.371173997016645107e-01
1.439362726932879923e+03 2.179643607647758219e-01
1.439362604825971630e+03 2.194017464240362869e-01
1.439144155566932113e+03 2.335082261461036424e-01
1.438925584200984076e+03 2.303642622136880813e-01
1.438707257048852853e+03 2.240776780950154701e-01
1.438707134941944560e+03 2.455606875452226445e-01
1.438488807789813336e+03 2.407565500840900818e-01
1.438270602744590633e+03 2.227534671802757493e-01
1.438052519806275996e+03 2.171924939037459257e-01
1.438052397699367702e+03 2.312733299601494319e-01
1.437834314761053292e+03 2.237714961258567559e-01
1.437616353929647175e+03 2.292457732292781103e-01
1.437398393098241058e+03 2.264476005219998311e-01
1.437398270991332538e+03 2.194598088735854324e-01
1.437180188053018128e+03 2.235646272297855119e-01
1.436962471435428597e+03 2.238688303279076086e-01
1.436744876924747587e+03 2.313461172221040474e-01
1.436744754817839294e+03 2.201189036443570723e-01
1.436527038200249763e+03 2.267914959632246208e-01
1.436309321582660459e+03 2.291750980827639284e-01
1.436091849178887742e+03 2.217541090674474968e-01
1.435874376775115024e+03 2.352440480510260001e-01
1.435656904371342307e+03 2.386713925169135220e-01
1.435439554074477883e+03 2.366087983272422979e-01
1.435222325884521752e+03 2.337510614185255575e-01
1.435005097694565848e+03 2.194443164056735229e-01
1.434787869504609716e+03 2.179764469290950968e-01
1.434570885528470399e+03 2.421226858192489229e-01
1.434353779445422788e+03 2.281517643989577071e-01
1.434136795469283470e+03 2.450112848265208199e-01
1.433919933600052445e+03 2.346016042482681196e-01
1.433703193837729714e+03 2.192469126267370394e-01
1.433486454075407210e+03 2.243475434889806164e-01
1.433269714313084478e+03 2.417856464884860501e-01
1.433053218764578560e+03 2.195270581603666338e-01
1.432836601109164349e+03 2.164808180189663755e-01
1.432620105560658430e+03 2.376142079492732373e-01
1.432403732119060805e+03 2.128744012696274501e-01
1.432187480784371701e+03 2.171846276697738942e-01
1.431971229449682369e+03 2.000233575379276874e-01
1.431754978114993264e+03 2.110033399199183479e-01
1.431538848887212225e+03 2.089405347250574696e-01
1.431322841766339707e+03 1.930335382947991618e-01
1.431106834645467188e+03 1.979861290549475572e-01
1.430890949631502963e+03 2.194534453376744410e-01
1.430675186724447258e+03 2.232941776693827540e-01
1.430459301710483032e+03 2.248947416123228960e-01
1.430243538803427327e+03 2.300487626803651986e-01
1.430027775896371395e+03 2.333362562446404664e-01
1.429812379310040569e+03 2.453671169812492170e-01
1.429596860616801450e+03 2.404421444861213619e-01
1.429381464030470852e+03 2.444165244084432753e-01
1.429166189551048319e+03 2.375018539763191772e-01
1.428950792964717493e+03 2.386892516625187255e-01
1.428735518485295188e+03 2.531111237775596767e-01
1.428520366112781176e+03 2.314980975555744891e-01
1.428305335847175456e+03 2.316727751414215941e-01
1.428090305581569737e+03 2.376569285199765513e-01
1.427875275315964018e+03 2.306655894825743458e-01
1.427660367157266592e+03 2.495411459383749808e-01
1.427445703212385979e+03 2.223315997996966331e-01
1.427230795053688553e+03 2.387967973725542703e-01
1.427016131108807940e+03 2.510128974379785549e-01
1.426801589270835620e+03 2.367033804957282550e-01
1.426587047432863301e+03 2.439353957488108460e-01
1.426372505594890981e+03 2.466194830050572329e-01
1.426158085863826955e+03 2.335238379477101722e-01
1.425943788239671449e+03 2.258346485079013866e-01
1.425729490615515715e+03 2.504588016722499311e-01
1.425515315098268502e+03 2.382454550494098322e-01
1.425301139581021289e+03 2.505057608299924854e-01
1.425087086170682369e+03 2.381929904526953190e-01
1.424873032760343449e+03 2.374476460368131481e-01
1.424659101456912822e+03 2.358378028364135071e-01
1.424445048046573902e+03 2.520106215939733052e-01
1.424231483063868382e+03 2.390169462059179017e-01
1.424017673867346275e+03 2.361252969683986791e-01
1.423803986777732462e+03 2.419676144334662327e-01
1.423590421795026941e+03 2.386290748948284024e-01
1.423376856812321421e+03 2.517223277878859466e-01
1.423163413936524194e+03 2.421222139918734473e-01
1.422949848953818673e+03 2.380688111810136398e-01
1.422736772398746552e+03 2.423456793535037623e-01
1.422523451629857846e+03 2.491377838798000122e-01
1.422310252967877432e+03 2.408159511411410159e-01
1.422097054305896791e+03 2.508847873569813869e-01
1.421884099857733190e+03 2.558867432244817386e-01
1.421671023302661069e+03 2.339394145914093226e-01
1.421458068854497242e+03 2.171052880838034993e-01
1.421245114406333414e+03 2.391875630910689499e-01
1.421032404171986400e+03 2.332266817997200314e-01
1.420819693937639386e+03 2.409538526161764393e-01
1.420606983703292372e+03 2.292061757475841455e-01
1.420394517682761943e+03 2.476082459843321204e-01
1.420181807448414929e+03 2.235591767119428086e-01
1.419969463534793022e+03 2.413657468883281254e-01
1.419756997514262594e+03 2.487725175185075410e-01
1.419544775707548979e+03 2.422638357137492371e-01
1.419332431793926844e+03 2.497043849542974758e-01
1.419120209987213229e+03 2.316965410591919627e-01
1.418908110287407908e+03 2.387750848082653976e-01
1.418696132694511107e+03 2.369648651389777705e-01
1.418484155101614078e+03 2.452144320182981507e-01
1.418272177508717050e+03 2.368505629935869772e-01
1.418060199915820249e+03 2.187936195665452221e-01
1.417848588643648327e+03 2.400376225383359374e-01
1.417636733157659819e+03 2.352175537037737574e-01
1.417424999778579377e+03 2.326949483670369967e-01
1.417213510613315975e+03 2.399167838396736863e-01
1.417002021448052346e+03 2.524954181336263037e-01
1.416790532282788945e+03 2.456136806143277562e-01
1.416579043117525316e+03 2.452324503860134897e-01
1.416367798166078501e+03 2.441073728154680711e-01
1.416156553214631685e+03 2.587001291321606722e-01
1.415945308263184870e+03 2.462842414752190734e-01
1.415734185418646348e+03 2.408283276300007825e-01
1.415523062574107826e+03 2.273707961143546230e-01
1.415312183943385890e+03 2.536063666240080394e-01
1.415101183205755888e+03 2.355523682479138958e-01
1.414890304575034179e+03 2.525821145406991208e-01
1.414679425944312243e+03 2.505550754999347207e-01
1.414468791527407120e+03 2.362305887834082185e-01
1.414258157110501998e+03 2.429373007690996678e-01
1.414047522693597102e+03 2.497786411442761700e-01
1.413837010383600273e+03 2.506367851482110831e-01
1.413626620180511964e+03 2.349101890863179165e-01
1.413416107870515134e+03 2.408406726526460540e-01
1.413205595560518304e+03 2.397704687997649631e-01
1.412995571678155102e+03 2.495868477288635257e-01
1.412785303581975086e+03 2.446741058797941570e-01
1.412575157592703363e+03 2.343316592318224201e-01
1.412365011603431640e+03 2.225060121960575898e-01
1.412155109827976730e+03 2.450279403209821294e-01
1.411945208052521593e+03 2.590123998586738585e-01
1.411735306277066684e+03 2.493877482646199850e-01
1.411525404501611774e+03 2.360758270907168943e-01
1.411315746939973451e+03 2.426776878219157607e-01
1.411106089378335128e+03 2.491043081256019420e-01
1.410896431816696804e+03 2.401738648626040862e-01
1.410686774255058708e+03 2.390963269618186782e-01
1.410477360907236971e+03 2.489942628450332041e-01
1.410267947559415461e+03 2.310896769829387520e-01
1.410058656318502244e+03 2.541792611144991221e-01
1.409849242970680734e+03 2.472912293794384819e-01
1.409640195943584104e+03 2.424371013902240080e-01
1.409430904702670887e+03 2.421237594384013370e-01
1.409221857675574256e+03 2.336442874592783436e-01
1.409012810648477853e+03 2.534193329914197212e-01
1.408803885728289742e+03 2.507610888268500537e-01
1.408594960808101405e+03 2.469356490656149372e-01
1.408386157994821588e+03 2.443515109975636923e-01
1.408177355181541770e+03 2.266531254000466733e-01
1.407968674475170246e+03 2.256412371228408986e-01
1.407759993768798950e+03 2.276492234853315366e-01
1.407551435169335718e+03 2.221981622346535235e-01
1.407342876569872715e+03 2.469389614863246041e-01
1.407134440077317777e+03 2.389138500904847140e-01
1.406926125691671359e+03 2.546127279736603577e-01
1.406717811306024942e+03 2.389263807814181462e-01
1.406509496920378524e+03 2.424619965829128143e-01
1.406301304641640399e+03 2.380790025082422379e-01
1.406093356576719088e+03 2.419991934834745118e-01
1.405885164297980964e+03 2.513820942691972760e-01
1.405677216233059653e+03 2.386647963720560095e-01
1.405469268168138342e+03 2.503863004111078761e-01
1.405261442210125324e+03 2.534240920153676968e-01
1.405053616252112306e+03 2.483249164432357881e-01
1.404845912401007581e+03 2.277155091563239364e-01
1.404638208549902856e+03 2.390359430402713425e-01
1.404430748912614945e+03 2.271253962956741035e-01
1.404223167168418513e+03 2.369473041733358987e-01
1.404015585424222309e+03 2.438614460456891009e-01
1.403808247893842690e+03 2.431872040697088122e-01
1.403600910363463072e+03 2.551237414303715867e-01
1.403393694939991747e+03 2.545842964032111744e-01
1.403186357409612128e+03 2.492117307996944142e-01
1.402979264093049323e+03 2.356657796166408692e-01
1.402772292883394812e+03 2.561503036829927971e-01
1.402565199566831780e+03 2.571420419735267471e-01
1.402358228357177268e+03 2.473597593247988113e-01
1.402151257147522756e+03 2.390696785947772074e-01
1.401944530151684830e+03 2.345832918023784686e-01
1.401737803155846905e+03 2.392490562575287083e-01
1.401531076160008979e+03 2.638329474376318595e-01
1.401324349164171281e+03 2.404828582299520512e-01
1.401117744275241648e+03 2.347222984252770595e-01
1.400911261493220536e+03 2.319702589515088287e-01
1.400704900818107717e+03 2.345726277290544892e-01
1.400498540142994898e+03 2.499200186324075645e-01
1.400292179467882079e+03 2.465741763498605077e-01
1.400085940899677553e+03 2.398750115104334169e-01
1.399879824438381547e+03 2.280114631389808244e-01
1.399673585870177021e+03 2.408956774324058914e-01
1.399467591515789309e+03 2.336851923404730247e-01
1.399261597161401596e+03 2.446764550796543536e-01
1.399055724913922177e+03 2.324916863404388467e-01
1.398849730559534464e+03 2.410119529157246365e-01
1.398643980418963338e+03 2.358253667085494498e-01
1.398438352385300504e+03 2.518828103530396656e-01
1.398232480137821312e+03 2.489722340568411574e-01
1.398026974211066772e+03 2.363836688871387981e-01
1.397821346177404166e+03 2.405373612873138445e-01
1.397615840250649853e+03 2.422642914712325457e-01
1.397410578537712126e+03 2.410924418624650345e-01
1.397205194717866107e+03 2.456080440512322383e-01
1.396999810898020087e+03 2.493670522741009143e-01
1.396794427078174067e+03 2.300006119306121366e-01
1.396589531685961447e+03 2.286673335398259066e-01
1.396384392079932240e+03 2.482919954002233975e-01
1.396179252473902807e+03 2.387037894505854296e-01
1.395974357081690187e+03 2.330976983812213521e-01
1.395769461689477794e+03 2.499053949927940999e-01
1.395564566297265173e+03 2.299705760678867617e-01
1.395359793011960846e+03 2.511596162696222434e-01
1.395155019726656519e+03 2.329814912603211663e-01
1.394950368548260712e+03 2.563682465230068819e-01
1.394745839476773199e+03 2.586414901495066587e-01
1.394541310405285685e+03 2.369288057496960753e-01
1.394336781333797944e+03 2.301266090393060681e-01
1.394132252262310431e+03 2.409623905083132511e-01
1.393928089511548023e+03 2.391622546772263769e-01
1.393723804653877096e+03 2.385296837505489209e-01
1.393519519796206396e+03 2.595062136398880726e-01
1.393315357045443761e+03 2.431484617945787741e-01
1.393111316401589647e+03 2.403331967342709763e-01
1.392907275757735533e+03 2.419190842191336066e-01
1.392703357220789712e+03 2.497329183498587513e-01
1.392499438683843891e+03 2.395887809600669993e-01
1.392295520146898070e+03 2.446128946976761087e-01
1.392091845823769063e+03 2.551903455002339505e-01
1.391888049393731535e+03 2.494263365771593188e-01
1.391684375070602528e+03 2.363452441684378846e-01
1.391480700747473293e+03 2.393747059035719604e-01
1.391277392745069392e+03 2.511341524013763205e-01
1.391073840528848677e+03 2.446018658301564452e-01
1.390870410419536256e+03 2.329546242511797705e-01
1.390667102417132128e+03 2.600815733927492879e-01
1.390463794414728227e+03 2.504333327427036848e-01
1.390260608519232392e+03 2.374904921745746578e-01
1.390057422623736784e+03 2.409459784778610059e-01
1.389854358835149469e+03 2.431575467914722233e-01
1.389651295046562154e+03 2.339374520498013754e-01
1.389448475471791426e+03 2.458518290445124432e-01
1.389245533790112404e+03 2.584571480390122633e-01
1.389042592108433382e+03 2.488098204306337380e-01
1.388839772533662881e+03 2.406580772822520253e-01
1.388637075065800445e+03 2.353226125548181225e-01
1.388434499704846530e+03 2.403196134318483779e-01
1.388231924343892615e+03 2.575691375191952459e-01
1.388029348982938700e+03 2.377556655191496726e-01
1.387826895728893078e+03 2.442601502161211302e-01
1.387624564581755976e+03 2.431133076545233529e-01
1.387422111327710354e+03 2.416010019274959508e-01
1.387219902287481318e+03 2.394557720612302820e-01
1.387017693247252510e+03 2.398111531232476334e-01
1.386815484207023701e+03 2.325490140661362892e-01
1.386613397273703185e+03 2.322882314445899599e-01
1.386411432447290963e+03 2.331127015113725887e-01
1.386209345513970447e+03 2.403829998219698671e-01
1.386007502794466518e+03 2.394419328943531711e-01
1.385805660074962816e+03 2.612177251522003196e-01
1.385603939462367180e+03 2.374004363197326495e-01
1.385402218849771771e+03 2.435394020493914236e-01
1.385200498237176362e+03 2.484580374287994331e-01
1.384998899731489246e+03 2.522040002066828768e-01
1.384797301225801903e+03 2.388900983075261386e-01
1.384595946933931600e+03 2.503017327311951590e-01
1.384394470535152777e+03 2.291785783227332784e-01
1.384193116243282475e+03 2.365278071541883631e-01
1.383991761951411945e+03 2.464214435390201519e-01
1.383790651873358229e+03 2.362435057201758559e-01
1.383589419688396219e+03 2.402050063624262544e-01
1.383388309610342503e+03 2.328779882600464091e-01
1.383187199532288787e+03 2.411059686637070654e-01
1.382986333668051657e+03 2.473932655602936181e-01
1.382785467803814527e+03 2.460236965655227537e-01
1.382584479832669331e+03 2.373369828432325135e-01
1.382383736075340494e+03 2.455393890669766155e-01
1.382182992318011884e+03 2.453935570622936269e-01
1.381982370667591567e+03 2.444099936794751071e-01
1.381781749017171251e+03 2.395049827630159056e-01
1.381581127366750934e+03 2.474151325559314774e-01
1.381380627823238910e+03 2.452573073059791386e-01
1.381180128279726887e+03 2.340934813308939433e-01
1.380979872950031677e+03 2.479148625086982083e-01
1.380779617620336467e+03 2.502389561592551215e-01
1.380579362290641257e+03 2.418069847495687708e-01
1.380379106960945819e+03 2.493059997709577147e-01
1.380178973738158902e+03 2.523268941215330297e-01
1.379978962622280505e+03 2.412017804140120236e-01
1.379778951506401881e+03 2.539860072185061157e-01
1.379578940390523258e+03 2.523841609977202083e-01
1.379379051381552927e+03 2.457617258342656708e-01
1.379179406586399409e+03 2.437540369463386258e-01
1.378979639684337599e+03 2.322922341442669458e-01
1.378779872782275788e+03 2.541488533006282524e-01
1.378580227987122271e+03 2.446313366172160053e-01
1.378380583191968753e+03 2.475781334334282158e-01
1.378181060503723529e+03 2.353817514687605861e-01
1.377981659922386825e+03 2.448713033092831115e-01
1.377782259341049894e+03 2.543289912519793861e-01
1.377582980866621483e+03 2.297376264768543619e-01
1.377383702392193072e+03 2.464206436240753417e-01
1.377184546024672954e+03 2.411479039611188757e-01
1.376985389657152837e+03 2.524961650539059299e-01
1.376786233289632719e+03 2.518223027604072906e-01
1.376587199029020894e+03 2.407568393828493636e-01
1.376388164768409069e+03 2.463437880387892298e-01
1.376189374721614058e+03 2.459712942287028969e-01
1.375990462567910754e+03 2.476914455347469235e-01
1.375791672521115515e+03 2.478597707335541134e-01
1.375592882474320504e+03 2.514257264983588702e-01
1.375394214534433786e+03 2.344281608575901621e-01
1.375195790808363881e+03 2.512431885657909203e-01
1.374997244975385456e+03 2.522203860489916627e-01
1.374798699142407031e+03 2.337740338648053307e-01
1.374600275416337126e+03 2.486539426270013287e-01
1.374401851690266994e+03 2.444571471540538388e-01
1.374203672178013676e+03 2.597414107830763874e-01
1.374005370558852064e+03 2.359140101861967043e-01
1.373807191046598746e+03 2.579074337949840978e-01
1.373609011534345427e+03 2.545483985640468183e-01
1.373410954129000402e+03 2.507438343520395629e-01
1.373213018830563897e+03 2.501651902256307736e-01
1.373014961425218871e+03 2.373192486429905601e-01
1.372817148233690659e+03 2.541713525375429716e-01
1.372619335042162447e+03 2.401489239418891919e-01
1.372421521850634235e+03 2.626263282045921965e-01
1.372223952872922609e+03 2.490673821867716298e-01
1.372026261788302691e+03 2.450565897630241352e-01
1.371828692810591065e+03 2.453614008326296669e-01
1.371631001725971146e+03 2.452672022440817723e-01
1.371433676962076333e+03 2.237294341069069881e-01
1.371236352198181521e+03 2.392889599561106861e-01
1.371039027434286709e+03 2.457180518164329974e-01
1.370841702670391896e+03 2.367947969070366143e-01
1.370644377906496857e+03 2.605922110185742158e-01
1.370447175249510565e+03 2.540896334917513433e-01
1.370250216806340632e+03 2.447534945357461578e-01
1.370053136256262405e+03 2.561733456102634476e-01
1.369856177813092700e+03 2.353750991931234937e-01
1.369659219369922994e+03 2.328739216365178777e-01
1.369462383033661354e+03 2.469920856280531374e-01
1.369265668804308461e+03 2.487603502578323855e-01
1.369068710361138528e+03 2.453325041452370237e-01
1.368872118238693702e+03 2.464147917210623984e-01
1.368675526116249102e+03 2.506963191359475873e-01
1.368478933993804276e+03 2.602073029233638035e-01
1.368282463978267970e+03 2.445149296733332145e-01
1.368085993962731436e+03 2.687575433162965322e-01
1.367889523947195130e+03 2.420088099316008434e-01
1.367693298145475410e+03 2.435538544644532122e-01
1.367496950236847397e+03 2.529164970024200820e-01
1.367300724435127677e+03 2.415276196267572284e-01
1.367104742847224770e+03 2.322588527681752335e-01
1.366908517045505050e+03 2.416579302140346996e-01
1.366712535457601916e+03 2.430850658871411274e-01
1.366516431762790717e+03 2.457995469185284276e-01
1.366320572281795876e+03 2.368334849761010164e-01
1.366124834907709783e+03 2.614876757233871030e-01
1.365928975426714942e+03 2.385609232100181776e-01
1.365733238052628849e+03 2.276303989003636841e-01
1.365537500678542528e+03 2.455958654235593508e-01
1.365341885411364501e+03 2.370536401273099503e-01
1.365146514358003287e+03 2.369443713714124711e-01
1.364950899090825260e+03 2.379942705432359085e-01
1.364755528037464046e+03 2.511769575250987763e-01
1.364560034877194539e+03 2.437285087408544992e-01
1.364364785930741618e+03 2.606798935233639036e-01
1.364169536984288698e+03 2.495434526408529530e-01
1.363974288037835777e+03 2.515643358647550731e-01
1.363779161198291376e+03 2.400228655058536109e-01
1.363584034358746749e+03 2.289034938103274019e-01
1.363389029626110641e+03 2.540588976841276492e-01
1.363194024893474307e+03 2.402682742594574872e-01
1.362999142267746493e+03 2.520095336588012991e-01
1.362804381748926971e+03 2.600294123154230364e-01
1.362609377016290864e+03 2.464155751981990383e-01
1.362414738604379636e+03 2.404748143772625080e-01
1.362220100192468635e+03 2.548644558529080673e-01
1.362025583887465700e+03 2.335910380411504728e-01
1.361830945475554699e+03 2.327949279518935211e-01
1.361636429170551764e+03 2.364467286721282091e-01
1.361441912865549057e+03 2.399378922054242746e-01
1.361247518667454642e+03 2.375281704539335403e-01
1.361053246576268521e+03 2.494025101102566866e-01
1.360859096591990919e+03 2.474284338585504839e-01
1.360664824500804798e+03 2.535002253279975415e-01
1.360470674516526969e+03 2.455294250814007706e-01
1.360276524532249368e+03 2.586492856583063604e-01
1.360082374547971540e+03 2.362277923886964559e-01
1.359888590884418818e+03 2.415188365669141690e-01
1.359694685113957803e+03 2.467436158381640099e-01
1.359500779343496788e+03 2.490807100686337761e-01
1.359306995679944066e+03 2.571398279210735938e-01
1.359113212016391344e+03 2.461520973727767680e-01
1.358919550459747143e+03 2.388617546697874017e-01
1.358726011010011007e+03 2.480796963678704725e-01
1.358532349453366805e+03 2.368829590093079196e-01
1.358338810003630897e+03 2.448022437656684758e-01
1.358145392660803282e+03 2.564153351082284482e-01
1.357951975317975439e+03 2.391368266060996672e-01
1.357758680082056344e+03 2.444843173039450424e-01
1.357565384846137022e+03 2.440595756653979320e-01
1.357372211717125992e+03 2.290366068147290102e-01
1.357179038588115191e+03 2.597530478498110140e-01
1.356985865459104161e+03 2.530420211111165107e-01
1.356792814437001653e+03 2.553289547923354164e-01
1.356599885521807437e+03 2.613890825445557842e-01
1.356406956606613221e+03 2.556877612840943170e-01
1.356214149798327298e+03 2.446001269450122639e-01
1.356021220883133083e+03 2.466426266855567817e-01
1.355828536181755453e+03 2.502902248526912010e-01
1.355635729373469758e+03 2.524684492165577554e-01
1.355443288885908942e+03 2.541497167395332379e-01
1.355250604184531312e+03 2.482124272114055452e-01
1.355058041590062203e+03 2.495177042225656672e-01
1.354865601102501387e+03 2.595221169929826099e-01
1.354673160614940571e+03 2.478805222507118045e-01
1.354480964341196341e+03 2.456894010131903394e-01
1.354288645960543818e+03 2.519286482225249757e-01
1.354096327579891522e+03 2.294440515840105999e-01
1.353904131306147292e+03 2.531151406537986981e-01
1.353711935032403289e+03 2.557194997317595031e-01
1.353519860865567352e+03 2.545681607548757053e-01
1.353328030912548456e+03 2.457889835827962166e-01
1.353136078852621040e+03 2.357872699146456308e-01
1.352944126792693623e+03 2.419509965007700103e-01
1.352752296839674500e+03 2.606044576557633441e-01
1.352560466886655377e+03 2.344515079616671660e-01
1.352368759040544774e+03 2.367445887063622523e-01
1.352177173301342236e+03 2.540971618358691675e-01
1.351985587562139926e+03 2.632158997318664317e-01
1.351794001822937616e+03 2.489917907221716464e-01
1.351602416083735307e+03 2.480322255133237674e-01
1.351410952451441290e+03 2.418652540903824810e-01
1.351219488819147273e+03 2.372078456175070738e-01
1.351028391507578135e+03 2.504408356512818346e-01
1.350837049982192639e+03 2.475956318670811673e-01
1.350645830563715208e+03 2.557813129496704918e-01
1.350454733252146298e+03 2.547615453882652869e-01
1.350263635940577387e+03 2.281928128034570735e-01
1.350072538629008250e+03 2.426804642111574373e-01
1.349881685531256153e+03 2.472804496217390902e-01
1.349690710326595536e+03 2.518113020773554700e-01
1.349499857228843211e+03 2.453901538512477387e-01
1.349309004131090887e+03 2.554272954426345943e-01
1.349118273140247084e+03 2.505994425395982605e-01
1.348927542149403052e+03 2.431544350358484652e-01
1.348736933265467542e+03 2.417310185607398909e-01
1.348546446488440324e+03 2.394365179756211270e-01
1.348355837604504813e+03 2.398139140172861339e-01
1.348165350827477596e+03 2.427700130406765799e-01
1.347974986157358671e+03 2.281284095921262411e-01
1.347784621487239747e+03 2.431122350829193479e-01
1.347594378924029343e+03 2.466975076439151537e-01
1.347404014253910418e+03 2.465258604865928904e-01
1.347213893797608307e+03 2.528459007782100643e-01
1.347023773341306196e+03 2.472193754438710978e-01
1.346833652885004085e+03 2.406485646143564083e-01
1.346643654535610267e+03 2.450717002125884503e-01
1.346453778293124742e+03 2.491755714001432920e-01
1.346263902050639217e+03 2.642633063039824814e-01
1.346074025808153920e+03 2.394476617970936472e-01
1.345884271672576688e+03 2.558019911722109185e-01
1.345694517536999683e+03 2.411346318173447634e-01
1.345504763401422451e+03 2.412342810777965973e-01
1.345315253479662033e+03 2.400196471956137778e-01
1.345125621450993322e+03 2.314344210627987120e-01
1.344936111529232903e+03 2.566291606291085658e-01
1.344746723714380778e+03 2.584589139280881742e-01
1.344557213792620360e+03 2.627731172905726220e-01
1.344367948084676755e+03 2.296910171308775284e-01
1.344178560269824629e+03 2.551714840790959005e-01
1.343989538775697611e+03 2.458542838575235312e-01
1.343800273067754006e+03 2.462978783046388953e-01
1.343611129466718694e+03 2.454520084271470948e-01
1.343422107972591675e+03 2.507522175328873448e-01
1.343233086478464656e+03 2.498850263638214553e-01
1.343044187091245931e+03 2.314729393739486940e-01
1.342855287704027432e+03 2.404126842348179305e-01
1.342666510423717000e+03 2.533314893049427585e-01
1.342477611036498502e+03 2.444121508613149307e-01
1.342288955863096362e+03 2.482131201152270594e-01
1.342100300689694450e+03 2.379599341286648684e-01
1.341911645516292538e+03 2.587896338485012326e-01
1.341723112449798919e+03 2.364796652322887771e-01
1.341534701490213820e+03 2.401894709276936324e-01
1.341346290530628494e+03 2.374463726417102571e-01
1.341157879571043168e+03 2.483118939780484535e-01
1.340969468611458069e+03 2.458889721466334111e-01
1.340781179758781036e+03 2.526642056907118516e-01
1.340593013013012524e+03 2.484639081170554875e-01
1.340404846267244011e+03 2.455965236819555308e-01
1.340216801628383791e+03 2.534350946674105431e-01
1.340028756989523572e+03 2.523247065344695339e-01
1.339840712350663352e+03 2.561480574760971463e-01
1.339652789818711653e+03 2.500728326418858449e-01
1.339464867286759727e+03 2.424158770214588643e-01
1.339276944754807801e+03 2.455214281764478701e-01
1.339089266436672688e+03 2.489008413126970187e-01
1.338901588118537575e+03 2.454413057910816431e-01
1.338713787693494169e+03 2.461953470132969002e-01
1.338526231482267349e+03 2.453261824474425590e-01
1.338338675271040529e+03 2.442703266057663636e-01
1.322414224925382314e+03 2.435641420141265445e-01
1.322231430883581197e+03 2.506792903123267191e-01
1.322048636841780080e+03 2.629070265397416839e-01
1.321865842799978964e+03 2.588317879516861542e-01
1.321683292971994661e+03 2.373013770153489244e-01
1.304925829297567589e+03 2.385905086857616209e-01
1.304748041639008761e+03 2.673184455960501693e-01
1.304570376087358454e+03 2.660560378137252768e-01
1.304392710535708147e+03 2.479651747981990728e-01
1.304215044984057613e+03 2.577424865503153417e-01
1.287054628512073123e+03 2.574906848795792680e-01
1.286882091450573398e+03 2.398236470349819627e-01
1.286709432282165380e+03 2.493145558649327576e-01
1.286536895220665656e+03 2.470026798574070370e-01
1.286364358159166159e+03 2.519874522924829274e-01
1.286191943204574727e+03 2.368086380162736648e-01
1.286019528249983523e+03 2.476239803372732307e-01
1.285847113295392091e+03 2.454365589426898420e-01
1.285674820447709180e+03 2.553923603722140223e-01
1.285502527600026269e+03 2.595447048197006557e-01
1.285330478966159944e+03 2.480086685264543123e-01
1.285158308225385554e+03 2.556508263065410125e-01
1.284986137484610936e+03 2.551292494510199460e-01
1.284814088850744611e+03 2.499372667210793542e-01
1.284642040216878286e+03 2.493078359290901713e-01
1.284470113689920481e+03 2.497946518753709488e-01
1.284298187162962677e+03 2.564033830124846647e-01
1.284126260636004645e+03 2.500444911788165525e-01
1.283954456215955133e+03 2.510295903870555789e-01
1.283782651795905622e+03 2.584402595394532098e-01
1.283610969482764403e+03 2.567911295601327248e-01
1.283439287169623185e+03 2.620939213752029318e-01
1.283267604856481967e+03 2.789567267316830912e-01
1.283096044650249269e+03 2.530439710856396962e-01
1.282924484444016343e+03 2.643527403796758768e-01
1.282753168451600231e+03 2.774325790604563191e-01
1.282581730352275827e+03 2.691066348330744540e-01
1.282410292252951194e+03 2.610280934818186016e-01
1.282238976260535082e+03 2.439622984925293447e-01
1.282067782375027264e+03 2.538682759277717804e-01
1.281896466382611152e+03 2.606815987005182134e-01
1.281725272497103333e+03 2.382588065359098062e-01
1.281554078611595514e+03 2.473240118400496235e-01
1.281383006832996216e+03 2.587053453736355424e-01
1.281211935054396690e+03 2.521784291174466452e-01
1.281040863275797392e+03 2.534010589773904032e-01
1.280870035711014452e+03 2.516822594343708364e-01
1.280699086039323447e+03 2.602928033249014561e-01
1.280528136367632442e+03 2.652733399292516725e-01
1.280357430909758023e+03 2.558484127895837013e-01
1.280186603344975310e+03 2.561663669636243257e-01
1.280016019994009184e+03 2.639723647818903451e-01
1.279845314536134765e+03 2.539995335166971291e-01
1.279674731185168866e+03 2.417038962052277529e-01
1.279504147834202740e+03 2.662824739525708750e-01
1.279333686590145135e+03 2.490293206007006543e-01
1.279163103239179009e+03 2.449251465634411651e-01
1.278992764102029696e+03 2.482367936765627614e-01
1.278822302857972090e+03 2.504346059878638786e-01
1.278652085827731071e+03 2.680004613045922635e-01
1.278481746690581758e+03 2.487085581672094370e-01
1.278311529660340739e+03 2.459858899155703826e-01
1.278141312630099719e+03 2.645855398924823465e-01
1.277971217706767220e+03 2.584694645655851164e-01
1.277801122783434494e+03 2.666195666366431571e-01
1.277631027860101767e+03 2.595288265595532828e-01
1.277461055043677561e+03 2.370778535156707889e-01
1.277291082227253355e+03 2.392975510820517238e-01
1.277121353624645735e+03 2.331774067134229911e-01
1.276951502915129822e+03 2.506372978693270914e-01
1.276781652205613909e+03 2.529572116941356530e-01
1.276611923603006289e+03 2.434977803460853796e-01
1.276442317107306962e+03 2.681389144203970565e-01
1.276272588504699570e+03 2.443173101681366255e-01
1.276102982009000243e+03 2.475791692982658443e-01
1.275933375513301144e+03 2.520481122069235247e-01
1.275763891124510110e+03 2.555643184410458235e-01
1.275594406735719303e+03 2.415798190032516779e-01
1.275424922346928497e+03 2.511158566572471718e-01
1.275255682171954277e+03 2.628527815835577930e-01
1.275086197783163243e+03 2.486550284219486429e-01
1.274916957608189250e+03 2.510345699559924926e-01
1.274747717433215030e+03 2.748752540382801701e-01
1.274578599365149103e+03 2.505920930723001261e-01
1.274409359190175110e+03 2.400449366947030039e-01
1.274240363229017476e+03 2.480443351126034590e-01
1.274071367267860069e+03 2.462062609397522583e-01
1.273902371306702662e+03 2.409452938163400837e-01
1.273733497452453548e+03 2.512560137671360772e-01
1.273564623598204435e+03 2.524094148436490381e-01
1.273395871850863614e+03 2.477550287108093718e-01
1.273395749743955093e+03 2.407274541111617816e-01
1.273226997996614500e+03 2.547281466062563116e-01
1.273226875889705980e+03 2.535570192770971176e-01
1.273058368356181973e+03 2.523366690544240898e-01
1.273058246249273679e+03 2.535074610154073316e-01
1.272889616608841152e+03 2.440445136391954373e-01
1.272889494501932859e+03 2.487263104821899329e-01
1.272720864861500559e+03 2.732393019628449049e-01
1.272720742754592038e+03 2.521749983703215903e-01
1.272552113114159738e+03 2.568317669098283962e-01
1.272383605580635731e+03 2.522159617462720327e-01
1.272215098047111496e+03 2.534270034891423773e-01
1.272046590513587489e+03 2.369945149506971771e-01
1.271878205086971775e+03 2.496856559677579079e-01
1.271709819660356061e+03 2.483885252066774518e-01
1.271541434233740347e+03 2.413028725450050149e-01
1.271373170914032926e+03 2.600673985872465344e-01
1.271204907594325505e+03 2.601986267777143258e-01
1.271036766381526604e+03 2.637939615913078573e-01
1.270868625168727476e+03 2.357279131582428744e-01
1.270700483955928576e+03 2.580477223227313210e-01
1.270532586956946261e+03 2.488928707287313691e-01
1.270364567851055654e+03 2.563289864846671762e-01
1.270196548745164819e+03 2.543800188130078688e-01
1.270028651746182504e+03 2.522162528112661950e-01
1.269860876854108483e+03 2.536968248476220711e-01
1.269692979855126168e+03 2.577715619684727844e-01
1.269525204963052374e+03 2.536160535299409324e-01
1.269357552177886646e+03 2.644579955982228614e-01
1.269189899392721145e+03 2.444583554869755038e-01
1.269022246607555417e+03 2.605844521175260109e-01
1.268854593822389916e+03 2.622417440261165522e-01
1.268687185251041001e+03 2.624923989244495326e-01
1.268519654572783566e+03 2.563885318248157463e-01
1.268352123894526358e+03 2.708133890780499153e-01
1.268184837430085736e+03 2.642005392736924696e-01
1.268017428858736821e+03 2.570862639200082178e-01
1.267850142394296427e+03 2.532212046404356265e-01
1.267682855929855805e+03 2.624283748158129370e-01
1.267515813679231997e+03 2.551045742500813729e-01
1.267348527214791375e+03 2.524845716650991334e-01
1.267181362857259273e+03 2.419192616341279134e-01
1.267014320606635238e+03 2.454909315010880000e-01
1.266847278356011429e+03 2.597423551041282419e-01
1.266680358212295914e+03 2.528377885787744250e-01
1.266513560175488692e+03 2.615046778117542381e-01
1.266346640031773177e+03 2.582498850117589395e-01
1.266179841994966182e+03 2.475197458473216705e-01
1.266013043958158960e+03 2.473774710185987769e-01
1.265846245921351738e+03 2.538056504972326932e-01
1.265679569991453036e+03 2.643245355364197136e-01
1.265512894061554107e+03 2.470647589868453786e-01
1.265346462345471991e+03 2.527966076792247385e-01
1.265179786415573290e+03 2.517862733356558969e-01
1.265013232592582881e+03 2.368654533373074078e-01
1.264846800876500765e+03 2.552980937597904565e-01
1.264680369160418650e+03 2.664725753776432393e-01
1.264514059551244827e+03 2.377051979646672419e-01
1.264347749942071005e+03 2.473700208416675927e-01
1.264181440332897182e+03 2.618223997947082271e-01
1.264015252830631880e+03 2.573435786561176220e-01
1.263849065328366578e+03 2.539595810515472563e-01
1.263682877826101048e+03 2.439969691053936462e-01
1.263516812430744039e+03 2.454866545372117181e-01
1.263350747035387030e+03 2.475885390121687624e-01
1.263184803746938314e+03 2.388484502300213530e-01
1.263018738351581305e+03 2.502352854509622415e-01
1.262852917170040882e+03 2.485697830602991154e-01
1.262686973881592166e+03 2.446922829144805023e-01
1.262521152700051744e+03 2.546434627093639436e-01
1.262355453625419841e+03 2.515048127940527345e-01
1.262189754550787711e+03 2.532993472430488668e-01
1.262024055476155809e+03 2.551712885808882780e-01
1.261858356401523679e+03 2.507946585489825853e-01
1.261692901540708590e+03 2.512798793902638606e-01
1.261527446679893274e+03 2.460788649407379125e-01
1.261361869712169437e+03 2.502202217338413415e-01
1.261196414851354120e+03 2.444449846720958552e-01
1.261031082097447324e+03 2.413455720997396414e-01
1.260865749343540301e+03 2.498206005620099146e-01
1.260700416589633278e+03 2.556908852817202371e-01
1.260535083835726482e+03 2.529026056495639607e-01
1.260369873188727752e+03 2.545383669900936341e-01
1.260204784648637542e+03 2.517257857367768970e-01
1.260039574001639039e+03 2.471597026090316951e-01
1.259874607568457122e+03 2.499082029236061875e-01
1.259709519028366913e+03 2.454079382352579164e-01
1.259544552595184996e+03 2.561086169186848616e-01
