# Wavelength, Reflectance
1.644383326895273512e+03 2.986295387054549999e-01
1.643517238028086012e+03 2.985490006010068087e-01
1.642652003653086012e+03 2.851015134042532151e-01
1.641787745840586012e+03 2.960631462748267162e-01
1.640924342520273512e+03 2.969728970271987012e-01
1.640062037832773512e+03 2.932064918356384053e-01
1.639200587637461012e+03 2.927654917847645200e-01
1.638340114004648512e+03 3.061301032561909996e-01
1.637480494864023512e+03 2.947668808042896993e-01
1.636621974356211012e+03 2.983238373728064330e-01
1.635764308340586012e+03 2.968532485622664696e-01
1.634907618887461012e+03 2.996965248076746136e-01
1.634051905996836012e+03 3.023507262007195107e-01
1.633197047598398512e+03 2.929431620844631934e-01
1.632343165762461012e+03 3.026341657254172923e-01
1.631490138418711012e+03 2.986309821913214479e-01
1.630638087637461012e+03 2.882405967524987456e-01
1.629787013418711012e+03 2.880613493799049629e-01
1.628936793692148512e+03 2.855374556836167699e-01
1.628087550528086012e+03 2.908817543137870998e-01
1.627239161856211012e+03 2.900088844495684604e-01
1.626391749746836012e+03 2.995702521444504884e-01
1.625545314199961012e+03 2.937738734267123508e-01
1.624699855215586012e+03 2.839746027917304239e-01
1.623855128653086012e+03 2.896571610134937580e-01
1.623011500723398512e+03 2.963434614541305967e-01
1.622168605215586012e+03 2.853191937382663079e-01
1.621326808340586012e+03 2.830153942875263673e-01
1.620485743887461012e+03 2.912335698270098194e-01
1.619645778067148512e+03 2.933584680041982362e-01
1.618806544668711012e+03 2.923254026063791255e-01
1.617968287832773512e+03 2.861960123679662682e-01
1.617130885489023512e+03 2.829173275140076105e-01
1.616294459707773512e+03 2.841119538220099328e-01
1.615458888418711012e+03 2.869809547365380631e-01
1.614624293692148512e+03 2.865788835204060025e-01
1.613790675528086012e+03 2.840388177526488311e-01
1.612957789785898512e+03 2.833356276397731022e-01
1.612125880606211012e+03 2.884498836545967837e-01
1.611294825918711012e+03 2.844832952225949674e-01
1.610464747793711012e+03 2.840741763766080896e-01
1.609635524160898512e+03 2.854851021755719365e-01
1.608807155020273512e+03 2.818929739988751404e-01
1.607979762442148512e+03 2.795816546575363160e-01
1.607153102285898512e+03 2.852705070383236841e-01
1.606327418692148512e+03 2.878352570286454859e-01
1.605502711660898512e+03 2.875461299389984182e-01
1.604678859121836012e+03 2.758804547301468846e-01
1.603855739004648512e+03 2.794549666958754952e-01
1.603033595449961012e+03 2.838796402079508674e-01
1.602212428457773512e+03 2.836822249034168242e-01
1.601391993887461012e+03 2.798595958163833108e-01
1.600572535879648512e+03 2.793877911881517129e-01
1.599753932364023512e+03 2.814532143290572330e-01
1.598936183340586012e+03 2.825382997976827459e-01
1.598119288809336012e+03 2.851091423649504963e-01
1.597303126699961012e+03 2.865227797688759681e-01
1.596488307364023512e+03 2.845110161424643791e-01
1.595673976309336012e+03 2.801075130719126172e-01
1.594860499746836012e+03 2.815628706539952120e-01
1.594048121817148512e+03 2.856982216632043547e-01
1.593236354239023512e+03 2.764054054844911068e-01
1.592425563223398512e+03 2.860551561917639152e-01
1.591615748770273512e+03 2.794591682483332229e-01
1.590806666739023512e+03 2.796396281955549346e-01
1.589998561270273512e+03 2.804721205463476252e-01
1.589191066153086012e+03 2.811757333538711934e-01
1.588384425528086012e+03 2.812156375648840467e-01
1.587579005606211012e+03 2.774909009055953613e-01
1.586774196035898512e+03 2.816290503061393280e-01
1.585970240957773512e+03 2.810598756435563339e-01
1.585167262442148512e+03 2.808136644710829133e-01
1.584365016348398512e+03 2.807171273158383107e-01
1.583563624746836012e+03 2.871167549559653920e-01
1.582763209707773512e+03 2.814614767502549020e-01
1.581963527090586012e+03 2.843325223346940267e-01
1.581164821035898512e+03 2.790631035475659716e-01
1.580366725332773512e+03 2.820812521768107928e-01
1.579569484121836012e+03 2.826394170114151505e-01
1.578773341543711012e+03 2.870174544078653578e-01
1.577977809317148512e+03 2.893975974123748629e-01
1.577183253653086012e+03 2.783627691553360872e-01
1.576389552481211012e+03 2.833970478714650243e-01
1.575596583731211012e+03 2.862988181315201941e-01
1.574804347403086012e+03 2.845705430034403127e-01
1.574013087637461012e+03 2.825934341041235198e-01
1.573222682364023512e+03 2.824809951261433860e-01
1.572433131582773512e+03 2.830049860924804261e-01
1.571644313223398512e+03 2.810493638279780715e-01
1.570856227285898512e+03 2.824440544500614880e-01
1.570069239981211012e+03 2.791912814040582447e-01
1.569282863028086012e+03 2.775293548728374193e-01
1.568497584707773512e+03 2.771639892922901915e-01
1.567712794668711012e+03 2.759835705643523540e-01
1.566928981192148512e+03 2.822868609250561711e-01
1.566146022207773512e+03 2.828799366203186838e-01
1.565363795645273512e+03 2.842465139549381070e-01
1.564582423574961012e+03 2.804409281465328196e-01
1.563801905996836012e+03 2.813286345725501403e-01
1.563022242910898512e+03 2.781746630952194321e-01
1.562243190176523512e+03 2.807725516840411384e-01
1.561465114004648512e+03 2.827211226541064271e-01
1.560687892324961012e+03 2.767100320725583984e-01
1.559911403067148512e+03 2.828926382200920298e-01
1.559135646231211012e+03 2.786135631212688923e-01
1.558360743887461012e+03 2.815581188130856227e-01
1.557586818106211012e+03 2.832689773769832553e-01
1.556813502676523512e+03 2.829255598285694284e-01
1.556041041739023512e+03 2.829027693263282961e-01
1.555269313223398512e+03 2.807086637082703007e-01
1.554498561270273512e+03 2.803575661898630722e-01
1.553728419668711012e+03 2.750276137370589180e-01
1.552959254629648512e+03 2.789911799203697584e-01
1.552959132559336012e+03 2.765111595234649999e-01
1.552703029043711012e+03 2.799062551640839058e-01
1.552446803457773512e+03 2.755237969716556878e-01
1.552190822012461012e+03 2.788645892354519318e-01
1.552190699942148512e+03 2.756823741880941592e-01
1.551934840567148512e+03 2.829571334556295614e-01
1.551423121817148512e+03 2.817827960238301066e-01
1.550656276114023512e+03 2.756808032470200454e-01
1.549890162832773512e+03 2.773947915857332691e-01
1.549124904043711012e+03 2.818424418120700770e-01
1.548360499746836012e+03 2.798702813428751712e-01
1.547596705801523512e+03 2.784666042345280701e-01
1.546833766348398512e+03 2.784868250302285908e-01
1.546071681387461012e+03 2.787742084236182749e-01
1.545310450918711012e+03 2.796958269357943117e-01
1.544549830801523512e+03 2.774188163178280542e-01
1.543789943106211012e+03 2.746714134106815752e-01
1.543031031973398512e+03 2.816301039920254823e-01
1.542272975332773512e+03 2.800521620631273856e-01
1.541515529043711012e+03 2.812615075215446070e-01
1.540758815176523512e+03 2.849300770193841092e-01
1.540002955801523512e+03 2.756057649196434478e-01
1.539247828848398512e+03 2.775101338746985835e-01
1.538493678457773512e+03 2.796912443762471501e-01
1.537740138418711012e+03 2.820062969152719590e-01
1.536987330801523512e+03 2.764645258142909290e-01
1.536235377676523512e+03 2.748432554799332683e-01
1.535483912832773512e+03 2.772323264200096671e-01
1.534733790762461012e+03 2.800383544151202053e-01
1.533983912832773512e+03 2.797534850567430786e-01
1.533235133535898512e+03 2.826493002202289384e-01
1.532486964590586012e+03 2.815774905714250043e-01
1.531739528067148512e+03 2.822429944565781335e-01
1.530993068106211012e+03 2.836821878596790802e-01
1.530247218496836012e+03 2.824745837153354033e-01
1.529502101309336012e+03 2.750819877606806574e-01
1.528757716543711012e+03 2.801533541605543687e-01
1.528014186270273512e+03 2.766870859046346443e-01
1.527271144278086012e+03 2.796523174645115239e-01
1.526529322989023512e+03 2.767215343302222852e-01
1.525787867910898512e+03 2.747446100003443914e-01
1.525047511465586012e+03 2.782516311650222174e-01
1.524307643301523512e+03 2.783104697545946693e-01
1.523568629629648512e+03 2.770518867748004155e-01
1.522830348379648512e+03 2.803244778725756947e-01
1.522092921621836012e+03 2.781286356804656412e-01
1.521356105215586012e+03 2.830454976420019864e-01
1.520620021231211012e+03 2.784383109172371973e-01
1.519884669668711012e+03 2.812600175742349107e-01
1.519150172598398512e+03 2.795017136455590911e-01
1.518416285879648512e+03 2.753138916452581575e-01
1.517683131582773512e+03 2.796890450895901381e-01
1.516951075918711012e+03 2.777162179953301391e-01
1.516219508535898512e+03 2.745716729808927448e-01
1.515488551504648512e+03 2.762307166764512711e-01
1.515245265371836012e+03 2.765147480352412312e-01
1.515001979239023512e+03 2.783711054528997253e-01
1.514758571035898512e+03 2.781581711818806313e-01
1.514758448965586012e+03 2.756086725237447688e-01
1.514515406973398512e+03 2.761735630615820836e-01
1.514272364981211012e+03 2.775906091933941777e-01
1.514029078848398512e+03 2.793862766586248658e-01
1.513300441153086012e+03 2.798779482935380147e-01
1.512572535879648512e+03 2.789380536140153577e-01
1.511845363028086012e+03 2.748927557112045283e-01
1.511119044668711012e+03 2.805653451782762486e-01
1.510393336660898512e+03 2.850827449349578324e-01
1.509668361074961012e+03 2.805684965185469282e-01
1.508944117910898512e+03 2.815787958417071413e-01
1.508220607168711012e+03 2.793386776603252186e-01
1.507497828848398512e+03 2.821472370272395946e-01
1.506775782949961012e+03 2.811875398066353005e-01
1.506054469473398512e+03 2.846548303647926659e-01
1.505333888418711012e+03 2.803279029581182691e-01
1.504614161856211012e+03 2.861173197116727018e-01
1.503894923574961012e+03 2.842547457538520117e-01
1.503176516801561547e+03 2.802831851881239511e-01
1.502457958715309132e+03 2.789891188100321329e-01
1.501740133851593555e+03 2.793947928193143415e-01
1.501023164414171333e+03 2.768495487059373650e-01
1.500306805995529885e+03 2.783538328187564748e-01
1.499591180799425274e+03 2.821266690501465502e-01
1.498876288825857728e+03 2.778682721907020925e-01
1.498162007871071182e+03 2.801888933527486580e-01
1.497448582342577538e+03 2.832411006626909811e-01
1.496735767832864894e+03 2.782677011896896868e-01
1.496023808749445379e+03 2.801228630510647633e-01
1.495312460684806638e+03 2.764080981810326243e-01
1.494601845842704961e+03 2.803524215585408985e-01
1.493891842019384057e+03 2.810741202234277036e-01
1.493182693622356510e+03 2.780882503881391132e-01
1.492474156244109508e+03 2.804607024653182901e-01
1.491766352088399572e+03 2.809309346780324845e-01
1.491059281155226699e+03 2.785628429754187230e-01
1.490352821240834601e+03 2.810050412001537379e-01
1.489647094548979567e+03 2.856439236087436329e-01
1.488942101079661370e+03 2.802852801530478777e-01
1.488237840832880238e+03 2.795098168124960369e-01
1.487534191604880107e+03 2.780554823281938259e-01
1.486831275599416813e+03 2.824932244206497245e-01
1.486128970612734292e+03 2.815586897586668802e-01
1.485427521052344900e+03 2.808813565095548137e-01
1.484726682510736509e+03 2.793103206280270201e-01
1.484026577191664956e+03 2.757032220031440661e-01
1.483327082891374403e+03 2.768047387877801691e-01
1.482628444017376978e+03 2.788008871541475253e-01
1.481930293958404036e+03 2.762139974988401803e-01
1.481232999325724450e+03 2.792420998279794286e-01
1.480536315711825409e+03 2.825156867144300588e-01
1.479840243116707597e+03 2.814360963049333253e-01
1.479145025947882687e+03 2.822452466887301892e-01
1.478450297594082485e+03 2.789296828233358005e-01
1.477756424666575413e+03 2.829531447488988771e-01
1.477063162757849113e+03 2.803202228839389853e-01
1.476370634071659879e+03 2.800410493017959634e-01
1.475678716404251418e+03 2.768327539675541904e-01
1.474987531959380021e+03 2.752202315724242565e-01
1.474296958533289626e+03 2.836743731036980853e-01
1.473607118329735840e+03 2.862719749942713166e-01
1.472917889144963056e+03 2.826602686036285283e-01
1.472229393182727335e+03 2.795317977340892046e-01
1.471541630443028680e+03 2.769096810084441529e-01
1.470854478722110571e+03 2.759173577183491877e-01
1.470168060223729753e+03 2.794235573525357674e-01
1.469482252744129482e+03 2.793374422504935617e-01
1.468797056283310212e+03 2.807627052287433589e-01
1.468112593045028007e+03 2.808524983009376141e-01
1.467428863029282638e+03 2.795440229155198852e-01
1.466745744032318044e+03 2.819205541485061417e-01
1.466063236054134450e+03 2.726070840238146165e-01
1.465381461298487693e+03 2.761228603029656226e-01
1.464700297561621937e+03 2.826018616645258330e-01
1.464019867047293019e+03 2.826005065097438873e-01
1.463340047551745101e+03 2.812926632589341502e-01
1.462660961278734021e+03 2.817267814855373143e-01
1.461982486024503714e+03 2.780502638995729914e-01
1.461304621789054409e+03 2.774383051151672608e-01
1.460627368572385876e+03 2.784251716424243073e-01
1.459950970782010472e+03 2.783641150846715151e-01
1.459275061806659778e+03 2.798183610671140520e-01
1.458599886053845921e+03 2.750922460513058887e-01
1.457925321319813065e+03 2.765179768337268640e-01
1.457251489808317046e+03 2.801467573065641870e-01
1.456578269315602029e+03 2.743183597658748751e-01
1.455905659841667784e+03 2.758287638796200758e-01
1.455233783590270377e+03 2.728143488452417498e-01
1.454562518357653971e+03 2.774293386557891150e-01
1.453891864143818339e+03 2.813304626787903051e-01
1.453221820948763707e+03 2.776159012308271334e-01
1.452552633180001976e+03 2.805312057867416775e-01
1.451883934226264955e+03 2.751056628119147307e-01
1.451215846291308935e+03 2.793299903303113063e-01
1.450548491578889752e+03 2.806094095155519108e-01
1.449881747885251343e+03 2.806346309014787210e-01
1.449215615210393935e+03 2.807945142161933361e-01
1.448550215758073364e+03 2.790940464506410645e-01
1.447885427324533566e+03 2.865833131513846332e-01
1.447221127706018706e+03 2.844032750171093249e-01
1.446557683513796746e+03 2.830827385573452815e-01
1.445894728136599497e+03 2.823759444727860224e-01
1.445232628185695376e+03 2.823041238217746107e-01
1.444570894846059900e+03 2.837213287961353747e-01
1.443909894728961262e+03 2.809442005349024885e-01
1.443249627834399689e+03 2.885974183493721923e-01
1.442589849754862826e+03 2.878295760135612946e-01
1.441930804897863027e+03 2.814019585042122351e-01
1.441272371059643774e+03 2.802381443055100285e-01
1.440614548240205522e+03 2.811052227729845532e-01
1.439957214235791980e+03 2.839400423657482131e-01
1.439300857861427858e+03 2.829653967704733875e-01
1.439300735657671567e+03 2.826032554126195473e-01
1.439082113137891611e+03 2.818376782241705514e-01
1.438863368414355591e+03 2.775721328395691634e-01
1.438644868098331926e+03 2.788394952268088423e-01
1.438644745894575863e+03 2.773992497091600784e-01
1.438426245578552198e+03 2.780285283408568398e-01
1.438207867466284597e+03 2.790414805515183949e-01
1.437989611557773287e+03 2.832415214968198591e-01
1.437989489354016996e+03 2.807906049065906351e-01
1.437771233445505686e+03 2.803491164132345670e-01
1.437553099740750440e+03 2.792631898279485658e-01
1.437334966035995194e+03 2.817412962297906054e-01
1.437334843832239130e+03 2.782911708584569488e-01
1.437116587923727593e+03 2.800167495364831449e-01
1.436898698626484702e+03 2.837073292382343848e-01
1.436680931532998102e+03 2.820854907389142574e-01
1.436680809329241811e+03 2.820855831997596819e-01
1.436462920031999147e+03 2.806289333485355586e-01
1.436245030734756256e+03 2.819480771701595723e-01
1.436027385845025719e+03 2.827083577778804480e-01
1.435809740955294956e+03 2.808403770497190921e-01
1.435592096065564419e+03 2.808583923176729003e-01
1.435374573379590174e+03 2.803924674931609906e-01
1.435157172897371993e+03 2.841726809791962349e-01
1.434939772415153811e+03 2.824160296771881518e-01
1.434722371932935403e+03 2.826619999418713558e-01
1.434505215858229576e+03 2.853270969727556006e-01
1.434287937579767458e+03 2.887608984156812553e-01
1.434070781505061632e+03 2.833909539578494674e-01
1.433853747634111869e+03 2.836011923407608104e-01
1.433636835966918397e+03 2.825493505144416329e-01
1.433419924299724926e+03 2.847019287761723416e-01
1.433203012632531227e+03 2.834347384251663104e-01
1.432986345372850110e+03 2.860284422370582558e-01
1.432769555909412702e+03 2.814198039963993203e-01
1.432552888649731358e+03 2.808623931259986439e-01
1.432336343593806305e+03 2.809544807622613716e-01
1.432119920741637543e+03 2.788065118636446349e-01
1.431903497889468554e+03 2.851141121650434540e-01
1.431687075037299792e+03 2.758143064812151879e-01
1.431470774388886866e+03 2.791809469829844570e-01
1.431254595944230459e+03 2.724790091656973945e-01
1.431038417499573825e+03 2.685103886456558508e-01
1.430822361258673482e+03 2.711423035619902056e-01
1.430606427221529202e+03 2.716959095173590577e-01
1.430390370980628859e+03 2.745508803219516847e-01
1.430174436943484579e+03 2.839288607564531830e-01
1.429958502906340300e+03 2.813842728496245282e-01
1.429742935480464666e+03 2.768811339516991099e-01
1.429527245850832742e+03 2.786295074161457275e-01
1.429311678424956881e+03 2.808115915296639509e-01
1.429096233202837311e+03 2.794708106511740175e-01
1.428880665776961678e+03 2.804165391297667731e-01
1.428665220554842108e+03 2.800300829435158900e-01
1.428449897536478602e+03 2.809992833263316170e-01
1.428234696721871387e+03 2.802398177639734977e-01
1.428019495907264172e+03 2.845888715179179518e-01
1.427804295092656957e+03 2.839452275327434272e-01
1.427589216481805806e+03 2.881034011462182409e-01
1.427374382278467010e+03 2.886257950116053461e-01
1.427159303667616086e+03 2.837447938855769403e-01
1.426944469464277290e+03 2.861513615186070947e-01
1.426729757464694785e+03 2.826342623779435348e-01
1.426515045465112053e+03 2.841068759339059890e-01
1.426300333465529548e+03 2.877760088806567973e-01
1.426085743669703106e+03 2.859541613887328082e-01
1.425871276077632956e+03 2.852540402079574156e-01
1.425656808485562578e+03 2.857910193462319670e-01
1.425442463097248492e+03 2.838365421134140254e-01
1.425228117708934406e+03 2.842720907367329297e-01
1.425013894524376610e+03 2.799849753752421955e-01
1.424799671339818588e+03 2.822503483359904419e-01
1.424585570359016856e+03 2.845453867085021016e-01
1.424371347174459061e+03 2.835199613984139555e-01
1.424157612804925748e+03 2.842823067162517647e-01
1.423943634027880080e+03 2.788321907450785342e-01
1.423729777454590703e+03 2.831541790973416961e-01
1.423516043085057390e+03 2.793386879559445202e-01
1.423302308715524305e+03 2.798585726955437059e-01
1.423088696549747056e+03 2.817607726164269022e-01
1.422874962180213970e+03 2.797210245475693635e-01
1.422661716625705367e+03 2.812744348748806855e-01
1.422448226663684409e+03 2.794549849185898882e-01
1.422234858905419514e+03 2.814494295838312343e-01
1.422021491147154848e+03 2.852724041454360870e-01
1.421808367796402308e+03 2.894408583247209399e-01
1.421595122241893705e+03 2.869659162499777483e-01
1.421381998891141393e+03 2.786925198905317314e-01
1.421168875540388854e+03 2.793727521741276032e-01
1.420955996597148896e+03 2.753770412770851217e-01
1.420743117653908712e+03 2.770350336539897929e-01
1.420530238710668527e+03 2.843742750108803063e-01
1.420317604174940925e+03 2.830369631151212206e-01
1.420104725231700741e+03 2.855253752202506212e-01
1.419892212899729202e+03 2.856157776076544419e-01
1.419679578364001372e+03 2.852358213353528571e-01
1.419467188235785898e+03 2.843839241029840759e-01
1.419254675903814359e+03 2.815605897182198447e-01
1.419042285775598884e+03 2.819204922272317559e-01
1.418830017851139701e+03 2.820600305980928701e-01
1.418617872130436581e+03 2.800956259486263034e-01
1.418405726409733461e+03 2.820752328024733746e-01
1.418193580689030341e+03 2.838466142926708291e-01
1.417981434968327221e+03 2.801664600563778529e-01
1.417769655858892520e+03 2.825218590277638331e-01
1.417557632341945691e+03 2.812929398528531411e-01
1.417345731028754926e+03 2.770930764674912061e-01
1.417134074123076516e+03 2.822709066030146818e-01
1.416922417217398106e+03 2.843939604010701228e-01
1.416710760311719469e+03 2.789561647161041269e-01
1.416499103406041058e+03 2.786690931048230735e-01
1.416287690907875003e+03 2.805836401344811160e-01
1.416076278409708948e+03 2.859695232791057973e-01
1.415864865911542893e+03 2.795165317963188012e-01
1.415653575617132901e+03 2.819913762872252594e-01
1.415442285322722910e+03 2.827732792235631010e-01
1.415231239435825273e+03 2.814320418384270717e-01
1.415020071345171573e+03 2.851563612504322553e-01
1.414809025458273936e+03 2.868361014714431723e-01
1.414597979571376300e+03 2.841167647921005734e-01
1.414387178091991018e+03 2.806545793621386675e-01
1.414176376612605736e+03 2.834338749787137512e-01
1.413965575133220455e+03 2.831088782677101956e-01
1.413754895857591237e+03 2.850210569236925617e-01
1.413544338785718310e+03 2.813001949418421077e-01
1.413333659510089092e+03 2.790688344740298032e-01
1.413122980234460101e+03 2.808642535286232089e-01
1.412912789773855593e+03 2.819053642743117316e-01
1.412702354905738730e+03 2.772252101661173973e-01
1.412492042241378158e+03 2.770627327580557631e-01
1.412281729577017586e+03 2.825563936066338711e-01
1.412071661320169369e+03 2.835292679623031553e-01
1.411861593063320925e+03 2.842282028363606328e-01
1.411651524806472707e+03 2.891040769437428493e-01
1.411441456549624490e+03 2.877963139032125861e-01
1.411231632700288401e+03 2.835510739144780357e-01
1.411021808850952539e+03 2.835484799609551687e-01
1.410811985001616449e+03 2.841870172442206299e-01
1.410602161152280587e+03 2.860222123374010494e-01
1.410392581710456852e+03 2.845194185758264660e-01
1.410183002268633345e+03 2.801395059736168092e-01
1.409973545030565901e+03 2.889509626940431342e-01
1.409763965588742167e+03 2.869032290095792082e-01
1.409554752758187078e+03 2.799675454775213956e-01
1.409345295520119635e+03 2.829829481538621017e-01
1.409136082689564319e+03 2.829657706854886712e-01
1.408926869859009230e+03 2.822345542223886894e-01
1.408717779232210205e+03 2.806513913633359447e-01
1.408508688605411407e+03 2.785673230770572273e-01
1.408299720182368446e+03 2.793797028409718552e-01
1.408090751759325713e+03 2.808181434764741025e-01
1.407881905540039043e+03 2.813194964533976550e-01
1.407673059320752373e+03 2.792689085676970939e-01
1.407464335305221994e+03 2.825604932622398646e-01
1.407255611289691387e+03 2.866459077848324544e-01
1.407047009477917300e+03 2.872582133419139261e-01
1.406838529869899048e+03 2.844598012187137814e-01
1.406630050261880797e+03 2.836813860511573360e-01
1.406421570653862773e+03 2.866732255308286348e-01
1.406213213249600813e+03 2.824051485027144759e-01
1.406005100252851207e+03 2.836469425977058978e-01
1.405796742848589247e+03 2.883697630753118135e-01
1.405588629851839414e+03 2.859940636006964021e-01
1.405380516855089809e+03 2.918677604793489255e-01
1.405172526062096267e+03 2.901750622032727156e-01
1.404964535269102953e+03 2.864802907576018409e-01
1.404756666679865475e+03 2.859662304021967638e-01
1.404548798090628225e+03 2.835962846866717513e-01
1.404341173908903329e+03 2.821387943545520804e-01
1.404133427523422142e+03 2.850318145794270008e-01
1.403925681137940956e+03 2.848666083869371701e-01
1.403718179159972124e+03 2.848591400383883587e-01
1.403510677182003292e+03 2.861437064249014450e-01
1.403303297407790751e+03 2.879682558818322802e-01
1.403095795429821919e+03 2.846605471232593332e-01
1.402888537859365442e+03 2.862000573315465202e-01
1.402681402492665029e+03 2.855206097694819034e-01
1.402474144922208552e+03 2.873106324152385205e-01
1.402267009555508139e+03 2.856073036827636025e-01
1.402059874188807953e+03 2.847764659545969357e-01
1.401852983229619895e+03 2.869506992930021538e-01
1.401646092270431836e+03 2.826631376640816873e-01
1.401439201311244005e+03 2.888119728474338177e-01
1.401232310352055947e+03 2.864154919492825080e-01
1.401025541596624180e+03 2.865545079886567814e-01
1.400818895044948476e+03 2.885787413371285748e-01
1.400612370697028837e+03 2.857712596178835773e-01
1.400405846349109424e+03 2.884745966385626748e-01
1.400199322001190012e+03 2.827399060609041004e-01
1.399992919857026664e+03 2.852494084864161672e-01
1.399786639916619379e+03 2.870398936662887368e-01
1.399580237772456030e+03 2.819052517127778046e-01
1.399374080035805036e+03 2.819462289181392523e-01
1.399167922299154043e+03 2.838980246220521031e-01
1.398961886766259340e+03 2.835739127663591264e-01
1.398755729029608347e+03 2.820365171097687362e-01
1.398549815700469480e+03 2.827872941559657627e-01
1.398344024575087133e+03 2.816734392183409263e-01
1.398137989042192203e+03 2.880484574925409880e-01
1.397932320120565919e+03 2.812214817954510337e-01
1.397726528995183344e+03 2.884193898016679247e-01
1.397520860073557060e+03 2.847266853665606501e-01
1.397315435559443131e+03 2.827969332008114511e-01
1.397109888841572911e+03 2.845977917076865094e-01
1.396904342123702691e+03 2.877821752004431355e-01
1.396698795405832470e+03 2.838854141897622640e-01
1.396493737502986960e+03 2.845544311864627862e-01
1.396288435192629095e+03 2.840538262791945656e-01
1.396083132882271229e+03 2.839793780712491222e-01
1.395878074979425719e+03 2.894767994694144031e-01
1.395673017076580209e+03 2.886112343251758805e-01
1.395467959173734698e+03 2.901502148142383053e-01
1.395263023474645479e+03 2.827438672629926653e-01
1.395058087775556032e+03 2.825466614909351026e-01
1.394853274280222877e+03 2.845488011409882390e-01
1.394648582988645785e+03 2.814473854200427172e-01
1.394443891697068921e+03 2.802101818806969624e-01
1.394239200405491829e+03 2.831154569102664609e-01
1.394034509113914737e+03 2.815362022718295165e-01
1.393830184433606291e+03 2.868730576856644565e-01
1.393625737549541554e+03 2.860214628299228568e-01
1.393421290665476818e+03 2.843806459806368925e-01
1.393216965985168372e+03 2.850081623412080711e-01
1.393012763508615990e+03 2.852549074480656977e-01
1.392808561032063608e+03 2.889727554749617622e-01
1.392604480759267517e+03 2.903179405017635717e-01
1.392400400486471199e+03 2.906930708619950843e-01
1.392196320213675108e+03 2.831699216703006394e-01
1.391992484348391145e+03 2.841294730911104738e-01
1.391788526279351117e+03 2.819670187756235791e-01
1.391584690414067381e+03 2.834705196489764045e-01
1.391380854548783418e+03 2.843210053284584427e-01
1.391177385294768101e+03 2.863201545104779311e-01
1.390973671633240428e+03 2.862179161613488954e-01
1.390770080175468820e+03 2.829242800698913984e-01
1.390566610921453503e+03 2.802029979290259210e-01
1.390363141667438185e+03 2.828437820215656817e-01
1.390159794617178932e+03 2.853005705523452007e-01
1.389956447566919678e+03 2.854483190993710173e-01
1.389753222720416716e+03 2.862268043411247409e-01
1.389549997873913753e+03 2.848622608748656027e-01
1.389347017434922918e+03 2.866719956880683928e-01
1.389143914792176247e+03 2.841967367736789041e-01
1.388940812149429348e+03 2.840039540765685877e-01
1.388737831710438513e+03 2.841749504160177575e-01
1.388534973475203969e+03 2.838204040600748601e-01
1.388332237443725717e+03 2.897685928030309666e-01
1.388129501412247237e+03 2.870525841562889813e-01
1.387926765380768984e+03 2.824066524017458391e-01
1.387724151553046795e+03 2.843208740375107180e-01
1.387521659929080670e+03 2.821648776002348424e-01
1.387319046101358481e+03 2.843195721810201637e-01
1.387116676681148647e+03 2.815737952156694979e-01
1.386914307260938813e+03 2.872236680006985954e-01
1.386711937840728751e+03 2.842029279886664761e-01
1.386509690624275208e+03 2.905569264011269581e-01
1.386307565611577502e+03 2.871366172688847862e-01
1.386105318395123959e+03 2.859166476297283488e-01
1.385903315586182543e+03 2.848262075933903903e-01
1.385701312777241128e+03 2.889060563532876436e-01
1.385499432172056004e+03 2.899878636098069951e-01
1.385297551566870652e+03 2.914866065995602162e-01
1.385095670961685528e+03 2.858386505079957840e-01
1.384893912560256467e+03 2.863766406642463402e-01
1.384692154158827407e+03 2.865400546134904691e-01
1.384490640164910701e+03 2.888847020388188858e-01
1.384289003967237704e+03 2.853087276120965798e-01
1.384087489973320999e+03 2.902848879640954061e-01
1.383885975979404293e+03 2.900692864155963169e-01
1.383684706392999942e+03 2.860342089759283501e-01
1.383483314602839300e+03 2.859555862771719914e-01
1.383282045016434950e+03 2.891580064141018314e-01
1.383080775430030599e+03 2.902528791968842503e-01
1.382879750251138603e+03 2.922103562803973209e-01
1.382678725072246607e+03 2.926806861877669363e-01
1.382477577689598320e+03 2.891219172399549509e-01
1.382276674714462388e+03 2.881816223002924837e-01
1.382075771739326456e+03 2.896787316771211040e-01
1.381874990967946815e+03 2.893052162617979484e-01
1.381674210196566946e+03 2.866017694844839037e-01
1.381473429425187305e+03 2.886004598763575180e-01
1.381272770857563728e+03 2.898428283191206711e-01
1.381072112289940151e+03 2.928760721781270560e-01
1.380871698129828928e+03 2.925349056026915751e-01
1.380671283969717706e+03 2.913827621582176786e-01
1.380470869809606484e+03 2.869846257768597364e-01
1.380270455649495261e+03 2.891743016207232730e-01
1.380070163693140330e+03 2.872006752559112530e-01
1.379869993940541235e+03 2.917421837446565469e-01
1.379669824187942368e+03 2.869542476321542690e-01
1.379469654435343500e+03 2.876314403833002964e-01
1.379269606886500696e+03 2.888659409256530974e-01
1.379069803745170475e+03 2.893122776959722309e-01
1.378869878400083735e+03 2.903317047081045432e-01
1.378669953054997222e+03 2.908290662930634873e-01
1.378470149913666774e+03 2.882688942204432725e-01
1.378270346772336552e+03 2.882316831530005730e-01
1.378070665834762167e+03 2.849557052353337561e-01
1.377871107100944073e+03 2.875973070217610617e-01
1.377671548367125979e+03 2.890614998585503970e-01
1.377472111837064176e+03 2.882583390527041489e-01
1.377272675307002373e+03 2.917771924076728585e-01
1.377073360980696634e+03 2.880602732670927701e-01
1.376874046654390895e+03 2.879154079757994533e-01
1.376674732328085156e+03 2.877356468778999310e-01
1.376475540205535481e+03 2.908105624235528541e-01
1.376276348082985805e+03 2.919688663684726349e-01
1.376077400367948712e+03 2.924781041857295039e-01
1.375878330449155328e+03 2.901044764347154858e-01
1.375679382734118008e+03 2.880142564995284427e-01
1.375480435019080687e+03 2.882282116334501931e-01
1.375281609507799658e+03 2.887772007199551627e-01
1.375083028404030983e+03 2.914966474179094269e-01
1.374884325096506018e+03 2.915998106535599432e-01
1.374685621788981052e+03 2.891207530960521188e-01
1.374487040685212378e+03 2.912625080601733418e-01
1.374288459581443703e+03 2.920527537649973970e-01
1.374090122885187156e+03 2.902171432713711030e-01
1.373891663985174546e+03 2.916951707828714380e-01
1.373693327288918226e+03 2.903567229261052596e-01
1.373494990592661679e+03 2.874620790990657371e-01
1.373296776100161424e+03 2.895622691609567312e-01
1.373098683811417459e+03 2.883422476488731734e-01
1.372900469318917203e+03 2.866666592967780369e-01
1.372702499233929302e+03 2.901415173153598648e-01
1.372504529148941401e+03 2.872797331327061610e-01
1.372306559063953500e+03 2.865311998852010378e-01
1.372108833386477727e+03 2.898229925467063484e-01
1.371910985505246117e+03 2.873434842452280980e-01
1.371713259827770571e+03 2.844170908662396191e-01
1.371515411946538734e+03 2.897664706850650584e-01
1.371317930676575543e+03 2.902207151963746568e-01
1.371120449406612124e+03 2.884081049938697627e-01
1.370922968136648933e+03 2.908015738305941844e-01
1.370725486866685742e+03 2.894131733438959353e-01
1.370528005596722323e+03 2.869783565850478890e-01
1.370330646530515423e+03 2.876248214644660517e-01
1.370133531871820651e+03 2.866415897610073982e-01
1.369936295009369587e+03 2.828620976030821188e-01
1.369739180350674815e+03 2.816727482950930894e-01
1.369542065691980042e+03 2.849041644619698666e-01
1.369345073237041561e+03 2.889949707408729918e-01
1.369148202985859143e+03 2.890660499769339697e-01
1.368951088327164371e+03 2.918343729725741409e-01
1.368754340279738017e+03 2.900477819880563635e-01
1.368557592232311663e+03 2.886754340294730437e-01
1.368360844184885536e+03 2.883793725508815853e-01
1.368164218341215474e+03 2.905790147849366400e-01
1.367967592497545184e+03 2.937342370855443585e-01
1.367770966653875121e+03 2.940213173134614277e-01
1.367574585217717413e+03 2.911437453771950068e-01
1.367378081577803414e+03 2.894626204834825356e-01
1.367181700141645706e+03 2.868954693772847730e-01
1.366985563113000353e+03 2.869640942525147342e-01
1.366789181676842418e+03 2.847564259504127282e-01
1.366593044648197065e+03 2.918365124279346245e-01
1.366396785415795421e+03 2.928599457665384542e-01
1.366200770590906131e+03 2.939346122652480298e-01
1.366004877969773133e+03 2.915023360027853561e-01
1.365808863144883844e+03 2.947913334911530514e-01
1.365612970523750619e+03 2.881082536685559692e-01
1.365417077902617621e+03 2.933339319014303670e-01
1.365221307485240686e+03 2.910395466260354835e-01
1.365025781475376107e+03 2.908026786177393963e-01
1.364830011057999172e+03 2.937819207400225729e-01
1.364634485048134366e+03 2.927325055115957975e-01
1.364438836834513722e+03 2.905172233990322428e-01
1.364243433028405207e+03 2.937272426422837812e-01
1.364048029222296691e+03 2.908980663715106663e-01
1.363852625416188403e+03 2.859548797427012845e-01
1.363657343813835951e+03 2.855593728571947376e-01
1.363462062211483726e+03 2.880183527642727337e-01
1.363266902812887565e+03 2.857947818126760908e-01
1.363071743414291632e+03 2.914953465380503705e-01
1.362876706219451535e+03 2.918208593379784666e-01
1.362681791228367729e+03 2.932548123624945657e-01
1.362486631829771568e+03 2.926448890405076719e-01
1.362291839042444053e+03 2.898274177537538132e-01
1.362097046255116311e+03 2.898900706291400731e-01
1.361902375671544860e+03 2.954335674121972843e-01
1.361707582884217345e+03 2.935580658016526123e-01
1.361512912300645894e+03 2.898867781921895537e-01
1.361318241717074443e+03 2.884806193190768142e-01
1.361123693337259056e+03 2.938469454706404416e-01
1.360929267161199959e+03 2.929445013449739066e-01
1.360734963188897154e+03 2.902024172235862509e-01
1.360540537012837831e+03 2.924678968278012214e-01
1.360346233040535026e+03 2.916770997936503629e-01
1.360151929068231993e+03 2.896721063608042046e-01
1.359957625095928961e+03 2.900823978450662310e-01
1.359763687734894575e+03 2.928320214454866455e-01
1.359569628170103897e+03 2.904010487289322429e-01
1.359375568605313219e+03 2.911096265140818984e-01
1.359181631244278833e+03 2.899752324448116036e-01
1.358987693883244447e+03 2.949641869738907629e-01
1.358793878725966124e+03 2.906364045506326099e-01
1.358600185772443865e+03 2.919837778151913033e-01
1.358406370615165770e+03 2.875127867316172314e-01
1.358212677661643511e+03 2.928989023358228860e-01
1.358019106911877543e+03 2.932525301171537424e-01
1.357825536162111575e+03 2.915240979785477249e-01
1.357632087616101899e+03 2.966957860784606993e-01
1.357438639070091995e+03 2.940119236936273861e-01
1.357245312727838382e+03 2.929541483105772559e-01
1.357051986385584769e+03 2.897422721197986939e-01
1.356858660043331156e+03 2.893784088500903073e-01
1.356665455904833607e+03 2.877613064793189679e-01
1.356472373970092349e+03 2.903965017119935488e-01
1.356279292035351091e+03 2.900828323460590830e-01
1.356086332304365897e+03 2.909039414476872754e-01
1.355893250369624639e+03 2.926710576922687546e-01
1.355700412842395508e+03 2.897576239032223500e-01
1.355507453111410541e+03 2.947404946169512319e-01
1.355314859991693766e+03 2.937893422920930808e-01
1.355122022464464862e+03 2.949644444462417026e-01
1.354929307140992023e+03 2.955288253810230970e-01
1.354736714021275247e+03 2.918241178421012161e-01
1.354544120901558699e+03 2.902874869333334495e-01
1.354351772189354506e+03 2.927032113048989026e-01
1.354159301273394021e+03 2.950197346900455542e-01
1.353966830357433537e+03 2.900715654828922574e-01
1.353774481645229116e+03 2.918426740615582826e-01
1.353582132933024695e+03 2.881202509189175198e-01
1.353389906424576566e+03 2.883672914982148838e-01
1.353197924323640791e+03 2.891810138384000584e-01
1.353005820018948953e+03 2.875290992834580450e-01
1.352813715714256887e+03 2.877058320172469208e-01
1.352621733613321112e+03 2.902222498449393284e-01
1.352429751512385337e+03 2.917464465406041096e-01
1.352237891615205626e+03 2.872594053484041621e-01
1.352046153921782206e+03 2.873703225526442750e-01
1.351854416228358559e+03 2.925794746761233855e-01
1.351662678534935139e+03 2.929478692404128837e-01
1.351470940841511720e+03 2.933118043236100925e-01
1.351279325351844363e+03 2.900681002061548663e-01
1.351087709862177007e+03 2.928936517552228058e-01
1.350896460983778070e+03 2.893367755380977790e-01
1.350704967697867005e+03 2.875251599482633313e-01
1.350513596615712004e+03 2.913405447210680177e-01
1.350322347737313294e+03 2.877478484732328146e-01
1.350131098858914356e+03 2.893816162279937432e-01
1.349939849980515646e+03 2.897201914077876528e-01
1.349748845509629064e+03 2.848901121192858876e-01
1.349557718834986417e+03 2.884276766374091472e-01
1.349366714364099835e+03 2.910364142736361903e-01
1.349175709893213480e+03 2.888574121029262032e-01
1.348984827626082961e+03 2.898814144015964267e-01
1.348793945358952669e+03 2.865064658597706870e-01
1.348603185295578669e+03 2.862724822692143123e-01
1.348412547435960505e+03 2.885297400817703473e-01
1.348221787372586505e+03 2.920416677429523711e-01
1.348031149512968341e+03 2.914122095179385030e-01
1.347840633857106695e+03 2.897497775870961356e-01
1.347650118201244823e+03 2.899639595539472148e-01
1.347459724749139014e+03 2.880401216870503989e-01
1.347269209093277141e+03 2.838372749194469358e-01
1.347078937844927850e+03 2.902997958134159728e-01
1.346888666596578332e+03 2.887686638603167433e-01
1.346698395348228814e+03 2.891211757557802797e-01
1.346508246303635360e+03 2.876586003829668114e-01
1.346318219462798197e+03 2.878573457318452933e-01
1.346128192621961034e+03 2.886221381776607475e-01
1.345938165781123871e+03 2.893101328352395973e-01
1.345748261144042772e+03 2.875481277781695710e-01
1.345558356506961900e+03 2.889762583792075956e-01
1.345368451869880801e+03 2.866221741328568440e-01
1.345178791640312284e+03 2.841182815217931368e-01
1.344989009206987248e+03 2.902697079779183453e-01
1.344799348977418731e+03 2.883638652351199205e-01
1.344609810951606278e+03 2.902623480946069923e-01
1.344420150722037533e+03 2.871662700868388152e-01
1.344230734899981144e+03 2.864612413810255775e-01
1.344041196874168691e+03 2.853836644161975578e-01
1.343852025459624656e+03 2.832477195003264558e-01
1.343662609637568266e+03 2.833134711996606048e-01
1.343473316019268168e+03 2.838712611654794493e-01
1.343284144604724133e+03 2.841598793045920224e-01
1.343094973190180099e+03 2.881958599079100236e-01
1.342905923979392128e+03 2.892815653976746337e-01
1.342716874768604384e+03 2.859954104829720012e-01
1.342527947761572705e+03 2.846015382868496424e-01
1.342338898550784734e+03 2.851590735985270464e-01
1.342150093747509345e+03 2.887383104015907587e-01
1.341961288944233729e+03 2.921647906992770882e-01
1.341772484140958341e+03 2.850469515910561413e-01
1.341583801541439016e+03 2.885069542017151822e-01
1.341395241145675755e+03 2.881779336682135373e-01
1.341206680749912493e+03 2.912308358980835177e-01
1.341018120354149460e+03 2.869687651123317695e-01
1.340829559958386199e+03 2.847196059908899679e-01
1.340641121766379229e+03 2.894755371126903065e-01
1.340452805778128322e+03 2.863543469905511785e-01
1.340264489789877416e+03 2.869581355653992305e-01
1.340076296005382801e+03 2.914269958831899321e-01
1.339888102220887959e+03 2.891563504225991288e-01
1.339699908436393343e+03 2.865630494346639301e-01
1.339511836855654792e+03 2.884660776529464066e-01
1.339323765274916241e+03 2.884757635791919683e-01
1.339135693694177917e+03 2.821568154546402196e-01
1.338947866520951720e+03 2.885178980826848538e-01
1.338760039347725524e+03 2.880808488817839241e-01
1.338572089970743036e+03 2.883196623489983623e-01
1.338384385001273131e+03 2.873016103824282408e-01
1.338196680031802998e+03 2.888925755035783305e-01
1.322259599375250673e+03 2.871069521731946517e-01
1.322076660352271119e+03 2.845121042308015880e-01
1.321893721329291566e+03 2.860587971500792581e-01
1.321710782306312012e+03 2.813104226154798937e-01
1.321528087690844586e+03 2.870136559081881700e-01
1.304757333009732065e+03 2.890056765331019961e-01
1.304579404340755218e+03 2.926331464777655045e-01
1.304401597875534662e+03 2.906939055634773506e-01
1.304223791410313879e+03 2.899936730419605535e-01
1.304045984945093323e+03 2.912632219375062004e-01
1.286871957868635036e+03 2.942921672278081546e-01
1.286699283961173251e+03 2.952603143868542390e-01
1.286526487849955402e+03 2.929635578706670795e-01
1.286353813942493844e+03 2.921493365633155981e-01
1.286181140035032058e+03 2.927102379948875455e-01
1.286008588331326564e+03 2.924200653353614676e-01
1.285836036627621070e+03 2.928651045861495605e-01
1.285663484923915576e+03 2.939473393846311344e-01
1.285491055423966145e+03 2.935691476643085829e-01
1.285318625924016715e+03 2.936460178226000250e-01
1.285146440831579866e+03 2.958665447286979444e-01
1.284974133535386500e+03 2.946443363069369270e-01
1.284801826239193360e+03 2.939469752446648987e-01
1.284629641146756285e+03 2.975109253116832719e-01
1.284457456054319437e+03 2.972692209400296659e-01
1.284285393165638425e+03 2.975018746795425884e-01
1.284113330276957640e+03 2.936521185090229524e-01
1.283941267388276856e+03 2.996978335893254464e-01
1.283769326703352135e+03 2.990343499886186640e-01
1.283597386018427414e+03 2.944890311393403293e-01
1.283425567537258758e+03 3.003483754484733148e-01
1.283253749056090328e+03 3.029361221902017731e-01
1.283081930574921671e+03 3.063354517109082575e-01
1.282910234297509305e+03 3.034881687032778275e-01
1.282738538020096939e+03 2.998220115400713759e-01
1.282567086150196928e+03 3.061930637076874517e-01
1.282395512076540854e+03 3.077541555992801547e-01
1.282223938002884552e+03 3.049291329079499846e-01
1.282052486132984541e+03 3.015804200035873128e-01
1.281881156466840821e+03 2.965270297227478036e-01
1.281709704596940583e+03 3.000904547286542545e-01
1.281538374930796863e+03 2.978166608080865529e-01
1.281367045264652916e+03 2.980226003470678453e-01
1.281195837802265260e+03 2.979999977364601316e-01
1.281024630339877604e+03 2.954279479211547321e-01
1.280853422877489720e+03 2.955737776836389052e-01
1.280682459822614419e+03 2.944609069367442045e-01
1.280511374563982827e+03 2.967584416441561013e-01
1.280340289305351462e+03 2.949874368281836245e-01
1.280169448454232224e+03 2.950955490465211328e-01
1.279998485399356696e+03 2.935145934747817598e-01
1.279827766751993749e+03 2.931589962707592534e-01
1.279656925900874512e+03 2.947875542717124375e-01
1.279486207253511566e+03 2.947239515526086095e-01
1.279315488606148392e+03 2.944896461510187469e-01
1.279144892162541510e+03 2.930092258992618159e-01
1.278974173515178563e+03 2.950156687486200635e-01
1.278803699275327745e+03 2.985037585523830361e-01
1.278633102831720862e+03 2.986301251496908393e-01
1.278462750795626334e+03 2.946320135691485875e-01
1.278292276555775743e+03 2.937081894745249833e-01
1.278121924519681215e+03 2.938859444404770538e-01
1.277951572483586688e+03 2.929697778530388486e-01
1.277781342651248224e+03 2.964965963928256620e-01
1.277611112818909760e+03 2.923513426114314750e-01
1.277440882986571523e+03 2.946625695966224034e-01
1.277270775357989351e+03 2.946666923818823114e-01
1.277100667729406950e+03 2.922221634094382958e-01
1.276930804508337133e+03 2.971642431382454097e-01
1.276760819083511024e+03 2.928854201970438886e-01
1.276590833658685142e+03 2.951634373635788067e-01
1.276420970437615097e+03 2.916838231110919222e-01
1.276251229420301570e+03 2.976554508454505865e-01
1.276081366199231525e+03 2.953379545523019400e-01
1.275911625181917771e+03 2.953185708316837799e-01
1.275741884164604244e+03 2.901807269130251554e-01
1.275572265351046553e+03 2.927521550326013799e-01
1.275402646537489090e+03 2.934627178148934146e-01
1.275233027723931400e+03 2.950790743339077316e-01
1.275063653317886292e+03 2.973940730693344081e-01
1.274894034504328829e+03 2.949962016482780558e-01
1.274724660098283493e+03 2.941665187455523855e-01
1.274555285692238385e+03 2.959530596605356445e-01
1.274386033489949114e+03 2.956203724749325579e-01
1.274216659083904005e+03 2.948784749104296776e-01
1.274047529085371025e+03 2.954867999017007918e-01
1.273878399086838272e+03 2.964580631034982594e-01
1.273709269088305291e+03 2.934549233134297053e-01
1.273540261293528602e+03 2.914444179738941987e-01
1.273371253498751912e+03 2.922752435636791768e-01
1.273202367907731286e+03 2.931874468677524992e-01
1.273202245703975223e+03 2.954770225219146562e-01
1.273033360112954597e+03 2.917063956392175750e-01
1.273033237909198533e+03 2.919924682469479116e-01
1.272864596725690262e+03 2.902322573607987177e-01
1.272864474521933971e+03 2.913766446437616175e-01
1.272695711134669637e+03 2.915599092919445856e-01
1.272695588930913573e+03 2.975662291463858633e-01
1.272526825543649011e+03 2.932107478301773096e-01
1.272526703339892947e+03 2.975000570891161988e-01
1.272357939952628612e+03 2.908953613683284423e-01
1.272189298769120342e+03 2.944026697835456785e-01
1.272020657585612071e+03 2.947477444579944539e-01
1.271852016402103800e+03 2.938564167034540264e-01
1.271683497422351820e+03 2.930841501567822416e-01
1.271514978442599613e+03 2.946423390115021634e-01
1.271346459462847633e+03 2.931288258651031375e-01
1.271178062686851717e+03 2.957592046465800650e-01
1.271009665910855801e+03 2.933457105098332685e-01
1.270841391338616177e+03 2.985985327575172987e-01
1.270673116766376324e+03 2.943457863553418652e-01
1.270504842194136700e+03 2.904289809384735244e-01
1.270336812029409202e+03 2.932683815252113968e-01
1.270168659660925641e+03 2.960127290564349423e-01
1.270000507292442080e+03 2.950649374558062532e-01
1.269832477127714810e+03 2.967354696770644340e-01
1.269664569166743377e+03 2.964941018752144664e-01
1.269496539002016107e+03 2.944982388515569594e-01
1.269328631041044900e+03 3.003793688872517520e-01
1.269160845283829758e+03 2.968881562428098975e-01
1.268993059526614616e+03 3.004848866088454251e-01
1.268825273769399701e+03 3.015273649819455448e-01
1.268657488012184558e+03 2.995676539077889444e-01
1.268489946662481771e+03 3.007686345615424583e-01
1.268322283109022919e+03 2.931810778773881743e-01
1.268154619555564068e+03 2.917002887609408956e-01
1.267987200409617344e+03 2.949570516865946956e-01
1.267819659059914557e+03 2.926224670261564631e-01
1.267652239913968060e+03 2.942319370821872559e-01
1.267484820768021564e+03 2.982848663067599326e-01
1.267317646029587195e+03 2.931155878138456128e-01
1.267150226883640698e+03 2.896251761284828197e-01
1.266982929941450266e+03 2.974184354430168264e-01
1.266815755203016124e+03 2.963177015964394978e-01
1.266648580464581755e+03 2.955759974328888706e-01
1.266481527929903677e+03 2.943212478066023485e-01
1.266314597598981891e+03 2.990901176558859453e-01
1.266147545064303813e+03 2.957041795951719232e-01
1.265980614733381799e+03 2.941691024243928143e-01
1.265813684402459785e+03 2.936590411366544751e-01
1.265646754071537998e+03 2.964515478832344120e-01
1.265479945944372275e+03 2.950126596864308670e-01
1.265313137817206552e+03 2.975137741109487033e-01
1.265146574097552957e+03 2.967824650068026093e-01
1.264979765970387234e+03 2.930414612168216193e-01
1.264813080046977802e+03 2.946504061728340562e-01
1.264646516327324207e+03 2.923651753026281774e-01
1.264479952607670839e+03 2.953710225994202743e-01
1.264313511091773535e+03 2.973554863444081708e-01
1.264147069575876458e+03 2.987799156612879758e-01
1.263980628059979153e+03 2.955575606970797797e-01
1.263814308747838140e+03 2.909208179202619204e-01
1.263647989435696900e+03 2.927445258807523376e-01
1.263481670123555887e+03 2.959468961331387926e-01
1.263315473015170937e+03 2.972863264211823009e-01
1.263149275906785988e+03 2.946480434304493135e-01
1.262983201002157330e+03 2.976794641063364444e-01
1.262817003893772380e+03 2.932809720720719326e-01
1.262651051192899786e+03 2.979284307583204838e-01
1.262484976288270900e+03 2.942965234059684576e-01
1.262319023587398306e+03 2.941001475068846793e-01
1.262153193090282002e+03 2.981748123610549750e-01
1.261987362593165471e+03 2.968327082632618574e-01
1.261821532096049168e+03 2.995559113466568224e-01
1.261655701598932637e+03 2.985425468008210403e-01
1.261490115509328689e+03 2.960775202130633277e-01
1.261324529419724513e+03 2.974759722644340632e-01
1.261158821126364273e+03 2.957597760195620484e-01
1.260993235036760098e+03 2.946735025210419079e-01
1.260827771150912213e+03 2.952227211021523634e-01
1.260662307265064328e+03 2.908408618782449273e-01
1.260496843379216443e+03 2.928314231412673108e-01
1.260331379493368331e+03 2.958855137503876853e-01
1.260166037811276738e+03 2.941845650160815340e-01
1.260000818332940980e+03 2.973266313783206605e-01
1.259835476650849387e+03 2.942528955823260350e-01
1.259670379376269921e+03 2.926867010935668700e-01
1.259505159897934391e+03 2.961616298214006515e-01
1.259340062623354925e+03 2.933363436698436244e-01
