# Wavelength, Reflectance
1.644699740640340679e+03 2.975419983155170867e-01
1.643833651773153179e+03 3.453408044398720844e-01
1.642968417398153179e+03 3.773601881307948047e-01
1.642104159585653179e+03 3.381728473963451220e-01
1.641240756265340679e+03 2.907905390113179611e-01
1.640378451577840679e+03 3.428225046827232392e-01
1.639517001382528179e+03 2.934963568389615807e-01
1.638656527749715679e+03 2.994902193468951812e-01
1.637796908609090679e+03 3.350039827422743310e-01
1.636938388101278179e+03 3.206754323296483467e-01
1.636080722085653179e+03 3.104472919649484686e-01
1.635224032632528179e+03 3.092778800365444392e-01
1.634368319741903179e+03 3.176592678207713627e-01
1.633513461343465679e+03 3.516363309870052523e-01
1.632659579507528179e+03 2.849307922958943529e-01
1.631806552163778179e+03 3.160849438158027103e-01
1.630954501382528179e+03 3.258009967796207107e-01
1.630103427163778179e+03 2.764820103074709379e-01
1.629253207437215679e+03 3.146032333969924211e-01
1.628403964273153179e+03 2.816708088749569350e-01
1.627555575601278179e+03 3.033633878750980895e-01
1.626708163491903179e+03 3.195310132861676200e-01
1.625861727945028179e+03 2.719847256776959377e-01
1.625016268960653179e+03 2.894366664611532913e-01
1.624171542398153179e+03 3.379545470368987004e-01
1.623327914468465679e+03 3.018583001359704809e-01
1.622485018960653179e+03 3.045982387840446282e-01
1.621643222085653179e+03 2.976279514540745019e-01
1.620802157632528179e+03 2.857755857580072112e-01
1.619962191812215679e+03 3.044477567890353509e-01
1.619122958413778179e+03 3.144083661134683405e-01
1.618284701577840679e+03 2.910375204883547395e-01
1.617447299234090679e+03 2.664838137877227342e-01
1.616610873452840679e+03 2.907361835368020841e-01
1.615775302163778179e+03 2.623971003878513564e-01
1.614940707437215679e+03 2.875668933337933164e-01
1.614107089273153179e+03 2.867967999930128853e-01
1.613274203530965679e+03 2.621419475575674785e-01
1.612442294351278179e+03 2.932478824187726429e-01
1.611611239663778179e+03 2.945561283188322110e-01
1.610781161538778179e+03 2.431846499960292340e-01
1.609951937905965679e+03 2.664134255067271417e-01
1.609123568765340679e+03 3.006825278336713314e-01
1.608296176187215679e+03 2.644278764283851113e-01
1.607469516030965679e+03 2.904208549388259120e-01
1.606643832437215679e+03 2.844024834576990846e-01
1.605819125405965679e+03 2.775149912091888771e-01
1.604995272866903179e+03 2.534385399750056500e-01
1.604172152749715679e+03 2.663302945820812950e-01
1.603350009195028179e+03 2.493091179427673609e-01
1.602528842202840679e+03 2.715475388415805047e-01
1.601708407632528179e+03 2.731720378497574653e-01
1.600888949624715679e+03 2.872277538377478456e-01
1.600070346109090679e+03 3.001645873879345561e-01
1.599252597085653179e+03 2.726062392052673311e-01
1.598435702554403179e+03 2.735938264583536728e-01
1.597619540445028179e+03 2.587622458829096916e-01
1.596804721109090679e+03 2.914625095675793531e-01
1.595990390054403179e+03 2.852187818054076618e-01
1.595176913491903179e+03 2.761577242350537476e-01
1.594364535562215679e+03 3.044158947780522539e-01
1.593552767984090679e+03 2.888907591970513167e-01
1.592741976968465679e+03 3.029578343777448168e-01
1.591932162515340679e+03 2.796174170620669419e-01
1.591123080484090679e+03 2.969338204212768617e-01
1.590314975015340679e+03 2.696383461734896403e-01
1.589507479898153179e+03 2.864610190312735227e-01
1.588700839273153179e+03 2.745116259051407770e-01
1.587895419351278179e+03 2.949467502455763168e-01
1.587090609780965679e+03 2.824417930525860432e-01
1.586286654702840679e+03 2.784007458305617355e-01
1.585483676187215679e+03 2.984326315221185189e-01
1.584681430093465679e+03 2.876862036355524732e-01
1.583880038491903179e+03 3.059959083255083812e-01
1.583079623452840679e+03 3.003596032976439956e-01
1.582279940835653179e+03 2.969319075097469063e-01
1.581481234780965679e+03 2.937772967660648993e-01
1.580683139077840679e+03 2.648338529050694445e-01
1.579885897866903179e+03 2.603546235147236043e-01
1.579089755288778179e+03 2.965357266120875468e-01
1.578294223062215679e+03 2.985027081047588182e-01
1.577499667398153179e+03 2.741512410731462568e-01
1.576705966226278179e+03 2.713742681898452247e-01
1.575912997476278179e+03 2.944856613781373089e-01
1.575120761148153179e+03 2.605282048182824828e-01
1.574329501382528179e+03 2.665833369558353594e-01
1.573539096109090679e+03 2.722813943190883768e-01
1.572749545327840679e+03 2.772183322779686043e-01
1.571960726968465679e+03 2.689440712442782710e-01
1.571172641030965679e+03 2.715958698084355860e-01
1.570385653726278179e+03 2.731951447520177823e-01
1.569599276773153179e+03 2.736255049817861162e-01
1.568813998452840679e+03 3.244128033470376482e-01
1.568029208413778179e+03 2.817411714739458950e-01
1.567245394937215679e+03 2.725880777502124874e-01
1.566462435952840679e+03 2.837153642405121912e-01
1.565680209390340679e+03 2.846930750764475881e-01
1.564898837320028179e+03 2.868764369929467928e-01
1.564118319741903179e+03 2.870670371117423070e-01
1.563338656655965679e+03 2.999124574129155008e-01
1.562559603921590679e+03 3.059150798140495842e-01
1.561781527749715679e+03 2.908271826180717778e-01
1.561004306070028179e+03 3.245831712255362045e-01
1.560227816812215679e+03 2.856737689484858955e-01
1.559452059976278179e+03 2.795147461927863786e-01
1.558677157632528179e+03 3.062159633391594027e-01
1.557903231851278179e+03 2.901969003299300631e-01
1.557129916421590679e+03 2.820709790054026778e-01
1.556357455484090679e+03 2.860430291263977853e-01
1.555585726968465679e+03 3.004574059232429928e-01
1.554814975015340679e+03 3.012490652147834513e-01
1.554044833413778179e+03 2.758719932680817055e-01
1.553275668374715679e+03 2.966036369917642301e-01
1.553275546304403179e+03 2.908357491517176152e-01
1.553019442788778179e+03 2.944909034688588667e-01
1.552763217202840679e+03 2.944357171920823912e-01
1.552507235757528179e+03 2.847814982727907562e-01
1.552507113687215679e+03 2.943714326050215213e-01
1.552251254312215679e+03 2.940561874178801993e-01
1.551739535562215679e+03 2.894031093716962766e-01
1.550972689859090679e+03 2.941966127647883678e-01
1.550206576577840679e+03 3.030845771410067280e-01
1.549441317788778179e+03 2.762665122057651468e-01
1.548676913491903179e+03 3.065016460010947519e-01
1.547913119546590679e+03 3.033191294356747947e-01
1.547150180093465679e+03 3.062749655034069929e-01
1.546388095132528179e+03 2.913408025376767463e-01
1.545626864663778179e+03 2.942308300616600647e-01
1.544866244546590679e+03 2.847454355012922766e-01
1.544106356851278179e+03 2.646889693667980881e-01
1.543347445718465679e+03 2.595153241729997173e-01
1.542589389077840679e+03 3.069806786991972070e-01
1.541831942788778179e+03 2.822750203024379512e-01
1.541075228921590679e+03 2.762263371899103537e-01
1.540319369546590679e+03 2.889599296080459512e-01
1.539564242593465679e+03 2.787837131987427886e-01
1.538810092202840679e+03 2.884270000495648967e-01
1.538056552163778179e+03 2.853486870215879989e-01
1.537303744546590679e+03 2.775938816113057150e-01
1.536551791421590679e+03 2.771441224052828556e-01
1.535800326577840679e+03 2.562365756405108330e-01
1.535050204507528179e+03 2.629585239468104074e-01
1.534300326577840679e+03 2.778506538398159975e-01
1.533551547280965679e+03 2.757937868294040862e-01
1.532803378335653179e+03 2.800722623220665564e-01
1.532055941812215679e+03 2.820596317942112852e-01
1.531309481851278179e+03 2.794678935022237298e-01
1.530563632241903179e+03 2.998074666849084857e-01
1.529818515054403179e+03 2.651980691676158464e-01
1.529074130288778179e+03 2.787202246727344956e-01
1.528330600015340679e+03 2.881729730284740554e-01
1.527587558023153179e+03 2.924118279082321692e-01
1.526845736734090679e+03 2.769761785823214306e-01
1.526104281655965679e+03 2.709048043112028958e-01
1.525363925210653179e+03 2.930702465772827559e-01
1.524624057046590679e+03 3.015031137503411118e-01
1.523885043374715679e+03 2.842965219145033307e-01
1.523146762124715679e+03 3.056011798532817236e-01
1.522409335366903179e+03 2.683878395839969233e-01
1.521672518960653179e+03 2.838381011953426958e-01
1.520936434976278179e+03 2.823969038326549774e-01
1.520201083413778179e+03 3.024763680032950264e-01
1.519466586343465679e+03 2.886864386899120616e-01
1.518732699624715679e+03 2.973093629558375972e-01
1.517999545327840679e+03 2.841448637147866441e-01
1.517267489663778179e+03 2.906329547210897979e-01
1.516535922280965679e+03 3.059094585658116983e-01
1.515804965249715679e+03 2.866857025184246233e-01
1.515561679116903179e+03 2.718619736115249763e-01
1.515318392984090679e+03 2.790125143930864415e-01
1.515074984780965679e+03 2.961861954001528408e-01
1.515074862710653179e+03 3.065562283955682310e-01
1.514831820718465679e+03 3.036367919277224159e-01
1.514588778726278179e+03 2.920531696858450488e-01
1.514345492593465679e+03 2.853520629314845736e-01
1.513616854898153179e+03 2.933168358806915177e-01
1.512888949624715679e+03 2.921835757794287725e-01
1.512161776773153179e+03 2.845721709180382697e-01
1.511435458413778179e+03 2.946266461147603044e-01
1.510709750405965679e+03 2.889295127934470298e-01
1.509984774820028179e+03 3.106165246509315359e-01
1.509260531655965679e+03 2.898849371963286292e-01
1.508537020913778179e+03 2.963922163073102189e-01
1.507814242593465679e+03 3.171426778472568597e-01
1.507092196695028179e+03 2.946254436535090671e-01
1.506370883218465679e+03 2.825039212608388972e-01
1.505650302163778179e+03 3.128121098040848591e-01
1.504930575601278179e+03 2.815473096553543497e-01
1.504211337320028179e+03 2.961386154198198395e-01
1.503492953530965679e+03 2.951190956056797821e-01
1.502774237810634759e+03 2.862703562702624271e-01
1.502056086746285700e+03 3.102366642373252104e-01
1.501338791496960766e+03 2.844194942377576973e-01
1.500622107544081246e+03 3.072152431873850231e-01
1.499906157146936721e+03 3.062815653229232216e-01
1.499190940305526738e+03 2.860873130084967131e-01
1.498476334760562622e+03 2.861953623876100083e-01
1.497762585030622404e+03 3.166408884905594356e-01
1.497049446597127599e+03 2.816826019312636542e-01
1.496337163978656918e+03 2.906415720632496980e-01
1.495625492656631877e+03 2.963290557799452274e-01
1.494914554890341606e+03 3.011126923181608461e-01
1.494204228420496975e+03 2.828612351523515644e-01
1.493494757765676241e+03 2.960918953202317794e-01
1.492785898407301147e+03 2.857219625292602982e-01
1.492077772604660822e+03 3.021457849226082404e-01
1.491370380357755266e+03 2.987430062714675483e-01
1.490663599407295351e+03 2.951884256214160618e-01
1.489957552012570204e+03 3.088707083444626744e-01
1.489252238173579826e+03 3.212088810313764586e-01
1.488547657890324217e+03 2.994885787893674101e-01
1.487843688903514476e+03 2.791315009729199437e-01
1.487140453472439276e+03 2.866987032040310135e-01
1.486437829337809944e+03 2.922067318095567523e-01
1.485736061018204282e+03 2.688641656873189678e-01
1.485034903995044260e+03 2.810389607153051528e-01
1.484334480527619235e+03 2.972070171192159882e-01
1.483634668356639850e+03 2.945946333719032806e-01
1.482935712000684134e+03 2.991411371606795822e-01
1.482237244681885159e+03 2.956456070108059997e-01
1.481539633178109852e+03 3.008925017525241885e-01
1.480842632970780414e+03 2.791847454690390418e-01
1.480146244059896617e+03 3.046560214236485598e-01
1.479450710964036716e+03 2.993765675409137406e-01
1.478755666905333328e+03 2.868000458644025530e-01
1.478061478661653837e+03 3.058809320222400929e-01
1.477367901714419986e+03 2.919508932811665791e-01
1.476675058322920904e+03 2.983713533090308623e-01
1.475982826227867463e+03 2.763271767517135880e-01
1.475291327688548790e+03 2.868609529451837115e-01
1.474600440445675758e+03 3.020146840037913893e-01
1.473910286758537495e+03 3.005405063993022430e-01
1.473220744367844873e+03 2.875032117801398224e-01
1.472531935532887019e+03 2.896375465939595717e-01
1.471843860253664161e+03 2.927648793325812737e-01
1.471156396270886717e+03 2.918096133292397143e-01
1.470469665843844268e+03 2.666191810649979899e-01
1.469783546713247233e+03 2.776347294359798878e-01
1.469098038879095839e+03 2.882048852708959941e-01
1.468413264600679440e+03 2.923984170335138799e-01
1.467729223877997811e+03 2.867993496513286389e-01
1.467045794451761594e+03 2.804526604357699959e-01
1.466362976321971246e+03 2.833879658846013005e-01
1.465680891747915439e+03 2.919782224248735902e-01
1.464999418470305500e+03 2.924928246692600764e-01
1.464318678748430330e+03 2.953598425627350643e-01
1.463638550323000800e+03 2.788327631020011133e-01
1.462959155453306039e+03 3.034942570486997004e-01
1.462280371880056919e+03 2.881953639141418000e-01
1.461602199603253212e+03 2.852196556458046484e-01
1.460924638622895372e+03 2.861721735762303709e-01
1.460247933457561430e+03 2.832549091936312768e-01
1.459571717329384228e+03 2.747787478665345007e-01
1.458896234756941567e+03 3.101201281383235697e-01
1.458221363480944547e+03 2.946204555962606553e-01
1.457547225760682295e+03 2.858127309464529864e-01
1.456873699336865684e+03 3.089367973420866775e-01
1.456200784209494714e+03 2.976424483125377218e-01
1.455528602637858739e+03 2.924636693701518908e-01
1.454857032362668178e+03 2.853033072237936008e-01
1.454186073383923485e+03 3.098676211301060190e-01
1.453515725701624206e+03 3.078999641451771740e-01
1.452846233834348823e+03 2.932964990789711512e-01
1.452177231004230180e+03 2.874989239522974249e-01
1.451508839470557177e+03 2.669606884068509989e-01
1.450841181492618716e+03 2.837866054125383064e-01
1.450174134811126123e+03 2.995115699162147482e-01
1.449507699426078943e+03 2.868717221201652623e-01
1.448841997596766760e+03 2.994461471470226122e-01
1.448176907063900217e+03 2.927894371366093762e-01
1.447512305568190186e+03 2.829319955680111298e-01
1.446848559887504052e+03 3.000285835412883073e-01
1.446185303243974204e+03 3.044677609235286742e-01
1.445522902415468479e+03 2.697907490294105814e-01
1.444860868364830139e+03 3.211993700174389232e-01
1.444199567869926568e+03 2.932790120131943956e-01
1.443539000930757766e+03 2.756986114234290519e-01
1.442878923028745703e+03 2.837816489276588916e-01
1.442219578682468182e+03 2.731090940903395659e-01
1.441560845632636301e+03 3.142815986660979499e-01
1.440902723879250061e+03 2.746779665219191702e-01
1.440245091163020334e+03 2.790125962417907557e-01
1.439588436521103858e+03 2.807761212263640838e-01
1.439588314261814730e+03 2.846464501866237118e-01
1.439369592393561334e+03 2.784496002025309558e-01
1.439150748266018809e+03 2.665860657700189207e-01
1.438932148657054540e+03 2.566462548428098955e-01
1.438932026397765412e+03 2.643704678058546587e-01
1.438713426788801144e+03 2.990211693144310678e-01
1.438494949439126003e+03 2.694588273890654584e-01
1.438276594348739991e+03 2.889796376931618727e-01
1.438276472089450863e+03 2.699292444425189230e-01
1.438058116999064850e+03 2.846971800570405886e-01
1.437839884167968194e+03 2.809868280483336367e-01
1.437621651336871309e+03 2.698908202858584238e-01
1.437621529077582181e+03 2.698901188033828169e-01
1.437403173987196169e+03 2.832787058974559069e-01
1.437185185674677541e+03 2.590547208305634674e-01
1.436967319621448041e+03 2.863222462356000975e-01
1.436967197362158913e+03 2.615556607419325941e-01
1.436749209049640285e+03 2.744661023906789232e-01
1.436531220737121657e+03 2.606992624981939177e-01
1.436313476943181513e+03 2.716303962330641197e-01
1.436095733149241141e+03 2.805038697999733266e-01
1.435877989355300770e+03 2.662741826173528614e-01
1.435660367820649526e+03 2.729050478690373538e-01
1.435442868545287411e+03 2.745478851620434257e-01
1.435225369269925523e+03 2.643001998562434229e-01
1.435007869994563407e+03 2.750358090167376313e-01
1.434790615237779548e+03 2.758909259405747383e-01
1.434573238221706561e+03 2.828005912644563358e-01
1.434355983464922701e+03 2.816429941526101266e-01
1.434138850967428198e+03 2.886016372310553080e-01
1.433921840729222595e+03 2.819322499411212046e-01
1.433704830491016992e+03 2.702981957514914990e-01
1.433487820252811389e+03 2.790192851198374790e-01
1.433271054533184042e+03 2.586555365850431443e-01
1.433054166554267795e+03 2.728278938741021120e-01
1.432837400834640448e+03 2.547262483241592435e-01
1.432620757374302229e+03 2.495215512654245515e-01
1.432404236173253139e+03 2.744605696553881202e-01
1.432187714972204276e+03 2.653971260202445670e-01
1.431971193771155185e+03 2.631054286607730774e-01
1.431754794829395223e+03 2.747621757703891388e-01
1.431538518146924389e+03 2.669015383472169156e-01
1.431322241464453782e+03 2.397747109484333616e-01
1.431106087041272076e+03 2.506312456905891439e-01
1.430890054877379498e+03 2.454505431716983432e-01
1.430673900454198019e+03 2.692973286272745681e-01
1.430457868290305441e+03 3.075120944703069736e-01
1.430241836126412863e+03 2.921476372104075958e-01
1.430026170740387670e+03 2.991871117626215271e-01
1.429810383095073576e+03 2.978741086939125648e-01
1.429594717709048382e+03 2.997122362376837268e-01
1.429379174582312316e+03 2.749244536863683641e-01
1.429163509196287350e+03 3.127364608612229202e-01
1.428947966069551285e+03 2.784839798114997489e-01
1.428732545202104347e+03 2.945790706331936071e-01
1.428517246593946766e+03 2.965183637604984490e-01
1.428301947985788956e+03 3.060896135951065578e-01
1.428086649377631147e+03 3.173060010182844892e-01
1.427871473028762694e+03 2.975552003144524282e-01
1.427656541198472269e+03 2.993317438522042906e-01
1.427441364849603588e+03 2.938745171789635680e-01
1.427226433019313390e+03 3.186444328394142378e-01
1.427011623448312093e+03 2.995829024231502213e-01
1.426796813877310797e+03 2.953961641797110960e-01
1.426582004306309727e+03 2.971953605334336501e-01
1.426367316994597559e+03 3.123908518570901460e-01
1.426152751942174518e+03 2.918702926935839992e-01
1.425938186889751705e+03 3.039015959948432877e-01
1.425723744096617793e+03 3.048688968225070628e-01
1.425509301303484108e+03 3.042005434075883419e-01
1.425294980769639324e+03 2.948453812242757266e-01
1.425080660235794539e+03 3.056778694851039480e-01
1.424866461961239111e+03 2.865738808242469515e-01
1.424652141427394326e+03 3.026120296290398248e-01
1.424438309930706282e+03 2.902973426855257055e-01
1.424224233915439754e+03 2.847378996845689181e-01
1.424010280159462354e+03 3.096415099390658066e-01
1.423796448662774310e+03 2.834217452586471619e-01
1.423582617166086038e+03 2.889014677306107615e-01
1.423368907928687122e+03 3.268139394815104959e-01
1.423155076431998850e+03 2.855890382830740259e-01
1.422941733972467318e+03 3.152149417545071497e-01
1.422728146994357303e+03 2.854437873099766598e-01
1.422514682275536416e+03 2.947437532983599451e-01
1.422301217556715756e+03 2.859496123961986491e-01
1.422087997356473124e+03 3.110574222778406117e-01
1.421874654896941593e+03 2.938708162078250141e-01
1.421661434696698961e+03 2.953159302575227296e-01
1.421448214496456558e+03 3.060768011172674274e-01
1.421235238814792183e+03 2.931974564569430619e-01
1.421022263133128035e+03 2.900465870195049756e-01
1.420809287451463661e+03 3.146338333542151866e-01
1.420596556288377769e+03 2.952714625448578656e-01
1.420383580606713394e+03 2.920089872823154464e-01
1.420170971702916631e+03 3.138994803210554130e-01
1.419958240539830513e+03 3.001111048388117597e-01
1.419745753895322878e+03 3.099819404320019456e-01
1.419533144991525887e+03 3.012997336820441574e-01
1.419320658347018252e+03 3.211898508588119650e-01
1.419108293961799518e+03 2.818949205301352623e-01
1.418896051835870139e+03 3.030793261648149217e-01
1.418683809709940533e+03 2.973526712346412082e-01
1.418471567584011154e+03 3.046976572596804544e-01
1.418259325458081548e+03 3.023985708479935974e-01
1.418047450110019554e+03 2.922588271999876919e-01
1.417835330243379076e+03 2.908485431711410607e-01
1.417623332636027953e+03 2.991856070900143494e-01
1.417411579547254860e+03 2.804704691216678980e-01
1.417199826458481994e+03 2.971342218269937829e-01
1.416988073369708900e+03 3.163166840618894526e-01
1.416776320280936034e+03 3.107459620050399551e-01
1.416564811710741424e+03 2.974847354283767231e-01
1.416353303140546586e+03 3.017853478777475784e-01
1.416141794570351976e+03 3.038319492353560580e-01
1.415930408259446267e+03 3.082764848681930903e-01
1.415719021948540785e+03 2.686796586284576072e-01
1.415507880156213332e+03 2.898470358710978911e-01
1.415296616104596978e+03 2.976933959652897088e-01
1.415085474312269753e+03 3.286159727121578111e-01
1.414874332519942300e+03 2.852519258559639281e-01
1.414663435246193330e+03 3.119518771150788794e-01
1.414452537972444134e+03 2.854903349880915098e-01
1.414241640698695164e+03 2.946922787331983096e-01
1.414030865684235323e+03 2.841883402181163421e-01
1.413820212929064382e+03 2.952269524175522020e-01
1.413609437914604541e+03 3.064436513090755265e-01
1.413398662900144700e+03 3.135036324248332562e-01
1.413188376922841144e+03 3.028365960206327312e-01
1.412977846426959559e+03 3.048227023834430560e-01
1.412767438190366875e+03 2.826765879768308731e-01
1.412557029953774418e+03 3.023889664836301727e-01
1.412346866235760217e+03 2.913828347774303218e-01
1.412136702517745789e+03 3.097863421194738121e-01
1.411926538799731588e+03 3.090665688715939496e-01
1.411716375081717388e+03 3.034498321438682811e-01
1.411506455882281216e+03 2.870319689235007465e-01
1.411296536682845272e+03 3.040819084940620809e-01
1.411086617483409327e+03 3.257606810344877979e-01
1.410876698283973155e+03 2.874285310011066574e-01
1.410667023603115467e+03 2.770773130532082629e-01
1.410457348922257779e+03 3.103264394091105327e-01
1.410247796500688992e+03 3.106495873895690485e-01
1.410038121819831304e+03 2.929470937723311907e-01
1.409828813916841000e+03 2.999158975540590077e-01
1.409619261495272440e+03 3.045791771806887760e-01
1.409409953592281909e+03 2.833962595914574223e-01
1.409200645689291605e+03 2.879125137484902508e-01
1.408991460045590429e+03 3.011937473463398018e-01
1.408782274401889026e+03 3.263198628038657123e-01
1.408573211017476979e+03 3.044690614357825620e-01
1.408364147633064931e+03 2.994562211949519659e-01
1.408155206507942012e+03 3.098488039575427733e-01
1.407946265382818865e+03 3.023952970688560948e-01
1.407737446516985074e+03 2.849768331543445221e-01
1.407528627651151282e+03 2.922652233336464067e-01
1.407319931044606619e+03 3.104999967698497954e-01
1.407111356697350857e+03 2.925116133692369225e-01
1.406902782350095322e+03 2.853134682903998853e-01
1.406694208002839787e+03 3.018470251441275343e-01
1.406485755914873380e+03 2.994501414595542865e-01
1.406277548345485002e+03 3.030459594206682539e-01
1.406069096257518595e+03 3.221947071422021636e-01
1.405860888688130444e+03 3.169911162385161685e-01
1.405652681118742294e+03 3.069735664273888220e-01
1.405444595808643044e+03 2.988039476785941395e-01
1.405236510498544021e+03 3.040158626377215678e-01
1.405028547447734127e+03 2.955996134810575104e-01
1.404820584396924232e+03 2.835631232002461255e-01
1.404612865864692594e+03 2.796658256011192445e-01
1.404405025073171601e+03 2.994763094357176247e-01
1.404197184281650834e+03 3.154473972029913642e-01
1.403989588008708324e+03 3.062045483005443325e-01
1.403781991735765814e+03 3.270473017083412315e-01
1.403574517722112432e+03 3.026307892537387634e-01
1.403366921449169922e+03 3.090430432150616524e-01
1.403159569694805441e+03 3.113655356118780748e-01
1.402952340199730315e+03 3.385358621846839555e-01
1.402744988445366062e+03 2.996449026066411725e-01
1.402537758950290936e+03 3.067359791855517881e-01
1.402330529455215810e+03 3.006987625579808365e-01
1.402123544478718941e+03 2.879140633432093477e-01
1.401916559502221844e+03 3.041447190403984147e-01
1.401709574525724975e+03 3.127875760894229806e-01
1.401502589549228105e+03 3.125177745358733716e-01
1.401295726832020364e+03 2.945624848705555299e-01
1.401088986374101751e+03 3.166696563184873692e-01
1.400882368175472266e+03 3.097978735400669925e-01
1.400675749976842781e+03 3.163239711417165645e-01
1.400469131778213296e+03 2.945759278144176041e-01
1.400262635838872711e+03 3.082379110942153888e-01
1.400056262158821482e+03 3.063545207201639475e-01
1.399849766219481126e+03 2.978692690476618110e-01
1.399643514798719025e+03 2.884945779043269765e-01
1.399437263377956924e+03 2.864560392693555335e-01
1.399231134216483952e+03 3.205476632149258931e-01
1.399024882795721851e+03 3.251462489188738370e-01
1.398818875893538006e+03 3.015713074068764876e-01
1.398612991250643290e+03 2.945250484130079172e-01
1.398406862089170318e+03 2.940555476011879610e-01
1.398201099705564502e+03 3.006787521682933728e-01
1.397995215062669786e+03 3.011488533545340629e-01
1.397789452679064198e+03 3.217697090614654032e-01
1.397583934814036866e+03 3.001336104546482586e-01
1.397378294689720406e+03 3.161213049348515214e-01
1.397172654565403946e+03 2.873277954697512904e-01
1.396967014441087485e+03 3.123230616964050022e-01
1.396761863353927538e+03 2.885293144734872861e-01
1.396556467748189334e+03 2.790994828390226390e-01
1.396351072142451130e+03 3.069425435038070638e-01
1.396145921055291183e+03 2.926936321111217598e-01
1.395940769968131235e+03 3.165796448875998204e-01
1.395735618880971288e+03 2.952852985910129346e-01
1.395530590053100468e+03 3.064262696676655073e-01
1.395325561225229649e+03 3.011106036878136716e-01
1.395120654656647957e+03 3.051192307766012468e-01
1.394915870347355394e+03 2.861990507545079665e-01
1.394711086038062831e+03 3.147025872818259851e-01
1.394506301728770268e+03 3.006265421113185621e-01
1.394301517419477705e+03 3.015664831565068593e-01
1.394097099888052526e+03 3.025737211652204106e-01
1.393892560097338219e+03 2.917459640262611842e-01
1.393688020306623912e+03 3.062377690461430824e-01
1.393483602775198733e+03 3.029092258561819628e-01
1.393279307503062682e+03 2.789928128749193936e-01
1.393075012230926632e+03 3.028182163725199882e-01
1.392870839218079709e+03 3.351865527969239977e-01
1.392666666205232787e+03 3.200308239070394634e-01
1.392462493192385864e+03 2.945003629049799398e-01
1.392258564698117198e+03 2.986540288916489927e-01
1.392054513944559403e+03 2.946284224333035051e-01
1.391850585450290737e+03 3.155535493351692145e-01
1.391646656956022071e+03 2.962695544510484114e-01
1.391443095239620789e+03 2.951154731967283729e-01
1.391239289004641250e+03 2.731374610656120971e-01
1.391035605028950840e+03 3.126893835531652233e-01
1.390832043312549786e+03 2.735320180976719140e-01
1.390628481596148504e+03 3.006119521740876488e-01
1.390425042139036350e+03 2.883923597704362018e-01
1.390221602681924196e+03 2.963918598255145809e-01
1.390018285484101170e+03 3.061732410178827357e-01
1.389814968286278145e+03 3.040283617505875058e-01
1.389611895607033375e+03 3.065161916927945929e-01
1.389408700668499478e+03 3.182190580081284970e-01
1.389205505729965580e+03 3.020540153641143033e-01
1.389002433050720811e+03 3.061931026546260703e-01
1.388799482630765169e+03 2.973845132312483708e-01
1.388596654470098883e+03 3.089960302932990843e-01
1.388393826309432370e+03 3.183415139523976256e-01
1.388190998148765857e+03 2.921528606024105246e-01
1.387988292247388472e+03 2.857886249859337147e-01
1.387785708605300215e+03 3.011279859484947141e-01
1.387583002703922830e+03 3.091233425107650645e-01
1.387380541321123701e+03 3.028918212136620380e-01
1.387178079938324800e+03 3.033314610245128051e-01
1.386975618555525671e+03 3.020585686569008388e-01
1.386773279432015670e+03 3.201216862138877017e-01
1.386571062567794797e+03 2.943757818237991430e-01
1.386368723444284797e+03 3.257220948409644823e-01
1.386166628839353052e+03 3.010780749580778126e-01
1.385964534234421308e+03 2.944832307595657284e-01
1.385762561888778919e+03 2.930729312941473541e-01
1.385560589543136302e+03 2.993747666665547147e-01
1.385358617197493686e+03 2.939727848587627146e-01
1.385156767111140198e+03 2.991286393633112439e-01
1.384954917024786710e+03 3.053263974130863145e-01
1.384753311457011705e+03 2.838046559912086320e-01
1.384551583629947345e+03 2.909763834710657471e-01
1.384349978062172113e+03 3.040602417427442083e-01
1.384148372494396881e+03 3.238907970036176143e-01
1.383947011445199905e+03 3.086708834105710841e-01
1.383745528136714029e+03 3.053853667303406128e-01
1.383544167087517053e+03 2.955066880269481833e-01
1.383342806038320077e+03 3.130931121821240448e-01
1.383141689507701358e+03 3.074155640167858250e-01
1.382940572977082638e+03 3.073644848691425291e-01
1.382739334187175018e+03 3.219390963464751065e-01
1.382538339915845427e+03 3.122329206695797499e-01
1.382337345644515835e+03 3.206574341740989764e-01
1.382136473632475372e+03 3.041442459541259247e-01
1.381935601620435136e+03 3.011304807444752929e-01
1.381734729608394673e+03 2.999446717340258917e-01
1.381533979855643338e+03 3.004647833794107936e-01
1.381333230102892003e+03 2.991550745594268590e-01
1.381132724868719151e+03 2.919211936771634597e-01
1.380932219634546072e+03 3.052293473047623107e-01
1.380731714400372994e+03 3.144036573269338719e-01
1.380531209166199915e+03 3.107882116064433209e-01
1.380330826191316191e+03 3.047417189899535583e-01
1.380130565475721369e+03 3.219523859548322209e-01
1.379930304760126546e+03 3.105541334059797043e-01
1.379730044044531951e+03 3.051152127781093237e-01
1.379529905588226256e+03 3.313105865145121731e-01
1.379330011650498818e+03 3.152203712635426314e-01
1.379129995453482252e+03 3.084596118918212504e-01
1.378929979256465913e+03 2.866122461277466060e-01
1.378730085318738475e+03 3.146851222733689224e-01
1.378530191381011036e+03 3.152663090892411923e-01
1.378330419702572954e+03 2.857176674705161901e-01
1.378130770283423772e+03 3.218203642035278866e-01
1.377931120864274590e+03 3.059614602015485740e-01
1.377731593704414763e+03 3.218468731486119894e-01
1.377532066544554709e+03 3.238595330811469553e-01
1.377332661643983784e+03 2.982439026740467125e-01
1.377133256743413085e+03 2.947035249382767286e-01
1.376933851842842159e+03 3.040398555326952468e-01
1.376734569201560362e+03 3.247901030214229157e-01
1.376535286560278792e+03 3.083785175701947989e-01
1.376336248437575250e+03 3.026950520141149514e-01
1.376137088055582581e+03 3.306274031213353171e-01
1.375938049932879267e+03 3.089330424206274128e-01
1.375739011810175725e+03 3.054201687792924558e-01
1.375540095946761539e+03 3.147551549417644257e-01
1.375341424601925382e+03 3.049144552281279341e-01
1.375142630997800097e+03 3.009891700942996517e-01
1.374943837393675039e+03 3.223682908366630739e-01
1.374745166048838882e+03 3.184365938873028878e-01
1.374546494704002725e+03 3.179578378331691657e-01
1.374348067877745052e+03 3.266009206355412475e-01
1.374149518792198023e+03 3.149922385491518151e-01
1.373951091965940350e+03 3.057531698294525535e-01
1.373752665139682449e+03 3.145909087527730130e-01
1.373554360572713676e+03 3.111838177362602487e-01
1.373356178265034259e+03 3.087866859576461342e-01
1.373157873698065487e+03 2.951259188696002123e-01
1.372959813649675198e+03 2.907525819630661368e-01
1.372761753601284681e+03 3.055532693662638688e-01
1.372563693552894392e+03 3.033767746640945173e-01
1.372365878023082132e+03 3.140216447979594094e-01
1.372167940233980744e+03 3.070126231181430909e-01
1.371970124704168711e+03 3.208640929666461972e-01
1.371772186915067323e+03 3.105694591689686090e-01
1.371574615903833546e+03 3.093146855507423743e-01
1.371377044892599542e+03 2.890335862082101803e-01
1.371179473881365766e+03 2.977213288378408595e-01
1.370981902870131762e+03 3.045759235101452855e-01
1.370784331858897986e+03 3.040470689537265736e-01
1.370586883106953110e+03 2.986474996393185810e-01
1.370389678873586490e+03 2.980656917978384834e-01
1.370192352380930970e+03 2.979297219284997023e-01
1.369995148147564350e+03 3.127996040479154582e-01
1.369797943914197958e+03 3.060338103573395085e-01
1.369600861940120467e+03 3.045328568738979724e-01
1.369403902225332331e+03 3.253362446068770453e-01
1.369206697991965711e+03 3.310258357533006901e-01
1.369009860536466704e+03 3.035083915375022534e-01
1.368813023080967469e+03 3.228304431867434210e-01
1.368616185625468461e+03 3.151219016282277852e-01
1.368419470429258354e+03 3.027864490278436849e-01
1.368222755233048474e+03 3.112942754385814026e-01
1.368026040036838367e+03 3.028885382367342838e-01
1.367829569359206744e+03 3.184491844373344427e-01
1.367632976422285765e+03 3.020163576089507917e-01
1.367436505744654141e+03 3.105890872980061612e-01
1.367240279585600547e+03 2.983002846836899646e-01
1.367043808907968923e+03 3.107891311686876712e-01
1.366847582748915556e+03 3.127092968201270473e-01
1.366651234330572834e+03 3.063145402705317877e-01
1.366455130430808595e+03 3.078109001713310588e-01
1.366259148790333256e+03 3.120588218459183216e-01
1.366063044890569017e+03 3.118097381786485434e-01
1.365867063250093679e+03 3.141568365074671187e-01
1.365671081609618568e+03 3.092984669247244023e-01
1.365475222228432358e+03 2.945518421559834010e-01
1.365279607365824631e+03 3.146641110624123217e-01
1.365083747984638649e+03 3.041370304581975659e-01
1.364888133122030695e+03 3.147867375999486850e-01
1.364692396000133840e+03 3.015876298833328195e-01
1.364496903396815014e+03 2.905608088481317908e-01
1.364301410793496416e+03 2.961136538537926799e-01
1.364105918190177590e+03 3.105559030453660108e-01
1.363910547846148120e+03 3.136830207295614459e-01
1.363715177502118649e+03 3.056383493249446581e-01
1.363519929417378080e+03 2.918352836690272789e-01
1.363324681332637738e+03 3.105074732642099655e-01
1.363129555507186296e+03 2.987627831513677279e-01
1.362934551941024210e+03 3.145065123168389043e-01
1.362739303856283868e+03 3.067954921193094542e-01
1.362544422549410683e+03 2.989963717735479865e-01
1.362349541242537725e+03 2.944571398555532737e-01
1.362154782194953896e+03 3.169992608382763422e-01
1.361959900888080711e+03 3.007722459787681157e-01
1.361765141840496881e+03 3.106338052266265914e-01
1.361570382792912824e+03 3.236079289103083179e-01
1.361375746004618122e+03 3.069831482342713636e-01
1.361181231475612549e+03 3.126476746834156994e-01
1.360986839205895876e+03 3.184250013702814019e-01
1.360792324676890303e+03 2.945727928192932721e-01
1.360597932407173857e+03 2.891084528861920244e-01
1.360403540137457185e+03 3.148278034144140203e-01
1.360209147867740739e+03 3.052000688734390899e-01
1.360015122375891679e+03 2.985775291321546288e-01
1.359820974624753262e+03 2.987104174949167801e-01
1.359626826873615073e+03 3.104409698633119885e-01
1.359432801381766012e+03 3.028826681875024796e-01
1.359238775889916724e+03 3.084705686219105791e-01
1.359044872657356791e+03 3.154858007597046154e-01
1.358851091684085986e+03 2.993440876164162323e-01
1.358657188451525826e+03 3.045607869380954069e-01
1.358463407478255021e+03 2.983069727294910267e-01
1.358269748764273345e+03 3.019348437472579860e-01
1.358076090050291668e+03 3.191450134052840060e-01
1.357882553595598893e+03 2.977562313522061910e-01
1.357689017140906344e+03 3.055232515493642165e-01
1.357495602945502924e+03 3.041197082356954517e-01
1.357302188750099276e+03 3.142701555709671579e-01
1.357108774554695856e+03 3.071647618587338147e-01
1.356915482618581564e+03 3.020066552404823135e-01
1.356722312941756400e+03 3.035861514685144757e-01
1.356529143264931008e+03 3.210533664794261721e-01
1.356336095847394972e+03 2.826007145937157183e-01
1.356142926170569808e+03 3.071775196114874817e-01
1.355950001012322900e+03 3.154361695460166093e-01
1.355756953594786637e+03 3.116372854629862466e-01
1.355564272955117985e+03 3.306743796184081208e-01
1.355371347796871078e+03 3.142855980692271234e-01
1.355178544897913298e+03 3.092309208904257534e-01
1.354985864258244419e+03 3.326920957122433409e-01
1.354793183618575767e+03 3.040832929512799487e-01
1.354600747497485372e+03 2.947269695501729125e-01
1.354408189117105849e+03 3.163267884130016583e-01
1.354215630736726098e+03 3.031490883256441893e-01
1.354023194615635703e+03 3.047180295475057643e-01
1.353830758494545307e+03 3.048693963001947171e-01
1.353638444632744040e+03 3.116543009871919345e-01
1.353446375289521029e+03 3.099887542665141771e-01
1.353254183687008663e+03 3.231917969053679784e-01
1.353061992084496524e+03 3.048853321252479875e-01
1.352869922741273513e+03 3.197014808507775419e-01
1.352677853398050502e+03 3.065257976368016557e-01
1.352485906314116619e+03 2.931292324194717525e-01
1.352294081489471637e+03 3.046427930336072509e-01
1.352102256664826882e+03 3.133947450181781558e-01
1.351910431840182127e+03 3.126305634146862023e-01
1.351718607015537373e+03 3.212963246927175720e-01
1.351526904450181746e+03 3.032651231398082459e-01
1.351335201884826120e+03 3.119815029559823150e-01
1.351143866097337650e+03 3.029844983280420290e-01
1.350952285791271152e+03 3.140342500075851695e-01
1.350760827744493781e+03 3.098539109552436166e-01
1.350569491957005539e+03 2.951925729591202141e-01
1.350378156169517297e+03 3.216214576390947766e-01
1.350186820382029055e+03 2.993657270955685790e-01
1.349995729113118841e+03 3.270407883619039779e-01
1.349804515584919727e+03 3.066527548620461840e-01
1.349613424316009741e+03 2.981773833516096484e-01
1.349422333047099755e+03 3.197156692977911607e-01
1.349231364037478897e+03 3.067235561984535397e-01
1.349040395027858040e+03 2.968610996772498289e-01
1.348849548277526310e+03 3.097970787315649233e-01
1.348658823786483708e+03 3.166073341883994807e-01
1.348467977036151751e+03 3.055814631737625020e-01
1.348277252545109150e+03 3.144048533764908782e-01
1.348086650313355676e+03 3.065236526371035719e-01
1.347896048081602203e+03 3.148868039248387540e-01
1.347705568109137857e+03 3.016194185823463658e-01
1.347514965877384384e+03 3.392075517111333705e-01
1.347324608164209167e+03 2.918184573545686278e-01
1.347134250451033950e+03 3.155026327842948008e-01
1.346943892737858732e+03 3.034613776295090881e-01
1.346753657283972643e+03 3.225079559099125470e-01
1.346563544089375682e+03 3.147476817362716561e-01
1.346373430894778494e+03 2.819384154076678417e-01
1.346183317700181533e+03 2.985686132773057166e-01
1.345993326764873700e+03 3.153177719420242608e-01
1.345803335829565867e+03 3.255695986482608495e-01
1.345613344894258034e+03 3.158128209796001173e-01
1.345423598477528458e+03 3.142097805617849460e-01
1.345233729801509753e+03 3.011765520975667743e-01
1.345043983384780176e+03 3.131953788743610523e-01
1.344854359227339728e+03 3.089977927606568087e-01
1.344664612810610151e+03 2.965360016775466234e-01
1.344475110912458831e+03 2.955250894241630566e-01
1.344285486755018383e+03 3.194050021976989062e-01
1.344096229375445319e+03 3.186070274614246078e-01
1.343906727477293998e+03 2.960170302123463770e-01
1.343717347838431806e+03 3.048258617797091063e-01
1.343528090458858742e+03 3.168289883896584502e-01
1.343338833079285678e+03 3.189951928025702155e-01
1.343149697959001742e+03 3.144357747089774335e-01
1.342960562838717806e+03 3.262960317404101085e-01
1.342771549977722998e+03 3.120202322279537754e-01
1.342582414857439062e+03 3.200192295379578056e-01
1.342393524255733382e+03 3.183938611826495069e-01
1.342204633654027703e+03 3.080919883844885354e-01
1.342015743052322023e+03 2.973192339186171984e-01
1.341826974709905471e+03 2.927558868064967790e-01
1.341638328626778048e+03 3.210403001033454995e-01
1.341449682543650624e+03 3.124147176567893536e-01
1.341261036460523201e+03 2.871164134919328981e-01
1.341072390377395777e+03 2.988258994959799852e-01
1.340883866553557482e+03 2.912787591438231738e-01
1.340695464989008315e+03 3.021850604309115340e-01
1.340507063424459147e+03 3.165609540268858879e-01
1.340318784119199108e+03 3.269576852830201052e-01
1.340130504813939069e+03 3.086704790750737781e-01
1.339942225508679030e+03 3.152332438183809704e-01
1.339754068462708119e+03 3.036787378915962732e-01
1.339565911416737208e+03 3.003486012632024527e-01
1.339377754370766297e+03 3.012237590109926311e-01
1.339189841843373642e+03 3.058123786088517981e-01
1.339001929315980988e+03 2.878543739719133798e-01
1.338813894529299205e+03 2.938630156288268291e-01
1.338626104261195678e+03 3.161478991213787504e-01
1.338438313993092379e+03 2.913943603228595358e-01
1.322493991060506914e+03 3.149324111471780707e-01
1.322310968904679385e+03 3.325598178302115460e-01
1.322127946748852082e+03 3.323961028930705885e-01
1.321944924593024552e+03 3.171425127993821591e-01
1.321762146955775506e+03 3.411011251486008033e-01
1.304983771152745931e+03 3.165902644410018008e-01
1.304805761627772881e+03 3.120774162259262741e-01
1.304627874362088960e+03 3.119700858995386739e-01
1.304449987096404811e+03 3.274568973763308799e-01
1.304272099830720890e+03 3.119670398272297862e-01
1.287090268373562822e+03 3.060810402830576593e-01
1.286917515998022282e+03 3.108956988753110995e-01
1.286744641363192613e+03 3.266217121847701521e-01
1.286571888987652073e+03 3.219886639865135458e-01
1.286399136612111533e+03 3.254523796688951753e-01
1.286226506495860122e+03 2.958799431594136831e-01
1.286053876379608710e+03 3.007675843988647513e-01
1.285881246263357298e+03 3.325138852512489751e-01
1.285708738406395014e+03 2.967966113811628115e-01
1.285536230549432730e+03 3.022110183042611142e-01
1.285363967211048703e+03 3.153771488835583892e-01
1.285191581613375547e+03 3.207256488785544812e-01
1.285019196015702391e+03 3.136210581259808450e-01
1.284846932677318364e+03 3.226196643811332088e-01
1.284674669338934564e+03 3.169549338190448262e-01
1.284502528259839664e+03 3.207710862829826759e-01
1.284330387180744765e+03 2.925668564623626899e-01
1.284158246101649866e+03 3.097440563152403237e-01
1.283986227281844094e+03 3.109589934176621440e-01
1.283814208462038323e+03 3.092923206720304963e-01
1.283642311901521680e+03 3.412225835890204673e-01
1.283470415341005037e+03 3.035688032691865046e-01
1.283298518780488394e+03 3.220801050433122481e-01
1.283126744479260879e+03 3.311618275252041221e-01
1.282954970178033363e+03 3.132840918750217085e-01
1.282783440395384105e+03 3.508424328381172796e-01
1.282611788353445945e+03 3.246631885724050037e-01
1.282440136311507558e+03 3.209790210357539864e-01
1.282268606528858299e+03 3.352221898181741433e-01
1.282097199005498169e+03 3.249577249707794602e-01
1.281925669222848910e+03 3.257269347673879545e-01
1.281754261699488779e+03 3.115640499509720884e-01
1.281582854176128649e+03 2.951443146713091381e-01
1.281411568912057646e+03 3.138624828163464331e-01
1.281240283647986644e+03 3.235821171412520680e-01
1.281068998383915869e+03 2.960302237947196602e-01
1.280897957638423122e+03 3.198676714712330171e-01
1.280726794633641248e+03 3.361701577505571414e-01
1.280555631628859373e+03 3.203704264525047973e-01
1.280384713142655755e+03 3.319439541226475443e-01
1.280213672397163009e+03 3.053291693286685482e-01
1.280042876170248519e+03 3.093977269749380032e-01
1.279871957684045128e+03 3.025768936203629966e-01
1.279701161457130638e+03 3.195905101752881672e-01
1.279530365230216148e+03 3.221289758378007018e-01
1.279359691262590786e+03 3.450927190843563475e-01
1.279188895035676296e+03 3.033911886260647339e-01
1.279018343327340062e+03 3.219666232550432161e-01
1.278847669359714928e+03 3.296049129643760511e-01
1.278677239910667822e+03 3.167426268757276286e-01
1.278506688202331588e+03 3.226123164400592214e-01
1.278336258753284483e+03 3.033328287442454418e-01
1.278165829304237377e+03 3.217539800691843199e-01
1.277995522114479400e+03 3.261872043496717444e-01
1.277825214924721649e+03 3.229171345469013521e-01
1.277654907734963672e+03 3.150793744141081043e-01
1.277484722804494822e+03 3.072201786231824605e-01
1.277314537874025973e+03 3.070391415800863277e-01
1.277144597462135380e+03 3.223745136833950919e-01
1.276974534790955886e+03 3.017918275863541999e-01
1.276804472119776165e+03 3.079922281815163920e-01
1.276634531707885571e+03 3.204344767181911968e-01
1.276464713555284106e+03 3.265700358123659885e-01
1.276294773143393513e+03 3.168472012902950330e-01
1.276124954990792276e+03 3.289678707935168034e-01
1.275955136838190811e+03 2.975395288063296673e-01
1.275785440944878474e+03 3.224340418751071580e-01
1.275615745051566137e+03 3.147858482472725150e-01
1.275446049158254027e+03 2.869124191029121529e-01
1.275276597783519946e+03 3.087066362089319616e-01
1.275106901890207610e+03 3.210502351420619349e-01
1.274937450515473529e+03 3.179717631478096718e-01
1.274767999140739448e+03 3.168006869280765581e-01
1.274598670025294723e+03 3.220289820881833687e-01
1.274429218650560642e+03 3.252383800963026816e-01
1.274260011794404818e+03 3.139736277848781953e-01
1.274090804938248993e+03 3.271524532590552314e-01
1.273921598082093396e+03 3.201759992189986970e-01
1.273752513485226700e+03 3.152140597148834211e-01
1.273583428888360004e+03 3.089809587939578717e-01
1.273414466550782663e+03 3.152293109353667133e-01
1.273414344291493535e+03 3.090177149320959549e-01
1.273245381953915967e+03 2.934246714124960631e-01
1.273245259694626839e+03 3.182666474153736380e-01
1.273076541875627527e+03 3.166518002176091362e-01
1.273076419616338399e+03 2.995753746595721245e-01
1.272907579538049959e+03 3.196311856397192064e-01
1.272907457278760830e+03 3.180792018119906195e-01
1.272738617200472618e+03 3.102423644729124796e-01
1.272738494941183490e+03 3.164484278349383728e-01
1.272569654862895050e+03 3.133158435421479204e-01
1.272400937043895738e+03 3.118449922497237292e-01
1.272232219224896426e+03 3.072392383292902873e-01
1.272063501405897341e+03 3.087363512217232153e-01
1.271894905846187157e+03 3.317708732426449258e-01
1.271726310286476973e+03 3.099004108932077450e-01
1.271557714726767017e+03 3.160088643333901492e-01
1.271389241426345961e+03 3.129862108845263835e-01
1.271220768125924906e+03 3.084917202835510408e-01
1.271052417084793206e+03 3.210043724856690983e-01
1.270884066043661278e+03 2.791357185747051495e-01
1.270715715002529350e+03 3.180305059983368765e-01
1.270547608479975679e+03 3.260690802834417257e-01
1.270379379698133107e+03 3.188046167088581240e-01
1.270211150916290308e+03 3.193057866416614266e-01
1.270043044393736636e+03 3.273424358713903914e-01
1.269875060130472320e+03 3.089989976451454345e-01
1.269706953607918649e+03 3.096512659655167865e-01
1.269538969344654106e+03 3.228910073025771932e-01
1.269371107340678918e+03 3.341185123985862537e-01
1.269203245336703503e+03 3.248688154154752983e-01
1.269035383332728088e+03 3.305070244759881759e-01
1.268867521328752900e+03 3.246871516375384736e-01
1.268699903843355742e+03 3.487993782873011761e-01
1.268532164098669682e+03 3.550479948568457944e-01
1.268364424353983395e+03 3.312894550052748466e-01
1.268196929127875364e+03 3.053883435466655527e-01
1.268029311642478433e+03 3.165461475728293950e-01
1.267861816416370402e+03 3.208531554745547298e-01
1.267694321190262372e+03 3.236944771980173052e-01
1.267527070482732825e+03 3.218267414928911996e-01
1.267359575256624794e+03 3.183745740910329247e-01
1.267192202289805891e+03 3.356080439830888551e-01
1.267024951582276344e+03 3.341148881183716446e-01
1.266857700874746570e+03 3.264647601698001944e-01
1.266690572426506151e+03 3.110521163589629601e-01
1.266523566237554633e+03 3.100013281994488668e-01
1.266356437789313986e+03 3.135316224776518723e-01
1.266189431600362695e+03 2.930893948303914254e-01
1.266022425411411177e+03 3.336919976635200347e-01
1.265855419222459886e+03 3.233694048884801497e-01
1.265688535292797496e+03 3.246159681513831607e-01
1.265521651363135106e+03 3.142635151352279888e-01
1.265355011952051200e+03 3.234502982910247293e-01
1.265188128022388810e+03 3.363154912148184073e-01
1.265021366352015775e+03 3.274987627646298582e-01
1.264854726940931641e+03 3.252702286230886308e-01
1.264688087529847508e+03 3.210324596269257813e-01
1.264521570378052729e+03 3.113381729744286175e-01
1.264355053226257724e+03 3.209867390313062008e-01
1.264188536074462945e+03 3.196194270282845529e-01
1.264022141181957068e+03 3.185053287133616795e-01
1.263855746289451417e+03 3.155755483722910149e-01
1.263689351396945540e+03 3.291956772964560463e-01
1.263523078763728790e+03 3.089842919929196574e-01
1.263356806130512268e+03 3.181092065637664557e-01
1.263190655756584647e+03 3.223174128402192529e-01
1.263024383123368125e+03 3.153208174206394987e-01
1.262858355008729632e+03 3.178520034724713339e-01
1.262692204634802238e+03 3.142918323088603194e-01
1.262526176520163744e+03 3.258987445344306288e-01
1.262360270664814607e+03 3.216692992088896474e-01
1.262194364809465242e+03 3.112112362956945821e-01
1.262028458954116104e+03 3.104406400360565366e-01
1.261862553098766739e+03 2.967567002553400668e-01
1.261696891761995630e+03 3.119253942388606760e-01
1.261531230425224749e+03 3.146074064564200468e-01
1.261365446829164512e+03 3.405233014826396509e-01
1.261199785492393630e+03 2.999150409031386411e-01
1.261034246414911649e+03 3.099102251146326203e-01
1.260868707337429896e+03 3.195697581517524810e-01
1.260703168259947915e+03 3.257831089257469115e-01
1.260537629182466162e+03 2.907008258665744749e-01
1.260372212364273310e+03 3.227400287087266451e-01
1.260206917805369812e+03 3.034048224169011432e-01
1.260041500987176960e+03 3.067063021070147166e-01
1.259876328687562591e+03 3.244044793364154189e-01
1.259711034128658866e+03 3.058859522004729325e-01
1.259545861829044497e+03 3.326044268869753906e-01
