# Wavelength, Reflectance
1.644691322748891253e+03 1.867710319224205884e-01
1.643825233881703753e+03 3.806428404508603314e-01
1.642959999506703753e+03 2.554997903142245952e-01
1.642095741694203753e+03 3.384199412760128256e-01
1.641232338373891253e+03 1.601936026556610160e-01
1.640370033686391253e+03 2.398217310087747411e-01
1.639508583491078753e+03 2.912972845637895603e-01
1.638648109858266253e+03 2.876363787508284808e-01
1.637788490717641253e+03 2.897713307246590486e-01
1.636929970209828753e+03 2.531545235263805704e-01
1.636072304194203753e+03 2.811234475595175697e-01
1.635215614741078753e+03 2.146937080159694311e-01
1.634359901850453753e+03 2.821515336767116966e-01
1.633505043452016253e+03 2.172215461959413618e-01
1.632651161616078753e+03 2.653452739393873938e-01
1.631798134272328753e+03 2.230545938739863787e-01
1.630946083491078753e+03 2.499321765122217154e-01
1.630095009272328753e+03 2.678932297491473102e-01
1.629244789545766253e+03 2.162677139291623307e-01
1.628395546381703753e+03 2.603344850533666488e-01
1.627547157709828753e+03 2.728857620877870316e-01
1.626699745600453753e+03 3.031872487617424117e-01
1.625853310053578753e+03 2.812606839980973938e-01
1.625007851069203753e+03 2.909533183089301200e-01
1.624163124506703753e+03 2.602693404968988156e-01
1.623319496577016253e+03 2.335408829251324481e-01
1.622476601069203753e+03 2.480927204206615222e-01
1.621634804194203753e+03 2.598458214661839571e-01
1.620793739741078753e+03 2.175233726247720045e-01
1.619953773920766253e+03 2.213083650148623127e-01
1.619114540522328753e+03 2.301331678376086765e-01
1.618276283686391253e+03 2.253130232154508805e-01
1.617438881342641253e+03 2.853350636315668543e-01
1.616602455561391253e+03 2.487237914587585308e-01
1.615766884272328753e+03 2.486847870083883361e-01
1.614932289545766253e+03 2.527464025994181074e-01
1.614098671381703753e+03 2.622634577649471388e-01
1.613265785639516253e+03 2.007842388459800953e-01
1.612433876459828753e+03 1.952611008798848802e-01
1.611602821772328753e+03 2.299348924213018841e-01
1.610772743647328753e+03 2.071937143045076146e-01
1.609943520014516253e+03 2.220477983552542889e-01
1.609115150873891253e+03 2.244190419897641176e-01
1.608287758295766253e+03 1.897969305033402054e-01
1.607461098139516253e+03 2.545992440346938057e-01
1.606635414545766253e+03 2.523465438181330400e-01
1.605810707514516253e+03 2.364252111716360627e-01
1.604986854975453753e+03 2.942199629307394315e-01
1.604163734858266253e+03 2.434107790629076451e-01
1.603341591303578753e+03 2.259360319031608333e-01
1.602520424311391253e+03 2.436449272866347826e-01
1.601699989741078753e+03 2.231133562095886369e-01
1.600880531733266253e+03 2.524607400370051380e-01
1.600061928217641253e+03 2.621926332155094519e-01
1.599244179194203753e+03 2.645029367584587621e-01
1.598427284662953753e+03 2.567683491843482657e-01
1.597611122553578753e+03 2.254579682448078770e-01
1.596796303217641253e+03 2.197564951510197484e-01
1.595981972162953753e+03 2.193102533647240671e-01
1.595168495600453753e+03 2.165770566679205422e-01
1.594356117670766253e+03 2.629131465401835510e-01
1.593544350092641253e+03 2.711618585968209039e-01
1.592733559077016253e+03 2.404804776001084610e-01
1.591923744623891253e+03 2.494269603299493210e-01
1.591114662592641253e+03 2.481923706799846474e-01
1.590306557123891253e+03 2.267338658351759351e-01
1.589499062006703753e+03 2.166764777814471632e-01
1.588692421381703753e+03 2.194545632103221955e-01
1.587887001459828753e+03 2.772829906106392683e-01
1.587082191889516253e+03 2.387969328132901747e-01
1.586278236811391253e+03 2.492423912290521459e-01
1.585475258295766253e+03 2.576375406118490696e-01
1.584673012202016253e+03 2.559888162344976514e-01
1.583871620600453753e+03 2.549160009333670263e-01
1.583071205561391253e+03 2.166794338473782833e-01
1.582271522944203753e+03 2.192639029224897340e-01
1.581472816889516253e+03 2.640463773158029936e-01
1.580674721186391253e+03 2.413537200464857813e-01
1.579877479975453753e+03 2.470129729809119046e-01
1.579081337397328753e+03 2.290118043863881292e-01
1.578285805170766253e+03 2.274129536061107459e-01
1.577491249506703753e+03 2.224086292833381828e-01
1.576697548334828753e+03 2.220366716724185008e-01
1.575904579584828753e+03 2.560632992051967705e-01
1.575112343256703753e+03 2.405423758641161147e-01
1.574321083491078753e+03 2.261456718123365794e-01
1.573530678217641253e+03 2.392264409970795980e-01
1.572741127436391253e+03 2.344253864014880506e-01
1.571952309077016253e+03 2.374727186156345426e-01
1.571164223139516253e+03 2.504355513982749470e-01
1.570377235834828753e+03 2.608548007964974769e-01
1.569590858881703753e+03 2.070558974934507412e-01
1.568805580561391253e+03 2.128692609284762449e-01
1.568020790522328753e+03 2.638396776067403748e-01
1.567236977045766253e+03 2.278122562687348862e-01
1.566454018061391253e+03 2.733690436823878467e-01
1.565671791498891253e+03 2.310231251682872966e-01
1.564890419428578753e+03 2.537476268936483259e-01
1.564109901850453753e+03 2.526125791649523888e-01
1.563330238764516253e+03 2.437731797896133257e-01
1.562551186030141253e+03 2.361853153412470374e-01
1.561773109858266253e+03 2.443151785197438808e-01
1.560995888178578753e+03 2.567589061510485715e-01
1.560219398920766253e+03 2.861386865590488382e-01
1.559443642084828753e+03 2.513828094253264256e-01
1.558668739741078753e+03 2.374073652709508264e-01
1.557894813959828753e+03 2.792750282919363447e-01
1.557121498530141253e+03 2.587837274214098149e-01
1.556349037592641253e+03 2.500431299047334854e-01
1.555577309077016253e+03 2.235888285847324186e-01
1.554806557123891253e+03 2.662270306030459222e-01
1.554036415522328753e+03 2.516577710786003785e-01
1.553267250483266253e+03 2.889863823459914993e-01
1.553267128412953753e+03 2.503139131533044237e-01
1.553011024897328753e+03 2.502025711987888590e-01
1.552754799311391253e+03 2.550314753928345501e-01
1.552498817866078753e+03 2.526123956817769578e-01
1.552498695795766253e+03 2.212663090972892266e-01
1.552242836420766253e+03 2.403527907646594852e-01
1.551731117670766253e+03 2.637566990246840160e-01
1.550964271967641253e+03 2.422945856338405424e-01
1.550198158686391253e+03 2.666941753948068317e-01
1.549432899897328753e+03 2.410753086155357494e-01
1.548668495600453753e+03 2.260022903696572161e-01
1.547904701655141253e+03 2.441731196280436667e-01
1.547141762202016253e+03 2.341817378540499983e-01
1.546379677241078753e+03 2.297078671205178002e-01
1.545618446772328753e+03 2.244833282078285142e-01
1.544857826655141253e+03 2.386303020004278963e-01
1.544097938959828753e+03 2.439012274387995227e-01
1.543339027827016253e+03 2.509233976405171873e-01
1.542580971186391253e+03 2.655384717057328037e-01
1.541823524897328753e+03 2.465359995387748915e-01
1.541066811030141253e+03 2.353360458815792200e-01
1.540310951655141253e+03 2.332818072179756730e-01
1.539555824702016253e+03 2.559050636660239464e-01
1.538801674311391253e+03 2.537979955302576696e-01
1.538048134272328753e+03 2.370828711706566838e-01
1.537295326655141253e+03 2.205108623579479787e-01
1.536543373530141253e+03 2.640738369215364645e-01
1.535791908686391253e+03 2.562176797361467306e-01
1.535041786616078753e+03 2.477603812342837886e-01
1.534291908686391253e+03 2.421285901334181423e-01
1.533543129389516253e+03 2.270150144896263544e-01
1.532794960444203753e+03 2.516992164713312552e-01
1.532047523920766253e+03 2.363042418591994320e-01
1.531301063959828753e+03 2.396332523357186661e-01
1.530555214350453753e+03 2.497487029363100464e-01
1.529810097162953753e+03 2.598531246833387653e-01
1.529065712397328753e+03 2.476923622390975188e-01
1.528322182123891253e+03 2.623775068272520272e-01
1.527579140131703753e+03 2.561294016246316585e-01
1.526837318842641253e+03 2.569885470281876305e-01
1.526095863764516253e+03 2.366904883228839185e-01
1.525355507319203753e+03 2.136815242377642921e-01
1.524615639155141253e+03 2.535412921584058177e-01
1.523876625483266253e+03 2.437615602205591703e-01
1.523138344233266253e+03 2.340130821889636337e-01
1.522400917475453753e+03 2.614305227372924478e-01
1.521664101069203753e+03 2.271855122823109030e-01
1.520928017084828753e+03 2.513099649879159125e-01
1.520192665522328753e+03 2.665855573883870178e-01
1.519458168452016253e+03 2.389809550609762190e-01
1.518724281733266253e+03 2.469716076648368619e-01
1.517991127436391253e+03 2.243122146745981094e-01
1.517259071772328753e+03 2.583106285740837671e-01
1.516527504389516253e+03 2.228611478031636561e-01
1.515796547358266253e+03 2.570401787488255096e-01
1.515553261225453753e+03 2.772512590581002745e-01
1.515309975092641253e+03 2.427121886726457123e-01
1.515066566889516253e+03 2.447972204609767943e-01
1.515066444819203753e+03 2.382784532414206624e-01
1.514823402827016253e+03 2.604782481109346737e-01
1.514580360834828753e+03 2.522432052154748305e-01
1.514337074702016253e+03 2.219117279698453182e-01
1.513608437006703753e+03 2.460736695612774083e-01
1.512880531733266253e+03 2.524184610671803553e-01
1.512153358881703753e+03 2.481578536157283688e-01
1.511427040522328753e+03 2.501186385993178773e-01
1.510701332514516253e+03 2.592089206765486598e-01
1.509976356928578753e+03 2.490188367804698766e-01
1.509252113764516253e+03 2.535168265709705215e-01
1.508528603022328753e+03 2.299568647464185489e-01
1.507805824702016253e+03 2.719382448629549254e-01
1.507083778803578753e+03 2.690205129413829055e-01
1.506362465327016253e+03 2.673725980173328187e-01
1.505641884272328753e+03 2.297269874297178383e-01
1.504922157709828753e+03 2.827182724979380168e-01
1.504202919428578753e+03 2.614481460944040880e-01
1.503484535639516253e+03 2.565074042286505374e-01
1.502765934186406184e+03 2.440634758030700846e-01
1.502047907054190318e+03 2.412769485312654949e-01
1.501330735589309597e+03 2.523234002791071573e-01
1.500614175315382226e+03 2.490964854976570886e-01
1.499898348470599331e+03 2.474932162583022566e-01
1.499183255054960455e+03 2.514546634786443691e-01
1.498468772830275157e+03 2.289340588409647104e-01
1.497755146272924776e+03 2.489964968704053150e-01
1.497042130906528200e+03 2.339204028836174010e-01
1.496329971207466315e+03 2.399003515693756694e-01
1.495618422699358007e+03 2.432426899056089609e-01
1.494907607620393946e+03 2.558359865831363877e-01
1.494197403732383464e+03 2.806743557437355596e-01
1.493488055511707898e+03 2.271732999954348964e-01
1.492779318481985911e+03 2.676142195480803454e-01
1.492071314881408171e+03 2.657889990151270365e-01
1.491364044709974678e+03 2.713268247760977636e-01
1.490657385729494763e+03 2.576579914747132438e-01
1.489951460178159095e+03 2.338993580347440426e-01
1.489246268055967676e+03 2.540045709556805753e-01
1.488541809362920276e+03 2.398990606431060102e-01
1.487837961860826681e+03 2.337727244629021761e-01
1.487134847787877106e+03 2.538012707929213074e-01
1.486432344905881337e+03 2.645622114370548839e-01
1.485730697691220257e+03 2.702580410263243915e-01
1.485029661667512983e+03 2.667257372798619852e-01
1.484329359072949728e+03 2.271080632404282595e-01
1.483629667669340051e+03 2.589961419786482311e-01
1.482930831933065292e+03 2.270712145679433802e-01
1.482232485149553440e+03 2.417200438515018923e-01
1.481534994033376506e+03 2.502836529851191760e-01
1.480838114108153150e+03 2.504253151640509767e-01
1.480141845373883370e+03 2.531468443211941644e-01
1.479446432306948509e+03 2.380160675828899286e-01
1.478751508192776555e+03 2.531486318420540504e-01
1.478057439745939291e+03 2.229616078798853096e-01
1.477363982490055832e+03 2.578979970734132654e-01
1.476671258663316394e+03 2.703514909177702763e-01
1.475979146027530760e+03 2.677516080820053768e-01
1.475287766820889146e+03 2.546581506384593130e-01
1.474596998805201110e+03 2.580896976539485133e-01
1.473906964218657322e+03 2.602601018462807336e-01
1.473217540823067111e+03 2.549578952330792680e-01
1.472528850856621148e+03 2.136064851956600841e-01
1.471840894319319432e+03 2.334434427354171726e-01
1.471153548972971294e+03 2.441993169561600951e-01
1.470466937055767403e+03 2.554713542249295033e-01
1.469780936329517090e+03 2.552699211621294317e-01
1.469095546794220127e+03 2.731046276083557434e-01
1.468410890688067411e+03 2.605941605014536200e-01
1.467726968011059171e+03 2.584105861029078466e-01
1.467043656525004280e+03 2.591124506921347326e-01
1.466360956229902968e+03 2.364763611056756032e-01
1.465678989363945902e+03 2.364106465420229564e-01
1.464997633688942415e+03 2.515175622364168029e-01
1.464317011443083175e+03 2.517530675724959366e-01
1.463637000388177285e+03 2.601638064952425666e-01
1.462957722762415870e+03 2.561586781271589230e-01
1.462279056327608032e+03 2.453066233365596704e-01
1.461601001083753545e+03 2.467389357973211461e-01
1.460923557030852635e+03 2.515532208640180456e-01
1.460246968645286643e+03 2.337004585676362434e-01
1.459570869212483558e+03 2.672195733771720594e-01
1.458895503208824721e+03 2.394231557193232385e-01
1.458220748396119461e+03 2.482741720558363507e-01
1.457546727012558449e+03 2.505553134396480974e-01
1.456873316819950787e+03 2.362778775270829301e-01
1.456200517818296930e+03 2.318460005762781606e-01
1.455528452245787093e+03 2.435476187108832902e-01
1.454856997864230834e+03 2.523226271235244345e-01
1.454186154673628153e+03 2.309860753861209259e-01
1.453515922673979048e+03 2.621419099033966971e-01
1.452846546341664862e+03 2.602483233592816081e-01
1.452177658962113583e+03 2.704862543678202558e-01
1.451509382773515654e+03 2.723993175039871595e-01
1.450841840014062200e+03 2.292508625095593389e-01
1.450174908445562096e+03 2.338993592232865848e-01
1.449508588068015570e+03 2.368759108464211227e-01
1.448843001119613291e+03 2.565459070654465545e-01
1.448178025362164590e+03 2.625557587240599511e-01
1.447513538557478796e+03 2.261649471382659871e-01
1.446849907420127693e+03 2.379806284755650869e-01
1.446186765235539724e+03 2.552422165776697671e-01
1.445524478718286446e+03 2.353841999623709769e-01
1.444862558915605405e+03 2.723938992143120075e-01
1.444201372542068611e+03 2.489626739232065067e-01
1.443540919597676066e+03 2.378871616692440905e-01
1.442880955606046427e+03 2.356756340397687943e-01
1.442221725043561037e+03 2.533180366670858552e-01
1.441563105672028996e+03 2.552246224087243442e-01
1.440905097491450761e+03 2.316748857656639460e-01
1.440247578263635205e+03 2.307913757921033204e-01
1.439591036941345237e+03 2.374650394033177569e-01
1.439590914703154567e+03 2.422931597337122656e-01
1.439372230579978805e+03 2.409231818051046081e-01
1.439153424218612372e+03 2.600163524572228213e-01
1.438934862333627507e+03 2.243383605253965740e-01
1.438934740095436837e+03 2.243380065291792347e-01
1.438716178210451744e+03 2.398619295797975448e-01
1.438497738563657549e+03 2.211832777615262702e-01
1.438279421155053797e+03 2.550288183966544220e-01
1.438279298916863127e+03 2.264168458641204473e-01
1.438060981508259601e+03 2.498349975411296164e-01
1.437842786337846746e+03 2.356448023550197501e-01
1.437624591167433891e+03 2.130466665939325377e-01
1.437624468929243221e+03 2.082991628576193466e-01
1.437406151520639696e+03 2.274707271608827075e-01
1.437188200826608181e+03 2.016338476947448222e-01
1.436970372370767336e+03 2.307145831164683358e-01
1.436970250132576666e+03 2.378829751877525600e-01
1.436752299438545379e+03 2.351141961464097707e-01
1.436534348744513863e+03 2.442947205755472695e-01
1.436316642526863916e+03 2.510508541099397140e-01
1.436098936309213741e+03 2.362304755362338027e-01
1.435881230091563793e+03 2.424988588573400161e-01
1.435663646112104516e+03 2.440492170050699849e-01
1.435446184370835908e+03 2.343461080859074175e-01
1.435228722629567301e+03 2.547345141777477284e-01
1.435011260888298693e+03 2.430492908673299035e-01
1.434794043623411426e+03 2.288929162159192843e-01
1.434576704120333488e+03 2.677780578170311232e-01
1.434359486855446221e+03 2.772757423987429748e-01
1.434142391828749851e+03 2.490407723377434657e-01
1.433925419040243924e+03 2.314566870943625398e-01
1.433708446251738224e+03 2.248323639048208922e-01
1.433491473463232523e+03 2.592934931185818526e-01
1.433274745151108164e+03 2.172992034933191596e-01
1.433057894600792906e+03 2.230090657383022035e-01
1.432841166288668546e+03 2.239768374021984254e-01
1.432624560214734856e+03 2.054967365022732084e-01
1.432408076378992064e+03 1.749349012740573639e-01
1.432191592543249044e+03 2.154864937205836772e-01
1.431975108707506024e+03 2.076421381648269338e-01
1.431758747109953902e+03 1.946486739403666122e-01
1.431542507750592222e+03 2.235324827934138114e-01
1.431326268391230769e+03 2.029761498166975653e-01
1.431110151270059987e+03 2.212392797120951160e-01
1.430894156387079875e+03 2.121084157300367201e-01
1.430678039265908865e+03 2.365042497999010063e-01
1.430462044382928752e+03 2.337985533245544034e-01
1.430246049499948640e+03 2.053461092443239489e-01
1.430030421331540765e+03 2.482647248048737987e-01
1.429814670924941993e+03 2.457840343673922678e-01
1.429599042756533890e+03 2.531321696777435459e-01
1.429383536826316686e+03 2.330359614040163341e-01
1.429167908657908583e+03 2.393054323042733966e-01
1.428952402727691378e+03 2.553090782224220479e-01
1.428737019035664844e+03 2.570864355936541279e-01
1.428521757581828979e+03 2.706691560507349381e-01
1.428306496127993114e+03 2.437820028978139597e-01
1.428091234674157249e+03 2.782141395363575409e-01
1.427876095458512054e+03 2.422002006732049684e-01
1.427661200719248200e+03 2.516001889287850513e-01
1.427446061503603005e+03 2.498610585874679046e-01
1.427231166764339378e+03 2.727389282971303119e-01
1.427016394263266193e+03 2.739742941591342129e-01
1.426801621762193236e+03 2.468055203449823765e-01
1.426586849261120051e+03 2.748283437807911844e-01
1.426372198998237764e+03 2.766624454308186931e-01
1.426157670973546146e+03 2.658650657593587541e-01
1.425943142948854529e+03 2.507242891882763836e-01
1.425728737162353582e+03 2.479290675457416770e-01
1.425514331375852635e+03 2.609464853293444464e-01
1.425300047827542357e+03 2.438804086801597548e-01
1.425085764279232308e+03 2.494144481035514560e-01
1.424871602969112701e+03 2.715094783025455150e-01
1.424657319420802423e+03 2.544201784656222043e-01
1.424443524825255054e+03 2.640647702057012935e-01
1.424229485753326344e+03 2.571559449874120662e-01
1.424015568919588304e+03 2.422964291001772352e-01
1.423801774324040707e+03 2.634798945171537565e-01
1.423587979728493337e+03 2.638850867275114864e-01
1.423374307371136638e+03 2.338693408666817075e-01
1.423160512775589268e+03 2.477931162735821924e-01
1.422947207132804806e+03 2.511723959343084567e-01
1.422733657013638776e+03 2.553215138557889397e-01
1.422520229132663644e+03 2.672704850074374971e-01
1.422306801251688285e+03 2.727032915646744882e-01
1.422093617847094492e+03 2.760132213935023171e-01
1.421880312204309803e+03 2.437347419453400610e-01
1.421667128799716011e+03 2.463107473839669936e-01
1.421453945395122219e+03 2.398383582298873606e-01
1.421241006466909766e+03 2.745007065086312315e-01
1.421028067538697314e+03 2.284507100674351976e-01
1.420815128610484862e+03 2.566575809029045252e-01
1.420602434158653750e+03 2.530510947312374914e-01
1.420389495230441298e+03 2.551774773966492549e-01
1.420176923016801084e+03 2.635162483030305536e-01
1.419964228564969972e+03 2.631368300307095898e-01
1.419751778589520427e+03 2.543795033926900540e-01
1.419539206375880212e+03 2.540903059284915777e-01
1.419326756400430440e+03 2.686033360418262350e-01
1.419114428663171566e+03 2.659582146151458493e-01
1.418902223164103361e+03 2.507276323170709587e-01
1.418690017665035157e+03 2.648692103655052033e-01
1.418477812165966952e+03 2.597728368073911609e-01
1.418265606666898748e+03 2.549683727464253091e-01
1.418053767882402781e+03 2.359679669295697280e-01
1.417841684621525246e+03 2.759140811152202555e-01
1.417629723598838382e+03 2.424078402916392538e-01
1.417418007052533085e+03 2.546285096615500954e-01
1.417206290506227788e+03 2.734411703200697041e-01
1.416994573959922491e+03 2.552419616712366945e-01
1.416782857413616966e+03 2.519018437859679715e-01
1.416571385343693009e+03 2.456626311144691210e-01
1.416359913273769052e+03 2.428834142048908185e-01
1.416148441203845096e+03 2.543202361123180766e-01
1.415937091372112036e+03 2.746613362181404283e-01
1.415725741540378749e+03 2.707785910723602973e-01
1.415514636185026802e+03 2.485405918084853394e-01
1.415303408591484413e+03 2.578080352827251120e-01
1.415092303236132466e+03 2.623911095838259433e-01
1.414881197880780746e+03 2.415478092066557780e-01
1.414670337001810367e+03 2.496992377194826862e-01
1.414459476122839988e+03 2.677984857974109456e-01
1.414248615243869381e+03 2.796787748711671573e-01
1.414037876603089671e+03 2.561909536200722148e-01
1.413827260200500859e+03 2.570776453163040043e-01
1.413616521559721150e+03 2.750378339165566177e-01
1.413405782918941441e+03 2.795675761307908069e-01
1.413195533230924411e+03 2.535556647808870911e-01
1.412985039066526269e+03 2.565033284906747535e-01
1.412774667140318570e+03 2.582861482844273637e-01
1.412564295214111098e+03 2.571425244087346962e-01
1.412354167764284966e+03 2.401154959861801497e-01
1.412144040314458607e+03 2.519212441221280740e-01
1.411933912864632475e+03 2.684621353804464983e-01
1.411723785414806343e+03 2.792416848151306197e-01
1.411513902441361552e+03 2.743360146398847732e-01
1.411304019467916760e+03 2.561342927944942338e-01
1.411094136494472195e+03 2.707242081317300375e-01
1.410884253521027404e+03 2.519295387302853406e-01
1.410674615023963952e+03 2.852751297129457186e-01
1.410464976526900728e+03 2.491524253351138085e-01
1.410255460268027946e+03 2.744639807509709484e-01
1.410045821770964722e+03 2.601734461271823506e-01
1.409836549988473507e+03 2.708107929734351327e-01
1.409627033729600953e+03 2.261664104709968370e-01
1.409417761947109739e+03 2.612640134951678683e-01
1.409208490164618524e+03 2.693202039330302444e-01
1.408999340620317980e+03 2.439949928801450341e-01
1.408790191076017436e+03 2.629029130750222820e-01
1.408581163769907562e+03 2.712509912474545537e-01
1.408372136463797915e+03 2.691254533122066639e-01
1.408163231395878711e+03 2.671917786171645326e-01
1.407954326327959734e+03 2.551457912192114930e-01
1.407745543498231200e+03 2.792761464813310335e-01
1.407536760668502893e+03 2.434820332520730157e-01
1.407328100076965256e+03 2.622558980471622614e-01
1.407119561723618290e+03 2.741774112814686082e-01
1.406911023370271323e+03 2.675456070300131772e-01
1.406702485016924356e+03 2.567250964752691988e-01
1.406494068901768060e+03 2.730185900134379784e-01
1.406285897262993103e+03 2.548778386031341214e-01
1.406077481147837034e+03 2.561414613276660202e-01
1.405869309509062077e+03 2.655734463898177244e-01
1.405661137870287348e+03 3.065824670183288081e-01
1.405453088469703061e+03 2.698699695313514502e-01
1.405245039069119002e+03 2.570331779248343218e-01
1.405037111906725613e+03 2.792284368627008240e-01
1.404829184744331997e+03 2.563441696285332361e-01
1.404621502058320175e+03 2.346776825809445133e-01
1.404413697134117456e+03 2.597394680955151247e-01
1.404205892209914737e+03 2.696156845775269928e-01
1.403998331762093358e+03 2.858337044043524067e-01
1.403790771314271979e+03 2.779251375077324004e-01
1.403583333104641497e+03 2.616664170212049667e-01
1.403375772656820118e+03 2.698023978626231667e-01
1.403168456685380306e+03 2.604298190546585623e-01
1.402961262952130937e+03 2.403672429562233870e-01
1.402753946980691126e+03 2.548066038166312275e-01
1.402546753247441984e+03 2.634749401614838171e-01
1.402339559514192842e+03 2.491141751962535067e-01
1.402132610257325041e+03 2.960617447478965936e-01
1.401925661000457239e+03 2.438573880060234955e-01
1.401718711743589438e+03 2.495594909000278805e-01
1.401511762486721636e+03 2.893613043509614124e-01
1.401304935468044505e+03 2.707882097268123900e-01
1.401098230687558271e+03 2.446100874952291393e-01
1.400891648145262707e+03 2.703117826781080146e-01
1.400685065602966915e+03 2.584567262383394293e-01
1.400478483060671351e+03 2.634612300128920670e-01
1.400272022756566457e+03 2.741894385341909768e-01
1.400065684690652233e+03 2.509550480978836040e-01
1.399859224386547112e+03 2.503590279119266571e-01
1.399653008558823558e+03 2.609031351031221302e-01
1.399446792731100231e+03 2.549703410414791427e-01
1.399240699141567347e+03 2.625253841674019539e-01
1.399034483313843793e+03 2.789179637056769523e-01
1.398828511962501580e+03 2.660794674826961748e-01
1.398622662849350263e+03 2.992094844194009839e-01
1.398416569259817379e+03 2.736578077225864658e-01
1.398210842384856733e+03 2.589442847516161827e-01
1.398004993271705416e+03 2.634300559896223803e-01
1.397799266396744542e+03 2.700920223191728975e-01
1.397593783998165463e+03 2.743111093927654287e-01
1.397388179361395487e+03 2.581641369709946066e-01
1.397182574724625283e+03 2.572221463636363281e-01
1.396976970087855307e+03 2.540359133275737480e-01
1.396771854403848238e+03 2.539514671185132966e-01
1.396566494243459601e+03 2.827535852808442662e-01
1.396361134083071192e+03 2.607605739734066841e-01
1.396156018399063896e+03 2.763386406610905954e-01
1.395950902715056827e+03 2.757921989946768293e-01
1.395745787031049531e+03 2.658663214080309034e-01
1.395540793585233132e+03 2.737562953598672300e-01
1.395335800139416733e+03 2.444492677669037328e-01
1.395130928931791004e+03 2.626396384563579045e-01
1.394926179962355945e+03 2.390538235352116236e-01
1.394721430992920887e+03 2.981802680044870479e-01
1.394516682023485828e+03 2.595825600253326981e-01
1.394311933054050769e+03 2.715529602362199424e-01
1.394107550799187948e+03 2.667045609486393132e-01
1.393903046306134229e+03 2.471230311637372945e-01
1.393698541813080737e+03 2.487841217202302058e-01
1.393494159558217689e+03 2.634406592633453115e-01
1.393289899541545537e+03 2.601704836363995521e-01
1.393085639524873386e+03 2.723158418603811581e-01
1.392881501746391905e+03 2.779969980698729914e-01
1.392677363967910424e+03 2.631289188250394706e-01
1.392473226189428715e+03 2.998381251413034798e-01
1.392269332887328801e+03 2.847682008921399444e-01
1.392065317347037990e+03 2.680444974582369411e-01
1.391861424044937849e+03 2.549691530780558990e-01
1.391657530742837707e+03 2.617382300581256871e-01
1.391454004155309804e+03 2.704744823264976228e-01
1.391250233091400332e+03 2.575789721486820838e-01
1.391046584265681759e+03 2.509415524737289571e-01
1.390843057678153855e+03 2.768551645340938672e-01
1.390639531090625951e+03 2.808302095618383509e-01
1.390436126741288490e+03 2.862226398639114433e-01
1.390232722391951256e+03 2.666964536190269963e-01
1.390029440280804693e+03 2.901884972348609537e-01
1.389826158169658356e+03 2.714492977082401115e-01
1.389623120534893133e+03 2.894518850284986122e-01
1.389419960661937239e+03 2.727817815247919886e-01
1.389216800788981345e+03 2.877307031865808939e-01
1.389013763154216349e+03 2.778828060165313141e-01
1.388810847757641795e+03 2.494134429390566510e-01
1.388608054599258139e+03 2.610996002591209897e-01
1.388405261440874483e+03 2.724196504270411379e-01
1.388202468282490827e+03 2.654059018076026510e-01
1.387999797362297613e+03 2.748623035287230953e-01
1.387797248680295525e+03 2.610404049935143855e-01
1.387594577760102311e+03 2.817046567821818170e-01
1.387392151316290892e+03 2.505849356303694320e-01
1.387189724872479246e+03 2.677052185937744411e-01
1.386987298428667600e+03 2.574324605532736787e-01
1.386784994223046624e+03 2.717293183657750189e-01
1.386582812255616545e+03 2.479646190296987962e-01
1.386380508049995569e+03 2.727264072953503038e-01
1.386178448320756161e+03 2.584129544758366204e-01
1.385976388591516752e+03 2.472279825427757260e-01
1.385774451100468013e+03 2.508867292915233360e-01
1.385572513609419275e+03 2.666829345775239557e-01
1.385370576118370309e+03 2.940416139849975630e-01
1.385168760865512468e+03 2.755283533157664166e-01
1.384966945612654399e+03 2.715619999430818887e-01
1.384765374836177671e+03 2.578558169008188794e-01
1.384563681821510272e+03 2.561848542102553861e-01
1.384362111045033771e+03 2.551420633307947550e-01
1.384160540268557043e+03 2.560865551932427486e-01
1.383959213968461881e+03 2.496925200450790527e-01
1.383757765430175823e+03 2.581654753190018026e-01
1.383556439130080662e+03 2.617551469834900613e-01
1.383355112829985501e+03 2.496087065197798993e-01
1.383154031006271680e+03 2.670194452077149783e-01
1.382952949182557859e+03 2.539860266087075602e-01
1.382751745120653368e+03 2.498583203500765182e-01
1.382550785535130217e+03 2.693269088298974046e-01
1.382349825949607066e+03 2.679289157707983593e-01
1.382148988602274585e+03 2.690725385872267394e-01
1.381948151254942331e+03 2.658619882541155000e-01
1.381747313907609851e+03 2.564576492569433097e-01
1.381546598798468267e+03 2.441932934891073437e-01
1.381345883689326456e+03 2.819235326878259951e-01
1.381145413056566213e+03 2.530955553069105246e-01
1.380944942423805969e+03 2.506639345752192938e-01
1.380744471791045726e+03 2.711395949025187102e-01
1.380544001158285482e+03 2.547698096707666227e-01
1.380343652763715909e+03 2.603531723332502268e-01
1.380143426607337005e+03 2.825254996682794451e-01
1.379943200450958102e+03 2.562589692396480823e-01
1.379742974294579199e+03 2.705107809710627365e-01
1.379542870376391193e+03 2.692499530587093570e-01
1.379343010934584299e+03 2.752214930294177853e-01
1.379143029254586963e+03 2.765567719854274964e-01
1.378943047574589400e+03 2.597470716020118808e-01
1.378743188132782734e+03 2.847361131175334958e-01
1.378543328690976068e+03 2.628199928852772427e-01
1.378343591487359845e+03 2.747846274343619388e-01
1.378143976521934519e+03 2.509684139626843224e-01
1.377944361556509193e+03 2.628719296600646183e-01
1.377744868829274765e+03 2.760557650002185004e-01
1.377545376102040109e+03 2.903485539534835791e-01
1.377346005612996123e+03 2.725055310655419283e-01
1.377146635123952365e+03 2.575773638014680622e-01
1.376947264634908379e+03 2.675785362408840684e-01
1.376748016384055063e+03 2.722239891108531040e-01
1.376548768133201975e+03 2.868471457331419616e-01
1.376349764358730226e+03 2.792817790389359178e-01
1.376150638346067581e+03 2.677347419424462860e-01
1.375951634571595832e+03 2.716772394630324050e-01
1.375752630797124084e+03 2.596070084165077452e-01
1.375553749260843006e+03 2.856541206994883675e-01
1.375355112200943267e+03 2.619000772981168179e-01
1.375156352902853087e+03 2.905495977993861056e-01
1.374957593604762678e+03 2.771681272556473230e-01
1.374758956544862940e+03 2.837690653360175896e-01
1.374560319484963202e+03 2.714144228277879933e-01
1.374361926901445031e+03 2.494339052498675824e-01
1.374163412079736190e+03 2.243948114595990251e-01
1.373965019496217792e+03 2.689182824257342341e-01
1.373766626912699621e+03 2.566913091736190977e-01
1.373568356567372120e+03 2.754755503616767021e-01
1.373370208460235290e+03 2.895227889493191542e-01
1.373171938114907789e+03 2.725214468283607694e-01
1.372973912245961628e+03 2.605280356184905277e-01
1.372775886377015468e+03 2.680210851437643815e-01
1.372577860508069307e+03 2.647837335786464852e-01
1.372380079115504486e+03 2.715704150820424934e-01
1.372182175484749223e+03 2.671713911731918301e-01
1.371984394092184402e+03 2.442115442597138364e-01
1.371786490461429139e+03 2.538582785494034599e-01
1.371588953545245658e+03 2.533937495972292120e-01
1.371391416629062405e+03 2.685686000557294117e-01
1.371193879712879152e+03 2.672701710239887563e-01
1.370996342796695899e+03 2.383837539810031991e-01
1.370798805880512646e+03 2.592441231072940555e-01
1.370601391202520063e+03 2.752993503710223777e-01
1.370404221000908819e+03 2.763070595386791228e-01
1.370206928561106906e+03 2.953939423749846194e-01
1.370009758359495663e+03 2.658367774300580688e-01
1.369812588157884647e+03 2.686059790068312525e-01
1.369615540194464074e+03 2.687338659599790569e-01
1.369418614469234399e+03 2.705849583187554530e-01
1.369221444267623156e+03 2.895297793861011937e-01
1.369024640780584150e+03 2.679107680529227431e-01
1.368827837293545144e+03 2.669694247434340473e-01
1.368631033806506139e+03 2.789163821438406243e-01
1.368434352557657803e+03 2.636163433980230897e-01
1.368237671308809240e+03 2.657940864963589944e-01
1.368040990059960905e+03 2.573982158185902924e-01
1.367844553287494136e+03 2.683471434443412407e-01
1.367647994276836471e+03 2.772929631971503550e-01
1.367451557504369475e+03 2.773562366140810420e-01
1.367255365208284047e+03 2.875661543338141057e-01
1.367058928435817052e+03 2.971811537679557857e-01
1.366862736139731624e+03 2.622076445731776895e-01
1.366666421605455298e+03 2.695577588763275467e-01
1.366470351547560540e+03 2.589680376084608771e-01
1.366274403727856452e+03 2.996160178571452004e-01
1.366078333669961694e+03 2.692292859963749119e-01
1.365882385850257606e+03 2.676433811085576209e-01
1.365686438030553518e+03 2.889181786658081563e-01
1.365490612449040100e+03 2.935205801288021110e-01
1.365295031343908022e+03 2.842502442169762555e-01
1.365099205762394604e+03 2.726510824358744922e-01
1.364903624657262753e+03 2.559679656666460912e-01
1.364707921313940005e+03 2.465274430573640707e-01
1.364512462446998825e+03 2.678029756950885965e-01
1.364317003580057417e+03 2.857477657490832268e-01
1.364121544713116236e+03 2.767437468604946327e-01
1.363926208084365726e+03 2.723417465212139565e-01
1.363730871455614988e+03 2.515871514908475381e-01
1.363535657065055148e+03 2.694903591971224976e-01
1.363340442674495307e+03 2.836848418711366837e-01
1.363145350522126137e+03 2.766993579803438408e-01
1.362950380607947864e+03 2.812149907589586162e-01
1.362755166217388023e+03 2.675793554218608983e-01
1.362560318541400193e+03 2.624206714551201580e-01
1.362365470865412590e+03 2.529057595576607032e-01
1.362170745427615429e+03 2.667868507908747189e-01
1.361975897751627826e+03 2.553152213246896451e-01
1.361781172313830666e+03 2.657276921312503593e-01
1.361586446876033733e+03 2.717348277545176272e-01
1.361391843676427470e+03 2.887445372446638125e-01
1.361197362715011650e+03 2.578141214401367121e-01
1.361003003991786954e+03 2.965169445496299572e-01
1.360808523030371362e+03 2.752321453443153376e-01
1.360614164307146439e+03 2.748973911675754445e-01
1.360419805583921516e+03 2.796009285956106427e-01
1.360225446860696593e+03 2.645704757016242303e-01
1.360031454852043680e+03 2.598321492331679972e-01
1.359837340605200325e+03 2.834929087518681112e-01
1.359643226358356742e+03 2.565522150181026584e-01
1.359449234349704057e+03 2.776840369364511618e-01
1.359255242341051144e+03 2.558283109736232408e-01
1.359061372570589128e+03 2.812570618554051105e-01
1.358867625038317783e+03 2.650527947811549545e-01
1.358673755267855768e+03 2.674321704417858547e-01
1.358480007735584422e+03 2.552587700524406311e-01
1.358286382441503747e+03 2.723045062112701697e-01
1.358092757147423072e+03 2.958314238521638218e-01
1.357899254091533066e+03 2.857164356837000874e-01
1.357705751035643061e+03 2.762288618388032968e-01
1.357512370217943953e+03 2.675036700829143133e-01
1.357318989400244618e+03 2.690479871909676191e-01
1.357125608582545510e+03 2.604332867658075146e-01
1.356932350003036845e+03 2.717994909926760849e-01
1.356739213661719077e+03 2.702747511507580525e-01
1.356546077320401309e+03 2.602588141080473538e-01
1.356353063217274212e+03 2.638822790372704619e-01
1.356159926875956216e+03 2.859620562691946311e-01
1.355967035011020016e+03 3.028847664917897475e-01
1.355774020907892691e+03 2.794197452278591731e-01
1.355581373519337831e+03 2.819718305861941832e-01
1.355388481654401403e+03 2.780349813882839194e-01
1.355195712027655645e+03 2.927725811809139822e-01
1.355003064639100785e+03 2.744742055201889741e-01
1.354810417250545697e+03 2.606016516809487316e-01
1.354618014338372177e+03 2.828700827876025059e-01
1.354425489188007759e+03 2.581017122833286770e-01
1.354232964037643569e+03 2.874394095484285039e-01
1.354040561125470049e+03 2.728849894248775443e-01
1.353848158213296301e+03 2.502066542907679381e-01
1.353655877539313451e+03 2.629100187627357310e-01
1.353463841341711941e+03 2.983236292899461573e-01
1.353271682905919761e+03 2.921305894886339627e-01
1.353079524470127808e+03 2.816842177744317555e-01
1.352887488272526298e+03 2.713660771389699300e-01
1.352695452074924788e+03 2.756290815585993870e-01
1.352503538115513948e+03 2.486795208336915197e-01
1.352311746394294005e+03 2.653266103918312524e-01
1.352119954673073835e+03 2.823943486545066883e-01
1.351928162951853892e+03 2.749687495363097312e-01
1.351736371230633949e+03 2.837614354366801983e-01
1.351544701747604449e+03 2.819717068845400965e-01
1.351353032264575177e+03 2.742088492265501998e-01
1.351161729496117914e+03 2.625963813876870945e-01
1.350970182251279311e+03 2.989988302290982336e-01
1.350778757244631379e+03 2.621915230447842138e-01
1.350587454476174116e+03 2.960345020304409047e-01
1.350396151707717081e+03 2.834725790715342808e-01
1.350204848939259819e+03 2.788687741297579126e-01
1.350013790647183896e+03 2.993502450359612488e-01
1.349822610116917531e+03 2.843929028040816931e-01
1.349631551824841608e+03 2.697653853635497145e-01
1.349440493532765913e+03 2.492695560885612449e-01
1.349249557478880888e+03 2.846511367515677238e-01
1.349058621424995636e+03 2.722829580597577737e-01
1.348867807609301281e+03 2.742231157489691262e-01
1.348677116031797595e+03 2.806998462338701761e-01
1.348486302216103240e+03 2.935840760530620264e-01
1.348295610638599555e+03 2.694058039510095481e-01
1.348105041299286540e+03 2.842626959830493738e-01
1.347914471959973525e+03 2.783133330177114395e-01
1.347724024858851408e+03 2.577441815685814763e-01
1.347533455519538393e+03 2.619052499894711228e-01
1.347343130656606945e+03 2.807358608555840518e-01
1.347152805793675270e+03 2.505018592999966320e-01
1.346962480930743823e+03 2.784220133425612809e-01
1.346772278306002818e+03 2.523905140671082181e-01
1.346582197919452710e+03 2.840386304819787489e-01
1.346392117532902603e+03 2.739490877810682457e-01
1.346202037146352495e+03 2.658450403128736483e-01
1.346012078997993058e+03 2.765276317519344551e-01
1.345822120849633620e+03 2.748727652586340775e-01
1.345632162701274183e+03 2.565226337956049707e-01
1.345442449029296085e+03 2.546738029737827258e-01
1.345252613119127545e+03 2.570215306651333353e-01
1.345062899447149448e+03 2.699995724890105753e-01
1.344873308013362021e+03 2.645671441928856282e-01
1.344683594341384151e+03 2.777600242873485281e-01
1.344494125145787393e+03 2.556669557914675872e-01
1.344304533712000193e+03 2.627068082305342167e-01
1.344115308992785003e+03 2.885663020782929244e-01
1.343925839797188473e+03 2.497430549620061613e-01
1.343736492839782613e+03 2.670207601451922153e-01
1.343547268120567423e+03 2.571231937286923008e-01
1.343358043401352234e+03 2.411397557537048320e-01
1.343168940920327714e+03 2.812669777442431407e-01
1.342979838439303194e+03 2.547120040663483631e-01
1.342790858196469344e+03 2.700129612117277977e-01
1.342601755715444824e+03 2.610002581391960841e-01
1.342412897710801872e+03 2.793725736611393784e-01
1.342224039706158692e+03 2.870797802090314654e-01
1.342035181701515739e+03 2.545315866925561554e-01
1.341846445935063457e+03 2.551333604264282018e-01
1.341657832406801617e+03 2.825458246155322928e-01
1.341469218878540005e+03 2.824888935799750866e-01
1.341280605350278393e+03 2.843485914959117400e-01
1.341091991822016780e+03 2.701509120709071343e-01
1.340903500531945838e+03 2.731141651901231038e-01
1.340715131480065565e+03 2.701196233501199084e-01
1.340526762428185293e+03 2.506224413043554589e-01
1.340338515614495918e+03 2.714411477463681832e-01
1.340150268800806316e+03 2.620404281886722364e-01
1.339962021987116714e+03 2.671730022407426963e-01
1.339773897411618009e+03 2.776950559117058459e-01
1.339585772836119077e+03 2.609944011007571119e-01
1.339397648260620372e+03 2.479004799026476302e-01
1.339209768161503007e+03 2.520858698266918996e-01
1.339021888062385415e+03 2.506828434607359379e-01
1.338833885725077380e+03 2.497833384592685613e-01
1.338646127864150685e+03 2.821267301268854943e-01
1.338458370003223990e+03 2.784938594390530264e-01
1.322516798600297989e+03 3.011875932463330408e-01
1.322333808028809017e+03 2.944459007627989178e-01
1.322150817457319818e+03 2.857987637342337961e-01
1.321967826885830846e+03 2.809812722287234332e-01
1.321785080790722986e+03 2.966345740038771606e-01
1.305009600450790685e+03 3.070965532003199217e-01
1.304831621645120549e+03 2.933579917502926460e-01
1.304653765077641310e+03 2.634151472661984683e-01
1.304475908510161844e+03 2.849013867540607925e-01
1.304298051942682378e+03 2.831084533570313866e-01
1.287119185573415280e+03 2.808033178908802552e-01
1.286946463009945774e+03 2.986620182126835110e-01
1.286773618208285370e+03 2.690926551288861934e-01
1.286600895644815637e+03 2.790283322888776341e-01
1.286428173081345903e+03 2.635000390731450093e-01
1.286255572756067068e+03 2.855221533970546122e-01
1.286082972430788004e+03 2.797466699055409234e-01
1.285910372105508941e+03 2.977944361568074516e-01
1.285737894018420775e+03 2.645875797968753051e-01
1.285565415931332609e+03 3.089455906189109147e-01
1.285393182320625556e+03 3.074557558235644916e-01
1.285220826471728060e+03 2.940557405718223771e-01
1.285048470622830564e+03 2.628161425278397467e-01
1.284876237012123738e+03 2.797534743296232751e-01
1.284704003401416912e+03 2.683456171880487240e-01
1.284531892028900756e+03 2.789636426894295251e-01
1.284359780656384601e+03 3.038242948137838684e-01
1.284187669283868445e+03 2.765801900059173257e-01
1.284015680149542959e+03 2.715874848135945152e-01
1.283843691015217701e+03 2.729939099571215277e-01
1.283671824119082885e+03 2.895960793941395051e-01
1.283499957222948069e+03 2.969376914404218692e-01
1.283328090326813481e+03 2.792940811103919452e-01
1.283156345668869335e+03 2.955638758508769004e-01
1.282984601010925417e+03 2.794973080247838415e-01
1.282813100829362838e+03 2.853874777250182682e-01
1.282641478409609590e+03 2.846098459111378043e-01
1.282469855989856114e+03 3.041214333053085528e-01
1.282298355808293536e+03 3.117593843818829424e-01
1.282126977864921628e+03 2.932695840860414238e-01
1.281955477683359049e+03 2.521591105552649648e-01
1.281784099739987141e+03 2.753415406465492543e-01
1.281612721796615233e+03 2.684305404187120048e-01
1.281441466091433995e+03 2.658023611352155480e-01
1.281270210386252984e+03 2.731965011363111651e-01
1.281098954681071746e+03 2.909478011777049122e-01
1.280927943452271847e+03 2.544059901951899461e-01
1.280756809985281507e+03 2.694535537233361255e-01
1.280585676518290938e+03 2.743721455703664325e-01
1.280414787527681938e+03 2.773358609305046629e-01
1.280243776298882267e+03 2.803586532656135999e-01
1.280073009546463709e+03 2.737088434172549323e-01
1.279902120555854708e+03 2.852349779752809122e-01
1.279731353803436377e+03 2.569367439852637824e-01
1.279560587051018047e+03 2.743068250494312132e-01
1.279389942536790386e+03 2.736780347303311989e-01
1.279219175784372055e+03 2.928682957425985389e-01
1.279048653508335065e+03 2.490158579346094525e-01
1.278878008994107404e+03 2.883706522993110255e-01
1.278707608956261311e+03 2.861299545395764587e-01
1.278537086680224320e+03 2.679807813396648530e-01
1.278366686642377999e+03 2.932087948898127738e-01
1.278196286604531679e+03 2.573920917853602108e-01
1.278026008804876255e+03 2.729089130182146827e-01
1.277855731005220832e+03 2.727764909566053886e-01
1.277685453205565182e+03 2.707829238726700005e-01
1.277515297644100428e+03 2.825424631091423278e-01
1.277345142082635675e+03 2.882635332623187385e-01
1.277175230997552262e+03 2.683313277363592597e-01
1.277005197674277952e+03 2.837868236089929330e-01
1.276835164351003868e+03 2.915859480038318075e-01
1.276665253265920455e+03 2.777921896918372213e-01
1.276495464419027940e+03 2.580648731611083768e-01
1.276325553333944526e+03 2.871706850922564613e-01
1.276155764487051783e+03 2.888124308665345752e-01
1.275985975640159040e+03 2.885401302059465989e-01
1.275816309031456967e+03 2.767839425245175455e-01
1.275646642422755122e+03 2.612305126036052472e-01
1.275476975814053048e+03 2.574475311035452352e-01
1.275307553681732543e+03 2.926849530966554869e-01
1.275137887073030470e+03 2.651469044623577798e-01
1.274968464940709964e+03 3.102225902682624326e-01
1.274799042808389459e+03 2.615605254324915863e-01
1.274629742914259396e+03 2.777190523759181517e-01
1.274460320781938890e+03 2.758195306150269532e-01
1.274291143125999724e+03 2.892763410529492485e-01
1.274121965470060559e+03 2.747894056669853979e-01
1.273952787814121393e+03 2.682833966020709560e-01
1.273783732396372898e+03 2.875442240691428730e-01
1.273614676978624630e+03 2.621417122971493319e-01
1.273445743799066804e+03 2.973106232575369878e-01
1.273445621560876134e+03 2.855960729303688717e-01
1.273276688381318309e+03 2.855297781190124229e-01
1.273276566143127638e+03 2.972421852084862204e-01
1.273107877439951380e+03 2.718061426934130220e-01
1.273107755201760710e+03 2.835167666164966072e-01
1.272938944260393555e+03 2.619382579203337058e-01
1.272938822022202885e+03 2.912048328403560871e-01
1.272770011080835729e+03 2.677190011694364213e-01
1.272769888842645059e+03 2.891767751157794386e-01
1.272601077901278131e+03 2.832954231386707322e-01
1.272432389198101873e+03 2.872683258800864392e-01
1.272263700494925388e+03 2.697490475963031931e-01
1.272095011791749130e+03 2.794541867271318480e-01
1.271926445326763542e+03 2.870445729540337942e-01
1.271757878861777954e+03 2.888440616173025277e-01
1.271589312396792138e+03 3.121379222054543323e-01
1.271420868169997220e+03 2.907747059878391660e-01
1.271252423943202302e+03 2.616702812763412878e-01
1.271084101954598282e+03 2.832095669542722405e-01
1.270915779965994034e+03 3.027375732653743157e-01
1.270747457977389786e+03 2.950281499258382567e-01
1.270579380465167105e+03 2.816067425816322078e-01
1.270411180714753527e+03 2.781370790852181196e-01
1.270242980964339949e+03 2.883703607058641372e-01
1.270074903452117269e+03 2.748594057707133831e-01
1.269906948178085031e+03 2.889329665922212853e-01
1.269738870665862351e+03 2.915103557024004699e-01
1.269570915391830340e+03 3.039937547372691395e-01
1.269403082355988772e+03 2.923805633396248105e-01
1.269235249320147432e+03 3.122740415041461715e-01
1.269067416284306091e+03 3.349308516077740827e-01
1.268899583248464751e+03 3.450327020130251054e-01
1.268731994689004750e+03 3.429395570987964215e-01
1.268564283891354080e+03 3.187850305866777312e-01
1.268396573093703410e+03 3.054269722769383244e-01
1.268229106772434079e+03 2.815480352863293234e-01
1.268061518212974306e+03 2.881564837703982085e-01
1.267894051891704976e+03 2.740192770618191109e-01
1.267726585570435645e+03 3.052477222943681956e-01
1.267559363725547882e+03 2.754829770744459672e-01
1.267391897404278552e+03 2.771646876635476264e-01
1.267224553321200119e+03 2.948826311159891134e-01
1.267057331476312129e+03 3.027982130925508941e-01
1.266890109631424366e+03 2.990168528097869038e-01
1.266723010024727273e+03 2.972566573115201782e-01
1.266556032656220850e+03 2.997179484960311724e-01
1.266388933049523757e+03 2.862965688368331318e-01
1.266221955681017334e+03 2.744203881974217052e-01
1.266054978312510912e+03 2.742905011814700256e-01
1.265888000944004489e+03 3.024894599839120790e-01
1.265721145813688736e+03 3.016813220890195435e-01
1.265554290683372983e+03 2.983704890090712603e-01
1.265387680029438798e+03 3.139798563545755927e-01
1.265220824899123045e+03 2.732113033482336251e-01
1.265054092006997962e+03 2.822734649217343850e-01
1.264887481353063777e+03 2.909707702164668897e-01
1.264720870699129364e+03 2.729570067322635851e-01
1.264554382283385848e+03 2.981453939964622268e-01
1.264387893867642106e+03 2.982574775070697681e-01
1.264221405451898590e+03 2.969912514797492520e-01
1.264055039274345745e+03 2.602747686441514996e-01
1.263888673096792900e+03 3.001415209192234146e-01
1.263722306919239827e+03 2.731994980904985937e-01
1.263556062979877652e+03 2.894624309145630847e-01
1.263389819040515476e+03 2.612648751080301479e-01
1.263223697339344199e+03 2.707649580237684317e-01
1.263057453399982023e+03 2.781178325082942493e-01
1.262891453937001188e+03 2.736249655335861175e-01
1.262725332235829683e+03 2.772225617466469449e-01
1.262559332772848848e+03 2.836863806515034780e-01
1.262393455548058910e+03 2.994705495131791961e-01
1.262227578323268744e+03 2.835718903180895478e-01
1.262061701098478807e+03 2.803121447293676627e-01
1.261895823873688641e+03 2.714626940202315986e-01
1.261730191125280044e+03 2.594694932254718589e-01
1.261564558376871446e+03 2.953408938472537049e-01
1.261398803390271951e+03 2.906986784327472706e-01
1.261233170641863353e+03 2.810040921493142663e-01
1.261067660131645425e+03 2.874639547639628034e-01
1.260902149621427498e+03 2.936050181618687360e-01
1.260736639111209570e+03 2.796959342290918360e-01
1.260571128600991642e+03 2.654195459884525765e-01
1.260405740328964384e+03 2.764686977445148242e-01
1.260240474295128024e+03 2.799025133757512274e-01
1.260075086023100766e+03 3.056194466017508327e-01
1.259909942227454849e+03 2.706642274126702663e-01
1.259744676193618261e+03 2.669697765802795941e-01
1.259579532397972571e+03 2.867440604770883916e-01
