# Wavelength, Reflectance
1.644616287053409224e+03 3.675587881348735264e-01
1.643750198186221724e+03 2.594819982932195512e-01
1.642884963811221724e+03 3.472202857987146674e-01
1.642020705998721724e+03 3.557273855879722890e-01
1.641157302678409224e+03 1.885186569931122103e-01
1.640294997990909224e+03 3.392432816183557631e-01
1.639433547795596724e+03 2.686295397435646271e-01
1.638573074162784224e+03 3.090687523443096940e-01
1.637713455022159224e+03 3.123193971215836306e-01
1.636854934514346724e+03 2.456705296865600296e-01
1.635997268498721724e+03 3.162346279101087010e-01
1.635140579045596724e+03 3.490225522164787653e-01
1.634284866154971724e+03 2.423668275813962714e-01
1.633430007756534224e+03 3.347627766775537750e-01
1.632576125920596724e+03 3.208476536200465801e-01
1.631723098576846724e+03 2.883157778832794449e-01
1.630871047795596724e+03 3.429386825029407393e-01
1.630019973576846724e+03 2.811111979567613717e-01
1.629169753850284224e+03 2.579532990398561432e-01
1.628320510686221724e+03 2.444867152131109667e-01
1.627472122014346724e+03 3.021032969801856205e-01
1.626624709904971724e+03 2.807415024642270218e-01
1.625778274358096724e+03 2.292929689751834754e-01
1.624932815373721724e+03 2.540044427394668736e-01
1.624088088811221724e+03 2.702715090315081503e-01
1.623244460881534224e+03 2.627793808252013030e-01
1.622401565373721724e+03 2.968652736650337909e-01
1.621559768498721724e+03 2.832331999306539339e-01
1.620718704045596724e+03 2.710269930948372985e-01
1.619878738225284224e+03 2.702165850869447383e-01
1.619039504826846724e+03 2.713651469009810691e-01
1.618201247990909224e+03 2.869562309967779168e-01
1.617363845647159224e+03 2.944562851271644854e-01
1.616527419865909224e+03 2.579327436861238443e-01
1.615691848576846724e+03 2.417323495990479354e-01
1.614857253850284224e+03 2.509256431311333024e-01
1.614023635686221724e+03 2.369699011514611875e-01
1.613190749944034224e+03 2.946342189779279641e-01
1.612358840764346724e+03 3.128940046693016175e-01
1.611527786076846724e+03 2.814449563583755198e-01
1.610697707951846724e+03 2.858165301924315282e-01
1.609868484319034224e+03 2.432285209860794439e-01
1.609040115178409224e+03 2.741701634095770612e-01
1.608212722600284224e+03 2.845952358910783797e-01
1.607386062444034224e+03 2.719996821147870891e-01
1.606560378850284224e+03 2.820574622702456402e-01
1.605735671819034224e+03 2.683290962997895712e-01
1.604911819279971724e+03 2.724614791259417079e-01
1.604088699162784224e+03 2.708840733716849081e-01
1.603266555608096724e+03 2.200800402168719694e-01
1.602445388615909224e+03 2.749557611953054592e-01
1.601624954045596724e+03 2.918358644901343224e-01
1.600805496037784224e+03 2.287794329149435146e-01
1.599986892522159224e+03 2.601143051180453969e-01
1.599169143498721724e+03 2.780927577806130979e-01
1.598352248967471724e+03 2.733898140164043866e-01
1.597536086858096724e+03 3.035885543843167556e-01
1.596721267522159224e+03 2.761356432946364681e-01
1.595906936467471724e+03 2.290529699011470965e-01
1.595093459904971724e+03 2.880448053221231763e-01
1.594281081975284224e+03 2.923082818718080733e-01
1.593469314397159224e+03 2.882872180168079002e-01
1.592658523381534224e+03 3.010184853644940484e-01
1.591848708928409224e+03 2.535949013408457797e-01
1.591039626897159224e+03 2.414710210068329033e-01
1.590231521428409224e+03 3.081388651625948105e-01
1.589424026311221724e+03 3.087142043625235033e-01
1.588617385686221724e+03 2.706289588915176680e-01
1.587811965764346724e+03 2.723361325832913127e-01
1.587007156194034224e+03 2.587817650762426758e-01
1.586203201115909224e+03 2.802738308083041474e-01
1.585400222600284224e+03 2.573204691156246171e-01
1.584597976506534224e+03 2.909276977784975293e-01
1.583796584904971724e+03 2.564397040262026972e-01
1.582996169865909224e+03 2.765594633789834056e-01
1.582196487248721724e+03 2.855375471922635411e-01
1.581397781194034224e+03 3.085291373705452145e-01
1.580599685490909224e+03 2.927858483832920800e-01
1.579802444279971724e+03 2.359284548818133542e-01
1.579006301701846724e+03 2.287267502354749238e-01
1.578210769475284224e+03 2.499819151988308674e-01
1.577416213811221724e+03 2.736855421696834934e-01
1.576622512639346724e+03 2.988918904501696727e-01
1.575829543889346724e+03 2.861299177492958035e-01
1.575037307561221724e+03 2.613929757614079641e-01
1.574246047795596724e+03 2.753085532161478888e-01
1.573455642522159224e+03 2.388622605851922209e-01
1.572666091740909224e+03 2.636615438275345391e-01
1.571877273381534224e+03 2.933866313542464743e-01
1.571089187444034224e+03 2.332767516438011834e-01
1.570302200139346724e+03 2.549878469419832316e-01
1.569515823186221724e+03 2.637673901929926124e-01
1.568730544865909224e+03 2.445229565706839026e-01
1.567945754826846724e+03 2.682264892536772027e-01
1.567161941350284224e+03 2.888164259232380848e-01
1.566378982365909224e+03 2.633172931530130545e-01
1.565596755803409224e+03 3.096632078399007004e-01
1.564815383733096724e+03 2.309288260130131221e-01
1.564034866154971724e+03 2.756429495419869813e-01
1.563255203069034224e+03 2.744779537309785522e-01
1.562476150334659224e+03 2.572807232861730742e-01
1.561698074162784224e+03 3.093914466161850063e-01
1.560920852483096724e+03 3.118836624692464810e-01
1.560144363225284224e+03 2.735789461507593945e-01
1.559368606389346724e+03 2.859234270182364757e-01
1.558593704045596724e+03 2.618310433447065266e-01
1.557819778264346724e+03 2.562789801450445215e-01
1.557046462834659224e+03 2.691933859981605615e-01
1.556274001897159224e+03 2.703817047295800080e-01
1.555502273381534224e+03 2.740242758693950953e-01
1.554731521428409224e+03 3.026225448049338906e-01
1.553961379826846724e+03 2.862128270293967103e-01
1.553192214787784224e+03 3.227035829297699165e-01
1.553192092717471724e+03 2.683244024999631994e-01
1.552935989201846724e+03 2.709271086115267457e-01
1.552679763615909224e+03 2.655080321209687955e-01
1.552423782170596724e+03 2.655120794330909639e-01
1.552423660100284224e+03 2.980610429257268268e-01
1.552167800725284224e+03 2.869564610645464753e-01
1.551656081975284224e+03 2.916355567304470542e-01
1.550889236272159224e+03 2.620035213006403629e-01
1.550123122990909224e+03 2.679909675708514460e-01
1.549357864201846724e+03 2.821729262744590017e-01
1.548593459904971724e+03 3.162347092636061952e-01
1.547829665959659224e+03 2.882261227710340434e-01
1.547066726506534224e+03 3.061032976352529023e-01
1.546304641545596724e+03 2.718031263295830890e-01
1.545543411076846724e+03 3.108221406717890933e-01
1.544782790959659224e+03 2.394475278445443722e-01
1.544022903264346724e+03 2.585085220870320111e-01
1.543263992131534224e+03 2.715212901839779702e-01
1.542505935490909224e+03 2.771941656557482814e-01
1.541748489201846724e+03 2.664377526342976421e-01
1.540991775334659224e+03 2.832225604525776541e-01
1.540235915959659224e+03 2.376718415385521144e-01
1.539480789006534224e+03 2.687900994460617476e-01
1.538726638615909224e+03 2.692059489609449630e-01
1.537973098576846724e+03 2.771003373535654846e-01
1.537220290959659224e+03 2.687765567947281165e-01
1.536468337834659224e+03 2.515345124044355840e-01
1.535716872990909224e+03 2.662223847595096560e-01
1.534966750920596724e+03 2.699100884228743946e-01
1.534216872990909224e+03 3.089770256620800182e-01
1.533468093694034224e+03 2.810083071687256018e-01
1.532719924748721724e+03 2.824542307161535537e-01
1.531972488225284224e+03 2.808152179683510719e-01
1.531226028264346724e+03 2.506653835589535140e-01
1.530480178654971724e+03 2.667235029913138655e-01
1.529735061467471724e+03 2.889945182799055212e-01
1.528990676701846724e+03 2.885510629841249730e-01
1.528247146428409224e+03 2.743261331493234145e-01
1.527504104436221724e+03 3.004564734280950611e-01
1.526762283147159224e+03 2.733127942335616956e-01
1.526020828069034224e+03 2.735872342632466592e-01
1.525280471623721724e+03 2.760989675463162984e-01
1.524540603459659224e+03 2.827209763765866635e-01
1.523801589787784224e+03 2.794350312185670537e-01
1.523063308537784224e+03 2.584505525625611644e-01
1.522325881779971724e+03 2.842493735481174677e-01
1.521589065373721724e+03 2.558741018844497006e-01
1.520852981389346724e+03 2.905134306450802284e-01
1.520117629826846724e+03 2.977448748061608530e-01
1.519383132756534224e+03 2.593323900944393690e-01
1.518649246037784224e+03 2.732223121508884911e-01
1.517916091740909224e+03 2.576016933493127659e-01
1.517184036076846724e+03 2.587861148567879854e-01
1.516452468694034224e+03 2.584615005400150434e-01
1.515721511662784224e+03 2.675689151502336216e-01
1.515478225529971724e+03 2.633707676582240920e-01
1.515234939397159224e+03 3.149778261625390541e-01
1.514991531194034224e+03 2.757371262465281858e-01
1.514991409123721724e+03 2.806271033328734399e-01
1.514748367131534224e+03 3.007286494978870794e-01
1.514505325139346724e+03 2.693959966369539050e-01
1.514262039006534224e+03 3.187342713792389870e-01
1.513533401311221724e+03 2.942137326156085697e-01
1.512805496037784224e+03 2.597827005297683733e-01
1.512078323186221724e+03 3.038385917066155351e-01
1.511352004826846724e+03 3.133024574004521501e-01
1.510626296819034224e+03 2.747792030456703283e-01
1.509901321233096724e+03 2.878729026155281701e-01
1.509177078069034224e+03 2.978485956568446280e-01
1.508453567326846724e+03 2.956824542289193669e-01
1.507730789006534224e+03 3.038406021826668413e-01
1.507008743108096724e+03 2.858909961251149268e-01
1.506287429631534224e+03 2.961537184323525529e-01
1.505566848576846724e+03 2.798990603849599301e-01
1.504847122014346724e+03 2.779288238293481372e-01
1.504127883733096724e+03 2.893010478726936174e-01
1.503409499944034224e+03 2.996636694053317895e-01
1.502690485657752333e+03 2.851034713335625081e-01
1.501971950201471600e+03 3.087098214936821461e-01
1.501254271018291547e+03 2.767577443366912027e-01
1.500537203458755130e+03 2.876291012794477409e-01
1.499820869847590529e+03 2.396893763095080676e-01
1.499105270184798201e+03 3.194487191228039258e-01
1.498390282145649053e+03 2.867980853283635390e-01
1.497676150379600813e+03 3.046715503751896148e-01
1.496962630237196208e+03 2.803652065279070849e-01
1.496249966367892057e+03 2.699192430051822744e-01
1.495537914122231541e+03 2.736849451674751021e-01
1.494826595824943070e+03 2.853930771691948198e-01
1.494115889151297779e+03 2.890714580642627096e-01
1.493406038750753623e+03 2.747872622493544026e-01
1.492696799973852649e+03 2.866459506834206916e-01
1.491988295145323718e+03 3.015875184969499800e-01
1.491280524265167060e+03 2.765903699569885466e-01
1.490573365008653809e+03 2.949152277610695427e-01
1.489866939700512603e+03 3.093278479995610897e-01
1.489161248340743441e+03 3.227080679482328129e-01
1.488456290929346324e+03 2.886837640664460802e-01
1.487751945141592842e+03 2.930807837399259097e-01
1.487048333302211176e+03 2.831609860140159585e-01
1.486345333086473147e+03 2.711309404287307046e-01
1.485643189143835798e+03 2.921047826720809537e-01
1.484941656824841857e+03 2.833618837721998407e-01
1.484240858454220188e+03 2.578940865741846111e-01
1.483540671707241700e+03 3.058460104632445553e-01
1.482841341233364119e+03 2.914690728123729424e-01
1.482142500058401083e+03 3.102124583169797445e-01
1.481444515156538955e+03 3.078719855782171000e-01
1.480747141878320235e+03 3.031018616221860529e-01
1.480050380223744924e+03 2.797773177380025178e-01
1.479354474842270520e+03 2.987449723824090464e-01
1.478659058759710661e+03 2.749802515232572797e-01
1.477964498950251709e+03 2.943073234886853240e-01
1.477270550764435939e+03 2.851450479336870014e-01
1.476577336526992440e+03 2.943602277369502529e-01
1.475884733913192349e+03 2.840768525665051114e-01
1.475192865247764530e+03 2.912571765671381763e-01
1.474501608205979892e+03 2.804153929453186422e-01
1.473811085112567298e+03 2.924043488020303672e-01
1.473121173642798340e+03 2.936677161250162982e-01
1.472431996121401198e+03 3.058587235507526092e-01
1.471743552548376329e+03 2.497934673862435839e-01
1.471055720598994867e+03 2.985362498103523721e-01
1.470368622597985450e+03 2.897451723889826747e-01
1.469682136220619441e+03 3.106472169659329485e-01
1.468996261466897067e+03 3.144492503254920357e-01
1.468311120661546511e+03 2.743480724589488218e-01
1.467626713804568226e+03 2.813861390319700173e-01
1.466942918571233122e+03 2.704799647266999951e-01
1.466259734961541653e+03 3.017283600960447010e-01
1.465577285300222229e+03 2.992185045651320485e-01
1.464895447262546213e+03 2.878211042942757092e-01
1.464214343173242241e+03 2.905304585311538901e-01
1.463533850707581678e+03 3.069651277378777632e-01
1.462854092190293159e+03 2.577158272637213865e-01
1.462174945296648048e+03 3.021570160300232066e-01
1.461496410026646572e+03 2.941174848398414032e-01
1.460818486380288277e+03 2.854394117815325926e-01
1.460141419007030890e+03 2.537159147849396001e-01
1.459464840932688276e+03 2.728874875122471733e-01
1.458788996806717705e+03 2.904867590541576616e-01
1.458113764304390315e+03 2.817895409052329492e-01
1.457439265750435425e+03 2.985529687290035539e-01
1.456765378820123715e+03 2.776847782231220974e-01
1.456092103513455413e+03 2.728719588507657612e-01
1.455419562155159156e+03 2.857131883090369140e-01
1.454747632420506534e+03 2.718726822427923739e-01
1.454076314309497093e+03 2.954328636558402610e-01
1.453405607822131060e+03 2.827439252879119791e-01
1.452735757607865935e+03 2.899479743240706564e-01
1.452066396692515582e+03 3.061059734067783644e-01
1.451397647400808637e+03 2.837563714790635738e-01
1.450729632057473509e+03 2.886217124516361476e-01
1.450062228337782017e+03 2.742914825017302438e-01
1.449395436241733933e+03 3.043964344079860829e-01
1.448729378094057893e+03 2.972878272385812704e-01
1.448063931570025488e+03 2.918646307528918182e-01
1.447398974344907629e+03 2.781524186324235148e-01
1.446734873392890449e+03 2.839157511089841490e-01
1.446071261739788042e+03 2.575082695671278010e-01
1.445408506359786543e+03 2.531959181654064861e-01
1.444746117953970952e+03 2.969253745868636885e-01
1.444084463496527633e+03 2.883858268679049819e-01
1.443423542987456131e+03 2.678881595790507109e-01
1.442763111777299628e+03 2.863454178473842648e-01
1.442103414515515169e+03 2.838943606377411499e-01
1.441444328877373891e+03 2.941630680574906509e-01
1.440785854862876249e+03 2.684801523778833632e-01
1.440127870147293379e+03 2.747491506846371223e-01
1.439470864029539825e+03 2.921503679248791951e-01
1.439470741704811189e+03 2.494555910847122693e-01
1.439251902765198111e+03 2.394265899749612736e-01
1.439032941500856623e+03 2.683286232611045707e-01
1.438814224885972408e+03 2.531828350820751750e-01
1.438814102561243772e+03 2.850701820879902315e-01
1.438595385946359556e+03 3.049121976920461385e-01
1.438376791656203977e+03 2.843279625022735457e-01
1.438158319690777034e+03 2.743091940840204357e-01
1.438158197366048398e+03 2.690379891349091723e-01
1.437939725400621455e+03 2.764327690474865928e-01
1.437721375759923149e+03 2.554049808380360331e-01
1.437503026119225069e+03 2.463561307232380593e-01
1.437502903794496433e+03 2.804714288222311391e-01
1.437284431829069490e+03 2.676116448213755050e-01
1.437066326837828683e+03 2.706973165098077172e-01
1.436848344171316512e+03 2.738612069748561639e-01
1.436848221846587876e+03 2.606538547751376944e-01
1.436630116855347069e+03 2.787279637031910839e-01
1.436412011864106262e+03 2.862808634321768464e-01
1.436194151522322727e+03 2.937852233593315487e-01
1.435976291180539192e+03 2.590129215655203043e-01
1.435758430838755885e+03 2.503203308600938648e-01
1.435540692821700986e+03 2.810314195157042061e-01
1.435323077129374951e+03 2.860929921228179129e-01
1.435105461437048916e+03 2.721618665084873379e-01
1.434887845744722654e+03 2.958301732876610357e-01
1.434670474701853891e+03 2.724560382043636486e-01
1.434452981334256492e+03 2.900220828144642327e-01
1.434235610291387729e+03 2.770197418341990292e-01
1.434018361573247830e+03 2.736488214874578939e-01
1.433801235179836340e+03 2.829392168111776185e-01
1.433584108786425077e+03 2.617387651683142913e-01
1.433366982393013586e+03 2.527781683939466228e-01
1.433150100649059596e+03 2.498347401641572152e-01
1.432933096580376969e+03 2.640658888681049477e-01
1.432716214836422978e+03 2.619641280475475398e-01
1.432499455417197623e+03 2.157167162123242443e-01
1.432282818322700905e+03 2.425153243708651762e-01
1.432066181228204414e+03 2.519719903910805359e-01
1.431849544133707695e+03 2.432859400364152380e-01
1.431633029363939841e+03 2.202565198588832818e-01
1.431416636918900394e+03 2.491225148268176592e-01
1.431200244473861176e+03 2.653179599471203742e-01
1.430983974353550593e+03 2.662604749921097524e-01
1.430767826557968647e+03 2.899117437932585695e-01
1.430551556437658064e+03 2.150735729845325572e-01
1.430335408642076118e+03 2.966093250092066147e-01
1.430119260846494399e+03 2.476556580654688533e-01
1.429903480025098361e+03 2.785894303879420386e-01
1.429687576878973914e+03 2.834241334483850183e-01
1.429471796057578104e+03 2.868487156999680598e-01
1.429256137560910929e+03 2.960089022063876474e-01
1.429040356739514891e+03 3.249780550270359725e-01
1.428824698242847717e+03 2.966181779732962598e-01
1.428609162070909406e+03 3.033093061295545900e-01
1.428393748223699504e+03 3.017506515577861315e-01
1.428178334376489602e+03 2.739677850937158876e-01
1.427962920529279927e+03 2.957143325699919112e-01
1.427747629006798661e+03 2.917096295343487022e-01
1.427532582133774895e+03 2.925285669094488950e-01
1.427317290611293856e+03 2.641125691774561246e-01
1.427102243738270090e+03 2.851050535977969758e-01
1.426887319189974960e+03 3.153892819107872447e-01
1.426672394641679830e+03 2.727950787130672961e-01
1.426457470093384700e+03 3.018394288687373250e-01
1.426242667869818433e+03 3.377365587677251813e-01
1.426027987970980575e+03 2.989425235408396664e-01
1.425813308072142945e+03 2.940403282041228472e-01
1.425598750498033951e+03 3.030009787169977153e-01
1.425384192923924957e+03 2.839039924999420816e-01
1.425169757674544599e+03 2.886702457613893325e-01
1.424955322425164240e+03 3.020072164127248771e-01
1.424741009500512519e+03 3.173829097776117436e-01
1.424526574251132160e+03 2.862036173262660355e-01
1.424312628300666574e+03 2.873306384840229044e-01
1.424098437700743489e+03 2.602611817152834517e-01
1.423884369425549266e+03 3.036518995102640561e-01
1.423670423475083680e+03 3.106552310051138854e-01
1.423456477524617867e+03 2.993040790745558621e-01
1.423242653898880917e+03 2.992452081984118828e-01
1.423028707948415331e+03 2.813543667635929335e-01
1.422815251296864517e+03 2.875836254622975985e-01
1.422601549995856203e+03 2.802977476007674218e-01
1.422387971019576753e+03 2.961416613426362532e-01
1.422174392043297075e+03 2.926408833289270706e-01
1.421961057716474897e+03 2.938682487885346806e-01
1.421747601064924083e+03 3.152227944827237227e-01
1.421534266738101678e+03 3.035137127598732665e-01
1.421320932411279500e+03 3.102021085877801898e-01
1.421107842733914595e+03 2.876946928819598681e-01
1.420894753056549916e+03 2.996434605449191935e-01
1.420681663379185011e+03 3.125637738395478094e-01
1.420468818351277605e+03 3.038102593108645832e-01
1.420255728673912699e+03 2.942705000835651452e-01
1.420043005970733930e+03 3.344777804477686023e-01
1.419830160942826296e+03 3.078094905065368314e-01
1.419617560564376163e+03 2.907933044464783845e-01
1.419404837861197393e+03 2.880979100855029507e-01
1.419192237482747259e+03 2.925879121863129151e-01
1.418979759429025989e+03 2.897007519050723845e-01
1.418767403700033128e+03 2.986967538218521789e-01
1.418555047971040494e+03 3.075427507536349636e-01
1.418342692242047633e+03 2.806060263701710689e-01
1.418130336513054999e+03 2.751979074879481457e-01
1.417918347758248274e+03 2.820332113249710004e-01
1.417706114353984049e+03 2.869727070226983368e-01
1.417494003274448687e+03 2.799295128160734780e-01
1.417282136844370598e+03 2.936956953382694469e-01
1.417070270414292736e+03 3.030893163009939495e-01
1.416858403984214647e+03 3.062263568183355433e-01
1.416646537554136557e+03 2.859524258568618693e-01
1.416434915773515968e+03 2.931767732874541177e-01
1.416223293992895378e+03 3.278746935264153506e-01
1.416011672212274561e+03 3.074303673343732890e-01
1.415800172756382608e+03 3.113389949350119923e-01
1.415588673300490655e+03 3.163115822519809162e-01
1.415377418494056201e+03 2.889055381586312365e-01
1.415166041362892884e+03 2.968874395887710627e-01
1.414954786556458203e+03 3.019871250893377268e-01
1.414743531750023521e+03 3.190131352460837122e-01
1.414532521593046340e+03 2.972306875641455015e-01
1.414321511436069159e+03 3.104804767477226668e-01
1.414110501279091750e+03 2.954848764975793740e-01
1.413899613446843205e+03 2.952589697574942718e-01
1.413688847939323296e+03 3.034990304899682356e-01
1.413477960107074750e+03 3.023348234270671897e-01
1.413267072274826205e+03 3.146457256671640890e-01
1.413056673741492432e+03 2.806078806231341316e-01
1.412846030558701159e+03 2.791135699346231069e-01
1.412635509700638750e+03 3.000701503262440673e-01
1.412424988842576113e+03 2.964388118672049433e-01
1.412214712633970976e+03 2.894630001695163712e-01
1.412004436425365839e+03 3.198271797089911606e-01
1.411794160216760702e+03 3.045145065149174046e-01
1.411583884008155565e+03 3.213489213874254347e-01
1.411373852449007700e+03 3.133426908107782016e-01
1.411163820889860062e+03 2.952087221106344250e-01
1.410953789330712198e+03 2.832265613320879005e-01
1.410743757771564333e+03 3.094200309967880536e-01
1.410533970861873968e+03 2.877038511409653609e-01
1.410324183952183603e+03 3.085023192551807902e-01
1.410114519367221874e+03 2.918618830193006053e-01
1.409904732457531509e+03 3.039849034175494680e-01
1.409695312522027052e+03 3.039985834674071574e-01
1.409485647937065323e+03 2.918453056256543054e-01
1.409276228001560867e+03 3.006361511153695099e-01
1.409066808066056637e+03 3.051260484939551931e-01
1.408857510455280817e+03 2.909149034722193772e-01
1.408648212844505224e+03 3.050942057915081995e-01
1.408439037558458267e+03 3.121273694876147697e-01
1.408229862272411083e+03 2.931798545387613308e-01
1.408020809311092762e+03 2.861786343806370092e-01
1.407811756349774441e+03 2.653127871703134244e-01
1.407602825713184757e+03 2.897140288695066457e-01
1.407393895076595300e+03 2.803831249804588643e-01
1.407185086764734251e+03 3.229065160104741539e-01
1.406976400777602066e+03 2.865292143098182587e-01
1.406767714790469654e+03 3.054536149020202762e-01
1.406559028803337469e+03 3.029425201512372379e-01
1.406350465140933920e+03 2.951685518327548108e-01
1.406142146127987644e+03 3.079720177233422618e-01
1.405933582465584095e+03 3.093054744631273389e-01
1.405725263452637819e+03 2.677407426533326418e-01
1.405516944439691542e+03 3.155024661316313539e-01
1.405308747751473902e+03 2.955548191221661347e-01
1.405100551063256489e+03 3.051966511983926211e-01
1.404892476699767485e+03 2.870579363237725778e-01
1.404684402336278708e+03 2.903257535012032653e-01
1.404476572622247204e+03 3.089371706555892882e-01
1.404268620583487063e+03 2.895398169869743410e-01
1.404060668544726923e+03 3.126281596162275300e-01
1.403852961155424055e+03 2.787758875769931755e-01
1.403645253766121186e+03 2.887958487417862097e-01
1.403437668701546954e+03 2.990214527479889695e-01
1.403229961312244313e+03 2.843330433673132429e-01
1.403022498572398717e+03 3.261412474802958261e-01
1.402815158157281985e+03 2.869616482945808178e-01
1.402607695417436616e+03 3.126553317815388700e-01
1.402400355002319657e+03 3.152794456475557783e-01
1.402193014587202924e+03 2.776757623651083806e-01
1.401985918821543692e+03 3.183007618431320518e-01
1.401778823055884232e+03 2.714504704058693929e-01
1.401571727290224771e+03 3.161952515975963163e-01
1.401364631524565311e+03 3.152891464513633002e-01
1.401157658083634715e+03 2.895381266983975688e-01
1.400950806967432527e+03 3.131709222888467981e-01
1.400744078175959203e+03 2.911679864579779231e-01
1.400537349384485879e+03 2.850787725089342639e-01
1.400330620593012554e+03 3.199781619301743651e-01
1.400124014126267866e+03 3.004530921591693216e-01
1.399917529984251814e+03 3.083518186688661289e-01
1.399710923517507126e+03 2.859626831250999257e-01
1.399504561700219938e+03 2.764994847497801445e-01
1.399298199882932522e+03 3.079829558593302763e-01
1.399091960390373970e+03 3.023918527044491822e-01
1.398885598573086554e+03 2.925358442497648648e-01
1.398679481405256638e+03 3.228164115712698901e-01
1.398473486562155358e+03 2.494647584528517925e-01
1.398267247069596806e+03 2.913909410661179589e-01
1.398061374551224162e+03 3.124376086906563432e-01
1.397855379708122882e+03 3.079921282278345052e-01
1.397649507189750238e+03 2.941713774457899166e-01
1.397443879320835094e+03 3.106556088489121348e-01
1.397238129127191087e+03 3.113292698849131623e-01
1.397032378933547307e+03 3.007432683905884030e-01
1.396826628739903299e+03 3.162249367676140399e-01
1.396621367845174291e+03 3.161411870490178355e-01
1.396415862300987783e+03 3.008544049592214997e-01
1.396210356756801048e+03 3.213160457392026381e-01
1.396005095862072039e+03 2.816988274874002718e-01
1.395799834967342804e+03 3.023909303887035160e-01
1.395594574072613568e+03 2.936406505201192285e-01
1.395389435502613196e+03 3.217539070599705897e-01
1.395184296932612597e+03 3.293849359025334267e-01
1.394979280687340861e+03 3.092735390166271858e-01
1.394774386766797761e+03 3.137550550704120145e-01
1.394569492846254661e+03 3.065880883694203085e-01
1.394364598925711562e+03 3.036795586443943318e-01
1.394159705005168462e+03 2.673765530859144035e-01
1.393955178058811271e+03 2.903460781056966256e-01
1.393750528787725443e+03 3.085061795899549097e-01
1.393545879516639843e+03 2.703592608639021067e-01
1.393341352570282652e+03 2.632728346294097577e-01
1.393136947948654324e+03 2.806164866289178605e-01
1.392932543327025996e+03 3.248309047129844251e-01
1.392728261030126077e+03 3.214823033472190561e-01
1.392523978733226386e+03 2.832472704798080776e-01
1.392319696436326694e+03 2.984771433557301679e-01
1.392115658788884502e+03 2.962907826055954374e-01
1.391911498816713447e+03 2.966996284075366641e-01
1.391707461169271028e+03 3.125781610582223369e-01
1.391503423521828609e+03 3.108080610438870850e-01
1.391299752848572325e+03 3.135126113973930040e-01
1.391095837525858769e+03 2.848915066550444797e-01
1.390892044527873850e+03 3.174042065134128898e-01
1.390688373854617339e+03 3.278532553290018914e-01
1.390484703181361056e+03 3.039401813306175093e-01
1.390281154832833636e+03 3.170299513411862780e-01
1.390077606484305988e+03 3.069753552738915814e-01
1.389874180460506977e+03 3.049616920416369226e-01
1.389670754436707966e+03 3.217265516245624291e-01
1.389467573062366455e+03 3.161668014137584137e-01
1.389264269363296307e+03 2.950661311272890219e-01
1.389060965664225932e+03 3.000273627907952267e-01
1.388857784289884421e+03 3.099365630948432426e-01
1.388654725240271546e+03 3.037579576293047423e-01
1.388451788515387307e+03 2.907451154133754989e-01
1.388248851790503068e+03 3.057900907419732195e-01
1.388045915065618829e+03 3.028293181208356333e-01
1.387843100665463453e+03 3.017820802279500003e-01
1.387640408590036486e+03 2.840744975736704814e-01
1.387437594189881111e+03 2.861566781888520983e-01
1.387235024439182780e+03 2.983312217349358142e-01
1.387032454688484677e+03 2.773612449721539752e-01
1.386829884937786574e+03 3.058969187414851687e-01
1.386627437511817106e+03 2.816823196372689186e-01
1.386425112410576276e+03 3.256162746499380867e-01
1.386222664984606809e+03 2.827825355868038293e-01
1.386020462208094614e+03 3.114561888198348893e-01
1.385818259431582646e+03 2.965503124395770240e-01
1.385616178979799088e+03 2.767716494296214580e-01
1.385414098528015757e+03 3.038495502824122840e-01
1.385212018076232425e+03 3.153446126151807083e-01
1.385010059949177503e+03 3.066594930890306214e-01
1.384808101822122808e+03 3.142587396055816495e-01
1.384606388344525385e+03 3.014043756284740527e-01
1.384404552542199326e+03 2.877311352163954283e-01
1.384202839064601903e+03 2.983039400461369173e-01
1.384001125587004708e+03 2.779102693648367595e-01
1.383799656758864558e+03 3.254372453702671364e-01
1.383598065605995998e+03 2.992188114606726956e-01
1.383396596777855848e+03 3.077555289552579287e-01
1.383195127949715925e+03 2.962127154523377381e-01
1.382993903771033274e+03 2.960284012756373428e-01
1.382792679592350623e+03 3.034786408971975602e-01
1.382591333088939336e+03 2.797826459199518889e-01
1.382390231234985322e+03 3.307983672070838876e-01
1.382189129381031307e+03 3.245250883103245609e-01
1.381988149851805929e+03 2.900533259627429694e-01
1.381787170322580778e+03 2.961000529483270305e-01
1.381586190793355399e+03 2.809248560916465798e-01
1.381385333588858884e+03 2.955776154226837371e-01
1.381184476384362370e+03 3.091732358702595773e-01
1.380983863829323127e+03 2.790562916354295542e-01
1.380783251274283884e+03 3.193916908532645205e-01
1.380582638719244642e+03 2.731562409557964921e-01
1.380382026164205399e+03 2.670093947899251363e-01
1.380181535933894793e+03 3.207896449729517596e-01
1.379981168028312823e+03 2.701914819001807189e-01
1.379780800122731080e+03 3.021130917528614956e-01
1.379580432217149109e+03 2.875713234175677480e-01
1.379380186636296003e+03 2.906211197488819398e-01
1.379180185704900168e+03 3.087669568079576266e-01
1.378980062448775698e+03 2.981490840741677362e-01
1.378779939192651000e+03 2.721879436805319519e-01
1.378579938261255393e+03 3.052094835746794188e-01
1.378379937329859558e+03 3.141817215419163700e-01
1.378180058723192360e+03 3.112196422859809797e-01
1.377980302441253798e+03 3.152238216705037233e-01
1.377780546159315463e+03 3.119546298061828260e-01
1.377580912202105537e+03 3.124593553414728442e-01
1.377381278244895839e+03 3.236005161912630101e-01
1.377181766612414776e+03 3.368442537376810653e-01
1.376982254979933714e+03 3.178086677614639366e-01
1.376782743347452652e+03 3.101060942824560573e-01
1.376583354039700225e+03 2.867679294097267850e-01
1.376383964731947799e+03 3.316479667474911963e-01
1.376184820073652645e+03 3.351112436562536101e-01
1.375985553090628855e+03 3.029950146087518337e-01
1.375786408432333928e+03 3.028118694628659791e-01
1.375587263774038774e+03 2.988066276619980588e-01
1.375388241440472484e+03 2.639862546456689385e-01
1.375189463756363466e+03 3.036048647317487470e-01
1.374990563747525812e+03 3.213563245738498830e-01
1.374791663738688158e+03 3.016127738204569808e-01
1.374592886054579139e+03 3.115803220433456255e-01
1.374394108370470121e+03 2.954835540910206726e-01
1.374195575335818376e+03 2.967498488153351710e-01
1.373996919976438221e+03 2.897692091577716567e-01
1.373798386941786475e+03 2.927307428181937232e-01
1.373599853907134957e+03 3.142612008180344363e-01
1.373401443197211847e+03 3.188278302684418031e-01
1.373203154812017601e+03 2.923651205381911367e-01
1.373004744102094719e+03 2.968280235175916881e-01
1.372806578041629109e+03 3.115187280934915148e-01
1.372608411981163499e+03 2.844274694097396750e-01
1.372410245920697889e+03 2.735062049382046001e-01
1.372212324509689779e+03 2.881613685386532620e-01
1.372014280773952805e+03 2.904544292494350977e-01
1.371816359362944695e+03 3.241405757158293821e-01
1.371618315627207721e+03 3.255464258144308842e-01
1.371420638865656883e+03 3.347129957193487604e-01
1.371222962104106045e+03 3.108773099342156954e-01
1.371025285342555208e+03 3.095281654821424033e-01
1.370827608581004370e+03 2.820433786715155766e-01
1.370629931819453304e+03 3.151099681064197244e-01
1.370432377382631330e+03 3.403634561308290229e-01
1.370235067595266401e+03 2.935854988993885084e-01
1.370037635483172835e+03 2.934357750882406468e-01
1.369840325695808133e+03 2.748445871235381532e-01
1.369643015908443203e+03 2.805153691114530279e-01
1.369445828445807138e+03 2.924903884851334790e-01
1.369248763307899708e+03 2.896475175200660113e-01
1.369051453520535006e+03 3.107166306401878408e-01
1.368854510707356212e+03 3.128271732452598819e-01
1.368657567894177419e+03 3.069240626994479415e-01
1.368460625080998625e+03 3.083762258377133469e-01
1.368263804592548468e+03 3.102104485169223658e-01
1.368066984104098538e+03 2.864761554575834257e-01
1.367870163615648380e+03 3.317890333559350702e-01
1.367673587776655722e+03 3.084657476233790829e-01
1.367476889612934201e+03 3.232996531773919546e-01
1.367280313773941543e+03 3.209406251311276437e-01
1.367083982584406158e+03 3.156867790912062932e-01
1.366887406745413500e+03 3.027719596303241612e-01
1.366691075555878115e+03 3.228981551346397638e-01
1.366494622041614093e+03 3.218078974160010208e-01
1.366298413176807344e+03 3.122865501367042551e-01
1.366102326636729458e+03 3.106672334623358234e-01
1.365906117771922709e+03 3.188852859631887693e-01
1.365710031231844823e+03 3.028145982424539917e-01
1.365513944691766710e+03 3.171362756698293262e-01
1.365317980476417461e+03 2.913810124304908045e-01
1.365122260910525483e+03 2.997663512335931313e-01
1.364926296695176234e+03 3.009465002815213674e-01
1.364730577129284256e+03 2.894407341927384691e-01
1.364534735238663643e+03 3.052631793649850933e-01
1.364339137997500529e+03 3.149597210758133814e-01
1.364143540756337188e+03 2.950309248363216508e-01
1.363947943515173847e+03 2.991611664815303495e-01
1.363752468598739370e+03 3.154775892307279395e-01
1.363556993682304665e+03 2.993049280140938628e-01
1.363361641090598823e+03 3.241751315086812690e-01
1.363166288498892982e+03 2.876179550034509425e-01
1.362971058231915777e+03 3.441717961838230422e-01
1.362775950289667207e+03 3.155252976538234222e-01
1.362580597697961366e+03 3.026153398224108448e-01
1.362385612080441433e+03 3.159272936170185453e-01
1.362190626462921728e+03 2.980913887695051390e-01
1.361995763170130431e+03 3.208078014458602967e-01
1.361800777552610725e+03 3.055911553242745549e-01
1.361605914259819428e+03 3.007171204150449473e-01
1.361411050967028359e+03 2.956776003560285249e-01
1.361216309998965926e+03 3.194897660895203440e-01
1.361021691355632129e+03 2.989805400745499941e-01
1.360827195037026968e+03 3.117107429517589345e-01
1.360632576393693171e+03 3.234321314278740256e-01
1.360438080075088010e+03 3.207142147248717712e-01
1.360243583756482849e+03 2.809868565708537047e-01
1.360049087437877915e+03 2.947099710986118559e-01
1.359854958093458663e+03 3.323624678049852954e-01
1.359660706424311002e+03 2.848627286622569255e-01
1.359466454755163340e+03 3.263118298217878022e-01
1.359272325410744088e+03 3.262531028034436065e-01
1.359078196066325063e+03 3.063435832735884046e-01
1.358884189046634674e+03 3.019404530160291200e-01
1.358690304351672921e+03 3.189857715954351747e-01
1.358496297331982760e+03 2.958178548440154043e-01
1.358302412637021007e+03 3.174558675811214314e-01
1.358108650266787890e+03 3.153892977051908630e-01
1.357914887896555001e+03 3.323369541497994128e-01
1.357721247851050521e+03 3.115125575461712981e-01
1.357527607805546268e+03 3.409979053427079632e-01
1.357334090084770651e+03 3.099949493667513156e-01
1.357140572363995034e+03 3.117940265026704627e-01
1.356947054643219190e+03 3.022374773276386151e-01
1.356753659247172209e+03 3.032274292828089912e-01
1.356560386175854092e+03 3.038918381117847178e-01
1.356367113104535747e+03 3.065713105722410736e-01
1.356173962357946039e+03 3.104312005303196953e-01
1.355980689286627921e+03 3.185664176085955535e-01
1.355787660864766849e+03 2.949344757618869162e-01
1.355594510118177368e+03 3.210367562927926022e-01
1.355401726345773795e+03 3.072447068529099989e-01
1.355208697923912723e+03 3.121096052241020824e-01
1.355015791826780514e+03 3.071579117603691622e-01
1.354823008054376942e+03 3.009691785413180498e-01
1.354630224281973369e+03 2.997079256541185788e-01
1.354437685159027296e+03 3.178973280924412004e-01
1.354245023711352360e+03 3.065559370655507876e-01
1.354052362263677423e+03 3.302074752040330408e-01
1.353859823140731351e+03 3.115290534403600264e-01
1.353667284017785050e+03 2.953474178041161080e-01
1.353474867219567614e+03 3.142745526656375299e-01
1.353282695070807449e+03 3.167406534662973172e-01
1.353090400597318649e+03 3.074836152643675158e-01
1.352898106123829848e+03 3.074260948241689384e-01
1.352705933975069684e+03 3.075037127609674403e-01
1.352513761826309519e+03 3.053362574480499303e-01
1.352321712002277991e+03 3.053028084458658808e-01
1.352129784502975326e+03 3.077684353092728364e-01
1.351937857003672434e+03 2.874404876644060525e-01
1.351745929504369769e+03 3.325904088222524368e-01
1.351554002005066877e+03 3.029165286366853893e-01
1.351362196830492849e+03 3.102966699723767596e-01
1.351170391655918593e+03 2.992737227171327619e-01
1.350978953455530700e+03 3.212513495047985002e-01
1.350787270605685308e+03 2.941747240827441434e-01
1.350595710080568551e+03 2.926310174665748831e-01
1.350404271880180431e+03 3.001481087959062544e-01
1.350212833679792311e+03 3.330738054355896760e-01
1.350021395479404418e+03 2.834423030220831752e-01
1.349830201928473571e+03 3.018884932931497067e-01
1.349638886052814314e+03 3.108042629255859945e-01
1.349447692501883466e+03 3.060123697311500912e-01
1.349256498950952846e+03 3.201773149106706406e-01
1.349065427724750862e+03 3.064202267825331671e-01
1.348874356498548877e+03 3.249784222182012794e-01
1.348683407597075529e+03 2.969629196230222368e-01
1.348492581020330817e+03 3.042313354493121347e-01
1.348301632118857697e+03 3.024645442910495197e-01
1.348110805542112985e+03 2.915086386808680152e-01
1.347920101290096909e+03 3.012237135289137502e-01
1.347729397038081061e+03 3.131386535733333698e-01
1.347538815110793848e+03 3.039945657082457897e-01
1.347348110858777773e+03 2.947928560531118403e-01
1.347157651256219197e+03 2.904726942350583929e-01
1.346967191653660620e+03 2.935470884469472130e-01
1.346776732051102044e+03 3.086676945965822760e-01
1.346586394773272104e+03 3.027025329231845530e-01
1.346396179820170801e+03 3.312927759468164979e-01
1.346205964867069724e+03 3.222599795039385318e-01
1.346015749913968421e+03 3.084511787527499660e-01
1.345825657285595980e+03 3.181098917937094650e-01
1.345635564657223313e+03 3.022629308629998790e-01
1.345445472028850872e+03 3.026045011526732886e-01
1.345255624049935705e+03 3.144688823920800957e-01
1.345065653746291673e+03 2.798927306776025081e-01
1.344875805767376505e+03 3.107289191889084368e-01
1.344686080113189973e+03 3.185601288347735816e-01
1.344496232134274806e+03 2.891236100416311738e-01
1.344306628804817137e+03 3.038805919944422285e-01
1.344116903150630606e+03 3.164890886720884700e-01
1.343927544470630210e+03 2.965365678538214866e-01
1.343737941141172314e+03 3.043700796114944818e-01
1.343548460136443282e+03 3.238149754362036892e-01
1.343359101456442659e+03 2.963063084983259543e-01
1.343169742776442263e+03 3.181092283285075206e-01
1.342980506421170503e+03 3.070655291160086509e-01
1.342791270065898743e+03 3.052591099773864780e-01
1.342602156035355620e+03 3.271312464943018639e-01
1.342412919680083860e+03 3.006551123144837745e-01
1.342223927974269372e+03 2.954686418561612293e-01
1.342034936268455112e+03 2.993640484314051275e-01
1.341845944562640625e+03 3.169970907722202136e-01
1.341657075181555001e+03 2.893549737964126733e-01
1.341468328125198013e+03 2.707527104548382302e-01
1.341279581068840798e+03 2.473595845441434182e-01
1.341090834012483811e+03 3.034748635429641572e-01
1.340902086956126823e+03 3.225505450767667814e-01
1.340713462224498471e+03 3.025374393621755309e-01
1.340524959817598756e+03 3.108314360718831826e-01
1.340336457410699040e+03 3.146362919183841589e-01
1.340148077328528188e+03 3.006161281506595229e-01
1.339959697246357109e+03 3.184137360833947383e-01
1.339771317164186030e+03 2.957249911909800022e-01
1.339583059406743814e+03 3.122996068084513133e-01
1.339394801649301598e+03 2.887352039326716024e-01
1.339206543891859155e+03 3.001652885342450672e-01
1.339018530783874212e+03 3.024140923819925719e-01
1.338830517675889269e+03 3.126308305475437033e-01
1.338642382243175689e+03 3.210744187772484048e-01
1.338454491459919382e+03 3.148523003015816224e-01
1.338266600676663074e+03 3.131166782747591970e-01
1.322313743510268523e+03 3.247136736940646196e-01
1.322130623391430845e+03 3.055547347670941605e-01
1.321947503272593167e+03 3.119971072841011273e-01
1.321764383153755716e+03 3.482866763660874554e-01
1.321581507684375310e+03 3.357387577736154483e-01
1.304794151218909064e+03 3.055050172476739823e-01
1.304616046413947288e+03 3.123124709149660005e-01
1.304438063933714375e+03 3.255123361254069758e-01
1.304260081453481462e+03 3.228907122422245424e-01
1.304082098973248321e+03 3.253535289266653585e-01
1.286891070903129958e+03 3.361319393475093453e-01
1.286718226061501582e+03 3.096253565966278765e-01
1.286545258895144570e+03 3.163246242329333380e-01
1.286372414053516422e+03 2.786573064233503483e-01
1.286199569211888047e+03 3.078416619122362197e-01
1.286026846694988308e+03 3.081564146364739742e-01
1.285854124178088796e+03 3.172444615095616482e-01
1.285681401661189057e+03 3.130422482278710783e-01
1.285508801469018181e+03 3.046738910655760191e-01
1.285336201276847078e+03 3.277469086712264112e-01
1.285163845734133474e+03 3.282845574545530387e-01
1.284991367866691235e+03 3.221636482935480994e-01
1.284818889999248995e+03 3.252822426489397345e-01
1.284646534456535392e+03 3.263533781810909473e-01
1.284474178913821788e+03 3.090123876710165196e-01
1.284301945695837048e+03 3.164338349044780729e-01
1.284129712477852081e+03 3.262350509935638132e-01
1.283957479259867114e+03 3.274354295344282240e-01
1.283785368366611010e+03 3.333115544582205270e-01
1.283613257473354679e+03 3.327260750415035329e-01
1.283441268904827211e+03 3.423341812897072733e-01
1.283269280336299516e+03 3.343804751744599013e-01
1.283097291767772049e+03 3.192621593921491918e-01
1.282925425523973217e+03 3.400214656733366314e-01
1.282753559280174386e+03 3.391626548301231447e-01
1.282581937685832827e+03 3.163704655496782925e-01
1.282410193766762632e+03 3.282930824456772867e-01
1.282238449847692436e+03 3.005995102976318223e-01
1.282066828253351105e+03 3.174627626756435506e-01
1.281895328983738182e+03 3.077004680801703751e-01
1.281723707389396623e+03 3.253906132133939089e-01
1.281552208119783927e+03 3.076920240062567258e-01
1.281380708850171004e+03 3.094168694018495369e-01
1.281209331905286945e+03 3.298695980931978244e-01
1.281037954960402885e+03 3.239259786929156726e-01
1.280866578015518598e+03 3.000260348726118131e-01
1.280695445720092039e+03 3.093792729198406311e-01
1.280524191099936388e+03 3.353195402453237328e-01
1.280352936479780965e+03 3.044495752837391156e-01
1.280181926509083041e+03 3.371712395681619179e-01
1.280010794213656254e+03 3.157195572308286735e-01
1.279839906567686739e+03 3.172260628529104398e-01
1.279668896596988816e+03 3.077414365981586131e-01
1.279498008951019301e+03 3.185052633315104686e-01
1.279327121305050014e+03 3.268104444297014188e-01
1.279156355983809135e+03 3.349981813638326367e-01
1.278985468337839848e+03 3.075102892016192691e-01
1.278814825341327833e+03 3.027197288743653791e-01
1.278644060020086954e+03 3.136079453392837668e-01
1.278473539348303802e+03 3.355564666831683529e-01
1.278302896351791560e+03 3.284461636710904742e-01
1.278132375680008408e+03 3.323969642724251550e-01
1.277961855008225029e+03 3.098198184355062668e-01
1.277791456661170287e+03 3.029094912830181952e-01
1.277621058314115544e+03 3.160427090154414032e-01
1.277450659967061029e+03 3.115868750222444139e-01
1.277280383944734922e+03 3.048964725873343218e-01
1.277110107922409043e+03 3.201902418979566400e-01
1.276940076549540436e+03 3.110308249941398095e-01
1.276769922851942965e+03 3.151603369955764400e-01
1.276599769154345722e+03 3.040557090640751969e-01
1.276429737781477115e+03 3.282949176299023164e-01
1.276259828733337145e+03 3.480492428910931801e-01
1.276089797360468538e+03 3.145627466589306365e-01
1.275919888312328567e+03 3.120114209762495650e-01
1.275749979264188596e+03 3.117161267898123089e-01
1.275580192540777489e+03 2.962859485366734491e-01
1.275410405817366154e+03 3.206344608495478865e-01
1.275240619093954820e+03 3.119861289506387081e-01
1.275071077020000985e+03 3.163650919594608313e-01
1.274901290296589877e+03 3.052170286510654251e-01
1.274731748222635815e+03 3.228754133854438990e-01
1.274562206148681980e+03 3.166408479379460572e-01
1.274392786399456782e+03 3.370721152620835825e-01
1.274223244325502947e+03 3.216735399605725743e-01
1.274053946901006384e+03 3.102921362213300061e-01
1.273884649476509821e+03 3.292879439822389842e-01
1.273715352052013259e+03 3.219218062930847002e-01
1.273546176952245560e+03 3.457721809409362024e-01
1.273377001852477633e+03 3.062070949771952266e-01
1.273207949077438343e+03 2.776791633908837764e-01
1.273207826752709707e+03 3.391899179623797944e-01
1.273038773977670644e+03 3.347194819822789102e-01
1.273038651652942008e+03 3.105585144644025797e-01
1.272869843527360217e+03 3.104914388704732020e-01
1.272869721202631354e+03 3.280602277118362387e-01
1.272700790752320927e+03 3.432937981614360701e-01
1.272700668427592291e+03 3.213401588789417951e-01
1.272531737977281864e+03 3.234493570082932479e-01
1.272531615652553228e+03 3.190594700478743828e-01
1.272362685202242574e+03 3.234161107065361973e-01
1.272193877076660783e+03 3.300829157125945712e-01
1.272025068951078993e+03 2.993925742336850937e-01
1.271856260825497202e+03 3.015315456677756245e-01
1.271687575024644048e+03 3.298262544525255580e-01
1.271518889223791120e+03 3.077265799444510175e-01
1.271350203422937966e+03 3.207870425476848086e-01
1.271181639946813448e+03 3.077054434538946670e-01
1.271013076470688929e+03 3.122454768171353257e-01
1.270844635319293275e+03 3.079546925742148167e-01
1.270676194167897620e+03 3.321207695122629922e-01
1.270507753016501738e+03 3.124645479411786719e-01
1.270339556514563355e+03 3.237180588974274409e-01
1.270171237687896337e+03 3.484369291665921353e-01
1.270002918861229318e+03 3.335511950936049796e-01
1.269834722359290936e+03 3.227680883784332377e-01
1.269666648182081190e+03 3.364101416211682238e-01
1.269498451680142807e+03 3.437608954213330348e-01
1.269330377502933061e+03 3.312193490667506568e-01
1.269162425650452178e+03 3.336860749508857582e-01
1.268994473797971068e+03 3.449637477987660961e-01
1.268826521945489958e+03 3.526152781766780930e-01
1.268658570093009075e+03 3.660673764031824873e-01
1.268490862889985465e+03 3.996552774131393315e-01
1.268323033362232991e+03 3.566969645029873237e-01
1.268155203834480744e+03 3.326998275744015299e-01
1.267987618956185770e+03 3.125921329239033097e-01
1.267819911753162160e+03 3.466598538245820871e-01
1.267652326874867185e+03 3.395834988924395503e-01
1.267484741996572211e+03 3.237836515734442977e-01
1.267317401767734509e+03 3.323204804429085168e-01
1.267149816889439535e+03 3.098906439581824990e-01
1.266982354335873197e+03 3.408599698298085956e-01
1.266815014107035722e+03 3.254528575271463109e-01
1.266647673878198020e+03 3.322328474122028252e-01
1.266480455974089182e+03 3.213940789844724755e-01
1.266313360394708752e+03 3.196930523303664895e-01
1.266146142490599914e+03 3.466782517736123337e-01
1.265979046911219712e+03 3.332800746656103819e-01
1.265811951331839509e+03 3.486203257671179334e-01
1.265644855752459307e+03 3.449082848236840748e-01
1.265477882497807741e+03 3.239917357377335994e-01
1.265310909243156175e+03 3.224961401332411826e-01
1.265144180637961881e+03 3.222164018738303271e-01
1.264977207383310315e+03 3.298316810854161063e-01
1.264810356453387385e+03 2.956250315653610738e-01
1.264643627848193319e+03 3.386857658555001982e-01
1.264476899242999025e+03 3.252046782749638543e-01
1.264310292962533595e+03 3.513644448314773849e-01
1.264143686682067937e+03 3.245230245277251346e-01
1.263977080401602507e+03 3.365712115254013148e-01
1.263810596445865713e+03 3.242544765100087711e-01
1.263644112490128919e+03 3.155664618040906477e-01
1.263477628534392124e+03 3.299626695738300253e-01
1.263311266903383967e+03 3.034751920543193315e-01
1.263144905272375809e+03 3.187909917711181373e-01
1.262978665966096287e+03 2.847617705192341253e-01
1.262812304335088129e+03 3.265278695632599093e-01
1.262646187353537243e+03 2.880810378807831529e-01
1.262479948047257949e+03 3.099367841537020163e-01
1.262313831065707063e+03 3.416942601869547569e-01
1.262147836408885041e+03 3.237457052986606465e-01
1.261981841752062792e+03 3.057639963349240708e-01
1.261815847095240770e+03 3.224196409352715897e-01
1.261649852438418748e+03 3.237165695618657302e-01
1.261484102431053998e+03 2.899373720946173405e-01
1.261318352423689248e+03 2.991680929450487580e-01
1.261152480091595862e+03 3.206418636897960805e-01
1.260986730084231112e+03 3.097316389353907407e-01
1.260821102401594999e+03 3.192087201603263091e-01
1.260655474718958885e+03 3.661600768881705936e-01
1.260489847036322999e+03 3.304876939919096368e-01
1.260324219353686885e+03 3.166241347078935231e-01
1.260158713995779408e+03 3.068638737044775966e-01
1.259993330962600794e+03 3.063179916415784132e-01
1.259827825604693317e+03 3.153478466105005817e-01
1.259662564896243339e+03 3.269173056941213629e-01
1.259497181863064725e+03 2.961917783851849006e-01
1.259331921154614747e+03 3.206573160137911604e-01
