# Wavelength, Reflectance
1.644711539712623789e+03 3.745894688808959483e-01
1.643845450845436289e+03 3.102983050547751809e-01
1.642980216470436289e+03 2.508786222023129397e-01
1.642115958657936289e+03 2.736862861029273342e-01
1.641252555337623789e+03 3.161406613982850611e-01
1.640390250650123789e+03 2.682242232049007469e-01
1.639528800454811289e+03 1.964796567575256558e-01
1.638668326821998789e+03 2.254936576756812472e-01
1.637808707681373789e+03 2.766594007471108729e-01
1.636950187173561289e+03 2.583800193251695188e-01
1.636092521157936289e+03 2.632820669594866381e-01
1.635235831704811289e+03 2.914040237093664665e-01
1.634380118814186289e+03 2.991857400907885767e-01
1.633525260415748789e+03 2.795710743448217017e-01
1.632671378579811289e+03 3.482559841127853550e-01
1.631818351236061289e+03 2.267745768787831906e-01
1.630966300454811289e+03 2.869984739753975722e-01
1.630115226236061289e+03 2.601388540042742781e-01
1.629265006509498789e+03 2.568419730069104734e-01
1.628415763345436289e+03 2.281907199146069043e-01
1.627567374673561289e+03 2.648529762600307369e-01
1.626719962564186289e+03 2.545055696157521030e-01
1.625873527017311289e+03 2.848614155593319208e-01
1.625028068032936289e+03 2.824609128351460163e-01
1.624183341470436289e+03 2.337073288632206536e-01
1.623339713540748789e+03 2.499827890193088431e-01
1.622496818032936289e+03 2.335041695254029825e-01
1.621655021157936289e+03 2.786690961784775711e-01
1.620813956704811289e+03 2.644184021073562318e-01
1.619973990884498789e+03 2.261622757753812829e-01
1.619134757486061289e+03 2.564623757095925161e-01
1.618296500650123789e+03 2.730388278493361964e-01
1.617459098306373789e+03 2.503869021272863704e-01
1.616622672525123789e+03 2.551352564379281707e-01
1.615787101236061289e+03 2.616427529913278316e-01
1.614952506509498789e+03 2.580648165764443669e-01
1.614118888345436289e+03 2.358731841859756651e-01
1.613286002603248789e+03 2.537753538375219775e-01
1.612454093423561289e+03 2.132221492778312300e-01
1.611623038736061289e+03 2.981049974188060281e-01
1.610792960611061289e+03 2.672944457530335161e-01
1.609963736978248789e+03 2.378570122000688014e-01
1.609135367837623789e+03 1.908764519880127297e-01
1.608307975259498789e+03 2.133254063888682661e-01
1.607481315103248789e+03 2.605911617335696651e-01
1.606655631509498789e+03 2.323387614741846963e-01
1.605830924478248789e+03 2.599194890406124059e-01
1.605007071939186289e+03 2.372362833162039164e-01
1.604183951821998789e+03 2.321978201997912383e-01
1.603361808267311289e+03 2.255360498783711420e-01
1.602540641275123789e+03 2.323951252378393673e-01
1.601720206704811289e+03 2.736218865084972252e-01
1.600900748696998789e+03 2.419446300488077850e-01
1.600082145181373789e+03 2.424937076599304742e-01
1.599264396157936289e+03 2.423982987010471768e-01
1.598447501626686289e+03 2.384409974748601113e-01
1.597631339517311289e+03 2.487842772343747677e-01
1.596816520181373789e+03 2.658464196148483949e-01
1.596002189126686289e+03 2.094568757426509276e-01
1.595188712564186289e+03 2.215833962254962486e-01
1.594376334634498789e+03 2.370823089032685349e-01
1.593564567056373789e+03 2.423527687601237102e-01
1.592753776040748789e+03 2.618292549743174158e-01
1.591943961587623789e+03 2.619890129449495286e-01
1.591134879556373789e+03 2.729138888430029386e-01
1.590326774087623789e+03 2.681482412267124915e-01
1.589519278970436289e+03 2.319609961603276427e-01
1.588712638345436289e+03 2.560952365049914969e-01
1.587907218423561289e+03 2.597745637343762959e-01
1.587102408853248789e+03 2.424246628647776791e-01
1.586298453775123789e+03 2.438920396613381003e-01
1.585495475259498789e+03 2.627942225524328990e-01
1.584693229165748789e+03 2.755075231528047452e-01
1.583891837564186289e+03 2.461511194883398701e-01
1.583091422525123789e+03 2.321575126914897091e-01
1.582291739907936289e+03 3.017535499741318405e-01
1.581493033853248789e+03 2.591567249641932302e-01
1.580694938150123789e+03 2.427601922042515736e-01
1.579897696939186289e+03 2.701710241363501352e-01
1.579101554361061289e+03 2.417184901081686210e-01
1.578306022134498789e+03 2.057122866031887432e-01
1.577511466470436289e+03 2.253080347396707317e-01
1.576717765298561289e+03 2.357318414302629339e-01
1.575924796548561289e+03 2.718095887576340575e-01
1.575132560220436289e+03 2.536582809972658947e-01
1.574341300454811289e+03 2.356057768320744261e-01
1.573550895181373789e+03 2.102635214027439581e-01
1.572761344400123789e+03 2.452756467960014453e-01
1.571972526040748789e+03 2.398519578310611411e-01
1.571184440103248789e+03 2.360015903323849085e-01
1.570397452798561289e+03 2.438937133408781155e-01
1.569611075845436289e+03 2.762372273696339642e-01
1.568825797525123789e+03 2.344995705044143619e-01
1.568041007486061289e+03 2.332325410758420425e-01
1.567257194009498789e+03 2.379662416685886239e-01
1.566474235025123789e+03 2.389327856432879871e-01
1.565692008462623789e+03 2.534704478789274740e-01
1.564910636392311289e+03 2.723906700852105622e-01
1.564130118814186289e+03 2.692628766062842294e-01
1.563350455728248789e+03 2.384133990011370607e-01
1.562571402993873789e+03 2.730209764208020862e-01
1.561793326821998789e+03 2.656828458795769676e-01
1.561016105142311289e+03 2.653803382436858427e-01
1.560239615884498789e+03 2.814509688272772703e-01
1.559463859048561289e+03 2.722330688739487137e-01
1.558688956704811289e+03 2.772315537994107237e-01
1.557915030923561289e+03 2.676485044445769401e-01
1.557141715493873789e+03 2.622676062874172986e-01
1.556369254556373789e+03 2.324494063217089901e-01
1.555597526040748789e+03 2.402342876537864325e-01
1.554826774087623789e+03 2.811345870987310702e-01
1.554056632486061289e+03 2.317559604932803163e-01
1.553287467446998789e+03 2.514773359625869231e-01
1.553287345376686289e+03 2.561119749994449912e-01
1.553031241861061289e+03 2.305226795359021641e-01
1.552775016275123789e+03 2.513530710847011185e-01
1.552519034829811289e+03 2.166633073880114557e-01
1.552518912759498789e+03 2.513412769781434575e-01
1.552263053384498789e+03 2.303404365312352875e-01
1.551751334634498789e+03 2.688829802690602677e-01
1.550984488931373789e+03 2.182886839317841055e-01
1.550218375650123789e+03 2.418192199716168722e-01
1.549453116861061289e+03 2.697298712291384404e-01
1.548688712564186289e+03 2.668783304426415315e-01
1.547924918618873789e+03 2.771421082282714554e-01
1.547161979165748789e+03 2.197517322010087981e-01
1.546399894204811289e+03 2.403333568084270733e-01
1.545638663736061289e+03 2.690284604000498514e-01
1.544878043618873789e+03 2.576761362727770788e-01
1.544118155923561289e+03 2.604116963283310549e-01
1.543359244790748789e+03 2.581527186291928122e-01
1.542601188150123789e+03 2.719912665727585166e-01
1.541843741861061289e+03 2.649679340600348820e-01
1.541087027993873789e+03 2.567691461605348113e-01
1.540331168618873789e+03 2.550644901226896688e-01
1.539576041665748789e+03 2.602508152128976127e-01
1.538821891275123789e+03 2.220500007257988906e-01
1.538068351236061289e+03 2.626086468578239796e-01
1.537315543618873789e+03 2.508652920817930343e-01
1.536563590493873789e+03 2.586425481930237358e-01
1.535812125650123789e+03 2.735609714548853932e-01
1.535062003579811289e+03 2.564947249033147081e-01
1.534312125650123789e+03 2.285657011255995130e-01
1.533563346353248789e+03 2.568337618925740085e-01
1.532815177407936289e+03 2.491179454096928703e-01
1.532067740884498789e+03 2.565487658383897029e-01
1.531321280923561289e+03 2.508898912351166799e-01
1.530575431314186289e+03 2.587570233312869172e-01
1.529830314126686289e+03 2.524928272451230638e-01
1.529085929361061289e+03 2.410919217537869641e-01
1.528342399087623789e+03 2.529084253906881963e-01
1.527599357095436289e+03 2.556239147534242750e-01
1.526857535806373789e+03 2.303322802790294388e-01
1.526116080728248789e+03 2.565566382168570359e-01
1.525375724282936289e+03 2.545710457180519470e-01
1.524635856118873789e+03 2.492332380836707884e-01
1.523896842446998789e+03 2.678581941812195333e-01
1.523158561196998789e+03 2.824915664752111755e-01
1.522421134439186289e+03 2.181901534885534455e-01
1.521684318032936289e+03 2.414388572291363555e-01
1.520948234048561289e+03 2.451559930220725825e-01
1.520212882486061289e+03 2.513442762018589516e-01
1.519478385415748789e+03 2.731023631770011506e-01
1.518744498696998789e+03 2.641514982339345785e-01
1.518011344400123789e+03 2.591227591169096844e-01
1.517279288736061289e+03 2.581855826145023625e-01
1.516547721353248789e+03 2.410070441091092808e-01
1.515816764321998789e+03 2.672189421551631194e-01
1.515573478189186289e+03 2.345670938575466768e-01
1.515330192056373789e+03 2.306073105805985235e-01
1.515086783853248789e+03 2.326079247596852251e-01
1.515086661782936289e+03 2.492808652060902463e-01
1.514843619790748789e+03 2.184166893188662639e-01
1.514600577798561289e+03 2.230107920453188453e-01
1.514357291665748789e+03 2.650624505852165469e-01
1.513628653970436289e+03 2.379904325967494294e-01
1.512900748696998789e+03 2.733664616954093463e-01
1.512173575845436289e+03 2.627875042872314104e-01
1.511447257486061289e+03 2.542777829667635103e-01
1.510721549478248789e+03 2.485071717621129828e-01
1.509996573892311289e+03 2.576084673805995595e-01
1.509272330728248789e+03 2.640167722276138829e-01
1.508548819986061289e+03 2.662585462208316156e-01
1.507826041665748789e+03 2.876329166054803488e-01
1.507103995767311289e+03 2.412502072809282749e-01
1.506382682290748789e+03 2.902394266534458200e-01
1.505662101236061289e+03 2.539385347348556143e-01
1.504942374673561289e+03 2.433955958136883591e-01
1.504223136392311289e+03 2.789317699957772900e-01
1.503504752603248789e+03 2.642147541172441549e-01
1.502786857125114011e+03 2.623131729123697742e-01
1.502069670766462423e+03 2.648372872104052256e-01
1.501353339073202733e+03 2.582614051276344025e-01
1.500637617855222516e+03 2.797878204771346300e-01
1.499922629207578211e+03 2.906363585137714534e-01
1.499208373130269592e+03 2.676444827046232655e-01
1.498494727528240674e+03 2.543674871687307548e-01
1.497781936591603426e+03 2.483248889495080214e-01
1.497069756130245878e+03 2.489458751672663228e-01
1.496358430334280001e+03 2.761692635003627494e-01
1.495647715013593825e+03 2.701184958586795304e-01
1.494937732263243561e+03 2.945522729237856630e-01
1.494228359988172770e+03 2.335653203566607494e-01
1.493519842378493877e+03 2.522283990338201609e-01
1.492811935244094684e+03 2.767241425492701912e-01
1.492104760680030950e+03 2.608474450132223232e-01
1.491398318686303128e+03 2.681981187588867721e-01
1.490692487167855006e+03 2.716411710421303694e-01
1.489987388219742797e+03 2.344419851217313389e-01
1.489283021841966047e+03 2.601010706243369608e-01
1.488579388034524982e+03 2.479596617887026289e-01
1.487876364702363844e+03 2.388363552616335761e-01
1.487174073940538165e+03 2.619455046509782670e-01
1.486472393653992413e+03 2.595977392268813966e-01
1.485771568032838331e+03 2.588381721954572945e-01
1.485071352886963950e+03 2.493045371440265889e-01
1.484371870311425255e+03 2.561590163490929384e-01
1.483672998211166259e+03 2.500522149144951967e-01
1.482974980776298935e+03 2.521821483512801110e-01
1.482277451721655552e+03 2.804206587586305366e-01
1.481580777332403613e+03 2.927529742621305942e-01
1.480884713418431602e+03 2.620967972311923355e-01
1.480189259979739290e+03 2.625725262163127738e-01
1.479494661206438650e+03 2.746610922427681345e-01
1.478800550813361724e+03 2.669847980872541715e-01
1.478107295085676469e+03 2.896802063752332290e-01
1.477414649833270914e+03 2.261983077515209439e-01
1.476722737151201272e+03 2.402055156807444691e-01
1.476031434944411103e+03 2.789813020148706468e-01
1.475340865307956847e+03 2.560096047462886992e-01
1.474650906146782290e+03 2.406585016266668819e-01
1.473961679555943419e+03 2.696036112342936053e-01
1.473273063440384249e+03 2.643588699657486440e-01
1.472585179895160763e+03 2.539505183001164457e-01
1.471898028920273191e+03 2.559408908124037318e-01
1.471211488420665091e+03 2.747249385662403065e-01
1.470525680491392905e+03 2.587711443188842053e-01
1.469840483037400418e+03 2.384797913172444772e-01
1.469155896058687631e+03 2.517446498750172679e-01
1.468472041650310530e+03 2.517187443781945255e-01
1.467788919812269114e+03 2.475804269262795176e-01
1.467106408449507626e+03 2.701995974031844994e-01
1.466424507562025838e+03 2.710444724840498920e-01
1.465743339244879508e+03 2.325139689293315437e-01
1.465062781403013105e+03 2.630139434882732274e-01
1.464382956131482388e+03 2.554263046145652249e-01
1.463703741335231598e+03 2.593481640612286254e-01
1.463025259109316266e+03 2.414990013479344499e-01
1.462347387358680862e+03 2.592747128562323811e-01
1.461670126083324931e+03 2.623712405686903226e-01
1.460993475283248927e+03 2.590233273783253409e-01
1.460317679148564594e+03 2.638586627001214824e-01
1.459642371394104202e+03 2.462106462140344898e-01
1.458967796209979269e+03 2.512800929309287890e-01
1.458293831501134264e+03 2.538333178527628076e-01
1.457620599362624716e+03 2.481568261243007611e-01
1.456947977699395096e+03 2.664259732324805174e-01
1.456275966511445176e+03 2.384171112338708542e-01
1.455604687893830942e+03 2.674462934226726207e-01
1.454934019751496635e+03 2.865363745616408830e-01
1.454263962084441800e+03 2.414078991434635280e-01
1.453594514892666894e+03 2.467908361578542431e-01
1.452925922366283658e+03 2.590319225030644490e-01
1.452257818220124136e+03 2.853462018373058573e-01
1.451590324549244542e+03 2.621675344410425157e-01
1.450923563448700406e+03 2.665179981481274885e-01
1.450257412823436198e+03 2.457711114174962741e-01
1.449591872673451689e+03 2.529075997239131901e-01
1.448927065093802867e+03 2.488769623231063821e-01
1.448262867989433744e+03 2.400225406584502452e-01
1.447599159265288336e+03 2.831613601497378618e-01
1.446936305206534826e+03 2.648637120686045954e-01
1.446273939528005030e+03 2.403449092798684572e-01
1.445612428514866679e+03 2.683671491155829592e-01
1.444951283786896511e+03 2.676085873693282990e-01
1.444290871629261801e+03 2.471321604620001777e-01
1.443631192041962777e+03 2.451534895692017990e-01
1.442972000834887695e+03 2.656240496765192027e-01
1.442313542198148298e+03 2.317995560695754742e-01
1.441655694036688601e+03 2.495503853328465693e-01
1.440998456350508832e+03 2.299123523190629570e-01
1.440341707044552550e+03 2.464110795038094714e-01
1.439685934499044151e+03 2.519447732207626411e-01
1.439685812403988166e+03 2.383659374386154772e-01
1.439467384348893347e+03 2.458041625594722945e-01
1.439248834198742315e+03 2.429884901205957570e-01
1.439030528238703482e+03 2.164730309198235059e-01
1.439030406143647497e+03 2.389940628883584772e-01
1.438812100183608436e+03 2.175526103182569282e-01
1.438593916318625588e+03 2.403805707787641799e-01
1.438375854548698499e+03 2.585218440658463290e-01
1.438375732453642513e+03 2.384496369769004143e-01
1.438157670683715423e+03 2.312859671040018439e-01
1.437939731008844319e+03 2.512780036990506227e-01
1.437721791333973215e+03 2.256873947500435129e-01
1.437721669238917229e+03 2.722820292568816636e-01
1.437503607468990367e+03 2.458169741855163459e-01
1.437285911984231006e+03 2.373007742939310660e-01
1.437068338594527859e+03 2.310322600154228190e-01
1.437068216499471873e+03 2.511194479721432504e-01
1.436850521014712740e+03 2.418197915818315891e-01
1.436632825529953379e+03 2.281091239504235979e-01
1.436415374235306217e+03 2.477848877663988147e-01
1.436197922940658827e+03 2.273047840930623176e-01
1.435980471646011438e+03 2.510112441732093580e-01
1.435763142446420261e+03 2.260046749412611966e-01
1.435545935341884842e+03 2.635212405619676845e-01
1.435328728237349424e+03 2.385569378905027793e-01
1.435111521132814005e+03 2.301810957329215590e-01
1.434894558218390557e+03 2.238028115217201575e-01
1.434677473208911124e+03 2.408818765692319064e-01
1.434460510294487449e+03 2.187213081634748479e-01
1.434243669475119987e+03 2.464879997618966978e-01
1.434026950750808282e+03 2.767521720159383247e-01
1.433810232026496806e+03 2.589232792285870999e-01
1.433593513302185102e+03 2.261172777627996344e-01
1.433377038767985368e+03 2.189119521227667342e-01
1.433160442138729877e+03 2.401703708068771981e-01
1.432943967604530144e+03 2.265726692820204391e-01
1.432727615165386396e+03 2.357282856067698107e-01
1.432511384821298634e+03 2.560194384255021771e-01
1.432295154477210644e+03 2.157709236211399206e-01
1.432078924133122882e+03 1.938927964584135355e-01
1.431862815884091106e+03 2.219580975732133865e-01
1.431646829730115087e+03 1.992058495992015676e-01
1.431430843576139296e+03 2.187370664741564996e-01
1.431214979517219263e+03 2.182883125472608321e-01
1.430999237553355215e+03 2.263550789496838189e-01
1.430783373494435409e+03 2.562614434643461503e-01
1.430567631530571362e+03 2.435558334803399894e-01
1.430351889566707314e+03 2.738486311895413916e-01
1.430136513888011223e+03 2.705104146735343162e-01
1.429921016114259146e+03 2.639687248866383062e-01
1.429705640435563055e+03 2.584880842871769557e-01
1.429490386851922722e+03 2.683673092370965074e-01
1.429275011173226630e+03 2.432425578915809183e-01
1.429059757589586525e+03 2.647246184803420110e-01
1.428844626101002177e+03 2.437159635425648341e-01
1.428629616707473815e+03 2.750727179233055653e-01
1.428414607313945680e+03 2.453479311052063627e-01
1.428199597920417318e+03 2.639991832297558516e-01
1.427984710621944942e+03 2.502751267105736699e-01
1.427770067513584536e+03 2.777682170930616534e-01
1.427555180215112159e+03 2.554323335151102436e-01
1.427340537106751754e+03 2.650838557546806307e-01
1.427126016093447106e+03 2.807241960708045658e-01
1.426911495080142686e+03 2.589208640835356512e-01
1.426696974066838266e+03 2.733687399053090772e-01
1.426482575148589603e+03 2.730145192648251729e-01
1.426268298325396927e+03 2.564647446124463381e-01
1.426054021502204478e+03 2.811934916366375936e-01
1.425839866774067787e+03 2.784781004382325120e-01
1.425625712045931095e+03 2.681990747033062839e-01
1.425411679412850390e+03 2.416120836494495827e-01
1.425197646779769684e+03 2.894321032503984759e-01
1.424983736241744964e+03 2.945498420214266999e-01
1.424769703608664258e+03 2.845927890397335069e-01
1.424556159355807495e+03 2.713426537832875352e-01
1.424342370912838533e+03 2.667525762861181482e-01
1.424128704564925783e+03 2.503492902477116311e-01
1.423915160312068792e+03 2.705628042490166862e-01
1.423701616059212029e+03 2.690206201587335144e-01
1.423488193901411023e+03 2.424787695443256508e-01
1.423274649648554032e+03 2.456792321545112068e-01
1.423061593775920983e+03 2.796885995486523835e-01
1.422848293713175963e+03 2.894676070992966421e-01
1.422635115745486928e+03 2.642868142576990653e-01
1.422421937777797893e+03 2.939969886187692727e-01
1.422209004000220830e+03 2.583689780964468774e-01
1.421995948127587781e+03 2.622337051337992886e-01
1.421783014350010490e+03 2.604374255553567052e-01
1.421570080572433426e+03 2.540185446995800733e-01
1.421357390984968106e+03 2.750823303714374779e-01
1.421144701397502786e+03 2.732237708879745597e-01
1.420932011810037693e+03 2.762290076072605460e-01
1.420719566412684344e+03 2.647437172709478648e-01
1.420506876825219024e+03 2.809509360152118718e-01
1.420294553522921660e+03 2.686036848644804409e-01
1.420082108125568311e+03 2.539939146988187124e-01
1.419869906918326933e+03 2.637825786783809523e-01
1.419657583616029569e+03 2.533902163883974268e-01
1.419445382408787964e+03 2.673219626815275807e-01
1.419233303296602571e+03 2.769431368883172873e-01
1.419021346279472937e+03 2.583461792656085998e-01
1.418809389262343529e+03 2.839955732144573419e-01
1.418597432245213895e+03 2.388792045610918235e-01
1.418385475228084260e+03 2.663414622515142272e-01
1.418173884496122582e+03 2.761719754529910476e-01
1.417962049574049161e+03 2.663846750938974606e-01
1.417750336747031497e+03 2.463350902239296036e-01
1.417538868110125577e+03 2.741103035028945034e-01
1.417327399473219884e+03 2.540277258112947356e-01
1.417115930836314192e+03 2.788340607691321971e-01
1.416904462199408499e+03 2.656636754180536908e-01
1.416693237752614550e+03 2.758893148865372291e-01
1.416482013305820828e+03 2.771532471699694744e-01
1.416270788859026879e+03 2.818503466830848403e-01
1.416059686507288916e+03 2.550647612649370455e-01
1.415848584155551180e+03 2.653261528166580563e-01
1.415637725993925187e+03 2.419561722088153510e-01
1.415426745737243209e+03 2.649429659351156818e-01
1.415215887575617216e+03 2.389258868608171438e-01
1.415005029413991224e+03 2.513976137897191432e-01
1.414794415442477202e+03 2.653004298227063518e-01
1.414583801470962953e+03 2.502550558318532015e-01
1.414373187499448932e+03 2.657496631181749946e-01
1.414162695622990668e+03 2.715884440610932815e-01
1.413952325841588618e+03 2.807117372792027332e-01
1.413741833965130354e+03 2.492676091609029310e-01
1.413531342088672318e+03 2.699388515422793677e-01
1.413321338592437996e+03 2.653597636605259935e-01
1.413111090906091704e+03 2.578925741528300120e-01
1.412900965314801397e+03 2.575245010866138995e-01
1.412690839723511090e+03 2.727419482054283528e-01
1.412480958322332754e+03 2.423377820901651825e-01
1.412271076921154418e+03 2.888307925675132060e-01
1.412061195519975854e+03 2.675069626903868181e-01
1.411851314118797518e+03 2.613617943840107483e-01
1.411641676907731153e+03 2.566858931092872442e-01
1.411432039696664560e+03 2.755423578577834709e-01
1.411222402485598195e+03 2.733916990609359665e-01
1.411012765274531603e+03 2.755815904531997984e-01
1.410803372253576981e+03 2.651269872556370477e-01
1.410593979232622360e+03 2.506226157785702013e-01
1.410384708306723724e+03 2.586204159194925301e-01
1.410175315285769102e+03 2.710263686712835463e-01
1.409966288549982437e+03 2.710618754031803856e-01
1.409757017624083801e+03 2.828851726187281423e-01
1.409547990888297136e+03 2.600722294882248931e-01
1.409338964152510243e+03 2.618586959487155807e-01
1.409130059511779564e+03 2.759186437041666884e-01
1.408921154871048657e+03 2.678595136842009117e-01
1.408712372325373963e+03 2.637738546249073779e-01
1.408503589779699041e+03 2.516546414808165100e-01
1.408294929329080105e+03 2.557950085808938789e-01
1.408086268878461169e+03 2.724554086732180469e-01
1.407877730522898446e+03 2.447078341133623325e-01
1.407669192167335495e+03 2.550474937184515345e-01
1.407460775906828303e+03 2.669207083348595910e-01
1.407252481741377323e+03 2.662983272618060782e-01
1.407044187575926344e+03 2.803917600817831257e-01
1.406835893410475364e+03 2.458032371846826936e-01
1.406627721340080143e+03 2.695526202330436605e-01
1.406419793459797120e+03 2.783739284013332371e-01
1.406211621389401898e+03 2.593712747601523705e-01
1.406003693509118648e+03 2.642922924660547901e-01
1.405795765628835625e+03 2.748479974680122506e-01
1.405587959843608360e+03 2.722417880119172295e-01
1.405380154058381095e+03 2.763781293202130507e-01
1.405172470368209815e+03 2.649113978026874094e-01
1.404964786678038536e+03 2.614814809585588318e-01
1.404757347177979000e+03 2.570271639387642360e-01
1.404549785582863706e+03 2.830858950334118607e-01
1.404342223987748412e+03 2.520687240493292292e-01
1.404134906582745089e+03 2.555636367689619326e-01
1.403927589177741538e+03 2.580672644498861468e-01
1.403720393867793973e+03 2.688550704517642109e-01
1.403513076462790650e+03 2.542917612040905273e-01
1.403306003247899071e+03 2.575021921144510229e-01
1.403099052128063477e+03 2.867154576780360231e-01
1.402891978913171897e+03 2.662488429205391860e-01
1.402685027793336303e+03 2.765675632335090617e-01
1.402478076673500709e+03 2.627380050079765050e-01
1.402271369743777086e+03 2.508594818727044040e-01
1.402064662814053463e+03 2.575819473059373088e-01
1.401857955884329840e+03 2.672836262402714103e-01
1.401651248954605990e+03 2.459444546783428331e-01
1.401444664119938352e+03 2.630815735797361610e-01
1.401238201380326473e+03 2.708738235288737362e-01
1.401031860735770806e+03 2.809290841188506471e-01
1.400825520091214912e+03 2.800174455625840109e-01
1.400619179446659018e+03 2.684020226118317143e-01
1.400412960897159110e+03 2.849378663341270990e-01
1.400206864442715187e+03 2.646861735797344517e-01
1.400000645893215278e+03 2.659960418846456509e-01
1.399794671533827341e+03 2.476138314696342546e-01
1.399588697174439403e+03 2.743760757915397752e-01
1.399382844910107224e+03 2.575076729846044743e-01
1.399176870550719286e+03 2.551332754327991781e-01
1.398971140381443320e+03 2.648883706622360834e-01
1.398765532307223111e+03 2.565195279648079807e-01
1.398559680042891159e+03 2.661662400666091055e-01
1.398354194063726936e+03 2.780992469229114361e-01
1.398148585989506728e+03 2.582799438473816211e-01
1.397943100010342505e+03 2.706130270151738682e-01
1.397737858221290253e+03 2.625655048675838432e-01
1.397532494337182015e+03 2.550799904985531219e-01
1.397327130453073778e+03 2.581623667070402361e-01
1.397121766568965541e+03 2.571385688351968124e-01
1.396916891065081245e+03 2.448616574194830142e-01
1.396711771371084751e+03 2.521723957294678131e-01
1.396506651677088485e+03 2.433348639680846526e-01
1.396301776173203962e+03 2.642508193464575550e-01
1.396096900669319666e+03 2.514249531329741938e-01
1.395892025165435143e+03 2.725964440861453619e-01
1.395687271756606606e+03 2.638096000895920890e-01
1.395482518347778296e+03 2.561437342342490209e-01
1.395277887034005744e+03 2.694705067069377291e-01
1.395073377815289177e+03 2.793714614235878746e-01
1.394868868596572611e+03 2.611119050439449363e-01
1.394664359377856044e+03 2.869525520199720514e-01
1.394459850159139251e+03 2.680520991333143477e-01
1.394255707225590641e+03 2.714355338628958725e-01
1.394051442196986045e+03 2.587203313354536904e-01
1.393847177168381222e+03 2.643580244324761908e-01
1.393643034234832612e+03 2.683731111815452763e-01
1.393439013396339760e+03 2.591202247815579396e-01
1.393234992557846908e+03 2.644922981773253357e-01
1.393031093814410042e+03 2.595484842054956443e-01
1.392827195070973403e+03 2.676984126195035008e-01
1.392623296327536536e+03 2.765112178144365496e-01
1.392419641774211641e+03 2.664403944230515631e-01
1.392215865125830760e+03 2.666951867938326393e-01
1.392012210572505637e+03 2.722136501000906872e-01
1.391808556019180742e+03 2.426813111151808755e-01
1.391605267751023803e+03 2.650204467326533475e-01
1.391401735292754665e+03 2.666778966931186989e-01
1.391198324929541741e+03 2.543301976616704208e-01
1.390995036661384574e+03 2.913052379710543982e-01
1.390791748393227635e+03 2.487447122428873003e-01
1.390588582220126455e+03 2.618930705604490816e-01
1.390385416047025274e+03 2.431872087728192133e-01
1.390182371968980078e+03 2.718315849329605571e-01
1.389979327890934883e+03 2.580002851730223701e-01
1.389776528003001658e+03 2.712935756503104257e-01
1.389573606020012448e+03 2.513086761564727323e-01
1.389370684037023238e+03 2.555433226750625786e-01
1.389167884149089787e+03 2.680107328096837382e-01
1.388965206356212548e+03 2.627657832752336997e-01
1.388762650658391067e+03 2.719048220279604577e-01
1.388560094960569813e+03 2.908797041905964442e-01
1.388357539262748332e+03 3.044870867425341077e-01
1.388155105659983064e+03 2.449263823622143121e-01
1.387952794152273555e+03 2.680656420604338730e-01
1.387750360549508059e+03 2.577780443658049259e-01
1.387548171136854535e+03 2.762335383029912994e-01
1.387345981724201010e+03 2.664465707370307079e-01
1.387143792311547486e+03 2.746790783687467763e-01
1.386941724993949947e+03 2.499987111383100979e-01
1.386739779771408394e+03 2.834373351861294021e-01
1.386537712453810627e+03 2.589457255145254932e-01
1.386335889326325059e+03 2.854291065742733391e-01
1.386134066198839264e+03 2.708157245146549097e-01
1.385932365166409681e+03 2.398466665219357030e-01
1.385730664133979872e+03 2.894767845909562709e-01
1.385528963101550062e+03 2.849989329015671924e-01
1.385327384164176465e+03 2.471044828832796580e-01
1.385125805226802640e+03 2.657263050887642142e-01
1.384924470479540787e+03 2.627705452285464816e-01
1.384723013637222948e+03 2.792665441432362616e-01
1.384521678889961095e+03 2.662001293446406569e-01
1.384320344142699241e+03 2.610266924426080104e-01
1.384119253585549131e+03 2.610128768748070094e-01
1.383918040933343264e+03 2.650390589594436852e-01
1.383716950376193154e+03 2.438791838244225851e-01
1.383515859819043271e+03 2.709299025677608941e-01
1.383315013452005132e+03 2.460504588505244006e-01
1.383114167084967221e+03 2.316384645764514305e-01
1.382913198622873097e+03 2.940546518852499291e-01
1.382712474350890943e+03 2.511226986576067244e-01
1.382511750078908790e+03 2.622027387611898241e-01
1.382311147901982622e+03 2.816355592718103873e-01
1.382110545725056454e+03 2.704548413931190387e-01
1.381909943548130286e+03 2.614885006451643235e-01
1.381709463466260104e+03 2.517562466297191826e-01
1.381508983384389921e+03 2.572280144731265428e-01
1.381308747492631483e+03 2.764308553198725482e-01
1.381108511600873271e+03 2.720414808460813183e-01
1.380908275709114832e+03 2.773828733713432637e-01
1.380708039817356621e+03 2.800298314718806525e-01
1.380507926020654168e+03 2.571275068859790180e-01
1.380307934319007700e+03 2.945108022466185194e-01
1.380107942617361232e+03 2.593378587775833632e-01
1.379907950915714991e+03 2.709652750090972284e-01
1.379708081309124509e+03 2.475542473000036381e-01
1.379508455892645770e+03 2.670724594266671303e-01
1.379308708381111273e+03 2.803337943746541105e-01
1.379108960869576777e+03 2.703837890383015141e-01
1.378909335453098265e+03 2.802547792540914240e-01
1.378709710036619754e+03 2.696490638262716844e-01
1.378510206715197000e+03 2.570134157725952329e-01
1.378310825488830460e+03 2.564149640507794592e-01
1.378111444262463692e+03 2.878108881270252106e-01
1.377912185131152910e+03 2.701780105324980696e-01
1.377712925999842128e+03 2.736316214189299378e-01
1.377513788963587558e+03 2.646040876647686724e-01
1.377314651927332761e+03 2.808588855366994097e-01
1.377115514891077964e+03 2.499423634948130524e-01
1.376916499949879153e+03 2.686048897099059807e-01
1.376717485008680342e+03 2.722983326584223485e-01
1.376518714257593274e+03 2.875153686199135583e-01
1.376319821411450448e+03 2.580770985655428951e-01
1.376121050660363608e+03 2.538560879482495980e-01
1.375922279909276540e+03 2.685885704017029751e-01
1.375723631253245685e+03 2.712578069403515646e-01
1.375525226787326574e+03 2.768579611963445930e-01
1.375326700226351477e+03 2.533333704042878831e-01
1.375128173665376607e+03 2.609527389647093298e-01
1.374929769199457496e+03 2.532530341338581348e-01
1.374731364733538385e+03 2.878092006390668978e-01
1.374533204457731244e+03 2.547348500544154848e-01
1.374334922086868119e+03 2.728022903794267151e-01
1.374136761811060978e+03 2.693715661914508064e-01
1.373938601535253838e+03 2.656709062787475095e-01
1.373740563354502456e+03 2.615473745075420076e-01
1.373542647268807286e+03 2.169703013333553199e-01
1.373344609088056131e+03 2.788455931416362055e-01
1.373146815097416720e+03 2.472904045503764858e-01
1.372949021106777309e+03 2.804928661927887368e-01
1.372751227116138125e+03 2.571570163704056111e-01
1.372553677315610685e+03 2.696796349171960427e-01
1.372356005420027259e+03 2.898287021550336462e-01
1.372158455619499819e+03 2.841772750456596497e-01
1.371960783723916393e+03 2.548932922550023461e-01
1.371763478113500923e+03 2.768730886791112566e-01
1.371566172503085454e+03 2.565344582687736907e-01
1.371368866892669985e+03 2.737574538636609045e-01
1.371171561282254288e+03 2.320295113528121067e-01
1.370974255671838819e+03 2.338609042439554198e-01
1.370777072156479335e+03 2.593055359733987819e-01
1.370580132831231595e+03 2.479399956922657966e-01
1.370383071410928096e+03 2.376000426356985884e-01
1.370186132085680356e+03 2.502617031748186061e-01
1.369989192760432616e+03 2.429160673699798934e-01
1.369792375530240861e+03 2.450574467136477086e-01
1.369595680395105092e+03 2.710781103704700823e-01
1.369398741069857579e+03 2.728180396897517124e-01
1.369202168029777795e+03 2.848315623863968971e-01
1.369005594989697784e+03 2.512201062664685680e-01
1.368809021949618000e+03 2.667158839269998527e-01
1.368612571004594201e+03 2.601734218168723078e-01
1.368416120059570403e+03 2.703427600527865682e-01
1.368219669114546377e+03 2.663917514227324146e-01
1.368023462359634550e+03 2.606973112932024494e-01
1.367827133509666510e+03 2.652140120219395603e-01
1.367630926754754682e+03 2.632173070063000275e-01
1.367434964189954599e+03 2.404870190305447297e-01
1.367238757435042544e+03 2.599264026832097674e-01
1.367042794870242460e+03 2.569177043967967311e-01
1.366846710210386391e+03 2.560445136747518391e-01
1.366650869740642293e+03 2.820572108769980324e-01
1.366455151365954180e+03 2.827186914148163699e-01
1.366259310896210081e+03 2.534567084053225838e-01
1.366063592521521969e+03 2.660112729198924608e-01
1.365867874146833628e+03 2.721650542404420170e-01
1.365672277867201501e+03 2.704504539260442209e-01
1.365476925777681117e+03 2.533161734937589005e-01
1.365281329498048990e+03 2.563582428095837473e-01
1.365085977408528606e+03 2.649231735776196306e-01
1.364890503223952464e+03 2.783476825896224471e-01
1.364695273229488066e+03 2.703118603306067236e-01
1.364500043235023668e+03 2.633773987829768903e-01
1.364304813240559270e+03 2.789407744426448676e-01
1.364109705341150857e+03 2.807841578770775004e-01
1.363914597441742444e+03 2.690276844231549447e-01
1.363719611637390017e+03 2.559250762049880557e-01
1.363524625833037589e+03 2.714248431962092423e-01
1.363329762123740920e+03 2.666375570246773408e-01
1.363135020509500464e+03 2.810689330321585744e-01
1.362940034705148037e+03 2.904405411362090961e-01
1.362745415185963338e+03 2.487721111255769835e-01
1.362550795666778640e+03 2.600033845636368079e-01
1.362356298242650155e+03 2.550690707113809075e-01
1.362161678723465457e+03 2.542494923887096969e-01
1.361967181299336744e+03 2.803403775721451940e-01
1.361772683875208031e+03 2.659543207767793294e-01
1.361578308546135304e+03 2.560836973715528986e-01
1.361384055312118562e+03 2.425950253471103879e-01
1.361189924173157806e+03 2.635108856569434721e-01
1.360995670939141064e+03 2.593738050662522943e-01
1.360801539800180308e+03 2.550680833531784319e-01
1.360607408661219324e+03 2.695672899347696383e-01
1.360413277522258568e+03 2.855058718632098591e-01
1.360219512668465541e+03 2.525708223918916029e-01
1.360025625719616755e+03 2.711849865075205979e-01
1.359831738770767743e+03 2.860791908788404281e-01
1.359637973916974715e+03 2.678550191704085481e-01
1.359444209063181916e+03 2.649409298465906226e-01
1.359250566304444874e+03 2.511738911454858836e-01
1.359057045640763818e+03 2.797364180616871976e-01
1.358863402882026776e+03 2.659974129898196038e-01
1.358669882218345720e+03 2.683978958673624571e-01
1.358476483649720649e+03 2.686494746005235190e-01
1.358283085081095351e+03 2.690391533628196385e-01
1.358089808607526265e+03 2.894819634775981920e-01
1.357896532133957180e+03 2.703370555610707382e-01
1.357703377755443853e+03 2.498592083722041834e-01
1.357510223376930753e+03 2.900534224363527924e-01
1.357317068998417426e+03 2.472323592875624032e-01
1.357124036714960312e+03 2.683637579675746121e-01
1.356931126526558955e+03 2.668494853735987049e-01
1.356738216338157599e+03 2.913081646021135063e-01
1.356545428244812229e+03 2.624136384021921176e-01
1.356352518056410872e+03 2.754268672381315897e-01
1.356159852058121487e+03 2.491787966090586171e-01
1.355967063964776116e+03 2.673701336239712734e-01
1.355774642156598702e+03 2.778784531659033719e-01
1.355581976158309317e+03 2.537156132651895435e-01
1.355389432255075690e+03 2.778168573911976025e-01
1.355197010446898275e+03 2.603813223690596979e-01
1.355004588638720634e+03 2.492636301684808542e-01
1.354812411020655190e+03 2.787101680723928498e-01
1.354620111307533534e+03 2.470960409778465150e-01
1.354427811594411878e+03 2.652597037356309584e-01
1.354235633976346435e+03 2.812030767376294538e-01
1.354043456358280764e+03 2.753624908112253244e-01
1.353851400835271079e+03 2.775619272957180472e-01
1.353659589502373365e+03 2.617500988178671495e-01
1.353467656074419665e+03 2.677752671477597879e-01
1.353275722646465965e+03 2.657343191463681920e-01
1.353083911313568251e+03 2.380151462604610801e-01
1.352892099980670309e+03 2.798031601123111001e-01
1.352700410742828581e+03 2.757812198021166172e-01
1.352508843600042610e+03 2.481698983002543768e-01
1.352317276457256867e+03 2.664926597043039136e-01
1.352125709314470896e+03 2.792169269527278175e-01
1.351934142171685153e+03 2.777506347843966550e-01
1.351742697123955168e+03 2.760806938465449334e-01
1.351551252076225410e+03 2.547470552542952515e-01
1.351360173313663154e+03 2.734862524545363383e-01
1.351168850360989381e+03 2.823891840718151247e-01
1.350977649503371367e+03 2.531001439272232978e-01
1.350786570740809111e+03 2.534958163640416151e-01
1.350595491978247082e+03 2.575408158611716125e-01
1.350404413215685054e+03 2.532118206256432358e-01
1.350213578643234996e+03 2.390268621987832742e-01
1.350022621975728725e+03 2.844276471555772234e-01
1.349831787403278668e+03 2.723774538170476434e-01
1.349640952830828610e+03 2.884162785659968309e-01
1.349450240353434310e+03 2.528978300862326778e-01
1.349259527876040011e+03 2.687337497760922678e-01
1.349068937493701924e+03 2.468410379282034162e-01
1.348878469206419595e+03 2.530394319953189752e-01
1.348687878824081281e+03 2.713112548514570177e-01
1.348497410536798952e+03 2.540694539142528963e-01
1.348307064344572609e+03 2.544318543837977287e-01
1.348116718152346266e+03 2.447893848179590603e-01
1.347926494055175908e+03 2.508513477363087385e-01
1.347736147862949338e+03 2.528892478698199775e-01
1.347546045860834965e+03 2.571076318326472876e-01
1.347355943858720593e+03 2.716094565797575466e-01
1.347165841856605994e+03 2.548129219462787476e-01
1.346975861949547607e+03 2.656057398354142451e-01
1.346786004137544978e+03 2.522043999174808926e-01
1.346596146325542350e+03 2.703528950690524124e-01
1.346406288513539948e+03 2.645448199824885771e-01
1.346216552796593305e+03 2.787334311703995038e-01
1.346026817079646662e+03 2.691988025702538589e-01
1.345837081362700019e+03 2.357416469276246429e-01
1.345647589835865347e+03 2.617362295118009219e-01
1.345457976213974689e+03 2.441577956068614053e-01
1.345268484687140017e+03 2.506307957169995326e-01
1.345079115255361330e+03 2.672083013432661747e-01
1.344889623728526431e+03 2.619663008651615943e-01
1.344700376391803729e+03 2.606538691553474396e-01
1.344511006960025043e+03 2.694132752241318873e-01
1.344322003813414085e+03 2.683415494967130166e-01
1.344132756476691156e+03 2.750286218662993942e-01
1.343943631235024441e+03 2.636863465375068327e-01
1.343754628088413483e+03 2.701612096645998884e-01
1.343565624941802525e+03 2.548406501058801954e-01
1.343376743890247553e+03 2.394591884051135711e-01
1.343187862838692581e+03 2.439130730076007059e-01
1.342999103882193594e+03 2.665316039135977033e-01
1.342810222830638622e+03 2.479333389109343588e-01
1.342621585969195621e+03 2.575076129827593707e-01
1.342432949107752620e+03 2.869456797504468248e-01
1.342244312246309619e+03 2.698447767138322240e-01
1.342055797479922376e+03 2.603573717413898425e-01
1.341867404808591345e+03 2.765551243136825654e-01
1.341679012137260088e+03 2.684912985833130539e-01
1.341490619465928830e+03 2.643078118792590026e-01
1.341302226794597800e+03 2.507343972559749612e-01
1.341113956218322528e+03 2.814055810292651061e-01
1.340925807737103241e+03 2.825266010389676508e-01
1.340737659255883955e+03 2.678608242656705385e-01
1.340549632869720654e+03 2.719062834944450668e-01
1.340361606483557352e+03 2.750959385568662041e-01
1.340173580097394051e+03 2.476647599852913051e-01
1.339985675806286736e+03 2.576931809244155103e-01
1.339797771515179420e+03 2.620579922986692734e-01
1.339609867224072104e+03 2.676628182575556680e-01
1.339422207123076532e+03 2.534028021639423423e-01
1.339234547022081188e+03 2.681559405682618080e-01
1.339046764826029857e+03 2.572243141944586253e-01
1.338859226820090271e+03 2.841359553687199946e-01
1.338671688814150684e+03 2.645618500379511850e-01
1.322748784187461524e+03 2.708376308549521605e-01
1.322566007888704007e+03 2.663264316484478811e-01
1.322383231589946718e+03 3.034073179881848770e-01
1.322200455291189201e+03 2.849734855770980069e-01
1.322017923182543655e+03 2.703247331556453137e-01
1.305262086084162092e+03 2.603078475013823612e-01
1.305084315682698616e+03 2.699140867227974860e-01
1.304906667376291125e+03 2.469005440063989365e-01
1.304729019069883634e+03 2.579921744557960306e-01
1.304551370763476143e+03 2.543404928792837860e-01
1.287392619980458903e+03 2.540453970468075084e-01
1.287220099666401211e+03 2.598162133895867698e-01
1.287047457257287761e+03 2.636314990054655083e-01
1.286874936943230068e+03 2.636995604593672105e-01
1.286702416629172376e+03 2.772320806132128057e-01
1.286530018410170669e+03 2.604411214133928176e-01
1.286357620191169190e+03 2.624893496206475163e-01
1.286185221972167483e+03 2.759959383285479628e-01
1.286012945848221761e+03 2.707802110765371584e-01
1.285840669724276040e+03 2.790250527860035912e-01
1.285668637790442062e+03 2.680151582602718352e-01
1.285496483761552327e+03 2.780883333130357848e-01
1.285324329732662591e+03 2.749944543174942524e-01
1.285152297798828613e+03 2.836078509541430370e-01
1.284980265864994863e+03 2.784892220037260557e-01
1.284808356026217098e+03 2.732504910399907727e-01
1.284636446187439105e+03 2.777446203747603870e-01
1.284464536348661341e+03 2.787720196637774595e-01
1.284292748604939334e+03 2.837848341876441638e-01
1.284120960861217327e+03 2.597769958239708465e-01
1.283949295212551306e+03 2.717381876631922988e-01
1.283777629563885512e+03 2.747272730381093431e-01
1.283605963915219490e+03 2.698015870281604278e-01
1.283434420361609455e+03 2.895164317986919644e-01
1.283262876807999419e+03 2.721415365223426308e-01
1.283091577444501354e+03 2.779114572827485752e-01
1.282920155985947304e+03 3.125835207559702345e-01
1.282748734527393026e+03 2.871294446486127305e-01
1.282577435163894961e+03 2.923069560525309862e-01
1.282406257895452882e+03 2.726390530122388967e-01
1.282234958531954589e+03 2.583632930257315219e-01
1.282063781263512510e+03 2.415639973964619769e-01
1.281892603995070431e+03 2.614107808558615020e-01
1.281721548821684109e+03 2.548501144074920011e-01
1.281550493648297788e+03 2.579826515981693547e-01
1.281379438474911694e+03 2.534717240687494044e-01
1.281208627491637344e+03 2.634072966242301250e-01
1.281037694413307008e+03 2.719372813874576522e-01
1.280866761334976673e+03 3.036612603549852518e-01
1.280696072446758308e+03 2.774704195772426107e-01
1.280525261463483957e+03 2.745732125553428937e-01
1.280354694670321578e+03 2.490276661348408416e-01
1.280184005782103213e+03 2.639267956224295442e-01
1.280013438988940834e+03 2.539926740705390484e-01
1.279842872195778455e+03 2.801758917710400199e-01
1.279672427497671833e+03 2.776344204320969622e-01
1.279501860704509454e+03 2.694154004096630528e-01
1.279331538101459046e+03 2.767132642326993741e-01
1.279161093403352425e+03 2.878812472522295218e-01
1.278990892895358002e+03 2.762456379343947166e-01
1.278820570292307366e+03 2.493692661187977000e-01
1.278650369784312716e+03 2.773579721957505351e-01
1.278480169276318293e+03 2.713400315005288777e-01
1.278310090863379628e+03 2.560071556500813639e-01
1.278140012450440963e+03 2.653158758230873548e-01
1.277969934037502298e+03 2.577432087908467229e-01
1.277799977719619619e+03 2.463791095393353392e-01
1.277630021401736940e+03 2.499918529071070705e-01
1.277460309273966232e+03 2.742386525094719363e-01
1.277290475051139538e+03 2.513893201823886869e-01
1.277120640828312844e+03 2.946463214605986036e-01
1.276950928700541908e+03 2.738838486602311328e-01
1.276781338667827185e+03 2.643721704427308694e-01
1.276611626540056477e+03 2.527841831214797663e-01
1.276442036507341527e+03 2.618951803643446152e-01
1.276272446474626804e+03 2.466320503440595224e-01
1.276102978536967839e+03 2.522471722036533914e-01
1.275933510599308875e+03 2.561013332170609114e-01
1.275764042661650137e+03 2.618715655738180215e-01
1.275594818914103143e+03 2.768783887496819585e-01
1.275425350976444179e+03 2.880362222502828584e-01
1.275256127228897185e+03 2.523655622378681573e-01
1.275086903481350191e+03 2.620713317968716427e-01
1.274917801828859183e+03 2.907808511163069154e-01
1.274748578081312189e+03 2.682299414855826569e-01
1.274579598523877166e+03 2.566505640866394988e-01
1.274410618966442144e+03 2.522019511310194528e-01
1.274241639409007121e+03 2.684761393348165104e-01
1.274072781946627856e+03 2.663436886827861283e-01
1.273903924484248819e+03 2.681918691372705554e-01
1.273735189116925540e+03 2.569832823089424068e-01
1.273735067021869781e+03 2.700915121750666614e-01
1.273566331654546502e+03 2.456885266815066471e-01
1.273566209559490517e+03 2.719006385061280562e-01
1.273397718382279209e+03 2.699701814232323693e-01
1.273397596287223450e+03 2.849462170366327540e-01
1.273228983014956157e+03 2.605022831835184238e-01
1.273228860919900171e+03 2.941867630968105773e-01
1.273060247647632877e+03 2.510767197335456169e-01
1.273060125552576892e+03 2.641735216838034250e-01
1.272891512280309826e+03 2.678874603501086860e-01
1.272723021103098517e+03 2.660821727341963761e-01
1.272554529925887209e+03 2.530197961004601592e-01
1.272386038748675901e+03 2.623290373053241975e-01
1.272217669666520578e+03 2.677427127137760876e-01
1.272049300584365255e+03 2.582567315850663459e-01
1.271880931502209933e+03 2.619155313508680916e-01
1.271712684515110595e+03 2.488917429112254831e-01
1.271544437528011258e+03 2.677158678511802892e-01
1.271376312635967906e+03 2.640584323663782151e-01
1.271208187743924327e+03 2.547208794815995492e-01
1.271040062851880975e+03 2.810048578958858623e-01
1.270872182149949367e+03 2.587630266706796855e-01
1.270704179352962001e+03 2.666736792205620099e-01
1.270536176555974407e+03 2.764872169122074563e-01
1.270368295854043026e+03 2.748114889310490638e-01
1.270200537247167404e+03 2.732588434895430463e-01
1.270032656545235795e+03 2.625131988951297513e-01
1.269864897938360400e+03 2.820115576882317177e-01
1.269697261426540763e+03 2.822208035000083881e-01
1.269529624914721126e+03 3.012997876435675182e-01
1.269361988402901488e+03 3.002461210796835145e-01
1.269194351891081851e+03 3.059771214760519387e-01
1.269026959569374185e+03 3.115143767196165703e-01
1.268859445152610306e+03 3.094803277437045419e-01
1.268691930735846654e+03 3.138603123096871395e-01
1.268524660509194973e+03 2.604262160881982147e-01
1.268357268187487307e+03 2.668055974138008324e-01
1.268189997960835399e+03 2.494791486617666809e-01
1.268022727734183718e+03 2.605696769011933145e-01
1.267855701697643781e+03 2.508986279169391764e-01
1.267688431470992100e+03 2.882901448087535345e-01
1.267521283339396177e+03 2.638515035165598932e-01
1.267354257302856468e+03 2.507101434609712021e-01
1.267187231266316530e+03 2.715442373753534921e-01
1.267020327324832579e+03 2.698353634851237137e-01
1.266853545478404612e+03 2.759235367758164359e-01
1.266686641536920661e+03 2.762306066927898152e-01
1.266519859690492694e+03 2.704669198645279771e-01
1.266353077844064728e+03 2.552155531910850761e-01
1.266186295997636762e+03 2.538624034986555755e-01
1.266019636246264781e+03 2.681848445190262997e-01
1.265852976494892800e+03 2.802324709024624494e-01
1.265686560933632563e+03 2.685773142067480745e-01
1.265519901182260583e+03 2.675097062038565565e-01
1.265353363525944587e+03 2.799522298985046564e-01
1.265186947964684350e+03 2.769472644446894227e-01
1.265020532403424340e+03 2.653804225018905338e-01
1.264854238937220089e+03 2.646433717014055054e-01
1.264687945471015837e+03 2.819759443535719834e-01
1.264521652004811813e+03 2.864985471377239357e-01
1.264355480633663547e+03 2.703019247260607383e-01
1.264189309262515280e+03 2.724028504538196227e-01
1.264023137891367014e+03 2.675180224159263709e-01
1.263857088615274733e+03 2.773951502699699145e-01
1.263691039339182453e+03 2.618196782913344012e-01
1.263525112158146158e+03 2.518799023626961398e-01
1.263359062882053877e+03 2.513598218055254629e-01
1.263193257796073567e+03 2.622658232687955504e-01
1.263027330615037272e+03 2.751915129924427106e-01
1.262861525529056962e+03 2.719187659177548788e-01
1.262695842538132410e+03 2.564928591596878360e-01
1.262530159547208086e+03 2.698729947733291001e-01
1.262364476556283535e+03 2.667351413170684360e-01
1.262198793565359210e+03 2.563274681073807182e-01
1.262033354764546630e+03 2.582068304387591384e-01
1.261867915963734276e+03 2.754750318043534540e-01
1.261702355067865710e+03 2.691488656642707089e-01
1.261536916267053130e+03 2.806539666211008144e-01
1.261371599561296534e+03 2.527572870705537822e-01
1.261206282855539939e+03 2.586302615779599301e-01
1.261040966149783571e+03 2.623651453975856529e-01
1.260875649444026976e+03 2.638308083604571919e-01
1.260710454833326366e+03 2.649661771514003616e-01
1.260545382317681515e+03 2.626132338166521363e-01
1.260380187706980905e+03 2.608905480617861317e-01
1.260215237286392266e+03 2.594179664714670874e-01
1.260050164770747642e+03 2.596604935320291907e-01
1.259885214350159004e+03 2.824071036035966098e-01
