# Wavelength, Reflectance
1.644626478875366956e+03 3.157903850019901371e-01
1.643760390008179456e+03 3.730221788566702723e-01
1.642895155633179456e+03 4.451062904729780056e-01
1.642030897820679456e+03 3.276843530091637091e-01
1.641167494500366956e+03 4.648072075830107508e-01
1.640305189812866956e+03 3.809824764587780854e-01
1.639443739617554456e+03 3.667645733481879611e-01
1.638583265984741956e+03 3.881647948586720021e-01
1.637723646844116956e+03 3.451273020982342232e-01
1.636865126336304456e+03 3.499107970168753301e-01
1.636007460320679456e+03 3.990323054636923938e-01
1.635150770867554456e+03 3.639429934855001880e-01
1.634295057976929456e+03 3.500468735089544148e-01
1.633440199578491956e+03 3.561052416977638080e-01
1.632586317742554456e+03 3.565480434861030834e-01
1.631733290398804456e+03 3.233549311551530137e-01
1.630881239617554456e+03 3.533146663848245050e-01
1.630030165398804456e+03 4.026661439230544426e-01
1.629179945672241956e+03 3.373286274753913849e-01
1.628330702508179456e+03 3.168123287939076382e-01
1.627482313836304456e+03 3.429561754449793609e-01
1.626634901726929456e+03 3.354414055769314174e-01
1.625788466180054456e+03 3.402695065006104969e-01
1.624943007195679456e+03 3.139768527717942681e-01
1.624098280633179456e+03 3.347075503158753462e-01
1.623254652703491956e+03 3.201775105624974915e-01
1.622411757195679456e+03 3.330753335360092660e-01
1.621569960320679456e+03 3.555618485476823576e-01
1.620728895867554456e+03 3.428841650378593453e-01
1.619888930047241956e+03 3.421714405374722823e-01
1.619049696648804456e+03 3.299594855212958922e-01
1.618211439812866956e+03 3.276093660483980763e-01
1.617374037469116956e+03 3.597033515522000680e-01
1.616537611687866956e+03 3.238470526534997229e-01
1.615702040398804456e+03 3.152335074309557950e-01
1.614867445672241956e+03 3.228237786520045116e-01
1.614033827508179456e+03 3.250557484848780043e-01
1.613200941765991956e+03 3.394474692939702942e-01
1.612369032586304456e+03 3.350336145014141676e-01
1.611537977898804456e+03 3.300787471664423101e-01
1.610707899773804456e+03 3.175487035291205684e-01
1.609878676140991956e+03 3.256836604165236349e-01
1.609050307000366956e+03 2.990759469032854279e-01
1.608222914422241956e+03 3.100539110844260371e-01
1.607396254265991956e+03 3.339875899662972381e-01
1.606570570672241956e+03 3.453488179156916638e-01
1.605745863640991956e+03 3.081415085808964505e-01
1.604922011101929456e+03 3.219686769053475839e-01
1.604098890984741956e+03 2.872536052496151848e-01
1.603276747430054456e+03 3.076262535275580134e-01
1.602455580437866956e+03 3.279527592609413622e-01
1.601635145867554456e+03 3.123991192898947222e-01
1.600815687859741956e+03 2.979256855074414179e-01
1.599997084344116956e+03 3.230946980083157505e-01
1.599179335320679456e+03 3.079159991060027024e-01
1.598362440789429456e+03 3.143192796578858084e-01
1.597546278680054456e+03 3.231759758679145222e-01
1.596731459344116956e+03 3.117051484609830170e-01
1.595917128289429456e+03 3.155129996047766894e-01
1.595103651726929456e+03 3.289063654581663720e-01
1.594291273797241956e+03 3.305144862024940178e-01
1.593479506219116956e+03 3.190923850357813563e-01
1.592668715203491956e+03 3.366360456746581020e-01
1.591858900750366956e+03 3.528128248206358619e-01
1.591049818719116956e+03 3.487300875794089317e-01
1.590241713250366956e+03 3.364086982236405565e-01
1.589434218133179456e+03 3.120602223930298291e-01
1.588627577508179456e+03 3.318100205773201750e-01
1.587822157586304456e+03 3.228020997087586164e-01
1.587017348015991956e+03 3.168495081585954165e-01
1.586213392937866956e+03 3.294523605736284777e-01
1.585410414422241956e+03 3.164731736361623970e-01
1.584608168328491956e+03 3.447595552235481198e-01
1.583806776726929456e+03 3.168209670954441060e-01
1.583006361687866956e+03 3.056140192066493233e-01
1.582206679070679456e+03 3.144005857722829700e-01
1.581407973015991956e+03 3.207291114278599808e-01
1.580609877312866956e+03 3.298721647796066803e-01
1.579812636101929456e+03 3.228049590000270364e-01
1.579016493523804456e+03 3.058181832990943816e-01
1.578220961297241956e+03 3.101833063842093785e-01
1.577426405633179456e+03 3.175692540090108151e-01
1.576632704461304456e+03 3.229852283751953879e-01
1.575839735711304456e+03 2.985081027751943505e-01
1.575047499383179456e+03 3.278927174071032402e-01
1.574256239617554456e+03 3.249320862715232017e-01
1.573465834344116956e+03 2.873347740822757568e-01
1.572676283562866956e+03 2.798635887577621273e-01
1.571887465203491956e+03 3.310008198211665253e-01
1.571099379265991956e+03 2.965731253763581599e-01
1.570312391961304456e+03 3.108657229221197249e-01
1.569526015008179456e+03 3.236158662005858000e-01
1.568740736687866956e+03 3.242063234976518271e-01
1.567955946648804456e+03 3.212376370326573971e-01
1.567172133172241956e+03 3.475312240711479483e-01
1.566389174187866956e+03 3.229599397669830063e-01
1.565606947625366956e+03 3.174054707437277134e-01
1.564825575555054456e+03 3.000918959835890409e-01
1.564045057976929456e+03 3.352970412552799262e-01
1.563265394890991956e+03 3.269804997853901218e-01
1.562486342156616956e+03 3.138086841860791565e-01
1.561708265984741956e+03 3.536894158461829640e-01
1.560931044305054456e+03 3.359094299065449873e-01
1.560154555047241956e+03 3.332175790189790265e-01
1.559378798211304456e+03 3.242950312302889659e-01
1.558603895867554456e+03 3.250084339979982806e-01
1.557829970086304456e+03 3.329883895445884257e-01
1.557056654656616956e+03 3.182230541650902800e-01
1.556284193719116956e+03 3.501860647217256983e-01
1.555512465203491956e+03 3.251581553299448535e-01
1.554741713250366956e+03 3.197678362018300247e-01
1.553971571648804456e+03 3.364042826923822060e-01
1.553202406609741956e+03 3.576544977450287766e-01
1.553202284539429456e+03 3.433771900515074638e-01
1.552946181023804456e+03 3.574020936665604498e-01
1.552689955437866956e+03 3.227011743688837919e-01
1.552433973992554456e+03 3.572155679244785609e-01
1.552433851922241956e+03 3.470418226268792150e-01
1.552177992547241956e+03 3.324324784101620467e-01
1.551666273797241956e+03 3.456378623121577620e-01
1.550899428094116956e+03 3.408461947623261934e-01
1.550133314812866956e+03 3.317914951637754850e-01
1.549368056023804456e+03 3.393136933994054250e-01
1.548603651726929456e+03 3.433992109113013780e-01
1.547839857781616956e+03 3.378890330336535297e-01
1.547076918328491956e+03 3.209719152041234369e-01
1.546314833367554456e+03 3.370338527773973913e-01
1.545553602898804456e+03 3.360059893070472259e-01
1.544792982781616956e+03 3.358010312465540270e-01
1.544033095086304456e+03 3.403228726631012946e-01
1.543274183953491956e+03 3.472550456458725066e-01
1.542516127312866956e+03 3.455519489497913543e-01
1.541758681023804456e+03 3.153018628571022108e-01
1.541001967156616956e+03 3.393088967677258538e-01
1.540246107781616956e+03 3.308386907242111263e-01
1.539490980828491956e+03 3.256572039660420304e-01
1.538736830437866956e+03 3.259033701196475952e-01
1.537983290398804456e+03 3.422679150571530937e-01
1.537230482781616956e+03 3.180365890306009469e-01
1.536478529656616956e+03 3.453359143216113147e-01
1.535727064812866956e+03 3.492935094810045715e-01
1.534976942742554456e+03 3.145993167204669816e-01
1.534227064812866956e+03 3.245215255741614735e-01
1.533478285515991956e+03 3.258738042243330413e-01
1.532730116570679456e+03 3.302635480966575887e-01
1.531982680047241956e+03 3.184516560586480582e-01
1.531236220086304456e+03 3.275267917454056654e-01
1.530490370476929456e+03 3.338106417389701264e-01
1.529745253289429456e+03 3.372497171902836821e-01
1.529000868523804456e+03 3.302247686141563388e-01
1.528257338250366956e+03 3.323461681327108397e-01
1.527514296258179456e+03 3.387805184801135905e-01
1.526772474969116956e+03 3.167286263332557139e-01
1.526031019890991956e+03 3.253790826238164291e-01
1.525290663445679456e+03 3.030895963591878073e-01
1.524550795281616956e+03 3.198282541229598430e-01
1.523811781609741956e+03 3.205570327933976449e-01
1.523073500359741956e+03 3.224215416352906316e-01
1.522336073601929456e+03 3.475706540143743695e-01
1.521599257195679456e+03 3.202135355187024635e-01
1.520863173211304456e+03 3.109777669622165730e-01
1.520127821648804456e+03 3.303219184016729648e-01
1.519393324578491956e+03 3.414606661689151279e-01
1.518659437859741956e+03 3.582176565452117045e-01
1.517926283562866956e+03 3.330167923363109850e-01
1.517194227898804456e+03 3.177742043488055446e-01
1.516462660515991956e+03 3.173048781238153038e-01
1.515731703484741956e+03 3.280890074496854436e-01
1.515488417351929456e+03 3.765811804962791998e-01
1.515245131219116956e+03 3.457100449987898783e-01
1.515001723015991956e+03 3.492379368127991324e-01
1.515001600945679456e+03 3.437368545845589929e-01
1.514758558953491956e+03 3.810811133880039892e-01
1.514515516961304456e+03 3.578540405406904212e-01
1.514272230828491956e+03 3.397314641536351432e-01
1.513543593133179456e+03 3.223072629688989998e-01
1.512815687859741956e+03 3.285513520404065302e-01
1.512088515008179456e+03 3.312613943966492003e-01
1.511362196648804456e+03 3.218507121283907813e-01
1.510636488640991956e+03 3.361462901830476468e-01
1.509911513055054456e+03 3.149461109823602500e-01
1.509187269890991956e+03 3.538592209250329135e-01
1.508463759148804456e+03 3.274394957149932561e-01
1.507740980828491956e+03 3.038237228135138301e-01
1.507018934930054456e+03 3.328910671630920803e-01
1.506297621453491956e+03 3.577204532518589164e-01
1.505577040398804456e+03 3.379731208668166897e-01
1.504857313836304456e+03 3.372993772024843739e-01
1.504138075555054456e+03 3.296777970207117603e-01
1.503419691765991956e+03 3.334903743117743624e-01
1.502700974035698891e+03 3.134692662149067277e-01
1.501982820603530399e+03 3.440659969851419531e-01
1.501265522989207511e+03 3.109491063849838532e-01
1.500548836673345704e+03 3.296219621459290372e-01
1.499832883915637240e+03 3.249438714955346086e-01
1.499117664716082345e+03 3.346539905218905431e-01
1.498403056814988531e+03 3.293384898966583152e-01
1.497689304731740322e+03 3.243897011971518807e-01
1.496976163946953193e+03 3.451162194003379313e-01
1.496263878980011896e+03 3.326118776993476911e-01
1.495552205311531679e+03 3.289972684906253830e-01
1.494841265201204806e+03 3.231058334987519931e-01
1.494130936389339013e+03 3.309949449323374426e-01
1.493421463395318824e+03 3.375646187286654443e-01
1.492712601699759944e+03 3.536726010935979936e-01
1.492004473562354406e+03 3.370155013174904735e-01
1.491297078983102210e+03 3.404824307808174133e-01
1.490590295702311323e+03 3.477436605446207474e-01
1.489884245979673551e+03 3.132448011187389803e-01
1.489178929815189349e+03 3.390172802240500882e-01
1.488474347208858489e+03 3.317626024891929815e-01
1.487770375900988938e+03 3.411224291503391348e-01
1.487067138151272502e+03 3.484022164435109925e-01
1.486364511700017374e+03 3.299670478742864899e-01
1.485662741066607850e+03 3.355422283406908068e-01
1.484961581731659635e+03 3.231701020311822936e-01
1.484261155954864535e+03 3.260506523385891531e-01
1.483561341476530743e+03 3.233975593042435759e-01
1.482862382816042555e+03 3.299568713705395839e-01
1.482163913194323413e+03 3.351827919844142523e-01
1.481466299390449876e+03 3.281484781119864969e-01
1.480769296885037193e+03 3.213216229754899400e-01
1.480072905678086045e+03 3.446263005341049235e-01
1.479377370288980273e+03 3.282828473015015902e-01
1.478682323938643549e+03 3.314643624729730620e-01
1.477988133406152429e+03 3.516991960838278253e-01
1.477294554172122389e+03 3.331854274436176211e-01
1.476601708496245692e+03 3.436377703339255629e-01
1.475909474118830303e+03 3.222980420735051532e-01
1.475217973299568257e+03 3.258821506549403058e-01
1.474527083778767292e+03 3.534238130499675612e-01
1.473836927816119896e+03 3.260122083511270974e-01
1.473147383151933582e+03 3.525350734675601339e-01
1.472458572045900610e+03 3.087935024678500340e-01
1.471770494498020980e+03 3.120058778639243635e-01
1.471083028248602659e+03 3.275302109910924742e-01
1.470396295557337680e+03 3.237154620433705943e-01
1.469710174164533782e+03 3.403948654813239716e-01
1.469024664070190966e+03 3.498368992107445119e-01
1.468339887534001718e+03 3.262467222138420997e-01
1.467655844555965814e+03 3.378247770119006121e-01
1.466972412876390990e+03 3.186438290725379652e-01
1.466289592495277475e+03 3.380597469232872188e-01
1.465607505672317302e+03 3.257840432926106811e-01
1.464926030147818210e+03 3.367531981132433905e-01
1.464245288181472461e+03 3.525381807737227868e-01
1.463565157513588019e+03 3.528092875574180831e-01
1.462885760403856921e+03 3.379999623080186533e-01
1.462206974592586903e+03 3.341836479927226544e-01
1.461528800079778193e+03 3.342398664906967576e-01
1.460851236865430337e+03 3.494553872923579219e-01
1.460174529468928313e+03 3.234139755744567801e-01
1.459498311111195335e+03 3.318040266497803703e-01
1.458822826311615700e+03 3.081624954301825925e-01
1.458147952810497145e+03 3.318820681488268698e-01
1.457473812867531933e+03 3.387039632952408286e-01
1.456800284223027802e+03 3.348310018849128267e-01
1.456127366876984979e+03 3.085801743635812056e-01
1.455455183089095499e+03 3.332799496571308695e-01
1.454783610599667327e+03 3.295866792512372467e-01
1.454112649408700236e+03 3.232544072123749168e-01
1.453442299516194225e+03 3.371148771614688733e-01
1.452772805441533819e+03 3.376910807948328430e-01
1.452103800405642460e+03 3.301087885000369426e-01
1.451435406668212181e+03 3.264575770564321910e-01
1.450767746488935245e+03 3.225222215939549941e-01
1.450100697608119390e+03 3.262250257485876936e-01
1.449434260025764843e+03 3.129607268163762668e-01
1.448768556001563638e+03 3.225761787335671427e-01
1.448103463275823742e+03 3.321846513753912156e-01
1.447438859588852665e+03 3.425559433370726770e-01
1.446775111719727192e+03 3.212496075100400028e-01
1.446111852889370539e+03 3.370172286081629109e-01
1.445449449876859717e+03 3.381918036569825370e-01
1.444787413643425452e+03 3.513098111723848560e-01
1.444126110968144530e+03 3.390638663790967455e-01
1.443465541851017178e+03 3.347263562084175637e-01
1.442805461772658646e+03 3.056324694018422994e-01
1.442146115252453455e+03 3.241947102665122538e-01
1.441487380030709573e+03 3.315687831169432664e-01
1.440829256107426772e+03 3.104275743775475327e-01
1.440171621222912790e+03 3.001515110665126662e-01
1.439514964415936674e+03 3.139144663334278440e-01
1.439514842156244640e+03 3.261310517730061087e-01
1.439296119566842208e+03 3.113599452707694337e-01
1.439077274717747514e+03 3.192391755284890720e-01
1.438858674388037343e+03 3.289161244700421483e-01
1.438858552128345309e+03 3.147003398511211691e-01
1.438639951798635138e+03 3.127270242025141922e-01
1.438421473728617229e+03 3.238758507946097875e-01
1.438203117918291582e+03 3.364769919389902775e-01
1.438202995658599320e+03 3.184265686402137918e-01
1.437984639848273673e+03 3.239041032340060910e-01
1.437766406297640060e+03 3.320182153801509162e-01
1.437548172747006674e+03 3.262406159615574563e-01
1.437548050487314413e+03 3.122780262528442319e-01
1.437329694676988765e+03 3.304368326212544504e-01
1.437111705645739903e+03 3.170075793992220836e-01
1.436893838874183075e+03 2.896423285610427167e-01
1.436893716614490813e+03 3.297691274885467538e-01
1.436675727583241724e+03 3.212791741402893364e-01
1.436457738551992861e+03 2.907680982071693676e-01
1.436239994040128295e+03 3.302961865310313216e-01
1.436022249528263728e+03 3.076663978417013556e-01
1.435804505016399389e+03 2.946872331037313497e-01
1.435586882764227084e+03 2.957488158264638400e-01
1.435369382771747041e+03 3.074455904038122522e-01
1.435151882779266998e+03 3.164403575202453522e-01
1.434934382786786955e+03 3.255852104979987671e-01
1.434717127313691208e+03 3.068148222401700376e-01
1.434499749580903426e+03 3.335554968971156664e-01
1.434282494107807906e+03 3.365390785309421706e-01
1.434065360894404421e+03 3.264111548432553911e-01
1.433848349940693424e+03 3.052562425880077646e-01
1.433631338986982200e+03 3.113096028628543066e-01
1.433414328033271204e+03 2.872283252816956733e-01
1.433197561598944503e+03 3.096366578623311328e-01
1.432980672904925541e+03 2.735684043761811846e-01
1.432763906470598840e+03 3.169728265572924197e-01
1.432547262295964401e+03 2.920902084810044763e-01
1.432330740381022224e+03 2.850406503281774362e-01
1.432114218466080047e+03 2.753740158403499283e-01
1.431897696551137869e+03 3.020047968033249819e-01
1.431681296895887954e+03 3.098386621794821938e-01
1.431465019500330072e+03 2.788907972646679778e-01
1.431248742104772418e+03 2.755241218853670127e-01
1.431032586968906799e+03 3.049113744243237556e-01
1.430816554092733668e+03 2.959510481147397121e-01
1.430600398956868048e+03 3.167870266472269103e-01
1.430384366080694917e+03 3.256115342012351199e-01
1.430168333204521559e+03 3.319074012742473379e-01
1.429952667107424986e+03 3.337928532130239323e-01
1.429736878750636151e+03 3.268458052681513237e-01
1.429521212653539578e+03 3.434681458322716985e-01
1.429305668816135267e+03 3.189992155528445505e-01
1.429090002719038694e+03 3.517362770116826964e-01
1.428874458881634382e+03 3.572733965105036602e-01
1.428659037303922105e+03 3.376181466313075141e-01
1.428443737985902317e+03 3.557361961557550800e-01
1.428228438667882301e+03 3.353578208574877761e-01
1.428013139349862513e+03 3.273382402611305642e-01
1.427797962291534759e+03 3.447670328511263649e-01
1.427583029752591756e+03 3.374327291098985770e-01
1.427367852694264002e+03 3.441913164675788894e-01
1.427152920155320771e+03 3.253512193391621121e-01
1.426938109876069802e+03 3.431600877614464085e-01
1.426723299596818833e+03 3.515477015418587703e-01
1.426508489317567864e+03 3.425452643776322748e-01
1.426293801298009157e+03 3.313257465057502515e-01
1.426079235538142711e+03 3.477499532512839941e-01
1.425864669778276266e+03 3.477702922680077635e-01
1.425650226278102082e+03 3.433156105103398748e-01
1.425435782777927670e+03 3.551162415267256622e-01
1.425221461537445748e+03 3.503363611474470396e-01
1.425007140296963598e+03 3.456866485636398978e-01
1.424792941316173938e+03 3.523722428116592420e-01
1.424578620075691788e+03 3.444664130138236358e-01
1.424364787873978685e+03 3.387438002526578784e-01
1.424150711152881058e+03 3.400475620750658678e-01
1.423936756691475694e+03 3.535714373173787228e-01
1.423722924489762590e+03 3.220478177509076279e-01
1.423509092288049487e+03 3.422458113085601328e-01
1.423295382346028646e+03 3.196678749472032233e-01
1.423081550144315543e+03 3.320206482228126310e-01
1.422868206981371486e+03 3.254435713481882431e-01
1.422654619299042679e+03 3.387385511924164150e-01
1.422441153876406361e+03 3.235057433257975124e-01
1.422227688453770043e+03 3.339721240374228795e-01
1.422014467550518020e+03 3.499091655153292457e-01
1.421801124387573736e+03 3.406784894049485479e-01
1.421587903484321942e+03 3.545651408833911944e-01
1.421374682581069919e+03 3.265155884031991640e-01
1.421161706197202420e+03 3.287786257260084111e-01
1.420948729813334921e+03 3.360920801411810266e-01
1.420735753429467422e+03 3.391376005403450300e-01
1.420523021564984447e+03 3.561039838360230414e-01
1.420310045181116948e+03 3.383557409739355037e-01
1.420097435576326234e+03 3.293613433982872651e-01
1.419884703711843258e+03 3.361236563504049757e-01
1.419672216366744578e+03 3.304755574946459107e-01
1.419459606761953864e+03 3.462296707039438926e-01
1.419247119416855185e+03 3.209743409609610576e-01
1.419034754331448994e+03 3.488115780756908535e-01
1.418822511505734838e+03 3.694811914871915515e-01
1.418610268680020681e+03 3.225722237429445305e-01
1.418398025854306752e+03 3.356580447547966584e-01
1.418185783028592596e+03 3.208169089314542588e-01
1.417973906981955224e+03 3.418278337029888037e-01
1.417761786415933329e+03 3.350835821239299128e-01
1.417549788109603696e+03 3.280464189153838306e-01
1.417338034322658586e+03 3.382414507434098883e-01
1.417126280535713249e+03 3.382640653415817655e-01
1.416914526748768139e+03 3.356376057645950040e-01
1.416702772961823030e+03 3.386326083370898021e-01
1.416491263694262216e+03 3.602031116151133694e-01
1.416279754426701629e+03 3.379877719019688254e-01
1.416068245159140815e+03 3.294223412313523891e-01
1.415856858151272490e+03 3.322989713610973173e-01
1.415645471143403938e+03 3.327722613718057110e-01
1.415434328654919909e+03 3.553424684327587957e-01
1.415223063906743619e+03 3.084557668160496369e-01
1.415011921418259590e+03 3.393716722957847987e-01
1.414800778929775561e+03 3.668512367782482131e-01
1.414589880960676055e+03 3.198809070966921464e-01
1.414378982991576549e+03 3.347851289725201074e-01
1.414168085022477044e+03 3.409503886954871055e-01
1.413957309313069800e+03 3.334253387389236045e-01
1.413746655863354590e+03 3.435201936106689891e-01
1.413535880153947346e+03 3.340718845396520864e-01
1.413325104444539875e+03 3.290378369933431579e-01
1.413114817773901677e+03 3.284841124393297340e-01
1.412904286583878729e+03 3.340770817610431154e-01
1.412693877653548043e+03 3.266111434769181088e-01
1.412483468723217584e+03 3.547965451734985121e-01
1.412273304312271421e+03 3.434777778567495443e-01
1.412063139901325258e+03 3.286570188448915131e-01
1.411852975490379094e+03 3.496533424082647890e-01
1.411642811079432931e+03 3.489150521829271767e-01
1.411432891187871064e+03 3.258728157218084287e-01
1.411222971296309424e+03 3.562794201693470497e-01
1.411013051404747785e+03 3.384005793364326387e-01
1.410803131513186145e+03 3.493352652689740712e-01
1.410593456141008801e+03 3.471969864135787120e-01
1.410383780768831684e+03 3.255264029890798660e-01
1.410174227656346602e+03 3.364283729105088661e-01
1.409964552284169486e+03 3.389663002611641995e-01
1.409755243691068927e+03 3.249133948548463824e-01
1.409545690578583844e+03 3.405746284522129241e-01
1.409336381985483285e+03 3.413103348816030613e-01
1.409127073392382727e+03 3.319318496023595522e-01
1.408917887058974429e+03 3.389429608156144802e-01
1.408708700725566132e+03 3.371755505414086307e-01
1.408499636651850096e+03 3.300213461477113364e-01
1.408290572578134061e+03 3.460524110259541319e-01
1.408081630764110287e+03 3.250170318248966073e-01
1.407872688950086285e+03 3.366515384544712108e-01
1.407663869395754773e+03 3.396555447480204548e-01
1.407455049841423033e+03 3.419803194197721385e-01
1.407246352546783783e+03 3.433419882680625590e-01
1.407037777511836566e+03 3.279472328449251073e-01
1.406829202476889350e+03 3.329351772235463747e-01
1.406620627441942361e+03 3.451511818041080870e-01
1.406412174666687406e+03 3.550805937342641494e-01
1.406203966410816975e+03 3.534195833419140342e-01
1.405995513635562020e+03 3.541268721128411623e-01
1.405787305379691588e+03 3.503419708953789957e-01
1.405579097123821157e+03 3.559017646407650060e-01
1.405371011127642987e+03 3.401032427598509877e-01
1.405162925131464590e+03 3.528910176080271022e-01
1.404954961394978682e+03 3.384902474498089897e-01
1.404746997658492774e+03 3.526018187046213170e-01
1.404539278441391161e+03 3.287214382285312264e-01
1.404331436964597515e+03 3.336149658279650154e-01
1.404123595487803641e+03 3.487905786508393446e-01
1.403915998530394290e+03 3.693157248151169303e-01
1.403708401572985167e+03 3.540114666562769186e-01
1.403500926875268078e+03 3.406642869147104014e-01
1.403293329917858728e+03 3.492322675072480065e-01
1.403085977479833900e+03 3.409461366077764510e-01
1.402878747301501335e+03 3.448591980776715693e-01
1.402671394863476507e+03 3.409529128532784448e-01
1.402464164685143942e+03 3.716082476125521783e-01
1.402256934506811376e+03 3.652255515808482400e-01
1.402049948847863106e+03 3.606209199216864891e-01
1.401842963188915064e+03 3.618018432403295459e-01
1.401635977529966794e+03 3.477460918474675755e-01
1.401428991871018752e+03 3.421246690648381272e-01
1.401222128471762744e+03 3.595308382085655174e-01
1.401015387332199225e+03 3.428245312178755388e-01
1.400808768452327740e+03 3.518567645973345592e-01
1.400602149572456256e+03 3.533815961126821614e-01
1.400395530692584771e+03 3.487978131981460117e-01
1.400189034072405548e+03 3.541497473517306038e-01
1.399982659711918586e+03 3.429165977583555347e-01
1.399776163091739363e+03 3.536284513235545268e-01
1.399569910990944663e+03 3.505929232146801078e-01
1.399363658890149964e+03 3.446953147504180914e-01
1.399157529049047525e+03 3.329453936449738305e-01
1.398951276948252598e+03 3.572958273405760776e-01
1.398745269366842422e+03 3.658751920572225758e-01
1.398539384045124280e+03 3.353875001516102294e-01
1.398333254204021841e+03 3.437121258909387467e-01
1.398127491141995961e+03 3.401401918814560554e-01
1.397921605820278046e+03 3.300121361769225437e-01
1.397715842758252165e+03 3.660054314946447618e-01
1.397510324215610808e+03 3.519254533282831221e-01
1.397304683413277189e+03 3.493557091790631119e-01
1.397099042610943570e+03 3.456776776779199034e-01
1.396893401808609951e+03 3.364074963308342214e-01
1.396688250045045379e+03 3.327520556552666098e-01
1.396482853762096283e+03 3.441783930660449187e-01
1.396277457479147188e+03 3.449767531073954507e-01
1.396072305715582388e+03 3.603663487382181008e-01
1.395867153952017816e+03 3.354667670203546614e-01
1.395662002188453243e+03 3.617510940090536420e-01
1.395456972684580705e+03 3.265731322309635143e-01
1.395251943180708395e+03 3.353263815579924922e-01
1.395047035936528118e+03 3.377616060981014634e-01
1.394842250952040104e+03 3.552655104799986030e-01
1.394637465967552089e+03 3.497791299197204884e-01
1.394432680983064301e+03 3.366388561696235238e-01
1.394227895998576287e+03 3.447094609646446095e-01
1.394023477793165057e+03 3.297318669572629202e-01
1.393818937328061565e+03 3.572558657157207107e-01
1.393614396862957847e+03 3.389638300590143705e-01
1.393409978657546617e+03 3.319018941118576649e-01
1.393205682711827649e+03 3.349531957664450554e-01
1.393001386766108681e+03 3.370713516694119893e-01
1.392797213080081747e+03 3.479381073709548744e-01
1.392593039394055040e+03 3.516672054301534511e-01
1.392388865708028106e+03 3.282261613279062185e-01
1.392184936541385923e+03 3.397256998411294360e-01
1.391980885115051251e+03 3.336468666288893159e-01
1.391776955948408840e+03 3.435174558354586183e-01
1.391573026781766657e+03 3.513106837560817652e-01
1.391369464394201032e+03 3.359672911153591679e-01
1.391165657487250883e+03 3.408973433158098976e-01
1.390961972839992995e+03 3.227939388608217497e-01
1.390758410452427370e+03 3.432499229281306130e-01
1.390554848064861517e+03 3.491608967895480364e-01
1.390351407936988153e+03 3.434777842181400698e-01
1.390147967809114789e+03 3.554799078806856194e-01
1.389944649940933687e+03 3.407170986763153331e-01
1.389741332072752357e+03 3.630864407095538149e-01
1.389538258723955778e+03 3.497782332370957259e-01
1.389335063115466710e+03 3.551362502389433518e-01
1.389131867506977869e+03 3.397451902613892738e-01
1.388928794158181063e+03 3.458768569643567159e-01
1.388725843069076518e+03 3.240998971528066264e-01
1.388523014239664235e+03 3.292193890079301299e-01
1.388320185410251952e+03 3.480680724312917862e-01
1.388117356580839896e+03 3.382513465468552916e-01
1.387914650011119647e+03 3.421673199576280022e-01
1.387712065701091888e+03 3.299887956390230026e-01
1.387509359131371866e+03 3.243239143860816576e-01
1.387306897081036368e+03 3.443003967681127486e-01
1.387104435030700870e+03 3.465467795136655260e-01
1.386901972980365144e+03 3.327303946541297353e-01
1.386699633189721908e+03 3.375966165356479309e-01
1.386497415658770706e+03 3.262053607882966499e-01
1.386295075868127469e+03 3.505368187149826009e-01
1.386092980596868529e+03 3.563615446238759255e-01
1.385890885325609815e+03 3.584803290471564319e-01
1.385688912314043137e+03 3.626137543176558564e-01
1.385486939302476458e+03 3.441575859000519655e-01
1.385284966290909779e+03 3.437778166889502440e-01
1.385083115539035362e+03 3.240240745731601257e-01
1.384881264787160944e+03 3.573462650336412527e-01
1.384679658554671050e+03 3.699566349762989925e-01
1.384477930062488895e+03 3.368465539472361714e-01
1.384276323829999001e+03 3.579212696716623232e-01
1.384074717597508879e+03 3.521622000521520413e-01
1.383873355884403509e+03 3.414154589528937689e-01
1.383671871911605876e+03 3.504479918434578178e-01
1.383470510198500278e+03 3.273722377905075032e-01
1.383269148485394908e+03 3.531918475583968320e-01
1.383068031291673833e+03 3.619492435172807498e-01
1.382866914097952758e+03 3.435410671841688246e-01
1.382665674644539649e+03 3.608449387129987196e-01
1.382464679710510836e+03 3.306768446719274279e-01
1.382263684776482023e+03 3.342978956919085420e-01
1.382062812102145472e+03 3.456153848694116237e-01
1.381861939427808920e+03 3.531228937318150463e-01
1.381661066753472369e+03 3.571528878553949515e-01
1.381460316338828079e+03 3.434681446006120908e-01
1.381259565924183562e+03 3.493186768669626074e-01
1.381059060028923795e+03 3.290654040445051276e-01
1.380858554133664029e+03 3.395282424306119706e-01
1.380658048238404035e+03 3.384597214143436061e-01
1.380457542343144269e+03 3.525746194313543191e-01
1.380257158707576536e+03 3.372620702106967627e-01
1.380056897331701293e+03 3.537399794745197390e-01
1.379856635955825823e+03 3.257541508858966539e-01
1.379656374579950352e+03 3.482362056240972392e-01
1.379456235463767143e+03 3.529471579240696100e-01
1.379256340866968458e+03 3.660658454177365684e-01
1.379056324010477510e+03 3.320711788780342233e-01
1.378856307153986791e+03 3.412468239042905638e-01
1.378656412557187878e+03 3.495381626430875133e-01
1.378456517960389192e+03 3.734747356336597379e-01
1.378256745623282768e+03 3.670726588812334712e-01
1.378057095545868606e+03 3.537135638244783831e-01
1.377857445468454443e+03 3.439206941725488353e-01
1.377657917650732315e+03 3.500576880554090442e-01
1.377458389833010415e+03 3.628654232875212493e-01
1.377258984274980548e+03 3.519170896420600325e-01
1.377059578716950682e+03 3.571663496650093195e-01
1.376860173158921043e+03 3.545056217629500295e-01
1.376660889860583438e+03 3.604232726698972100e-01
1.376461606562245834e+03 3.701084775103188895e-01
1.376262567783292752e+03 3.551472474067153273e-01
1.376063406744647637e+03 3.666335719261725745e-01
1.375864367965694555e+03 3.435911262702640578e-01
1.375665329186741474e+03 3.504817087978707169e-01
1.375466412667480427e+03 3.532665583426462530e-01
1.375267740667604130e+03 3.554488237811720408e-01
1.375068946408035572e+03 3.513658420591101450e-01
1.374870152148467014e+03 3.326468558240610607e-01
1.374671480148590490e+03 3.446612974129874551e-01
1.374472808148714194e+03 3.459189113812116134e-01
1.374274380668222193e+03 3.709806882756749857e-01
1.374075830928038158e+03 3.728110048408831423e-01
1.373877403447546158e+03 3.790083298671070300e-01
1.373678975967054157e+03 3.512071364345522584e-01
1.373480670746254418e+03 3.723674071879543024e-01
1.373282487785147168e+03 3.644609200715057118e-01
1.373084182564347429e+03 3.446709328750823809e-01
1.372886121862932214e+03 3.542460886053830360e-01
1.372688061161516998e+03 3.452012594377529275e-01
1.372490000460101783e+03 3.482733364436492174e-01
1.372292184278070863e+03 3.667241960357216501e-01
1.372094245836347909e+03 3.521799722768557128e-01
1.371896429654317217e+03 3.293663894675368242e-01
1.371698491212594263e+03 3.399082238203514628e-01
1.371500919549947866e+03 3.620659025649015650e-01
1.371303347887301470e+03 3.550610883474303314e-01
1.371105776224655301e+03 3.586889209107012033e-01
1.370908204562008905e+03 3.425546982493686277e-01
1.370710632899362736e+03 3.474133803915882557e-01
1.370513183496408601e+03 3.507652776986191490e-01
1.370315978612838990e+03 3.556597277815779501e-01
1.370118651469577117e+03 3.699141091176592067e-01
1.369921446586007505e+03 3.244593518192249726e-01
1.369724241702437894e+03 3.262638904900410086e-01
1.369527159078560544e+03 3.745538876548140661e-01
1.369330198714375456e+03 3.610238354709316422e-01
1.369132993830805844e+03 3.707172330100418911e-01
1.368936155726313018e+03 3.361135900274625499e-01
1.368739317621819964e+03 3.475263339903739701e-01
1.368542479517327138e+03 3.662291395062903243e-01
1.368345763672526346e+03 3.387737879450398726e-01
1.368149047827725781e+03 3.746374614599822239e-01
1.367952331982924989e+03 3.585974699498666873e-01
1.367755860657508947e+03 3.500651432825122034e-01
1.367559267072400417e+03 3.506376781184748492e-01
1.367362795746984148e+03 3.561226857775244836e-01
1.367166568940952402e+03 3.430539292288738995e-01
1.366970097615536133e+03 3.579786714753082078e-01
1.366773870809504388e+03 3.528303153102961276e-01
1.366577521743780380e+03 3.389603137443335523e-01
1.366381417197440896e+03 3.706419799652143632e-01
1.366185434910793674e+03 3.521399268801585491e-01
1.365989330364454190e+03 3.696934877573891942e-01
1.365793348077806968e+03 3.632795808317574870e-01
1.365597365791159518e+03 3.420345517636147470e-01
1.365401505764204558e+03 3.389098017388049167e-01
1.365205890256633893e+03 3.638567306525935519e-01
1.365010030229678932e+03 3.744287150205700132e-01
1.364814414722108268e+03 3.496698928360886804e-01
1.364618676954845341e+03 3.483108469217769954e-01
1.364423183706967166e+03 3.543511070824409415e-01
1.364227690459088763e+03 3.458867355950779321e-01
1.364032197211210359e+03 3.593826820739744465e-01
1.363836826223024218e+03 3.627088205890941497e-01
1.363641455234838077e+03 3.524720263174420110e-01
1.363446206506344197e+03 3.557815169484201401e-01
1.363250957777850317e+03 3.524448328063040647e-01
1.363055831309048699e+03 3.671458808175885880e-01
1.362860827099939115e+03 3.675596136488276100e-01
1.362665578371445235e+03 3.701411962076416318e-01
1.362470696422028141e+03 3.419774477525105993e-01
1.362275814472610818e+03 3.639936980615462447e-01
1.362081054782885985e+03 3.466352228057469342e-01
1.361886172833468663e+03 3.508250645342705920e-01
1.361691413143743830e+03 3.612430813064453905e-01
1.361496653454018769e+03 3.607427089172008938e-01
1.361302016023985971e+03 3.573502677725385879e-01
1.361107500853645433e+03 3.367321494185938624e-01
1.360913107942997158e+03 3.518071010033633206e-01
1.360718592772656621e+03 3.550269281293862988e-01
1.360524199862008345e+03 3.491690331313900275e-01
1.360329806951360069e+03 3.604239629336749018e-01
1.360135414040711794e+03 3.449633477683099470e-01
1.359941387909140303e+03 3.596480675604389332e-01
1.359747239517876551e+03 3.562223487160816049e-01
1.359553091126612571e+03 3.577459654922624521e-01
1.359359064995041081e+03 3.637203500175544835e-01
1.359165038863469590e+03 3.659296184689251330e-01
1.358971134991590134e+03 3.397784460624137526e-01
1.358777353379402939e+03 3.509874771361958246e-01
1.358583449507523710e+03 3.530093581760646582e-01
1.358389667895336515e+03 3.641014180847598758e-01
1.358196008542841582e+03 3.626189699273812961e-01
1.358002349190346877e+03 3.755431509546815483e-01
1.357808812097544205e+03 3.617653648663171628e-01
1.357615275004741534e+03 3.576709177212494817e-01
1.357421860171631124e+03 3.492435440568046889e-01
1.357228445338520714e+03 3.457507676578732148e-01
1.357035030505410077e+03 3.364646508065706199e-01
1.356841737931991929e+03 3.542185339929392329e-01
1.356648567618266043e+03 3.556700188117723482e-01
1.356455397304540156e+03 3.492284445126902503e-01
1.356262349250506304e+03 3.601970452073721685e-01
1.356069178936780418e+03 3.720484733872352900e-01
1.355876253142438827e+03 3.521900724676498284e-01
1.355683205088405202e+03 3.678601704050782906e-01
1.355490523813448135e+03 3.719363002335918655e-01
1.355297598019106545e+03 3.741257395396935803e-01
1.355104794484457443e+03 3.507867427898349599e-01
1.354912113209500376e+03 3.506605315781551324e-01
1.354719431934543309e+03 3.593193880314104471e-01
1.354526995178970765e+03 3.599442798609506222e-01
1.354334436163705959e+03 3.512412709086747964e-01
1.354141877148441154e+03 3.706884285003167467e-01
1.353949440392868610e+03 3.530006719385385128e-01
1.353757003637295838e+03 3.426037994454509406e-01
1.353564689141415556e+03 3.585763987615572801e-01
1.353372619164919797e+03 3.761071634581336642e-01
1.353180426928731549e+03 3.777965201088256952e-01
1.352988234692543529e+03 3.495804547922467531e-01
1.352796164716047542e+03 3.425240613306742565e-01
1.352604094739551783e+03 3.687853173536093654e-01
1.352412147022748059e+03 3.737624964127349014e-01
1.352220321565636596e+03 3.562799430164088066e-01
1.352028496108525360e+03 3.708205030691744120e-01
1.351836670651413897e+03 3.648304962686493291e-01
1.351644845194302434e+03 3.705710715821731172e-01
1.351453141996883232e+03 3.585026878760950164e-01
1.351261438799464031e+03 3.607946985752074620e-01
1.351070102381121615e+03 3.653480204902094242e-01
1.350878521443394675e+03 3.595131939175777447e-01
1.350687062765359997e+03 3.639297342523937218e-01
1.350495726347017353e+03 3.466536448998427389e-01
1.350304389928674937e+03 3.411844070993433897e-01
1.350113053510332520e+03 3.651114925718360049e-01
1.349921961611374400e+03 3.680614037273985950e-01
1.349730747452724245e+03 3.673890444965517421e-01
1.349539655553766124e+03 3.478533430129291948e-01
1.349348563654808231e+03 3.724228778753371771e-01
1.349157594015542372e+03 3.655941397627698874e-01
1.348966624376276513e+03 3.672725416366547924e-01
1.348775776996702916e+03 3.669613059465235416e-01
1.348585051876821581e+03 3.724292790829634159e-01
1.348394204497248211e+03 3.659850678885697151e-01
1.348203479377366875e+03 3.666487749466641466e-01
1.348012876517177574e+03 3.670234153250451770e-01
1.347822273656988500e+03 3.514654801288482622e-01
1.347631793056491688e+03 3.583333476416484253e-01
1.347441190196302614e+03 3.511943250192171573e-01
1.347250831855498063e+03 3.740078287258351564e-01
1.347060473514693285e+03 3.608718317233977069e-01
1.346870115173888735e+03 3.673761711088335269e-01
1.346679879092776218e+03 3.561667640397928047e-01
1.346489765271356191e+03 3.602060425892488760e-01
1.346299651449935936e+03 3.744201106418619251e-01
1.346109537628515682e+03 3.552515559479990648e-01
1.345919546066787916e+03 3.607532205919572466e-01
1.345729554505059923e+03 3.663801152876270950e-01
1.345539562943331930e+03 3.350447051797700304e-01
1.345349815900988460e+03 3.647852353542034298e-01
1.345159946598952729e+03 3.858313137143989380e-01
1.344970199556609259e+03 3.776384543229140411e-01
1.344780574773958051e+03 3.592402776811812193e-01
1.344590827731614581e+03 3.670246340529113027e-01
1.344401325208655635e+03 3.572353067063171461e-01
1.344211700426004427e+03 3.650922348919592997e-01
1.344022442422429776e+03 3.748347743270103449e-01
1.343832939899470830e+03 3.526827540803605388e-01
1.343643559636203918e+03 3.444820378763996938e-01
1.343454301632629495e+03 3.554564191909013182e-01
1.343265043629054844e+03 3.559901993635841699e-01
1.343075907885172455e+03 3.634350788690199341e-01
1.342886772141290294e+03 3.707244119078465516e-01
1.342697758657100167e+03 3.766335664577026288e-01
1.342508622913217778e+03 3.658871545668012093e-01
1.342319731688719912e+03 3.713120417156978159e-01
1.342130840464222047e+03 3.516189655467790165e-01
1.341941949239724181e+03 3.596908875035837450e-01
1.341753180274918577e+03 3.654423245588349078e-01
1.341564533569805235e+03 3.564685461138326628e-01
1.341375886864691893e+03 3.596103030716489291e-01
1.341187240159578550e+03 3.572629142534887725e-01
1.340998593454464981e+03 3.538000037289933952e-01
1.340810069009043900e+03 3.580388339604829162e-01
1.340621666823315081e+03 3.661318579027905140e-01
1.340433264637586035e+03 3.551145673876802134e-01
1.340244984711549478e+03 3.803240733645610883e-01
1.340056704785512693e+03 3.612111306900402385e-01
1.339868424859475908e+03 3.576817182459750000e-01
1.339680267193131613e+03 3.365173634439018735e-01
1.339492109526787090e+03 3.741858204004491761e-01
1.339303951860442567e+03 3.534084158660251718e-01
1.339116038713482567e+03 3.670213540201271996e-01
1.338928125566522567e+03 3.532555901422854139e-01
1.338740090159870306e+03 3.578583293853329073e-01
1.338552299272602568e+03 3.477377575497060391e-01
1.338364508385334830e+03 3.586095743779016409e-01
1.322420132882640019e+03 3.756217912555400718e-01
1.322237110123369348e+03 3.908830013416964566e-01
1.322054087364098677e+03 3.751113187950006478e-01
1.321871064604828007e+03 3.850462532897616086e-01
1.321688286364941632e+03 3.878267913867785577e-01
1.304909855241842706e+03 3.927878402387759982e-01
1.304731845129953626e+03 3.746855049868694776e-01
1.304553957277756581e+03 4.047371466690689035e-01
1.304376069425559535e+03 3.776148972282116767e-01
1.304198181573362490e+03 3.880714785451328530e-01
1.287016293465899480e+03 3.731187467485550524e-01
1.286843540520776060e+03 3.815801850847094778e-01
1.286670665315960605e+03 3.749602466527298672e-01
1.286497912370837412e+03 3.667253036482145956e-01
1.286325159425713991e+03 3.604245834195655696e-01
1.286152528740283060e+03 3.774801617772910456e-01
1.285979898054851901e+03 3.860481846206501588e-01
1.285807267369420970e+03 3.512475131256848626e-01
1.285634758943682073e+03 3.568975753143188157e-01
1.285462250517943176e+03 3.761703743772124575e-01
1.285289986611588802e+03 3.902341810257853871e-01
1.285117600445542394e+03 3.673792796960426155e-01
1.284945214279495758e+03 3.751202825466964930e-01
1.284772950373141384e+03 3.898751881355892457e-01
1.284600686466787010e+03 3.737747891335224115e-01
1.284428544820124898e+03 3.744841924752528306e-01
1.284256403173462786e+03 3.974413646176944148e-01
1.284084261526800674e+03 3.868959595893570746e-01
1.283912242139830823e+03 3.729547829364570077e-01
1.283740222752860745e+03 3.817367715719595100e-01
1.283568325625583157e+03 3.882281118616905946e-01
1.283396428498305568e+03 4.029832930698200588e-01
1.283224531371027979e+03 3.667124208217256709e-01
1.283052756503442424e+03 3.784468974140754449e-01
1.282880981635857097e+03 3.984207007470412787e-01
1.282709451287656066e+03 3.987621824612273547e-01
1.282537798679762773e+03 4.047735539300233443e-01
1.282366146071869707e+03 3.878295756553361007e-01
1.282194615723668676e+03 3.713303786194779854e-01
1.282023207635159906e+03 3.787717794445191188e-01
1.281851677286959102e+03 3.731208320900222808e-01
1.281680269198450333e+03 3.917137389649164581e-01
1.281508861109941563e+03 3.719410011330810950e-01
1.281337575281125055e+03 3.595541066230170668e-01
1.281166289452308547e+03 3.521634503896817758e-01
1.280995003623492039e+03 3.849725760486193415e-01
1.280823962314060054e+03 3.858001328956910392e-01
1.280652798744935808e+03 3.909520446157561668e-01
1.280481635175811334e+03 3.723538877289283566e-01
1.280310716126071611e+03 3.794341562590806127e-01
1.280139674816639626e+03 3.899524514592216384e-01
1.279968878026591938e+03 3.587377222463258852e-01
1.279797958976852215e+03 3.733403337765881513e-01
1.279627162186804753e+03 3.661131696804192925e-01
1.279456365396757064e+03 3.721149202901488651e-01
1.279285690866401637e+03 3.562247940326861428e-01
1.279114894076354176e+03 3.654834444670114757e-01
1.278944341805691010e+03 3.734656839246949800e-01
1.278773667275335583e+03 3.765459635118846848e-01
1.278603237264364907e+03 3.745534707726226320e-01
1.278432684993701741e+03 3.757383202818594947e-01
1.278262254982730838e+03 3.818566760139666116e-01
1.278091824971759934e+03 3.730846195533362719e-01
1.277921517220481292e+03 3.744448866025265055e-01
1.277751209469202649e+03 3.676462176009738236e-01
1.277580901717924007e+03 3.792544129847200129e-01
1.277410716226337627e+03 3.825373618864308378e-01
1.277240530734751246e+03 3.889563598806926037e-01
1.277070589762549162e+03 3.720141718668668052e-01
1.276900526530655043e+03 3.567801206520385682e-01
1.276730463298760924e+03 3.915216635579348847e-01
1.276560522326558839e+03 3.715862614724854684e-01
1.276390703614049244e+03 3.946489845417029407e-01
1.276220762641847159e+03 3.660841777962004495e-01
1.276050943929337564e+03 3.723033551556087506e-01
1.275881125216827741e+03 3.967345912384327988e-01
1.275711428764010179e+03 3.703067823221531385e-01
1.275541732311192845e+03 3.787284019513178501e-01
1.275372035858375284e+03 3.905142665220945886e-01
1.275202583924942246e+03 3.904927986901864378e-01
1.275032887472124685e+03 3.655565265071815673e-01
1.274863435538691647e+03 3.887441027577822616e-01
1.274693983605258609e+03 3.627400397844965929e-01
1.274524653931517832e+03 3.948636608188275110e-01
1.274355201998084794e+03 3.866747403250043735e-01
1.274185994584036280e+03 3.746822941103838400e-01
1.274016787169987765e+03 3.670715812155387336e-01
1.273847579755939250e+03 3.645707352428786963e-01
1.273678494601582770e+03 3.823470037146842748e-01
1.273509409447226517e+03 3.856165781780253043e-01
1.273340446552562526e+03 3.939033578596036755e-01
1.273340324292870264e+03 3.593034480056673807e-01
1.273171361398206045e+03 3.839373323033665186e-01
1.273171239138513783e+03 3.559325888917480030e-01
1.273002520763234315e+03 3.904523979929694910e-01
1.273002398503542054e+03 3.920993466242043701e-01
1.272833557868570097e+03 4.133528146522583713e-01
1.272833435608877835e+03 3.639572520406126332e-01
1.272664594973906105e+03 3.737449635837412631e-01
1.272664472714213844e+03 4.017299083415110106e-01
1.272495632079241886e+03 3.770029379102320943e-01
1.272326913703962191e+03 4.050926802042981167e-01
1.272158195328682723e+03 3.738702269095648956e-01
1.271989476953403027e+03 3.836845350819451106e-01
1.271820880837815594e+03 3.685938212731716956e-01
1.271652284722228160e+03 3.749847248145539713e-01
1.271483688606640726e+03 3.682998660215362485e-01
1.271315214750745554e+03 3.749695723918269885e-01
1.271146740894850382e+03 3.718690819400801151e-01
1.270978389298647471e+03 3.884527418428636580e-01
1.270810037702444561e+03 3.983625136082389329e-01
1.270641686106241650e+03 3.803788704654074704e-01
1.270473579029423036e+03 3.774064548904095262e-01
1.270305349692912387e+03 4.011151614117578479e-01
1.270137120356401738e+03 3.785968891124603108e-01
1.269969013279583351e+03 3.772249468754771962e-01
1.269801028462456998e+03 3.975608033105306749e-01
1.269632921385638610e+03 3.784774981706147678e-01
1.269464936568512258e+03 3.776611250309762080e-01
1.269297074011078166e+03 3.779429908876503208e-01
1.269129211453644302e+03 3.964647808917461935e-01
1.268961348896210211e+03 3.992506276835984247e-01
1.268793486338776120e+03 4.068364928145311032e-01
1.268625868300726552e+03 4.006394598833573073e-01
1.268458128002984949e+03 4.190877248967536661e-01
1.268290387705243120e+03 4.071554151554021561e-01
1.268122891926885814e+03 3.909901910886602328e-01
1.267955273888836246e+03 3.892140582007614924e-01
1.267787778110478939e+03 3.953768490739406061e-01
1.267620282332121633e+03 3.767595117633986690e-01
1.267453031073148622e+03 3.697693993888219177e-01
1.267285535294791316e+03 3.909255001815906128e-01
1.267118161776126271e+03 3.843593529254499264e-01
1.266950910517153488e+03 3.943753924910195496e-01
1.266783659258180478e+03 3.796413142949017216e-01
1.266616530258899957e+03 3.865354979799299207e-01
1.266449523519311469e+03 3.855035420228176690e-01
1.266282394520030948e+03 3.959579685428847307e-01
1.266115387780442461e+03 3.808971580198872720e-01
1.265948381040854201e+03 3.757141697630797528e-01
1.265781374301265714e+03 4.031299648516173950e-01
1.265614489821369489e+03 3.762717040026804516e-01
1.265447605341473491e+03 3.988893025096038047e-01
1.265280965380961788e+03 3.717415856179759337e-01
1.265114080901065563e+03 3.869416227510015793e-01
1.264947318680861599e+03 3.691844146990333475e-01
1.264780678720349897e+03 3.602107317528486230e-01
1.264614038759838195e+03 3.826596974375336968e-01
1.264447521059018754e+03 3.607609529878314514e-01
1.264281003358199314e+03 3.794345186307421236e-01
1.264114485657379873e+03 3.912463291680509658e-01
1.263948090216252467e+03 3.748256461617138213e-01
1.263781694775125288e+03 3.734174994829762562e-01
1.263615299333998109e+03 3.896632169204993223e-01
1.263449026152563192e+03 3.749952500516086085e-01
1.263282752971128048e+03 3.812635573180218063e-01
1.263116602049385392e+03 3.839823234279601261e-01
1.262950328867950248e+03 3.714566075275508306e-01
1.262784300205899854e+03 3.740732848338712557e-01
1.262618149284156971e+03 3.902519487164280432e-01
1.262452120622106349e+03 4.043408535465496390e-01
1.262286214219748217e+03 3.935072318109285039e-01
1.262120307817389858e+03 3.963244672663815971e-01
1.261954401415031498e+03 3.753142764659684882e-01
1.261788495012673138e+03 3.995699562682047401e-01
1.261622833129699302e+03 3.747196029002779483e-01
1.261457171246725466e+03 3.972917117489171979e-01
1.261291387104059368e+03 3.780391260520942764e-01
1.261125725221085531e+03 3.832468932216354651e-01
1.260960185597803957e+03 3.806255810321421684e-01
1.260794645974522382e+03 3.909070869389893454e-01
1.260629106351240807e+03 3.891412792734480486e-01
1.260463566727959233e+03 3.801663597849713749e-01
1.260298149364369692e+03 3.823912730404799842e-01
1.260132854260472641e+03 3.866720413736530193e-01
1.259967436896883100e+03 3.686486099777132042e-01
1.259802264052678311e+03 3.775243931264464781e-01
1.259636968948781032e+03 3.911588683809411604e-01
1.259471796104576242e+03 3.712974375181848918e-01
