# Wavelength, Reflectance
1.644655836310055065e+03 2.818000729560501960e-01
1.643789747442867565e+03 2.029921157472137083e-01
1.642924513067867565e+03 2.455939614376365931e-01
1.642060255255367565e+03 2.488679231253951019e-01
1.641196851935055065e+03 2.885992392112022298e-01
1.640334547247555065e+03 2.453229342894903964e-01
1.639473097052242565e+03 2.572762198721648685e-01
1.638612623419430065e+03 2.574914387703428620e-01
1.637753004278805065e+03 2.654898795007218371e-01
1.636894483770992565e+03 2.725102945143079158e-01
1.636036817755367565e+03 2.564605364894338990e-01
1.635180128302242565e+03 2.450649065441503904e-01
1.634324415411617565e+03 2.322260783324433253e-01
1.633469557013180065e+03 2.660779881128816915e-01
1.632615675177242565e+03 2.508106631357007732e-01
1.631762647833492565e+03 2.655981466321810092e-01
1.630910597052242565e+03 2.177001399255135972e-01
1.630059522833492565e+03 2.021637141509011193e-01
1.629209303106930065e+03 2.606988676848611686e-01
1.628360059942867565e+03 2.071400843273194792e-01
1.627511671270992565e+03 2.301743429417387188e-01
1.626664259161617565e+03 2.485260917438316397e-01
1.625817823614742565e+03 2.340637138685260632e-01
1.624972364630367565e+03 1.936154426926224303e-01
1.624127638067867565e+03 2.481195507367303377e-01
1.623284010138180065e+03 2.699367200275714640e-01
1.622441114630367565e+03 2.395189658931459187e-01
1.621599317755367565e+03 2.189684391025272792e-01
1.620758253302242565e+03 2.396080239995539707e-01
1.619918287481930065e+03 2.200376984081265086e-01
1.619079054083492565e+03 2.475059827000591628e-01
1.618240797247555065e+03 2.385305630963598100e-01
1.617403394903805065e+03 2.335118627546943215e-01
1.616566969122555065e+03 2.214349337987611688e-01
1.615731397833492565e+03 2.224546136828821630e-01
1.614896803106930065e+03 2.215568659953646713e-01
1.614063184942867565e+03 2.300712760525829848e-01
1.613230299200680065e+03 2.150056294614065278e-01
1.612398390020992565e+03 2.302764332079481890e-01
1.611567335333492565e+03 2.218199977616762131e-01
1.610737257208492565e+03 2.212781177129962973e-01
1.609908033575680065e+03 2.274821338708589713e-01
1.609079664435055065e+03 2.495058128619458970e-01
1.608252271856930065e+03 2.275887604935135089e-01
1.607425611700680065e+03 2.228835863033717668e-01
1.606599928106930065e+03 2.116944904005427230e-01
1.605775221075680065e+03 2.347609070700164280e-01
1.604951368536617565e+03 1.978213641900191111e-01
1.604128248419430065e+03 2.189114429097554215e-01
1.603306104864742565e+03 2.186814199304506767e-01
1.602484937872555065e+03 1.921712827463712692e-01
1.601664503302242565e+03 2.112787132725730543e-01
1.600845045294430065e+03 2.294274451828007544e-01
1.600026441778805065e+03 2.212267569375862275e-01
1.599208692755367565e+03 2.286590944064198772e-01
1.598391798224117565e+03 2.028154119342908124e-01
1.597575636114742565e+03 2.401718926343592853e-01
1.596760816778805065e+03 2.064800589071215664e-01
1.595946485724117565e+03 2.165597887604277239e-01
1.595133009161617565e+03 2.153456627440094862e-01
1.594320631231930065e+03 2.284017333071945155e-01
1.593508863653805065e+03 2.256327087782352414e-01
1.592698072638180065e+03 2.292296974376014651e-01
1.591888258185055065e+03 2.316229982455006720e-01
1.591079176153805065e+03 2.164019555594548505e-01
1.590271070685055065e+03 2.240358247690087956e-01
1.589463575567867565e+03 2.417078126608351307e-01
1.588656934942867565e+03 2.047111034927465711e-01
1.587851515020992565e+03 2.250181170608817616e-01
1.587046705450680065e+03 2.372783130638250193e-01
1.586242750372555065e+03 2.229124073434386455e-01
1.585439771856930065e+03 2.096520114902901133e-01
1.584637525763180065e+03 2.303008684773663051e-01
1.583836134161617565e+03 2.317525544674526594e-01
1.583035719122555065e+03 2.498084827104047612e-01
1.582236036505367565e+03 2.300108591803265989e-01
1.581437330450680065e+03 2.033693992837235787e-01
1.580639234747555065e+03 2.229273846664568404e-01
1.579841993536617565e+03 2.060857307424698304e-01
1.579045850958492565e+03 2.175549687364386198e-01
1.578250318731930065e+03 2.496374413830684813e-01
1.577455763067867565e+03 1.872981636840965192e-01
1.576662061895992565e+03 2.242056117004870841e-01
1.575869093145992565e+03 2.096616568799301306e-01
1.575076856817867565e+03 2.295694690406845651e-01
1.574285597052242565e+03 2.142578188273627782e-01
1.573495191778805065e+03 2.243739466587026388e-01
1.572705640997555065e+03 2.112037581500808836e-01
1.571916822638180065e+03 2.087587862922632154e-01
1.571128736700680065e+03 2.334217444171487466e-01
1.570341749395992565e+03 2.258310159684084606e-01
1.569555372442867565e+03 2.153448202186223348e-01
1.568770094122555065e+03 2.238822668225604051e-01
1.567985304083492565e+03 2.274851505356782488e-01
1.567201490606930065e+03 2.081275386172708464e-01
1.566418531622555065e+03 2.021504063321808708e-01
1.565636305060055065e+03 2.376389632112280714e-01
1.564854932989742565e+03 2.132258545117403092e-01
1.564074415411617565e+03 2.361820724729711829e-01
1.563294752325680065e+03 2.186084789493667191e-01
1.562515699591305065e+03 2.446073417479444345e-01
1.561737623419430065e+03 2.277582640768378019e-01
1.560960401739742565e+03 2.289851085466634018e-01
1.560183912481930065e+03 2.445982955677671322e-01
1.559408155645992565e+03 2.443237797443557346e-01
1.558633253302242565e+03 2.276112401076667291e-01
1.557859327520992565e+03 2.227021425242905472e-01
1.557086012091305065e+03 2.475622859696895162e-01
1.556313551153805065e+03 2.208464657184772140e-01
1.555541822638180065e+03 2.200074952830316510e-01
1.554771070685055065e+03 2.299642702289576013e-01
1.554000929083492565e+03 2.222231911456316600e-01
1.553231764044430065e+03 2.325682670120340634e-01
1.553231641974117565e+03 2.264440958541522331e-01
1.552975538458492565e+03 2.247740421261776311e-01
1.552719312872555065e+03 2.446075481305421961e-01
1.552463331427242565e+03 2.308055066522677334e-01
1.552463209356930065e+03 2.292781176701252366e-01
1.552207349981930065e+03 2.503885791822189066e-01
1.551695631231930065e+03 2.344729356146342536e-01
1.550928785528805065e+03 2.107440047273471395e-01
1.550162672247555065e+03 2.119924212704668021e-01
1.549397413458492565e+03 2.089529482567138441e-01
1.548633009161617565e+03 2.042578023118800934e-01
1.547869215216305065e+03 2.124788060200142048e-01
1.547106275763180065e+03 2.299344276859899838e-01
1.546344190802242565e+03 2.120433640634482031e-01
1.545582960333492565e+03 2.263381618516903671e-01
1.544822340216305065e+03 2.187701551345106188e-01
1.544062452520992565e+03 2.310735779694718106e-01
1.543303541388180065e+03 2.165681294598688911e-01
1.542545484747555065e+03 2.197755603360130039e-01
1.541788038458492565e+03 2.345617417819090000e-01
1.541031324591305065e+03 2.267836000656487383e-01
1.540275465216305065e+03 2.140126233896439134e-01
1.539520338263180065e+03 2.317745290863561791e-01
1.538766187872555065e+03 2.304716101388057659e-01
1.538012647833492565e+03 2.325436322456435889e-01
1.537259840216305065e+03 2.337028912752690257e-01
1.536507887091305065e+03 2.303592079478020693e-01
1.535756422247555065e+03 2.182678342217825584e-01
1.535006300177242565e+03 2.357339498610814266e-01
1.534256422247555065e+03 2.221131023390355563e-01
1.533507642950680065e+03 2.279769153877017618e-01
1.532759474005367565e+03 2.299226040285611006e-01
1.532012037481930065e+03 2.359184793476292452e-01
1.531265577520992565e+03 2.294613772759688253e-01
1.530519727911617565e+03 2.107889644471154789e-01
1.529774610724117565e+03 2.241449091193012111e-01
1.529030225958492565e+03 2.185740962314051961e-01
1.528286695685055065e+03 2.146081617738160863e-01
1.527543653692867565e+03 2.252038520704726376e-01
1.526801832403805065e+03 2.201498332277663506e-01
1.526060377325680065e+03 2.339833788110395885e-01
1.525320020880367565e+03 2.257716015222920591e-01
1.524580152716305065e+03 2.411388014668972846e-01
1.523841139044430065e+03 2.273908534917293833e-01
1.523102857794430065e+03 2.215303838673271797e-01
1.522365431036617565e+03 2.260996174748545751e-01
1.521628614630367565e+03 2.099106179286312213e-01
1.520892530645992565e+03 2.201962766863404530e-01
1.520157179083492565e+03 2.320523801971793032e-01
1.519422682013180065e+03 2.363439063664504736e-01
1.518688795294430065e+03 2.265406042131571096e-01
1.517955640997555065e+03 2.257978994986157562e-01
1.517223585333492565e+03 2.184287863794346918e-01
1.516492017950680065e+03 2.208861690979286307e-01
1.515761060919430065e+03 2.387979252224146087e-01
1.515517774786617565e+03 2.449057568358132264e-01
1.515274488653805065e+03 2.382279781840637156e-01
1.515031080450680065e+03 2.450192542541058949e-01
1.515030958380367565e+03 2.229958866839604481e-01
1.514787916388180065e+03 2.344225015847138660e-01
1.514544874395992565e+03 2.238025623634774530e-01
1.514301588263180065e+03 2.364283056441011110e-01
1.513572950567867565e+03 2.166517294886495526e-01
1.512845045294430065e+03 2.294267913378942314e-01
1.512117872442867565e+03 2.138040682085952104e-01
1.511391554083492565e+03 2.341312756298588593e-01
1.510665846075680065e+03 2.143949753349623510e-01
1.509940870489742565e+03 2.288524123820964984e-01
1.509216627325680065e+03 2.248103749712997423e-01
1.508493116583492565e+03 2.286572912684468328e-01
1.507770338263180065e+03 2.274350050779107013e-01
1.507048292364742565e+03 2.286220161006944362e-01
1.506326978888180065e+03 2.216572582827126825e-01
1.505606397833492565e+03 2.203268622754068207e-01
1.504886671270992565e+03 2.434022673391262603e-01
1.504167432989742565e+03 2.381891502423906792e-01
1.503449049200680065e+03 2.481366834841851055e-01
1.502729955217688712e+03 2.303184016359146880e-01
1.502011391524644750e+03 2.312154959511850960e-01
1.501293684138350955e+03 2.314338741881987183e-01
1.500576588399735783e+03 2.223045167551204460e-01
1.499860226638335462e+03 2.187729845581939114e-01
1.499144598854149535e+03 2.134989285806207227e-01
1.498429582717642461e+03 2.245321033845617265e-01
1.497715422887885552e+03 2.287772785238291751e-01
1.497001874705807495e+03 2.417611204071891673e-01
1.496289182830479831e+03 2.336630870286995065e-01
1.495577102602831019e+03 2.367922957120320304e-01
1.494865756352396602e+03 2.228015942395308036e-01
1.494155021749641037e+03 2.329075413310141285e-01
1.493445143453635865e+03 2.325780701328218902e-01
1.492735876805309317e+03 2.392790852532445944e-01
1.492027344134197392e+03 2.429122339296587996e-01
1.491319545440300089e+03 2.347446208848382454e-01
1.490612358394081411e+03 2.305286789678630821e-01
1.489905905325077356e+03 2.318936118226144483e-01
1.489200186233287923e+03 2.512089380763313784e-01
1.488495201118713112e+03 2.365407903110794685e-01
1.487790827651816926e+03 2.288966900088861001e-01
1.487087188162135362e+03 2.279343017259526649e-01
1.486384160320132423e+03 2.295878263341246672e-01
1.485681988784880105e+03 2.312569827683070012e-01
1.484980428897306410e+03 2.167006974171082900e-01
1.484279602986947111e+03 2.335856581340792215e-01
1.483579388724266892e+03 2.273824392271400763e-01
1.482880030768336837e+03 2.324117158138958306e-01
1.482181162130549637e+03 2.378065901166690199e-01
1.481483149799513058e+03 2.446673593904274691e-01
1.480785749116155102e+03 2.206588485160412005e-01
1.480088960080475999e+03 2.138783831690243831e-01
1.479393027351547062e+03 2.285605922881754903e-01
1.478697583940761433e+03 2.429725955538127591e-01
1.478002996836725970e+03 2.240078778712762120e-01
1.477309021380369131e+03 2.129923141894686234e-01
1.476615779901227143e+03 2.466313364839889388e-01
1.475923150069763778e+03 2.209587876469661649e-01
1.475231254215515037e+03 2.320035777484745487e-01
1.474539970008944920e+03 2.303262185476756818e-01
1.473849419779589425e+03 2.388245566621116089e-01
1.473159481197912783e+03 2.298127903079998646e-01
1.472470276593450762e+03 2.343595356036868027e-01
1.471781805966203137e+03 2.355766242032261981e-01
1.471093946986634364e+03 2.157602541095457738e-01
1.470406821984280214e+03 2.213322953747690891e-01
1.469720308629604688e+03 2.287291013621396141e-01
1.469034406922608014e+03 2.344197350951868764e-01
1.468349239192825962e+03 2.378465191801220624e-01
1.467664805440258533e+03 2.413366003918844815e-01
1.466980983335369729e+03 2.217209033461028100e-01
1.466297772878159776e+03 2.480619918434608384e-01
1.465615296398164446e+03 2.349106678289814287e-01
1.464933431565847741e+03 2.299242416831707991e-01
1.464252300710745658e+03 2.294982589896220337e-01
1.463571781503322427e+03 2.257378911006996114e-01
1.462891996273113591e+03 2.306889884360254772e-01
1.462212822690583835e+03 2.437490204605418098e-01
1.461534260755732703e+03 2.228353306635942888e-01
1.460856310468560196e+03 2.328554705923761847e-01
1.460179216488138309e+03 2.304949565427220348e-01
1.459502611825859276e+03 2.223854434656811763e-01
1.458826741140794638e+03 2.335071366444397001e-01
1.458151482103409080e+03 2.277189923519334358e-01
1.457476957043237917e+03 2.459048277596016241e-01
1.456803043630745606e+03 2.285016255977905808e-01
1.456129741865932147e+03 2.299839811633926645e-01
1.455457174078333082e+03 2.153097347721515398e-01
1.454785217938412870e+03 2.458847954883553455e-01
1.454113873446171510e+03 2.318023079259928232e-01
1.453443140601608775e+03 2.262815782650692831e-01
1.452773264063796660e+03 2.227256261307365703e-01
1.452103876844127399e+03 2.384987483850428969e-01
1.451435101272136762e+03 2.222216644972437039e-01
1.450767059677360976e+03 2.246861516763664357e-01
1.450099629730263814e+03 2.303031505376335053e-01
1.449432811430845504e+03 2.338432730811093319e-01
1.448766727108641589e+03 2.342296735546068875e-01
1.448101254434116527e+03 2.163325547971830243e-01
1.447436271077734546e+03 2.139156510850281356e-01
1.446772144028102957e+03 2.274365275959303878e-01
1.446108506296614223e+03 2.295751868258189277e-01
1.445445724871875882e+03 2.373779950835772368e-01
1.444783310435744852e+03 2.408475463617111567e-01
1.444121629976828444e+03 2.227831628309153988e-01
1.443460683495126432e+03 2.383064096014395894e-01
1.442800226331567501e+03 2.421022458144348188e-01
1.442140503145223192e+03 2.396589331368765008e-01
1.441481391606557736e+03 2.241716548675398157e-01
1.440822891715570904e+03 2.131480031659561403e-01
1.440164881142727154e+03 2.366062898760003530e-01
1.439507849206169340e+03 2.426288283337754426e-01
1.439507726876633569e+03 2.349391157038781264e-01
1.439288879337162143e+03 2.378725694245328870e-01
1.439069909468154719e+03 2.284435541098291389e-01
1.438851184258219064e+03 2.095311832351228754e-01
1.438851061928683293e+03 2.095305693959597371e-01
1.438632336718747410e+03 2.184801714630430214e-01
1.438413733838347298e+03 2.175692095094365064e-01
1.438195253287483183e+03 2.041693527280188381e-01
1.438195130957947413e+03 2.237800189203294765e-01
1.437976650407083071e+03 1.992508214210156059e-01
1.437758292185754499e+03 2.067245454947375105e-01
1.437539933964426154e+03 2.158896262474742922e-01
1.437539811634890384e+03 2.308663926950529632e-01
1.437321331084026042e+03 2.068465564719493832e-01
1.437103217521769011e+03 2.221393485669685142e-01
1.436885226289047750e+03 2.241325481087862170e-01
1.436885103959511980e+03 2.196182921506465435e-01
1.436666990397254949e+03 2.222674806905259315e-01
1.436448876834997918e+03 2.338402607851293447e-01
1.436231007931812428e+03 2.124021546065751886e-01
1.436013139028626938e+03 2.029390924686966247e-01
1.435795270125441448e+03 2.290522987063066396e-01
1.435577523551791728e+03 2.327658248009743247e-01
1.435359899307677779e+03 2.177407300696325432e-01
1.435142275063563829e+03 2.290567954961188757e-01
1.434924650819449880e+03 2.317160315075872390e-01
1.434707271234407472e+03 2.207805445671537914e-01
1.434489769319829293e+03 2.146001704801491217e-01
1.434272389734786884e+03 2.384113391346001920e-01
1.434055132479280019e+03 2.318441090218891498e-01
1.433837997553309151e+03 2.247492354900036127e-01
1.433620862627338283e+03 2.229738419738149235e-01
1.433403727701367416e+03 2.219083413068928812e-01
1.433186837434467861e+03 2.293388057162896732e-01
1.432969824838032764e+03 1.944258256144130170e-01
1.432752934571133210e+03 2.252390501474500484e-01
1.432536166633769653e+03 2.082672913310392726e-01
1.432319521025941640e+03 2.030882052217544698e-01
1.432102875418113854e+03 2.027016865726859185e-01
1.431886229810285840e+03 1.925309664436425650e-01
1.431669706531993825e+03 1.999969292295666889e-01
1.431453305583237352e+03 2.133577379043229139e-01
1.431236904634481107e+03 1.923764305743957681e-01
1.431020626015260405e+03 2.012797788599219317e-01
1.430804469725575473e+03 2.118455524793782241e-01
1.430588191106354998e+03 2.220347028792191979e-01
1.430372034816670066e+03 2.567328713895747905e-01
1.430155878526985134e+03 2.460243964018152263e-01
1.429940089225907514e+03 2.222207213091187405e-01
1.429724177595294123e+03 2.130424760315716148e-01
1.429508388294216502e+03 2.311777019114391596e-01
1.429292721322674879e+03 2.280029043820615553e-01
1.429076932021597258e+03 2.237403345755211714e-01
1.428861265050055408e+03 2.363537463469052025e-01
1.428645720408049328e+03 2.422853725342767328e-01
1.428430298095579019e+03 2.249006815983045637e-01
1.428214875783108710e+03 2.311377904436696107e-01
1.427999453470638400e+03 2.440642921825485201e-01
1.427784153487703861e+03 2.461523255405634047e-01
1.427569098163840636e+03 2.324805987091710102e-01
1.427353798180906097e+03 2.403787819934094516e-01
1.427138742857043098e+03 2.343313092099783834e-01
1.426923809862715871e+03 2.326422361316777543e-01
1.426708876868388415e+03 2.374831491163856279e-01
1.426493943874061188e+03 2.389441775252856837e-01
1.426279133209269730e+03 2.469921371460420678e-01
1.426064444874014043e+03 2.498188571104689171e-01
1.425849756538758129e+03 2.484918545914793497e-01
1.425635190533038212e+03 2.519755163970864298e-01
1.425420624527318068e+03 2.378040468185370904e-01
1.425206180851133922e+03 2.290160789026686738e-01
1.424991737174949549e+03 2.403323128156461819e-01
1.424777415828301173e+03 2.291633259117697163e-01
1.424562972152116799e+03 2.474456027730924379e-01
1.424349017794075735e+03 2.349971136406586447e-01
1.424134818776962902e+03 2.319613673456254188e-01
1.423920742089386067e+03 2.233670458506051004e-01
1.423706787731344775e+03 2.388598481064979628e-01
1.423492833373303483e+03 2.472586062603909507e-01
1.423279001344797962e+03 2.532029886070273905e-01
1.423065046986756897e+03 2.339025827237407595e-01
1.422851581946858687e+03 2.194652286022686638e-01
1.422637872247888936e+03 2.282823112050621772e-01
1.422424284878454955e+03 2.209180234595622683e-01
1.422210697509020974e+03 2.529748039264245185e-01
1.421997354798658534e+03 2.297399270932795889e-01
1.421783889758760552e+03 2.418180605025264940e-01
1.421570547048398112e+03 2.267714478075065765e-01
1.421357204338035672e+03 2.527928600437907014e-01
1.421144106286744773e+03 2.318613000507065147e-01
1.420931008235453646e+03 2.200233348589009097e-01
1.420717910184162747e+03 2.275413807472466687e-01
1.420505056791943389e+03 2.348620965552228324e-01
1.420291958740652490e+03 2.363116159825038864e-01
1.420079227677968902e+03 2.323072282495127483e-01
1.419866374285749544e+03 2.294287893673126744e-01
1.419653765552601726e+03 2.252686071482257468e-01
1.419441034489917911e+03 2.277784957881098804e-01
1.419228425756770093e+03 2.476605986132455473e-01
1.419015939353158046e+03 2.363595758512730405e-01
1.418803575279081542e+03 2.384511704810046151e-01
1.418591211205005266e+03 2.445000941878673617e-01
1.418378847130928989e+03 2.317139864103951175e-01
1.418166483056852485e+03 2.272767118765303407e-01
1.417954485971383519e+03 2.351259926130959688e-01
1.417742244226842786e+03 2.459450248010124351e-01
1.417530124811838050e+03 2.432669791073435450e-01
1.417318250055904628e+03 2.402670126354623237e-01
1.417106375299971432e+03 2.415956365752003621e-01
1.416894500544038010e+03 2.489000291164028267e-01
1.416682625788104588e+03 2.310715512781372494e-01
1.416470995691242933e+03 2.378867466178554158e-01
1.416259365594381052e+03 2.413307989528783726e-01
1.416047735497519170e+03 2.363468175265458493e-01
1.415836227730193286e+03 2.426089551310889048e-01
1.415624719962867175e+03 2.257333060356712662e-01
1.415413456854612605e+03 2.360386260209681453e-01
1.415202071416822264e+03 2.343228975359653021e-01
1.414990808308567694e+03 2.321038242535108376e-01
1.414779545200313123e+03 2.528540402877066939e-01
1.414568526751130094e+03 2.363550573797970344e-01
1.414357508301947064e+03 2.353873181468967291e-01
1.414146489852764262e+03 2.319248610138343325e-01
1.413935593733117003e+03 2.555901472892745385e-01
1.413724819943005286e+03 2.469699178703802789e-01
1.413513923823358027e+03 2.397187902144054528e-01
1.413303027703710768e+03 2.237040512822283111e-01
1.413092620902206590e+03 2.516359635162233599e-01
1.412881969441630872e+03 2.250447756571651581e-01
1.412671440310590924e+03 2.342833511985288608e-01
1.412460911179550976e+03 2.379072448540462403e-01
1.412250626707582342e+03 2.209061373355024338e-01
1.412040342235613934e+03 2.477815540742422384e-01
1.411830057763645527e+03 2.553973897139684146e-01
1.411619773291677120e+03 2.359934711359535919e-01
1.411409733478780026e+03 2.377418153903513576e-01
1.411199693665883160e+03 2.406133170809880151e-01
1.410989653852986066e+03 2.498798739982852624e-01
1.410779614040089200e+03 2.500709131698322651e-01
1.410569818886263647e+03 2.511843837365010934e-01
1.410360023732438322e+03 2.269481362478681097e-01
1.410150350908148539e+03 2.366450266274178205e-01
1.409940555754323213e+03 2.440923530374895789e-01
1.409731127589104972e+03 2.416509388168376904e-01
1.409521454764815417e+03 2.345990127856369123e-01
1.409312026599597175e+03 2.430612696960984809e-01
1.409102598434378933e+03 2.331755946683651548e-01
1.408893292598696689e+03 2.397122407731981930e-01
1.408683986763014218e+03 2.343190959398370465e-01
1.408474803256867517e+03 2.422710585166212849e-01
1.408265619750720816e+03 2.650117659846075169e-01
1.408056558574110113e+03 2.278401419955897178e-01
1.407847497397499183e+03 2.474540846928811044e-01
1.407638558550424023e+03 2.363953526467864885e-01
1.407429619703348862e+03 2.436520418449012182e-01
1.407220803185809473e+03 2.405814460090724138e-01
1.407012108997805854e+03 2.234539783159819326e-01
1.406803414809802234e+03 2.458927147119167045e-01
1.406594720621798615e+03 2.455575952134944340e-01
1.406386148763330766e+03 2.556856533537787413e-01
1.406177821563934458e+03 2.531212848864280440e-01
1.405969249705466609e+03 2.190986687053275705e-01
1.405760922506070301e+03 2.416290726006403988e-01
1.405552595306673993e+03 2.350136459153807089e-01
1.405344390436813455e+03 2.326043985805261172e-01
1.405136185566952690e+03 2.531548453689798639e-01
1.404928103026627923e+03 2.340880797297514304e-01
1.404720020486303156e+03 2.595519343786810706e-01
1.404512182605049929e+03 2.455856676106450975e-01
1.404304222394260705e+03 2.491966614274055136e-01
1.404096262183471708e+03 2.524346475260981770e-01
1.403888546631754025e+03 2.342819489011948864e-01
1.403680831080036569e+03 2.441569908246662701e-01
1.403473237857854883e+03 2.408266543551919048e-01
1.403265522306137200e+03 2.378661941765421173e-01
1.403058051413491285e+03 2.558250498946920137e-01
1.402850702850380912e+03 2.333104251895563863e-01
1.402643231957734997e+03 2.410581379805939173e-01
1.402435883394624625e+03 2.266771695247261909e-01
1.402228534831514480e+03 2.460431731223748641e-01
1.402021430927475649e+03 2.507610839483721543e-01
1.401814327023436817e+03 2.368273518105671327e-01
1.401607223119397986e+03 2.355184945343812009e-01
1.401400119215359382e+03 2.311070171552640218e-01
1.401193137640856321e+03 2.414015996346961512e-01
1.400986278395889030e+03 2.412769101340701550e-01
1.400779541480457510e+03 2.385808715035377947e-01
1.400572804565026217e+03 2.630420891990330468e-01
1.400366067649594697e+03 2.318440059630901273e-01
1.400159453063698948e+03 2.344079311328202964e-01
1.399952960807338968e+03 2.466581697564836639e-01
1.399746346221443218e+03 2.289658099254693047e-01
1.399539976294619009e+03 2.457432408606354812e-01
1.399333606367794800e+03 2.359212055216216575e-01
1.399127358770506362e+03 2.363988486815721546e-01
1.398920988843682153e+03 2.214663973905929006e-01
1.398714863575929485e+03 2.612271770847305885e-01
1.398508860637712587e+03 2.489500691916043673e-01
1.398302613040424148e+03 2.472088644352298525e-01
1.398096732431743021e+03 2.418734820176418887e-01
1.397890729493525896e+03 2.515978292946369765e-01
1.397684848884844769e+03 2.467942883480537530e-01
1.397479212935235182e+03 2.455651301249518748e-01
1.397273454656089825e+03 2.490041086177375851e-01
1.397067696376944241e+03 2.569934761424695346e-01
1.396861938097798884e+03 2.459741125202717094e-01
1.396656669136796609e+03 2.486217783598397013e-01
1.396451155516722565e+03 2.356502889829403813e-01
1.396245641896648749e+03 2.430556703114733763e-01
1.396040372935646246e+03 2.546570881366955197e-01
1.395835103974643971e+03 2.412808257400037848e-01
1.395629835013641696e+03 2.500982174762195753e-01
1.395424688382174963e+03 2.398679819355699905e-01
1.395219541750708231e+03 2.275224898991330125e-01
1.395014517448777497e+03 2.442057724636444715e-01
1.394809615476382305e+03 2.412125489119089916e-01
1.394604713503987341e+03 2.477981107951005013e-01
1.394399811531592150e+03 2.553542577098124045e-01
1.394194909559196958e+03 2.467074219582977568e-01
1.393990374575409305e+03 2.488363952002114743e-01
1.393785717262085655e+03 2.508207802398748076e-01
1.393581059948762004e+03 2.423596489085758365e-01
1.393376524964974124e+03 2.490194834834694448e-01
1.393172112310722014e+03 2.380561054862782577e-01
1.392967699656470131e+03 2.518416000591880421e-01
1.392763409331753792e+03 2.425500010217306879e-01
1.392559119007037452e+03 2.413089539752278356e-01
1.392354828682321113e+03 2.236929829442286521e-01
1.392150783016676314e+03 2.283888306489515740e-01
1.391946615021495745e+03 2.397718176433872861e-01
1.391742569355850947e+03 2.339085424125825208e-01
1.391538523690206148e+03 2.490196877074148385e-01
1.391334845013168660e+03 2.574744728041421515e-01
1.391130921677059632e+03 2.412890340080250384e-01
1.390927120670486374e+03 2.342960145347483814e-01
1.390723441993448660e+03 2.455959780231955492e-01
1.390519763316411172e+03 2.579814181166429354e-01
1.390316206968909455e+03 2.604531796886506156e-01
1.390112650621407738e+03 2.412418686484209818e-01
1.389909216603441791e+03 2.436553607934220378e-01
1.389705782585475617e+03 2.459180744443001665e-01
1.389502593226581212e+03 2.412918187181218865e-01
1.389299281538151035e+03 2.479867171003853343e-01
1.389095969849720632e+03 2.391055705181332758e-01
1.388892780490826226e+03 2.491043463421818149e-01
1.388689713461467363e+03 2.461781631116468916e-01
1.388486768761644498e+03 2.353794036336783191e-01
1.388283824061821406e+03 2.508802252042436343e-01
1.388080879361998541e+03 2.460674437259368630e-01
1.387878056991711219e+03 2.368391379827714804e-01
1.387675356950959895e+03 2.623009890066667071e-01
1.387472534580672573e+03 2.407108503047413195e-01
1.387269956869457019e+03 2.597429000347171724e-01
1.387067379158241238e+03 2.467987825832882731e-01
1.386864801447025457e+03 2.618830940143411223e-01
1.386662346065345673e+03 2.562762349854427746e-01
1.386460013013201433e+03 2.264717948014476345e-01
1.386257557631521422e+03 2.461780372379926141e-01
1.386055346908912952e+03 2.478374263957301427e-01
1.385853136186304710e+03 2.466739589939391242e-01
1.385651047793232010e+03 2.470334225432465058e-01
1.385448959400159310e+03 2.467652217096836242e-01
1.385246871007086611e+03 2.356987152423554999e-01
1.385044904943549682e+03 2.249229992082131535e-01
1.384842938880012753e+03 2.459558910163949785e-01
1.384641217475547364e+03 2.446589571349483128e-01
1.384439373741546206e+03 2.490344711409539780e-01
1.384237652337080817e+03 2.501676011511966280e-01
1.384035930932615429e+03 2.512273335382259609e-01
1.383834454187221581e+03 2.377557263463376258e-01
1.383632855112291963e+03 2.581280459125478988e-01
1.383431378366898116e+03 2.369126225680733000e-01
1.383229901621504268e+03 2.484174494912334830e-01
1.383028669535181734e+03 2.398095418843158577e-01
1.382827437448859428e+03 2.480726053190262237e-01
1.382626083033001350e+03 2.374798341651190858e-01
1.382424973276214814e+03 2.420614874276618977e-01
1.382223863519428050e+03 2.446640326561309031e-01
1.382022876092177285e+03 2.544731022723958902e-01
1.381821888664926519e+03 2.425315641716769555e-01
1.381620901237675525e+03 2.428542550858720783e-01
1.381420036139960530e+03 2.540077040419055354e-01
1.381219171042245534e+03 2.503950415516189576e-01
1.381018550603601852e+03 2.379274156493016157e-01
1.380817930164958398e+03 2.390467745352843898e-01
1.380617309726314716e+03 2.423289873802270955e-01
1.380416689287671261e+03 2.488932011227582286e-01
1.380216191178563349e+03 2.400075991028821909e-01
1.380015815398991435e+03 2.470108443064278902e-01
1.379815439619419294e+03 2.419105582208115890e-01
1.379615063839847153e+03 2.628193920446659226e-01
1.379414810389811009e+03 2.518751533219201200e-01
1.379214801598846179e+03 2.592089562054430973e-01
1.379014670478345579e+03 2.458180325372101016e-01
1.378814539357844978e+03 2.554118264428719143e-01
1.378614530566880376e+03 2.479916434989055396e-01
1.378414521775915546e+03 2.496978019331117515e-01
1.378214635314486486e+03 2.448086578604841690e-01
1.378014871182593197e+03 2.534950743239788862e-01
1.377815107050699908e+03 2.408865039947827857e-01
1.377615465248342389e+03 2.602870724011110415e-01
1.377415823445984870e+03 2.539098336947217538e-01
1.377216303973163349e+03 2.415856275089099114e-01
1.377016784500341601e+03 2.657082357608538392e-01
1.376817265027519852e+03 2.461042365719448288e-01
1.376617867884233874e+03 2.491933400323138870e-01
1.376418470740947669e+03 2.428968139274991778e-01
1.376219318256733231e+03 2.329277910233612248e-01
1.376020043442983024e+03 2.429630035965802681e-01
1.375820890958768587e+03 2.540249398546466919e-01
1.375621738474554149e+03 2.471271432766044551e-01
1.375422708319875483e+03 2.626615393649538444e-01
1.375223922824268129e+03 2.616892554627429646e-01
1.375025014999125233e+03 2.302178407128134818e-01
1.374826107173982336e+03 2.337647346699839868e-01
1.374627321678375210e+03 2.616292361437813074e-01
1.374428536182767857e+03 2.585051627439133859e-01
1.374229995346232272e+03 2.573696702045767948e-01
1.374031332180160916e+03 2.547424584767337130e-01
1.373832791343625104e+03 2.620464671241167220e-01
1.373634250507089519e+03 2.624955890623034138e-01
1.373435832000089476e+03 2.491528832250445857e-01
1.373237535822625432e+03 2.578643571474824592e-01
1.373039117315625390e+03 2.402964261050653250e-01
1.372840943467697116e+03 2.634268725847928039e-01
1.372642769619768615e+03 2.499689560883823214e-01
1.372444595771840341e+03 2.388654745585419847e-01
1.372246666582983380e+03 2.352412568744820520e-01
1.372048615064590649e+03 2.350186471475985694e-01
1.371850685875733916e+03 2.473950539916286717e-01
1.371652634357341185e+03 2.297102436127590186e-01
1.371454949827555765e+03 2.313231596239640753e-01
1.371257265297770573e+03 2.600802788847556002e-01
1.371059580767985153e+03 2.383415488641654756e-01
1.370861896238199733e+03 2.397082858841114439e-01
1.370664211708414314e+03 2.486751441641857630e-01
1.370466649508164664e+03 2.471055083503029548e-01
1.370269331966986556e+03 2.480299283172306968e-01
1.370071892096272904e+03 2.397828287386945534e-01
1.369874574555094796e+03 2.395067600188430235e-01
1.369677257013916687e+03 2.449009891022679297e-01
1.369480061802274349e+03 2.464199245591929543e-01
1.369282988920167782e+03 2.455233424554570942e-01
1.369085671378989673e+03 2.554194127813309012e-01
1.368888720826418876e+03 2.497906455011168481e-01
1.368691770273847851e+03 2.489464890942018893e-01
1.368494819721277054e+03 2.469005469713449197e-01
1.368297991498242027e+03 2.653848696575637489e-01
1.368101163275207000e+03 2.613821564619251414e-01
1.367904335052171973e+03 2.357841359408197335e-01
1.367707751488208487e+03 2.535586568941658459e-01
1.367511045594709003e+03 2.485706258017128523e-01
1.367314462030745517e+03 2.527334402526890123e-01
1.367118123125853572e+03 2.442865188829101697e-01
1.366921539561890086e+03 2.555733195692981852e-01
1.366725200656997913e+03 2.503484153204800222e-01
1.366528739422570197e+03 2.585188320143394503e-01
1.366332522847213795e+03 2.623463174234806905e-01
1.366136428601393391e+03 2.471041024118138529e-01
1.365940212026037216e+03 2.496228905795137842e-01
1.365744117780216584e+03 2.488412317212450875e-01
1.365548023534396179e+03 2.503832704780495355e-01
1.365352051618111318e+03 2.467441352614010708e-01
1.365156324360897997e+03 2.520705327625519798e-01
1.364960352444613363e+03 2.423481839090636802e-01
1.364764625187400043e+03 2.562724975511879721e-01
1.364568775600651179e+03 2.564931793664965154e-01
1.364373170672973629e+03 2.528471370902269366e-01
1.364177565745296079e+03 2.464772528305413934e-01
1.363981960817618756e+03 2.566375275331769790e-01
1.363786478219476976e+03 2.471014571030770990e-01
1.363590995621335196e+03 2.540239225498507891e-01
1.363395635352729187e+03 2.511584150077840194e-01
1.363200275084123405e+03 2.581306489801144521e-01
1.363005037145053166e+03 2.475204309628563082e-01
1.362809921535518697e+03 2.587481355268591021e-01
1.362614561266912688e+03 2.539049054646760895e-01
1.362419567986913989e+03 2.489900031432549232e-01
1.362224574706915291e+03 2.534168554397585593e-01
1.362029703756452363e+03 2.551717671738913951e-01
1.361834710476453665e+03 2.475757378258956476e-01
1.361639839525990737e+03 2.380254608978120412e-01
1.361444968575527810e+03 2.697862567546534529e-01
1.361250219954600652e+03 2.511779533845890366e-01
1.361055593663209265e+03 2.570249079570453565e-01
1.360861089701353649e+03 2.428399795954959417e-01
1.360666463409962262e+03 2.479242647791355114e-01
1.360471959448106418e+03 2.635857951541663580e-01
1.360277455486250801e+03 2.600846805719231325e-01
1.360082951524395185e+03 2.484624176648752292e-01
1.359888814551146879e+03 2.418652964589844689e-01
1.359694555248362803e+03 2.554997346635765609e-01
1.359500295945578500e+03 2.444972189861460976e-01
1.359306158972330195e+03 2.451447248001165646e-01
1.359112021999081890e+03 2.482628848027805257e-01
1.358918007355369127e+03 2.512089149672038224e-01
1.358724115041192363e+03 2.503032790374990491e-01
1.358530100397479600e+03 2.464457477394676188e-01
1.358336208083302836e+03 2.494881298403781034e-01
1.358142438098661842e+03 2.444317083841127669e-01
1.357948668114020620e+03 2.501906606973851588e-01
1.357755020458915169e+03 2.451568184452325438e-01
1.357561372803809945e+03 2.607477702676115339e-01
1.357367847478240265e+03 2.489170440606851831e-01
1.357174322152670811e+03 2.570240299492391189e-01
1.356980796827101130e+03 2.458795154341629208e-01
1.356787393831067448e+03 2.457189771731415617e-01
1.356594113164569308e+03 2.509488440345007398e-01
1.356400832498071168e+03 2.502942301118923352e-01
1.356207674161108798e+03 2.385292976413280752e-01
1.356014393494610886e+03 2.406425331248749633e-01
1.355821357487184287e+03 2.485350487945713893e-01
1.355628199150221917e+03 2.481381161005767610e-01
1.355435407801866859e+03 2.579940311391124563e-01
1.355242371794440260e+03 2.558193822044314003e-01
1.355049458116549658e+03 2.356907076610184892e-01
1.354856666768194600e+03 2.624968245718377613e-01
1.354663875419839542e+03 2.661685224091620561e-01
1.354471328730556024e+03 2.571431977332086505e-01
1.354278659711736736e+03 2.544452296562149107e-01
1.354085990692917449e+03 2.465448119235360558e-01
1.353893444003633931e+03 2.438142683021442547e-01
1.353700897314350414e+03 2.386588055355252924e-01
1.353508472954602667e+03 2.651743108152921913e-01
1.353316293253926233e+03 2.572108458830602573e-01
1.353123991223714256e+03 2.571946139985637481e-01
1.352931689193502280e+03 2.452694329593604061e-01
1.352739509492826073e+03 2.531411258681814380e-01
1.352547329792149867e+03 2.426182705341233536e-01
1.352355272421009431e+03 2.489754354846582529e-01
1.352163337379404538e+03 2.476148475883566957e-01
1.351971402337799873e+03 2.532951117594652302e-01
1.351779467296195207e+03 2.513871852894573600e-01
1.351587532254590315e+03 2.582567688862296151e-01
1.351395719542521419e+03 2.648856172456726665e-01
1.351203906830452524e+03 2.599572160431090073e-01
1.351012461106990713e+03 2.620910447550020561e-01
1.350820770724457589e+03 2.617595372797837938e-01
1.350629202671460007e+03 2.452026105489638064e-01
1.350437756947998423e+03 2.441092388246542122e-01
1.350246311224536612e+03 2.465411610534450348e-01
1.350054865501075028e+03 2.551921503287929993e-01
1.349863664436684758e+03 2.415877153760533635e-01
1.349672341042758944e+03 2.529941445574921954e-01
1.349481139978368674e+03 2.357277251950240793e-01
1.349289938913978403e+03 2.358432179495683623e-01
1.349098860179124131e+03 2.556931266357213017e-01
1.348907781444269631e+03 2.544159070192614780e-01
1.348716825038950901e+03 2.385231986753868494e-01
1.348525990963168169e+03 2.518177494457700116e-01
1.348335034557849440e+03 2.469783761780246778e-01
1.348144200482066481e+03 2.658456911814421897e-01
1.347953488735819292e+03 2.477596534091540126e-01
1.347762776989572330e+03 2.478384159029045075e-01
1.347572187572860912e+03 2.529251682200627238e-01
1.347381475826613723e+03 2.514296458554377556e-01
1.347191008739438075e+03 2.502685557859375409e-01
1.347000541652262427e+03 2.600170762949228775e-01
1.346810074565086779e+03 2.557031179860950187e-01
1.346619729807446902e+03 2.485455577106854830e-01
1.346429507379342795e+03 2.502452578919901471e-01
1.346239284951238687e+03 2.596202804292411792e-01
1.346049062523134580e+03 2.452547847332261777e-01
1.345858962424566243e+03 2.507146011431473642e-01
1.345668862325997907e+03 2.483606983611489349e-01
1.345478762227429570e+03 2.392734661423785159e-01
1.345288906787932774e+03 2.498119255395053195e-01
1.345098929018899980e+03 2.538517133013878380e-01
1.344909073579403184e+03 2.477090509257668938e-01
1.344719340469442159e+03 2.509409192196794258e-01
1.344529485029945363e+03 2.581185088781955406e-01
1.344339874249519880e+03 2.652252440508197640e-01
1.344150141139558855e+03 2.487291976060130583e-01
1.343960775018205140e+03 2.427951167045982739e-01
1.343771164237779658e+03 2.340079146530943399e-01
1.343581675786890173e+03 2.291408141292122225e-01
1.343392309665536459e+03 2.624428996997838492e-01
1.343202943544182517e+03 2.496594394466639388e-01
1.343013699752364573e+03 2.499823480530232456e-01
1.342824455960546402e+03 2.449393921779490224e-01
1.342635334498264228e+03 2.559573139165556843e-01
1.342446090706446057e+03 2.544253057357095948e-01
1.342257091573699654e+03 2.531313782814405555e-01
1.342068092440953023e+03 2.475898422396408671e-01
1.341879093308206620e+03 2.576371341647410995e-01
1.341690216504995760e+03 2.433724471651107779e-01
1.341501462031320671e+03 2.565888138436371868e-01
1.341312707557645808e+03 2.483900518294502036e-01
1.341123953083970719e+03 2.638307746928854614e-01
1.340935198610295629e+03 2.481113402675756141e-01
1.340746566466156537e+03 2.579003947401750096e-01
1.340558056651552988e+03 2.429274570291874158e-01
1.340369546836949439e+03 2.504169010125485983e-01
1.340181159351881661e+03 2.626376231483166790e-01
1.339992771866813882e+03 2.547558334572290750e-01
1.339804384381746331e+03 2.479564276799085809e-01
1.339616119226214323e+03 2.576502034855518986e-01
1.339427854070682315e+03 2.441946817648150414e-01
1.339239588915150307e+03 2.529031256873728872e-01
1.339051568418689840e+03 2.631708773767834075e-01
1.338863547922229372e+03 2.448575539461076145e-01
1.338675405096233135e+03 2.443199859836897025e-01
1.338487506929308438e+03 2.474180394219856194e-01
1.338299608762383741e+03 2.489859613769184188e-01
1.322346124686004259e+03 2.716819433942995188e-01
1.322162997370974153e+03 2.726963251070402827e-01
1.321979870055944048e+03 2.555968285991500055e-01
1.321796742740913942e+03 2.604310840072202593e-01
1.321613860084955149e+03 2.651352031719640401e-01
1.304825843915632731e+03 2.582523238294169854e-01
1.304647732111568757e+03 2.546657227279882085e-01
1.304469742637040554e+03 2.633813863285738854e-01
1.304291753162512123e+03 2.593677106344563499e-01
1.304113763687983919e+03 2.696881184683650456e-01
1.286922060050659184e+03 2.633116279217425637e-01
1.286749208416632655e+03 2.508986776321742718e-01
1.286576234453070583e+03 2.584186635447275338e-01
1.286403382819044054e+03 2.384662712499820980e-01
1.286230531185017753e+03 2.562240642250585010e-01
1.286057801880526995e+03 2.514613307361673322e-01
1.285885072576036237e+03 2.553587783314735793e-01
1.285712343271545706e+03 2.668466045490849869e-01
1.285539736296590718e+03 2.685721554779294529e-01
1.285367129321635730e+03 2.502721969105123900e-01
1.285194767005752283e+03 2.607692732994245643e-01
1.285022282360333293e+03 2.663072261075811742e-01
1.284849797714914075e+03 2.644780849421997648e-01
1.284677435399030628e+03 2.767825872493056005e-01
1.284505073083147181e+03 2.697692515740075514e-01
1.284332833096799504e+03 2.639089034788153487e-01
1.284160593110451828e+03 2.619323052469837987e-01
1.283988353124104378e+03 2.680172939530677811e-01
1.283816235467292472e+03 2.613422807825805938e-01
1.283644117810480566e+03 2.393821464858695569e-01
1.283472122483204430e+03 2.634616810745579740e-01
1.283300127155928294e+03 2.702943876751088270e-01
1.283128131828652158e+03 2.600424885643436435e-01
1.282956258830911793e+03 2.700230453790090079e-01
1.282784385833171427e+03 2.531618829966771345e-01
1.282612757494502603e+03 2.676215993770503787e-01
1.282441006826297780e+03 2.813805680293614553e-01
1.282269256158093185e+03 2.625003304582084751e-01
1.282097627819424360e+03 2.446414288429740735e-01
1.281926121810291306e+03 2.681997335893620549e-01
1.281754493471622482e+03 2.575729109007933726e-01
1.281582987462489427e+03 2.638340104903920680e-01
1.281411481453356146e+03 2.639512178094235995e-01
1.281240097773758862e+03 2.653688072705630563e-01
1.281068714094161578e+03 2.585598716032473932e-01
1.280897330414564294e+03 2.366078959818218308e-01
1.280726191394038324e+03 2.581594325801372380e-01
1.280554930043976810e+03 2.595942700547520521e-01
1.280383668693915297e+03 2.610837326992122009e-01
1.280212652002925097e+03 2.639193746750868041e-01
1.280041512982399354e+03 2.655434272247744754e-01
1.279870618620945152e+03 2.522896688458308723e-01
1.279699601929954952e+03 2.645361978102076517e-01
1.279528707568500749e+03 2.692241462649946349e-01
1.279357813207046320e+03 2.598820684514131507e-01
1.279187041175127888e+03 2.580498934192993477e-01
1.279016146813673458e+03 2.662719436546503449e-01
1.278845497111290797e+03 2.647484413473890630e-01
1.278674725079372138e+03 2.495279992644656442e-01
1.278504197706525019e+03 2.505608353460577198e-01
1.278333548004142358e+03 2.764942410330922251e-01
1.278163020631295240e+03 2.473770766372217489e-01
1.277992493258448349e+03 2.570515751351755140e-01
1.277822088215137001e+03 2.543488194443708217e-01
1.277651683171825653e+03 2.542379995195135911e-01
1.277481278128514532e+03 2.604570809902380102e-01
1.277310995414738954e+03 2.604284043341412169e-01
1.277140712700963377e+03 2.714867001190360840e-01
1.276970674646259340e+03 2.550523984707886993e-01
1.276800514262019760e+03 2.585585596050555268e-01
1.276630353877779953e+03 2.560342548020724252e-01
1.276460315823075916e+03 2.559945855111083746e-01
1.276290400097907650e+03 2.670962535084931977e-01
1.276120362043203613e+03 2.618288544062268852e-01
1.275950446318035347e+03 2.652692759111107135e-01
1.275780530592867080e+03 2.675058872310280278e-01
1.275610737197234585e+03 2.650208700709598686e-01
1.275440943801602089e+03 2.477717921915203736e-01
1.275271150405969820e+03 2.690052502039261828e-01
1.275101601669408637e+03 2.578197709950603156e-01
1.274931808273776369e+03 2.701276464468790328e-01
1.274762259537215186e+03 2.540292017401004077e-01
1.274592710800654231e+03 2.431577477115572650e-01
1.274423284393629046e+03 2.497946175776683819e-01
1.274253735657068091e+03 2.610632965386314175e-01
1.274084431579578677e+03 2.657712780641928174e-01
1.273915127502089263e+03 2.762254876792037406e-01
1.273745823424599848e+03 2.582565774857820129e-01
1.273576641676646204e+03 2.555381861501452301e-01
1.273407459928692333e+03 2.530468096470414041e-01
1.273238400510274460e+03 2.617342021380324457e-01
1.273238278180738689e+03 2.654443568474251780e-01
1.273069218762320816e+03 2.592050386006919394e-01
1.273069096432785045e+03 2.666241751127466642e-01
1.272900281673438712e+03 2.628631812599835360e-01
1.272900159343902942e+03 2.640994356901139040e-01
1.272731222255020612e+03 2.553446802764393064e-01
1.272731099925484841e+03 2.677037662030788967e-01
1.272562162836602738e+03 2.626948647620576116e-01
1.272562040507066968e+03 2.589878006356282625e-01
1.272393103418184864e+03 2.651412210591095886e-01
1.272224288658838304e+03 2.577941473787505045e-01
1.272055473899491972e+03 2.516548584069625005e-01
1.271886659140145639e+03 2.565536804632121970e-01
1.271717966710334849e+03 2.575992453217526013e-01
1.271549274280524287e+03 2.599362527695033287e-01
1.271380581850713497e+03 2.487528765243864626e-01
1.271212011750438705e+03 2.623929670824022287e-01
1.271043441650163686e+03 2.563496376405626220e-01
1.270874993879424665e+03 2.675536899149786874e-01
1.270706546108685416e+03 2.539818085448767859e-01
1.270538098337946394e+03 2.639538912426244166e-01
1.270369895226278686e+03 2.703645174293956566e-01
1.270201569785075435e+03 2.633589100540111860e-01
1.270033244343871957e+03 2.674960605935670643e-01
1.269865041232204248e+03 2.788744035416459432e-01
1.269696960450072538e+03 2.481195732541352228e-01
1.269528757338404830e+03 2.561197798560041483e-01
1.269360676556272892e+03 2.616885090136245595e-01
1.269192718103676953e+03 2.581330540280946106e-01
1.269024759651080785e+03 2.620172607193861358e-01
1.268856801198484618e+03 2.627534780862498809e-01
1.268688842745888451e+03 2.606390487620622864e-01
1.268521128952364052e+03 2.658917467018717673e-01
1.268353292829303655e+03 2.645275103877857137e-01
1.268185456706243258e+03 2.658946905168951824e-01
1.268017865242254402e+03 2.665777505050622720e-01
1.267850151448729775e+03 2.503818191710927565e-01
1.267682559984740919e+03 2.700261153508018430e-01
1.267514968520752063e+03 2.710276659994562132e-01
1.267347621715834748e+03 2.707712593825852276e-01
1.267180030251845892e+03 2.704931916837926553e-01
1.267012561117393034e+03 2.717799933522552780e-01
1.266845214312475491e+03 2.656111872591477852e-01
1.266677867507558176e+03 2.495581002046231844e-01
1.266510643032176631e+03 2.771280147631077218e-01
1.266343540886330857e+03 2.501362379005750425e-01
1.266176316410949312e+03 2.516884642164187169e-01
1.266009214265103537e+03 2.516241690167733136e-01
1.265842112119257763e+03 2.564803765926904622e-01
1.265675009973411989e+03 2.394931449992735717e-01
1.265508030157101985e+03 2.592559492270163912e-01
1.265341050340791980e+03 2.535409437336554328e-01
1.265174315183553290e+03 2.545706035100294695e-01
1.265007335367243286e+03 2.648234634582161684e-01
1.264840477880469052e+03 2.615519362224473232e-01
1.264673742723230589e+03 2.522679291330671147e-01
1.264507007565991898e+03 2.677412886076958598e-01
1.264340394738289206e+03 2.588066722402805886e-01
1.264173781910586513e+03 2.639591657338711816e-01
1.264007169082883593e+03 2.590532075892921782e-01
1.263840678584716670e+03 2.681954935201751877e-01
1.263674188086549748e+03 2.533084621019293659e-01
1.263507697588382598e+03 2.616415794431564135e-01
1.263341329419751446e+03 2.619528610871041385e-01
1.263174961251120067e+03 2.528210522037839803e-01
1.263008715412024685e+03 2.498873157840338366e-01
1.262842347243393306e+03 2.493565999187236926e-01
1.262676223733833694e+03 2.676668766315089543e-01
1.262509977894738086e+03 2.573053686004777019e-01
1.262343854385178474e+03 2.552776388804338659e-01
1.262177853205154406e+03 2.581858835525536189e-01
1.262011852025130565e+03 2.587612349140305801e-01
1.261845850845106497e+03 2.658148365498017585e-01
1.261679849665082429e+03 2.726373740095284770e-01
1.261514093144130129e+03 2.642724099722094100e-01
1.261348336623177602e+03 2.612935789602314207e-01
1.261182457772689304e+03 2.681644619568810395e-01
1.261016701251737004e+03 2.633180581320109792e-01
1.260851067060320247e+03 2.625587407716249433e-01
1.260685432868903490e+03 2.677567852301444007e-01
1.260519798677486733e+03 2.526633232171131560e-01
1.260354164486070204e+03 2.559978301766716036e-01
1.260188652624189217e+03 2.577557450054968058e-01
1.260023263091844001e+03 2.560473636364313244e-01
1.259857751229963014e+03 2.574416608220225777e-01
1.259692484027153569e+03 2.528541741694308453e-01
1.259527094494808352e+03 2.543280186395937004e-01
1.259361827291998907e+03 2.643762791782854338e-01
