# Wavelength, Reflectance
1.644657267030162529e+03 2.683971547818190806e-01
1.643791178162975029e+03 2.265530789483232721e-01
1.642925943787975029e+03 2.659032125984005512e-01
1.642061685975475029e+03 2.458161660917263791e-01
1.641198282655162529e+03 2.404394334394668320e-01
1.640335977967662529e+03 2.751497062795562609e-01
1.639474527772350029e+03 2.530393296229673239e-01
1.638614054139537529e+03 2.686252358708894894e-01
1.637754434998912529e+03 2.784039328784029821e-01
1.636895914491100029e+03 2.772270017870950842e-01
1.636038248475475029e+03 2.577365975028181877e-01
1.635181559022350029e+03 3.073270289925696397e-01
1.634325846131725029e+03 2.772830647150712480e-01
1.633470987733287529e+03 2.779178202252862162e-01
1.632617105897350029e+03 2.660230838784380936e-01
1.631764078553600029e+03 2.933076803531374788e-01
1.630912027772350029e+03 2.601122137202585005e-01
1.630060953553600029e+03 2.439653381825534206e-01
1.629210733827037529e+03 2.378755611141223636e-01
1.628361490662975029e+03 2.544658958882016209e-01
1.627513101991100029e+03 2.346701336550406081e-01
1.626665689881725029e+03 2.070920636198965992e-01
1.625819254334850029e+03 2.752352011920083941e-01
1.624973795350475029e+03 2.687656209589903700e-01
1.624129068787975029e+03 2.245557604500596771e-01
1.623285440858287529e+03 2.719178161715766207e-01
1.622442545350475029e+03 2.236398897353940318e-01
1.621600748475475029e+03 2.399026857308177996e-01
1.620759684022350029e+03 2.332479051340936860e-01
1.619919718202037529e+03 2.144443920764379508e-01
1.619080484803600029e+03 2.312912972211653151e-01
1.618242227967662529e+03 2.549075231029464539e-01
1.617404825623912529e+03 2.479022199489430422e-01
1.616568399842662529e+03 2.678412707015855321e-01
1.615732828553600029e+03 2.430364397126525411e-01
1.614898233827037529e+03 2.174681356463573634e-01
1.614064615662975029e+03 2.452517182510421667e-01
1.613231729920787529e+03 2.355201880921241331e-01
1.612399820741100029e+03 2.565322663633716749e-01
1.611568766053600029e+03 2.349717671023409393e-01
1.610738687928600029e+03 2.257187216646610872e-01
1.609909464295787529e+03 2.155231332700685287e-01
1.609081095155162529e+03 2.537637758504880936e-01
1.608253702577037529e+03 2.483499469495750733e-01
1.607427042420787529e+03 2.240378556793184428e-01
1.606601358827037529e+03 2.368385950625318537e-01
1.605776651795787529e+03 2.394243692613854668e-01
1.604952799256725029e+03 2.172677958951364785e-01
1.604129679139537529e+03 2.470686206932055651e-01
1.603307535584850029e+03 2.298016892381107290e-01
1.602486368592662529e+03 2.234789871735376188e-01
1.601665934022350029e+03 2.381003173272910889e-01
1.600846476014537529e+03 2.114411810306804640e-01
1.600027872498912529e+03 2.437733881622558274e-01
1.599210123475475029e+03 2.332823433412104797e-01
1.598393228944225029e+03 2.418564101351465268e-01
1.597577066834850029e+03 2.267625083396706542e-01
1.596762247498912529e+03 2.342138597907110487e-01
1.595947916444225029e+03 2.232925970618842015e-01
1.595134439881725029e+03 2.292944937452776610e-01
1.594322061952037529e+03 2.178585888533041137e-01
1.593510294373912529e+03 2.261172125187448922e-01
1.592699503358287529e+03 2.369037073969075813e-01
1.591889688905162529e+03 2.338557050632554257e-01
1.591080606873912529e+03 2.510662610979324527e-01
1.590272501405162529e+03 2.498615028808641447e-01
1.589465006287975029e+03 2.384156155090158546e-01
1.588658365662975029e+03 2.426204806995399532e-01
1.587852945741100029e+03 2.253733700393308892e-01
1.587048136170787529e+03 2.528686809542003422e-01
1.586244181092662529e+03 2.458540970335100773e-01
1.585441202577037529e+03 2.521090798504216912e-01
1.584638956483287529e+03 2.355521710953351056e-01
1.583837564881725029e+03 2.243766226117987206e-01
1.583037149842662529e+03 2.378641624180830860e-01
1.582237467225475029e+03 2.331295217778864837e-01
1.581438761170787529e+03 2.108808839282005909e-01
1.580640665467662529e+03 2.454145778697430780e-01
1.579843424256725029e+03 2.347366666737134566e-01
1.579047281678600029e+03 2.421179918822919663e-01
1.578251749452037529e+03 2.272188023156105630e-01
1.577457193787975029e+03 2.229596137182023874e-01
1.576663492616100029e+03 2.327220159617665041e-01
1.575870523866100029e+03 2.324431083467692061e-01
1.575078287537975029e+03 2.418877220727162491e-01
1.574287027772350029e+03 2.208170993359220291e-01
1.573496622498912529e+03 2.264571232039111204e-01
1.572707071717662529e+03 2.478480411916829940e-01
1.571918253358287529e+03 2.309269243247055181e-01
1.571130167420787529e+03 2.314919458716385159e-01
1.570343180116100029e+03 2.229674676835518565e-01
1.569556803162975029e+03 2.343579475877473062e-01
1.568771524842662529e+03 2.248469659402682619e-01
1.567986734803600029e+03 2.280927098861078028e-01
1.567202921327037529e+03 2.226107734612902678e-01
1.566419962342662529e+03 2.371051561678722830e-01
1.565637735780162529e+03 2.472072363920440330e-01
1.564856363709850029e+03 2.530661454309652836e-01
1.564075846131725029e+03 2.521202202746304910e-01
1.563296183045787529e+03 2.710179538404964839e-01
1.562517130311412529e+03 2.366097540130100707e-01
1.561739054139537529e+03 2.281776901791810197e-01
1.560961832459850029e+03 2.339186748438970564e-01
1.560185343202037529e+03 2.319767624085011248e-01
1.559409586366100029e+03 2.378380317597135196e-01
1.558634684022350029e+03 2.352609427115163188e-01
1.557860758241100029e+03 2.394887974934002406e-01
1.557087442811412529e+03 2.184178358765751782e-01
1.556314981873912529e+03 2.427469360508502094e-01
1.555543253358287529e+03 2.338932562708640195e-01
1.554772501405162529e+03 2.449174755402384329e-01
1.554002359803600029e+03 2.374831060443524378e-01
1.553233194764537529e+03 2.454757150597277338e-01
1.553233072694225029e+03 2.264599471727045121e-01
1.552976969178600029e+03 2.482311496630126291e-01
1.552720743592662529e+03 2.496368600362063594e-01
1.552464762147350029e+03 2.583292925398799622e-01
1.552464640077037529e+03 2.554106899003690812e-01
1.552208780702037529e+03 2.711542335291741157e-01
1.551697061952037529e+03 2.471225662924112776e-01
1.550930216248912529e+03 2.305106629394294004e-01
1.550164102967662529e+03 2.473636361488254498e-01
1.549398844178600029e+03 2.455050413495873940e-01
1.548634439881725029e+03 2.239027416374630430e-01
1.547870645936412529e+03 2.287081837300058984e-01
1.547107706483287529e+03 2.237831280852633498e-01
1.546345621522350029e+03 2.324253100222357094e-01
1.545584391053600029e+03 2.373930997048365743e-01
1.544823770936412529e+03 2.357855048053776326e-01
1.544063883241100029e+03 2.389761098129117578e-01
1.543304972108287529e+03 2.409769874167684844e-01
1.542546915467662529e+03 2.325103882577907455e-01
1.541789469178600029e+03 2.165060973384576037e-01
1.541032755311412529e+03 2.392972655557731865e-01
1.540276895936412529e+03 2.477454856745223977e-01
1.539521768983287529e+03 2.381392634431775679e-01
1.538767618592662529e+03 2.384042627103029333e-01
1.538014078553600029e+03 2.359862831763970548e-01
1.537261270936412529e+03 2.439957495678636845e-01
1.536509317811412529e+03 2.208764266277738475e-01
1.535757852967662529e+03 2.549486378399247188e-01
1.535007730897350029e+03 2.244722901879279697e-01
1.534257852967662529e+03 2.302420932246415919e-01
1.533509073670787529e+03 2.384447059311960437e-01
1.532760904725475029e+03 2.331958556183264530e-01
1.532013468202037529e+03 2.346357438559888708e-01
1.531267008241100029e+03 2.130058792099095710e-01
1.530521158631725029e+03 2.297484871256983696e-01
1.529776041444225029e+03 2.351007794061848455e-01
1.529031656678600029e+03 2.333014793400502995e-01
1.528288126405162529e+03 2.376214520453434620e-01
1.527545084412975029e+03 2.381306997418103089e-01
1.526803263123912529e+03 2.278613608867386120e-01
1.526061808045787529e+03 2.382003690309864308e-01
1.525321451600475029e+03 2.319382318356773276e-01
1.524581583436412529e+03 2.274300332177456307e-01
1.523842569764537529e+03 2.428361613149165599e-01
1.523104288514537529e+03 2.483011281621764210e-01
1.522366861756725029e+03 2.309030526466978872e-01
1.521630045350475029e+03 2.344323872056623126e-01
1.520893961366100029e+03 2.452140735797984084e-01
1.520158609803600029e+03 2.429042061894114424e-01
1.519424112733287529e+03 2.495324370267083536e-01
1.518690226014537529e+03 2.283255033950150059e-01
1.517957071717662529e+03 2.129993213003698593e-01
1.517225016053600029e+03 2.392107456939365773e-01
1.516493448670787529e+03 2.295534541433317255e-01
1.515762491639537529e+03 2.516886928542534929e-01
1.515519205506725029e+03 2.615275416230796179e-01
1.515275919373912529e+03 2.551677067873177052e-01
1.515032511170787529e+03 2.445453324363419945e-01
1.515032389100475029e+03 2.366534373324267471e-01
1.514789347108287529e+03 2.476122389038293847e-01
1.514546305116100029e+03 2.546637047972308276e-01
1.514303018983287529e+03 2.416624656910019153e-01
1.513574381287975029e+03 2.448937068170461695e-01
1.512846476014537529e+03 2.455165190171230971e-01
1.512119303162975029e+03 2.264346450715063186e-01
1.511392984803600029e+03 2.366813134689075282e-01
1.510667276795787529e+03 2.483178264483905107e-01
1.509942301209850029e+03 2.304811826985911916e-01
1.509218058045787529e+03 2.464820413224231288e-01
1.508494547303600029e+03 2.394081233230363204e-01
1.507771768983287529e+03 2.433554865260255384e-01
1.507049723084850029e+03 2.511943728716213853e-01
1.506328409608287529e+03 2.384482541773701447e-01
1.505607828553600029e+03 2.416379114295433006e-01
1.504888101991100029e+03 2.411387718996060026e-01
1.504168863709850029e+03 2.439735132722510857e-01
1.503450479920787529e+03 2.514586558667832872e-01
1.502731285142016986e+03 2.364877960641431631e-01
1.502012605224686695e+03 2.433437255931432119e-01
1.501294781752610334e+03 2.392364359176548660e-01
1.500577570027143793e+03 2.382303551560410737e-01
1.499861092397609127e+03 2.440108799355332758e-01
1.499145348864006564e+03 2.260346829998334528e-01
1.498430217077013822e+03 2.365893522581183350e-01
1.497715941735274782e+03 2.328277022274883312e-01
1.497002278140145791e+03 2.293022937211017243e-01
1.496289470990270729e+03 2.283139849186332226e-01
1.495577275587005715e+03 2.442931318441489141e-01
1.494865814279672350e+03 2.466076837024411550e-01
1.494154964718949032e+03 2.261598295381832824e-01
1.493444971603479416e+03 2.271114213132690018e-01
1.492735590234620076e+03 2.426175669477554642e-01
1.492026942961692384e+03 2.358362904149544637e-01
1.491319029784696568e+03 2.487303618497974378e-01
1.490611728354310799e+03 2.526598164096776622e-01
1.489905161019856905e+03 2.461691301792844899e-01
1.489199327781334887e+03 2.504182984646806664e-01
1.488494228638744744e+03 2.372796116360454399e-01
1.487789741242764421e+03 2.333029211473615638e-01
1.487085987942716201e+03 2.387492437177219373e-01
1.486382846389277802e+03 2.425930502123250787e-01
1.485680561281093105e+03 2.478104127723396444e-01
1.484978887919518684e+03 2.324890888217124307e-01
1.484277948653875910e+03 2.293857328582017685e-01
1.483577621134843184e+03 2.443398480447711574e-01
1.482878150061064161e+03 2.438064746481571343e-01
1.482179168384573359e+03 2.463409526130743987e-01
1.481481043153336259e+03 2.464281450514617666e-01
1.480783529668708979e+03 2.286628093906461767e-01
1.480086627930691748e+03 2.530667583385193264e-01
1.479390582637928446e+03 2.387224575295275042e-01
1.478695026742452910e+03 2.474954545999972499e-01
1.478000327292231304e+03 2.450639750997678779e-01
1.477306239588619746e+03 2.447659404365592761e-01
1.476612885980940064e+03 2.496182913789080082e-01
1.475920144119870201e+03 2.448520655200371599e-01
1.475228136354732214e+03 2.433144932309503905e-01
1.474536740336204275e+03 2.500601003913737186e-01
1.473846078413608211e+03 2.290840588985003923e-01
1.473156028237621967e+03 2.454409997515262232e-01
1.472466712157567827e+03 2.418823364957910227e-01
1.471778130173445334e+03 2.389556081909531005e-01
1.471090159935932888e+03 2.319211165886164161e-01
1.470402923794352319e+03 2.393441803547634861e-01
1.469716299399381796e+03 2.285018880814294884e-01
1.469030286751021094e+03 2.402768842185188380e-01
1.468345008198592268e+03 2.436945636093864886e-01
1.467660463742095317e+03 2.418421855320324054e-01
1.466976531032208186e+03 2.432496543082755813e-01
1.466293210068931103e+03 2.509237166883833137e-01
1.465610623201585895e+03 2.204431155951253885e-01
1.464928648080850735e+03 2.422731801462778556e-01
1.464247407056047223e+03 2.548718998414531423e-01
1.463566777777853758e+03 2.474859190954201149e-01
1.462886882595592169e+03 2.444404759335346566e-01
1.462207599159940628e+03 2.454999624348658815e-01
1.461528927470898907e+03 2.354554163798471544e-01
1.460850867528467006e+03 2.526999144144528309e-01
1.460173664031289263e+03 2.364983567964759337e-01
1.459496949931399286e+03 2.374533497250524983e-01
1.458820969927441183e+03 2.505360207770999659e-01
1.458145601670092901e+03 2.388185955423706430e-01
1.457470967508676722e+03 2.424449290737327178e-01
1.456796945093870363e+03 2.422135050513879451e-01
1.456123534425673824e+03 2.376262152493209545e-01
1.455450857853409389e+03 2.437888949431716579e-01
1.454778793027754773e+03 2.334158738568569980e-01
1.454107339948709978e+03 2.468678446279470307e-01
1.453436498616275230e+03 2.210168588758083252e-01
1.452766513729094186e+03 2.291612639301092436e-01
1.452097018239201361e+03 2.392012736598932154e-01
1.451428134495918130e+03 2.471726031328578543e-01
1.450759984848567001e+03 2.312928991047806804e-01
1.450092446947825920e+03 2.377188847003970096e-01
1.449425520793694432e+03 2.503871844128968682e-01
1.448759328735495046e+03 2.310491088115434466e-01
1.448093748423905481e+03 2.352385393333241148e-01
1.447428657509603909e+03 2.413504348562918733e-01
1.446764423040556267e+03 2.462159149852617690e-01
1.446100677968796617e+03 2.455760460187509653e-01
1.445437789342290671e+03 2.487418615134899258e-01
1.444775267763750662e+03 2.469975039328306254e-01
1.444113480281142756e+03 2.420501277322980871e-01
1.443452426894466726e+03 2.544174795880719819e-01
1.442791862905078460e+03 2.511752822755799475e-01
1.442132033011622070e+03 2.296874651241484488e-01
1.441472814864775728e+03 2.250327455457193093e-01
1.440814208464539433e+03 2.194575514566424745e-01
1.440156091461590904e+03 2.236736698523923705e-01
1.439498953253218133e+03 2.218041701683259037e-01
1.439498830903896078e+03 2.494072106068555283e-01
1.439279947966867894e+03 2.433971155411742970e-01
1.439060942680517655e+03 2.212508139826120102e-01
1.438842182092811527e+03 2.323608876468623019e-01
1.438842059743489472e+03 2.280161417460385143e-01
1.438623299155783116e+03 2.261853585481710671e-01
1.438404660917399042e+03 2.209458192940042809e-01
1.438186145028336568e+03 2.281490042623835757e-01
1.438186022679014741e+03 2.267254409130622650e-01
1.437967506789952267e+03 2.291069526556168967e-01
1.437749113250212076e+03 2.403391764678604603e-01
1.437530719710471658e+03 2.233253373034357891e-01
1.437530597361149830e+03 2.445181517794789705e-01
1.437312081472087584e+03 2.218282742086437609e-01
1.437093932630991048e+03 2.221304093714161487e-01
1.436875906139216795e+03 2.098191764015726324e-01
1.436875783789894740e+03 2.452955729758441172e-01
1.436657634948798432e+03 2.236659711454951072e-01
1.436439486107702123e+03 2.204199207455564136e-01
1.436221581965249698e+03 2.369585338843664124e-01
1.436003677822797272e+03 2.265853960314631321e-01
1.435785773680345073e+03 2.160026727660962764e-01
1.435567991887214703e+03 2.378263710149929044e-01
1.435350332443406160e+03 2.251031963498117683e-01
1.435132672999597844e+03 2.260542685287165177e-01
1.434915013555789301e+03 2.272987601511981537e-01
1.434697598810624868e+03 2.364210807048962304e-01
1.434480061716138607e+03 2.457578811995715096e-01
1.434262646970974174e+03 2.420784878445330079e-01
1.434045354575131569e+03 2.428274123174224697e-01
1.433828184528611246e+03 2.489179463289688532e-01
1.433611014482090695e+03 2.370863227032986020e-01
1.433393844435570145e+03 2.286281211976242678e-01
1.433176919087693705e+03 2.280997800758364225e-01
1.432959871390495209e+03 2.131979593888133073e-01
1.432742946042618769e+03 2.178758255000790567e-01
1.432526143044064156e+03 2.309731853804239954e-01
1.432309462394831598e+03 2.184831043660386274e-01
1.432092781745599041e+03 2.073227990895862849e-01
1.431876101096366483e+03 2.106508806022373559e-01
1.431659542796455980e+03 2.133458636417049359e-01
1.431443106845867533e+03 2.165230969864416211e-01
1.431226670895278858e+03 1.941878525937887068e-01
1.431010357294012238e+03 2.087655345440346533e-01
1.430794166042067673e+03 2.324690110804114584e-01
1.430577852440801053e+03 2.324573672346683662e-01
1.430361661188856488e+03 2.416337290457334086e-01
1.430145469936911923e+03 2.529994314254315202e-01
1.429929645732933295e+03 2.450358738151404703e-01
1.429713699179632613e+03 2.493144809399098771e-01
1.429497874975653986e+03 2.414523312034424773e-01
1.429282173120997186e+03 2.423551658796545549e-01
1.429066348917018558e+03 2.514280294456517351e-01
1.428850647062361986e+03 2.410981518287647896e-01
1.428635067557027241e+03 2.336636756586779329e-01
1.428419610401014552e+03 2.493144820492774194e-01
1.428204153245001862e+03 2.489406901280800388e-01
1.427988696088989172e+03 2.458821715876514657e-01
1.427773361282298310e+03 2.636625521651541626e-01
1.427558271174251558e+03 2.361383677536477432e-01
1.427342936367560924e+03 2.487885767844469909e-01
1.427127846259514172e+03 2.481662826156718626e-01
1.426912878500789475e+03 2.427921698042689314e-01
1.426697910742064551e+03 2.383677819685034172e-01
1.426482942983339854e+03 2.371568023602042552e-01
1.426268097573936984e+03 2.396020250004084473e-01
1.426053374513856170e+03 2.527328930673227725e-01
1.425838651453775356e+03 2.632294790004739982e-01
1.425624050743016596e+03 2.560932364645215342e-01
1.425409450032257837e+03 2.411773053004452050e-01
1.425194971670820905e+03 2.455236834187943529e-01
1.424980493309384201e+03 2.370774689598239005e-01
1.424766137297269324e+03 2.534316060578212793e-01
1.424551658935832393e+03 2.387756637272008819e-01
1.424337669971683454e+03 2.542571651275016831e-01
1.424123436308890632e+03 2.370050854920255357e-01
1.423909324995419638e+03 2.519547230150279149e-01
1.423695336031270926e+03 2.318548683597622950e-01
1.423481347067121987e+03 2.463301200276158121e-01
1.423267480452295104e+03 2.482270587119928540e-01
1.423053491488146165e+03 2.636627671540491269e-01
1.422839991921285218e+03 2.497491475861313426e-01
1.422626247655780162e+03 2.334179774238765159e-01
1.422412625739597161e+03 2.507116317015494200e-01
1.422199003823414387e+03 2.338466819261346141e-01
1.421985626605875268e+03 2.517518323908158884e-01
1.421772127039014322e+03 2.684561403484480580e-01
1.421558749821475431e+03 2.512703097528107277e-01
1.421345372603936312e+03 2.413799337967110770e-01
1.421132240085041303e+03 2.468086579419555560e-01
1.420919107566146295e+03 2.431629736046280466e-01
1.420705975047251286e+03 2.440895604964846699e-01
1.420493087227000160e+03 2.485970021021816634e-01
1.420279954708105151e+03 2.384429490702288101e-01
1.420067189237176080e+03 2.448693488956739106e-01
1.419854301416925182e+03 2.510644381320621399e-01
1.419641658295317939e+03 2.560412926126802713e-01
1.419428892824388868e+03 2.507268726101941070e-01
1.419216249702781852e+03 2.453640339294851092e-01
1.419003728930496663e+03 2.524805616041356782e-01
1.418791330507533530e+03 2.544547086002927339e-01
1.418578932084570397e+03 2.449152284756028197e-01
1.418366533661607264e+03 2.504475704297832728e-01
1.418154135238644130e+03 2.360121730359978076e-01
1.417942103863647162e+03 2.422389272288834050e-01
1.417729827790005857e+03 2.576770483606805051e-01
1.417517674065686833e+03 2.500589429194339797e-01
1.417305765040011693e+03 2.522568773884114046e-01
1.417093856014336325e+03 2.522677828515431098e-01
1.416881946988661184e+03 2.580397480616457018e-01
1.416670037962986044e+03 2.538627174525975860e-01
1.416458373635954786e+03 2.348333266700357580e-01
1.416246709308923528e+03 2.495832445388126986e-01
1.416035044981892270e+03 2.612529698896977615e-01
1.415823503004183067e+03 2.519270506724672343e-01
1.415611961026473864e+03 2.498173447839791284e-01
1.415400663747408544e+03 2.559469484623838609e-01
1.415189244119021396e+03 2.402993444294548309e-01
1.414977946839956076e+03 2.587805124037060867e-01
1.414766649560890755e+03 2.541686575610794807e-01
1.414555596980469545e+03 2.513033168889328706e-01
1.414344544400048107e+03 2.387652104700123401e-01
1.414133491819626897e+03 2.341629090155988302e-01
1.413922561588527515e+03 2.388817091379160651e-01
1.413711753706750187e+03 2.383517572031424447e-01
1.413500823475650805e+03 2.443368948205396629e-01
1.413289893244551649e+03 2.419661745050483426e-01
1.413079452410740259e+03 2.492968340118861259e-01
1.412868766878284760e+03 2.405068971200450545e-01
1.412658203695151542e+03 2.544323191259412753e-01
1.412447640512018097e+03 2.528768802666226945e-01
1.412237322027528762e+03 2.433793422509598348e-01
1.412027003543039200e+03 2.600803080438629511e-01
1.411816685058549865e+03 2.516742560161588371e-01
1.411606366574060530e+03 2.460069472730361251e-01
1.411396292788215078e+03 2.385000976394626715e-01
1.411186219002369626e+03 2.590505744606926286e-01
1.410976145216524174e+03 2.449346317949623597e-01
1.410766071430678721e+03 2.425722234089506824e-01
1.410556242343477379e+03 2.449009566044450525e-01
1.410346413256275810e+03 2.447050350943937858e-01
1.410136706518396295e+03 2.488586032418228511e-01
1.409926877431194725e+03 2.559974994148179750e-01
1.409717415391959321e+03 2.498263084493520247e-01
1.409507708654079806e+03 2.443714149362580246e-01
1.409298246614844402e+03 2.409201854620381944e-01
1.409088784575608770e+03 2.532021058050973328e-01
1.408879444885695193e+03 2.492415336190692277e-01
1.408670105195781616e+03 2.351675436775993444e-01
1.408460887855190094e+03 2.427698363699281048e-01
1.408251670514598572e+03 2.555584922667610837e-01
1.408042575523329106e+03 2.481850006622655092e-01
1.407833480532059411e+03 2.477265940086990914e-01
1.407624507890111772e+03 2.397381232222841330e-01
1.407415535248164360e+03 2.466553478918765141e-01
1.407206684955538776e+03 2.592125714900169742e-01
1.406997957012235020e+03 2.608314707347852979e-01
1.406789229068931490e+03 2.475555789261522088e-01
1.406580501125627734e+03 2.472600710154055637e-01
1.406371895531646260e+03 2.633280699990324103e-01
1.406163534636308441e+03 2.710063534481914060e-01
1.405954929042326967e+03 2.447857204796647090e-01
1.405746568146989148e+03 2.690012671476761374e-01
1.405538207251651556e+03 2.565923950760485295e-01
1.405329968705635793e+03 2.727316524771419282e-01
1.405121730159620256e+03 2.493342830664545262e-01
1.404913613962926547e+03 2.467040302186102319e-01
1.404705497766232838e+03 2.386700041220839452e-01
1.404497626268183012e+03 2.614263987963200142e-01
1.404289632420811358e+03 2.481392498852124651e-01
1.404081638573439477e+03 2.640654975036751950e-01
1.403873889424711706e+03 2.479803426557588564e-01
1.403666140275984162e+03 2.600322026817937782e-01
1.403458513476578219e+03 2.427710940756397928e-01
1.403250764327850447e+03 2.502180044664434333e-01
1.403043259877766786e+03 2.596215683584077172e-01
1.402835877777004953e+03 2.329677632795187081e-01
1.402628373326921064e+03 2.480189405445111794e-01
1.402420991226159458e+03 2.585743071819752714e-01
1.402213609125397625e+03 2.720206332705054075e-01
1.402006471723279674e+03 2.534565923566379220e-01
1.401799334321161950e+03 2.492065953823221214e-01
1.401592196919044000e+03 2.571910731689636687e-01
1.401385059516926276e+03 2.570574229779316600e-01
1.401178044464130380e+03 2.499847643632460981e-01
1.400971151760656539e+03 2.589822558806121888e-01
1.400764381406504526e+03 2.524632062504242880e-01
1.400557611052352740e+03 2.575091922024271285e-01
1.400350840698200727e+03 2.712766998905850047e-01
1.400144192693370996e+03 2.579141232968331088e-01
1.399937667037863093e+03 2.628728716873197091e-01
1.399731019033033135e+03 2.560816907070794235e-01
1.399524615726847060e+03 2.435501933993347856e-01
1.399318212420661212e+03 2.469238902778099765e-01
1.399111931463797191e+03 2.587871709335707315e-01
1.398905528157611343e+03 2.521145079136870581e-01
1.398699369550069378e+03 2.278281150386997911e-01
1.398493333291849467e+03 2.440408243842127900e-01
1.398287052334985447e+03 2.575894294695388331e-01
1.398081138426087364e+03 2.474230665282330377e-01
1.397875102167867453e+03 2.465566277557113828e-01
1.397669188258969371e+03 2.444954684869506956e-01
1.397463519048715398e+03 2.458621977548294535e-01
1.397257727489139370e+03 2.529879290376847445e-01
1.397051935929563342e+03 2.478225837635917583e-01
1.396846144369987314e+03 2.527799758519557183e-01
1.396640842207699279e+03 2.617587208690468903e-01
1.396435295346767134e+03 2.390150835047412381e-01
1.396229748485835216e+03 2.498988680372289661e-01
1.396024446323546954e+03 2.520027178549946734e-01
1.395819144161258919e+03 2.574119659338407473e-01
1.395613841998970884e+03 2.568038894439373943e-01
1.395408662186004676e+03 2.534916838356072177e-01
1.395203482373038696e+03 2.583341065314075369e-01
1.394998424909394544e+03 2.613081250865537664e-01
1.394793489795072446e+03 2.558940682475658313e-01
1.394588554680750349e+03 2.596408354876125757e-01
1.394383619566428024e+03 2.617068654292648011e-01
1.394178684452105927e+03 2.444582882912192667e-01
1.393974116385749767e+03 2.541211040899837847e-01
1.393769425970071552e+03 2.521764154078481868e-01
1.393564735554393565e+03 2.529925555445130536e-01
1.393360167488037177e+03 2.441087925960788718e-01
1.393155721771003073e+03 2.578653314142013708e-01
1.392951276053968968e+03 2.711536635541950679e-01
1.392746952686256691e+03 2.572334574231897042e-01
1.392542629318544414e+03 2.470006911298625041e-01
1.392338305950832137e+03 2.468849170313833497e-01
1.392134227281763970e+03 2.588215289910875128e-01
1.391930026263373747e+03 2.580478769014117324e-01
1.391725947594305580e+03 2.599975408135314359e-01
1.391521868925237186e+03 2.491713373469078008e-01
1.391318157304134957e+03 2.674056973418296734e-01
1.391114200984388617e+03 2.468492017417499573e-01
1.390910367013964333e+03 2.541012101468874129e-01
1.390706655392862103e+03 2.573797152755119555e-01
1.390502943771759647e+03 2.373678471730555628e-01
1.390299354499979472e+03 2.422421941244733146e-01
1.390095765228199070e+03 2.534315047536515042e-01
1.389892298305740724e+03 2.466649319729551093e-01
1.389688831383282377e+03 2.538239856229158598e-01
1.389485609159468140e+03 2.556880271124774007e-01
1.389282264586331621e+03 2.620883265316806821e-01
1.389078920013195329e+03 2.599625224375069488e-01
1.388875697789381093e+03 2.644776413528563408e-01
1.388672597914888684e+03 2.426035982561930704e-01
1.388469620389718102e+03 2.489651800994714670e-01
1.388266642864547748e+03 2.612473256168904578e-01
1.388063665339377394e+03 2.515075055253658265e-01
1.387860810163529095e+03 2.426774599725524673e-01
1.387658077337002624e+03 2.529764774600005151e-01
1.387455222161154097e+03 2.488981330405509729e-01
1.387252611683949681e+03 2.543804217829185865e-01
1.387050001206745264e+03 2.547632278892663082e-01
1.386847390729540848e+03 2.436280685536401647e-01
1.386644902601658259e+03 2.484646971009948913e-01
1.386442536823097726e+03 2.569204928968201185e-01
1.386240048695215364e+03 2.515095569010758481e-01
1.386037805265976885e+03 2.505728616008374710e-01
1.385835561836738407e+03 2.649142127255659229e-01
1.385633440756821756e+03 2.615549764676670108e-01
1.385431319676905332e+03 2.574783535629077136e-01
1.385229198596988681e+03 2.494762715152421262e-01
1.385027199866394312e+03 2.700186587785547987e-01
1.384825201135799716e+03 2.487812721515942072e-01
1.384623447103849230e+03 2.577050207693590833e-01
1.384421570722576689e+03 2.708300734810741850e-01
1.384219816690625976e+03 2.707461225915102632e-01
1.384018062658675490e+03 2.358444916133351776e-01
1.383816553325368886e+03 2.513045587788869661e-01
1.383614921642740228e+03 2.488738972445514175e-01
1.383413412309433625e+03 2.661805606890143561e-01
1.383211902976127021e+03 2.499533350013568300e-01
1.383010638341464528e+03 2.510729651793116579e-01
1.382809373706801807e+03 2.695888803391074950e-01
1.382607986722817259e+03 2.658762604379818484e-01
1.382406844437476593e+03 2.569570944400684787e-01
1.382205702152135927e+03 2.463806164277597410e-01
1.382004682216117089e+03 2.479704874441908680e-01
1.381803662280098479e+03 2.520057988139228211e-01
1.381602642344079868e+03 2.484207140920713930e-01
1.381401744757383085e+03 2.475275468627247399e-01
1.381200847170686529e+03 2.427307578642919073e-01
1.381000194282633856e+03 2.593125254079612363e-01
1.380799541394580956e+03 2.577634810077457650e-01
1.380598888506528283e+03 2.556876535775599035e-01
1.380398235618475610e+03 2.554701525753828029e-01
1.380197705079744992e+03 2.508183215460126902e-01
1.379997296890336202e+03 2.523500436930833923e-01
1.379796888700927411e+03 2.575910465941068650e-01
1.379596480511518621e+03 2.661146636089153361e-01
1.379396194671431886e+03 2.429412356355624969e-01
1.379196153529989033e+03 2.793558126133523500e-01
1.378995990039224353e+03 2.757154599727886235e-01
1.378795826548459445e+03 2.371739680886536250e-01
1.378595785407016592e+03 2.533394311154978373e-01
1.378395744265573967e+03 2.562754440115163068e-01
1.378195825473453169e+03 2.592742930520581801e-01
1.377996029030654199e+03 2.713405168366050946e-01
1.377796232587855457e+03 2.490368567248167908e-01
1.377596558494378542e+03 2.586340704126725565e-01
1.377396884400901627e+03 2.730810704267083722e-01
1.377197332656746767e+03 2.627196682550121398e-01
1.376997780912591907e+03 2.599885723493285394e-01
1.376798229168437047e+03 2.618556765325311675e-01
1.376598799773604242e+03 2.802928368085300104e-01
1.376399370378771209e+03 2.602904771065816525e-01
1.376200185682582287e+03 2.560604365957052098e-01
1.376000878637071537e+03 2.525802721005882545e-01
1.375801693940882615e+03 2.475815293352529312e-01
1.375602509244693692e+03 2.652285760573407369e-01
1.375403446897826825e+03 2.647548008758957572e-01
1.375204629249603840e+03 2.613016493900022219e-01
1.375005689252058801e+03 2.610291231896360586e-01
1.374806749254513761e+03 2.565908217892842180e-01
1.374607931606290776e+03 2.676132890474657300e-01
1.374409113958068019e+03 2.594431735587960364e-01
1.374210541008488917e+03 2.596009870804442676e-01
1.374011845709587988e+03 2.659719997069476261e-01
1.373813272760008886e+03 2.628270402955775187e-01
1.373614699810430011e+03 2.594441153964532343e-01
1.373416249210172964e+03 2.734220696064481593e-01
1.373217920959237972e+03 2.512036093311006413e-01
1.373019470358980925e+03 2.433122805462087646e-01
1.372821264457367761e+03 2.488917177890503651e-01
1.372623058555754824e+03 2.513088983118936803e-01
1.372424852654141660e+03 2.625015905188471388e-01
1.372226891451172605e+03 2.642183063386944752e-01
1.372028807898881496e+03 2.563072816758711903e-01
1.371830846695912442e+03 2.630428756459209927e-01
1.371632763143621332e+03 2.527071929868797695e-01
1.371435046639296161e+03 2.621906627784602040e-01
1.371237330134971216e+03 2.701207012652405148e-01
1.371039613630646045e+03 2.441342001510130033e-01
1.370841897126320873e+03 2.428513126212637763e-01
1.370644180621995702e+03 2.398911047204073110e-01
1.370446586466992585e+03 2.706259099901178189e-01
1.370249237010633578e+03 2.560821830845571023e-01
1.370051765204952289e+03 2.650160402430267181e-01
1.369854415748593283e+03 2.414086123107953841e-01
1.369657066292234049e+03 2.439714771990291187e-01
1.369459839185196870e+03 2.710177569398378172e-01
1.369262734427481519e+03 2.678102436758441618e-01
1.369065384971122512e+03 2.631762029934678337e-01
1.368868402562729216e+03 2.681463971358423182e-01
1.368671420154335920e+03 2.465651249590185556e-01
1.368474437745942851e+03 2.523178450627209801e-01
1.368277577686871609e+03 2.583595589966037331e-01
1.368080717627800368e+03 2.391003200589753019e-01
1.367883857568729127e+03 2.519720243112980040e-01
1.367687242208301768e+03 2.535358938392567318e-01
1.367490504498552582e+03 2.720213003468548441e-01
1.367293889138125223e+03 2.527938171252350763e-01
1.367097518476341975e+03 2.601721336391897843e-01
1.366900903115914844e+03 2.618673653609071561e-01
1.366704532454131368e+03 2.593846468720136800e-01
1.366508039443026064e+03 2.722286871861553936e-01
1.366311791130564870e+03 2.593482044366442474e-01
1.366115665167425504e+03 2.575255832065283523e-01
1.365919416854964084e+03 2.574102664172112087e-01
1.365723290891824945e+03 2.553945462641331599e-01
1.365527164928685579e+03 2.684101392078768189e-01
1.365331161314868268e+03 2.662457551820818780e-01
1.365135402399694840e+03 2.585244918395107061e-01
1.364939398785877529e+03 2.518912837833328644e-01
1.364743639870704101e+03 2.470318413689805148e-01
1.364547758606208617e+03 2.640945014144079339e-01
1.364352122040357244e+03 2.733404305784452037e-01
1.364156485474505871e+03 2.620547137489979694e-01
1.363960848908654498e+03 2.602532710525190529e-01
1.363765334692124952e+03 2.677043609743774422e-01
1.363569820475595634e+03 2.577922977420852302e-01
1.363374428608388143e+03 2.551181202765343548e-01
1.363179036741180880e+03 2.592559389848483886e-01
1.362983767223295217e+03 2.699243096406981346e-01
1.362788620054731837e+03 2.663489619626630001e-01
1.362593228187524346e+03 2.733446102672499878e-01
1.362398203368283021e+03 2.478832690938161110e-01
1.362203178549041468e+03 2.662507385344027311e-01
1.362008276079121970e+03 2.460327407179773163e-01
1.361813251259880417e+03 2.669557195739368782e-01
1.361618348789960919e+03 2.616533102032398417e-01
1.361423446320041421e+03 2.523683757318570531e-01
1.361228666199443978e+03 2.550408064719648094e-01
1.361034008428168363e+03 2.517053834734578333e-01
1.360839473006214803e+03 2.637995359709808252e-01
1.360644815234939415e+03 2.622295824205304604e-01
1.360450279812985855e+03 2.516191546258977896e-01
1.360255744391032295e+03 2.699813599470673453e-01
1.360061208969078734e+03 2.577106971259536250e-01
1.359867040595091112e+03 2.773936830752869453e-01
1.359672749871781434e+03 2.541990616913840650e-01
1.359478459148471984e+03 2.552319520312493206e-01
1.359284290774484361e+03 2.607787822375315923e-01
1.359090122400496739e+03 2.522241572956634426e-01
1.358896076375831171e+03 2.563003207419770613e-01
1.358702152700487432e+03 2.643500815356545353e-01
1.358508106675821864e+03 2.670362107775009486e-01
1.358314183000478124e+03 2.559668098572169259e-01
1.358120381674456667e+03 2.702400659708900088e-01
1.357926580348434982e+03 2.642930944447147157e-01
1.357732901371735352e+03 2.671556209263998283e-01
1.357539222395035495e+03 2.552709568761115100e-01
1.357345665767657920e+03 2.581816603460516668e-01
1.357152109140280118e+03 2.556810434666874077e-01
1.356958552512902543e+03 2.527894333590973153e-01
1.356765118234846796e+03 2.563918689585037991e-01
1.356571806306113103e+03 2.612418145657260382e-01
1.356378494377379411e+03 2.657091305728597752e-01
1.356185304797967774e+03 2.584297702720984580e-01
1.355991992869233854e+03 2.630976001466535652e-01
1.355798925639144272e+03 2.719007432352605336e-01
1.355605736059732408e+03 2.804715369729923191e-01
1.355412913528286708e+03 2.539304783622910455e-01
1.355219846298196899e+03 2.595250835761866992e-01
1.355026901417429144e+03 2.647043357479345604e-01
1.354834078885983445e+03 2.632158161170966570e-01
1.354641256354537518e+03 2.755735900949283224e-01
1.354448678521735701e+03 2.643917298069739519e-01
1.354255978339612057e+03 2.694086345001873717e-01
1.354063278157488185e+03 2.719634426740575872e-01
1.353870700324686368e+03 2.604911793963093358e-01
1.353678122491884551e+03 2.807774503184062298e-01
1.353485667008404789e+03 2.506086297071000724e-01
1.353293456223568910e+03 2.694740161339005957e-01
1.353101123089410976e+03 2.719592121548809471e-01
1.352908789955253042e+03 2.655690586414146126e-01
1.352716579170417390e+03 2.554625006507889040e-01
1.352524368385581511e+03 2.629980144222371363e-01
1.352332279950067459e+03 2.627609058887888094e-01
1.352140313863875690e+03 2.551811141393596216e-01
1.351948347777683693e+03 2.493263148549393904e-01
1.351756381691491924e+03 2.890075554619173648e-01
1.351564415605299928e+03 2.490567756443861080e-01
1.351372571868429986e+03 2.579214144854569679e-01
1.351180728131560045e+03 2.721053315040775078e-01
1.350989251442656041e+03 2.653568785281540943e-01
1.350797530055108155e+03 2.739157669428389785e-01
1.350605931016882323e+03 2.505317699323247882e-01
1.350414454327978319e+03 2.659846557210479578e-01
1.350222977639074315e+03 2.568836453370467732e-01
1.350031500950170312e+03 2.613178969234689064e-01
1.349840268959910418e+03 2.470305083336700180e-01
1.349648914620328469e+03 2.679361271952464540e-01
1.349457682630068348e+03 2.739748932784184521e-01
1.349266450639808454e+03 2.703048534780140288e-01
1.349075340998870388e+03 2.579131388322374319e-01
1.348884231357932322e+03 2.554103002558307800e-01
1.348693244066316311e+03 2.602129239972676422e-01
1.348502379124022355e+03 2.578984485698243567e-01
1.348311391832406116e+03 2.632990769043566104e-01
1.348120526890112160e+03 2.663085629967101853e-01
1.347929784297140031e+03 2.741040023782567170e-01
1.347739041704168130e+03 2.566255325573739143e-01
1.347548421460518057e+03 2.627249247596331050e-01
1.347357678867545928e+03 2.612778628350784782e-01
1.347167180973217683e+03 2.626572263912564931e-01
1.346976683078889664e+03 2.532410118533212628e-01
1.346786185184561646e+03 2.604087685996349100e-01
1.346595809639555455e+03 2.573709965758813611e-01
1.346405556443871319e+03 2.602616271014088212e-01
1.346215303248187183e+03 2.541298840141389959e-01
1.346025050052503047e+03 2.667604394199066253e-01
1.345834919206140967e+03 2.556457202156731112e-01
1.345644788359778886e+03 2.471215531333786630e-01
1.345454657513416578e+03 2.509809268286007922e-01
1.345264771365698380e+03 2.660320844810130092e-01
1.345074762868658354e+03 2.661090887240339931e-01
1.344884876720940156e+03 2.752679027109163346e-01
1.344695112922543785e+03 2.583328670051099341e-01
1.344505226774825815e+03 2.526483372025444818e-01
1.344315585325751499e+03 2.581801045169828113e-01
1.344125821527355356e+03 2.650660340584239938e-01
1.343936424776925151e+03 2.770702420156632151e-01
1.343746783327850835e+03 2.724928031546307583e-01
1.343557264228098575e+03 2.426707741830496090e-01
1.343367867477668369e+03 2.530582739187473007e-01
1.343178470727238164e+03 2.584806517011284388e-01
1.342989196326129786e+03 2.575189455628685842e-01
1.342799921925021636e+03 2.602294092707288509e-01
1.342610769873235313e+03 2.606914475416121091e-01
1.342421495472126935e+03 2.453999241220691241e-01
1.342232465769662667e+03 2.555569413319782601e-01
1.342043436067198400e+03 2.756598896604058879e-01
1.341854406364734132e+03 2.649796662161172378e-01
1.341665499011591919e+03 2.729193094959722621e-01
1.341476714007771534e+03 2.512650503820706427e-01
1.341287929003951149e+03 2.711989210074621237e-01
1.341099144000130764e+03 2.656975050219611001e-01
1.340910358996310379e+03 2.569415594482698517e-01
1.340721696341812049e+03 2.625218783237251996e-01
1.340533156036635773e+03 2.834231183093414153e-01
1.340344615731459498e+03 2.604378386300068571e-01
1.340156197775605051e+03 2.494505106242927706e-01
1.339967779819750604e+03 2.763003434230945632e-01
1.339779361863896156e+03 2.623573366284804864e-01
1.339591066257363764e+03 2.639742935603603957e-01
1.339402770650831371e+03 2.549345200079636831e-01
1.339214475044298979e+03 2.554573060529145567e-01
1.339026424136410697e+03 2.626570809801308526e-01
1.338838373228522187e+03 2.578815360514804533e-01
1.338650199971311849e+03 2.611899756611883450e-01
1.338462271412745395e+03 2.679228447682554526e-01
1.338274342854178940e+03 2.592068106560961316e-01
1.322318278377040315e+03 2.706682610616389373e-01
1.322135121442031277e+03 2.778721186326034154e-01
1.321951964507022012e+03 2.802721851903232086e-01
1.321768807572012975e+03 2.624404735633006913e-01
1.321585895335647820e+03 2.819046836039938997e-01
1.304795163783938733e+03 2.839218985982722154e-01
1.304617023171130995e+03 2.925551804582217086e-01
1.304439004907645312e+03 2.720680911149678805e-01
1.304260986644159402e+03 2.634227304148205051e-01
1.304082968380673719e+03 2.853422103472786353e-01
1.286888484066419323e+03 2.741662555564956527e-01
1.286715604474456995e+03 2.635113316302918340e-01
1.286542602533172385e+03 2.695071710750018834e-01
1.286369722941210057e+03 2.659843937606886644e-01
1.286196843349247501e+03 2.590699905398411995e-01
1.286024086106607001e+03 2.724964125593650199e-01
1.285851328863966501e+03 2.762409140616558512e-01
1.285678571621326000e+03 2.596660005351077438e-01
1.285505936728007327e+03 2.625256921951516498e-01
1.285333301834688882e+03 2.715427390998931267e-01
1.285160911640014319e+03 2.743911792918992676e-01
1.284988399096017702e+03 2.640230275617834743e-01
1.284815886552021311e+03 2.756293876310845214e-01
1.284643496357346748e+03 2.886728552944186066e-01
1.284471106162672186e+03 2.698457904167104182e-01
1.284298838317319451e+03 2.715868274863298404e-01
1.284126570471966943e+03 2.599611952111805513e-01
1.283954302626614435e+03 2.792987612449277512e-01
1.283782157130583755e+03 2.607002358780408646e-01
1.283610011634553075e+03 2.669764504278906436e-01
1.283437988487844450e+03 2.740824139981030139e-01
1.283265965341136052e+03 2.707764325919078119e-01
1.283093942194427427e+03 2.751275182044827239e-01
1.282922041397040630e+03 2.837018429145831688e-01
1.282750140599654060e+03 3.022068842764524810e-01
1.282578484500911372e+03 2.907698138632111018e-01
1.282406706052846857e+03 2.687722627823334598e-01
1.282234927604782115e+03 2.873491036331298765e-01
1.282063271506039428e+03 2.795736261570373471e-01
1.281891737756618795e+03 2.750657141739128453e-01
1.281720081657876108e+03 2.748414257170648800e-01
1.281548547908455475e+03 2.674582079456754302e-01
1.281377014159034843e+03 2.840012773885239872e-01
1.281205602758936038e+03 2.648486879644030845e-01
1.281034191358837461e+03 2.694695599893707771e-01
1.280862779958738656e+03 2.680852954904327512e-01
1.280691613257283962e+03 2.699594890890049670e-01
1.280520324206507212e+03 2.724576275963646044e-01
1.280349035155730462e+03 2.567078893896915792e-01
1.280177990803597822e+03 2.678997933565302469e-01
1.280006824102143128e+03 2.718230345190518205e-01
1.279835902099332316e+03 2.784625614776089497e-01
1.279664857747199449e+03 2.647615544602233140e-01
1.279493935744388864e+03 2.680210993852720769e-01
1.279323013741578052e+03 2.759265388978551781e-01
1.279152214088089295e+03 2.717168944455567448e-01
1.278981292085278483e+03 2.579440698498149942e-01
1.278810614781111781e+03 2.636722278801482688e-01
1.278639815127623024e+03 2.730661627842020933e-01
1.278469260172778149e+03 2.800082252634337188e-01
1.278298582868611220e+03 2.808441253353231026e-01
1.278128027913766573e+03 2.828305348134955710e-01
1.277957472958921699e+03 2.693760201964501833e-01
1.277787040353398879e+03 2.751145021846625460e-01
1.277616607747876060e+03 2.857150433088309072e-01
1.277446175142353241e+03 2.761798401559693583e-01
1.277275864886152476e+03 2.701982010650033628e-01
1.277105554629951484e+03 2.700427321448551354e-01
1.276935489072394603e+03 2.745472251209099546e-01
1.276765301165515893e+03 2.731204607819466279e-01
1.276595113258636957e+03 2.707073338999239076e-01
1.276425047701080075e+03 2.659142492524098622e-01
1.276255104492845248e+03 2.610741795577926072e-01
1.276085038935288367e+03 2.762079273262103007e-01
1.275915095727053313e+03 2.794693943655726098e-01
1.275745152518818486e+03 2.804001806200574487e-01
1.275575331659905487e+03 2.815802661399114393e-01
1.275405510800992715e+03 2.591855964232031018e-01
1.275235689942079716e+03 2.676314300092590970e-01
1.275066113781810827e+03 2.676155672499534455e-01
1.274896292922897828e+03 2.769992455915273877e-01
1.274726716762628939e+03 2.841481091549251659e-01
1.274557140602360050e+03 2.548166871461912120e-01
1.274387686791412989e+03 2.802276464004141987e-01
1.274218110631144100e+03 2.636451659613404663e-01
1.274048779169519094e+03 2.847697433937944611e-01
1.273879447707894087e+03 2.638577285766561809e-01
1.273710116246269081e+03 2.786204275787773632e-01
1.273540907133966130e+03 2.689039487954350549e-01
1.273371698021663178e+03 2.641592948722695233e-01
1.273202611258682282e+03 2.653736370149362700e-01
1.273202488909360227e+03 2.783735603852941498e-01
1.273033402146379103e+03 2.783151417555350671e-01
1.273033279797057276e+03 2.806783268841784307e-01
1.272864437732720262e+03 2.829875592620694214e-01
1.272864315383398207e+03 2.818060198551073370e-01
1.272695350969739138e+03 2.592573809671256391e-01
1.272695228620417083e+03 2.746106680316910409e-01
1.272526264206758242e+03 2.757241860332296790e-01
1.272526141857436187e+03 2.698201772017613242e-01
1.272357177443777118e+03 2.733372093346042586e-01
1.272188335379440105e+03 2.816753764600701260e-01
1.272019493315103091e+03 2.758149023360885743e-01
1.271850651250766077e+03 2.663176961278510557e-01
1.271681931535750891e+03 2.696620404878382060e-01
1.271513211820735933e+03 2.872194277506457394e-01
1.271344492105720747e+03 2.718046821416168490e-01
1.271175894740027843e+03 2.553557608992712558e-01
1.271007297374334712e+03 2.661072418517838045e-01
1.270838822357963636e+03 2.543869412082184200e-01
1.270670347341592560e+03 2.768429662227561705e-01
1.270501872325221484e+03 2.663025040823464029e-01
1.270333642007494291e+03 2.677107657063934609e-01
1.270165289340445042e+03 2.728721816211628348e-01
1.269996936673396021e+03 2.602538801625106646e-01
1.269828706355668828e+03 2.758772923760045015e-01
1.269660598387263690e+03 2.714554075248704623e-01
1.269492368069536724e+03 2.744088305077462819e-01
1.269324260101131586e+03 2.690544374110533377e-01
1.269156274482048275e+03 2.859764117599781774e-01
1.268988288862965192e+03 2.705866589044255699e-01
1.268820303243882108e+03 2.749414421982715462e-01
1.268652317624798798e+03 2.778963719350494577e-01
1.268484576704359597e+03 3.061167800967164454e-01
1.268316713434598569e+03 2.769088834102247376e-01
1.268148850164837313e+03 2.744864786003115009e-01
1.267981231593720167e+03 2.726003844796019426e-01
1.267813490673280967e+03 2.844862999627554290e-01
1.267645872102163594e+03 2.781717393310113584e-01
1.267478253531046448e+03 2.660103491420678923e-01
1.267310879658573185e+03 2.633775088337025339e-01
1.267143261087456040e+03 2.761752042029954612e-01
1.266975764865660722e+03 2.797789099777039934e-01
1.266808390993187459e+03 2.643720651540528155e-01
1.266641017120714196e+03 2.799499337362890694e-01
1.266473765597562988e+03 2.682358987000809658e-01
1.266306636423733835e+03 2.770036055559053079e-01
1.266139384900582399e+03 2.785096329568814144e-01
1.265972255726753247e+03 2.629085674443367715e-01
1.265805126552923866e+03 2.842136915223837379e-01
1.265637997379094713e+03 2.668816150770463858e-01
1.265470990554587388e+03 2.619470181756603511e-01
1.265303983730080063e+03 2.793702326432506156e-01
1.265137221604216847e+03 2.731190118284993473e-01
1.264970214779709522e+03 2.600684714792653174e-01
1.264803330304524252e+03 2.700352222572763861e-01
1.264636568178660809e+03 2.887207633967505682e-01
1.264469806052797594e+03 2.773326760200898189e-01
1.264303166276256206e+03 2.833912591551410731e-01
1.264136526499714819e+03 2.750231294152993278e-01
1.263969886723173431e+03 2.618108990506970435e-01
1.263803369295954099e+03 2.764923361128985291e-01
1.263636851868734766e+03 2.850926823071054939e-01
1.263470334441515433e+03 2.787385396417917938e-01
1.263303939363617928e+03 2.802793526112375422e-01
1.263137544285720651e+03 2.763407258959591495e-01
1.262971271557145201e+03 2.698805426103422778e-01
1.262804876479247923e+03 2.657154558068368644e-01
1.262638726099994528e+03 2.675995314232811895e-01
1.262472453371419078e+03 2.756191270621720646e-01
1.262306302992165683e+03 2.988871285042474235e-01
1.262140274962234344e+03 2.682661139656241089e-01
1.261974246932302776e+03 2.883887431403170387e-01
1.261808218902371436e+03 2.721075233717556441e-01
1.261642190872439869e+03 2.712871900579705842e-01
1.261476407541152412e+03 2.752508176345597746e-01
1.261310624209864955e+03 2.770374196349881801e-01
1.261144718529255670e+03 2.608611825960835406e-01
1.260978935197968212e+03 2.717528575440864014e-01
1.260813274216002583e+03 2.722597197743408803e-01
1.260647613234037181e+03 2.808308824590493025e-01
1.260481952252071778e+03 2.879429410534330991e-01
1.260316291270106149e+03 2.814950876541094660e-01
1.260150752637462801e+03 2.735402736891268671e-01
1.259985336354141282e+03 2.813712698503514353e-01
1.259819797721497707e+03 2.732099092782520611e-01
1.259654503787498243e+03 2.795932238857801733e-01
1.259489087504176723e+03 2.738829840136143834e-01
1.259323793570177259e+03 2.787223974650429592e-01
