# Wavelength, Reflectance
1.644400793101462796e+03 2.203383682896329354e-01
1.643534704234275296e+03 2.262751043426572128e-01
1.642669469859275296e+03 2.645076981713861408e-01
1.641805212046775296e+03 2.654906915767404341e-01
1.640941808726462796e+03 2.478482367185188828e-01
1.640079504038962796e+03 2.553885505144289358e-01
1.639218053843650296e+03 2.352521213165995329e-01
1.638357580210837796e+03 2.454697254928639993e-01
1.637497961070212796e+03 2.084810472111369439e-01
1.636639440562400296e+03 2.212855454486798434e-01
1.635781774546775296e+03 2.407434412595488293e-01
1.634925085093650296e+03 2.073669227183637942e-01
1.634069372203025296e+03 2.185940092040519478e-01
1.633214513804587796e+03 2.090520279679290994e-01
1.632360631968650296e+03 2.096517784824638575e-01
1.631507604624900296e+03 2.299890073974831251e-01
1.630655553843650296e+03 2.286061167996883969e-01
1.629804479624900296e+03 2.143486349968545257e-01
1.628954259898337796e+03 2.349992280307452164e-01
1.628105016734275296e+03 2.377417776658919679e-01
1.627256628062400296e+03 2.379258741170252045e-01
1.626409215953025296e+03 2.284479099039296579e-01
1.625562780406150296e+03 2.292163461583884010e-01
1.624717321421775296e+03 2.080525223023941550e-01
1.623872594859275296e+03 2.277620241751887320e-01
1.623028966929587796e+03 2.033720397416393377e-01
1.622186071421775296e+03 2.224389047521939111e-01
1.621344274546775296e+03 2.261841398915723500e-01
1.620503210093650296e+03 2.330440809225640952e-01
1.619663244273337796e+03 2.260770725472178166e-01
1.618824010874900296e+03 2.203507790497316321e-01
1.617985754038962796e+03 2.023414863471670599e-01
1.617148351695212796e+03 2.413577821039239457e-01
1.616311925913962796e+03 2.202879332170160354e-01
1.615476354624900296e+03 2.125216097701075613e-01
1.614641759898337796e+03 2.074036173011946926e-01
1.613808141734275296e+03 2.087780812427841304e-01
1.612975255992087796e+03 2.317284073251692222e-01
1.612143346812400296e+03 2.129276980586453927e-01
1.611312292124900296e+03 2.413681844191747083e-01
1.610482213999900296e+03 2.116591588625367504e-01
1.609652990367087796e+03 2.146286559420257922e-01
1.608824621226462796e+03 2.110900455024191380e-01
1.607997228648337796e+03 2.061719672164759876e-01
1.607170568492087796e+03 2.075404730185374247e-01
1.606344884898337796e+03 2.072947011875063139e-01
1.605520177867087796e+03 2.150888194576267010e-01
1.604696325328025296e+03 2.089156167242279261e-01
1.603873205210837796e+03 2.091953428709557028e-01
1.603051061656150296e+03 1.976194029890395720e-01
1.602229894663962796e+03 2.163027061676641716e-01
1.601409460093650296e+03 1.973699961326424446e-01
1.600590002085837796e+03 1.994839310447927838e-01
1.599771398570212796e+03 2.084701456557685739e-01
1.598953649546775296e+03 2.095254521100805012e-01
1.598136755015525296e+03 2.258226282977012778e-01
1.597320592906150296e+03 2.175062820412390074e-01
1.596505773570212796e+03 2.048097510704748325e-01
1.595691442515525296e+03 1.935118120691660670e-01
1.594877965953025296e+03 2.103683163981199256e-01
1.594065588023337796e+03 2.097712210518944131e-01
1.593253820445212796e+03 2.105436879196849465e-01
1.592443029429587796e+03 1.846196771960054717e-01
1.591633214976462796e+03 2.256333075098291285e-01
1.590824132945212796e+03 2.213969032519267632e-01
1.590016027476462796e+03 2.236795506382718013e-01
1.589208532359275296e+03 2.066434489802129459e-01
1.588401891734275296e+03 2.091365154354610234e-01
1.587596471812400296e+03 2.097739543214124092e-01
1.586791662242087796e+03 1.964572341183575821e-01
1.585987707163962796e+03 1.998561794642831069e-01
1.585184728648337796e+03 2.055662066623433204e-01
1.584382482554587796e+03 2.094927155108853023e-01
1.583581090953025296e+03 2.059935500550830190e-01
1.582780675913962796e+03 2.053345175291269586e-01
1.581980993296775296e+03 2.092700154139779389e-01
1.581182287242087796e+03 2.068249256292223059e-01
1.580384191538962796e+03 2.220818078760651848e-01
1.579586950328025296e+03 2.094525213951211606e-01
1.578790807749900296e+03 2.048177723843446207e-01
1.577995275523337796e+03 2.110399682184984083e-01
1.577200719859275296e+03 2.113129949909061389e-01
1.576407018687400296e+03 2.009851536027576213e-01
1.575614049937400296e+03 1.988718949017145854e-01
1.574821813609275296e+03 1.957200695036399041e-01
1.574030553843650296e+03 2.019891954577628934e-01
1.573240148570212796e+03 2.072174458800260244e-01
1.572450597788962796e+03 2.279974232656744870e-01
1.571661779429587796e+03 2.127438621203578129e-01
1.570873693492087796e+03 2.115829885713616243e-01
1.570086706187400296e+03 2.006983388953156588e-01
1.569300329234275296e+03 2.154285450459975659e-01
1.568515050913962796e+03 2.234100905782051005e-01
1.567730260874900296e+03 2.092645732349239507e-01
1.566946447398337796e+03 2.024990106123721045e-01
1.566163488413962796e+03 2.108265519506279384e-01
1.565381261851462796e+03 2.210807369513167198e-01
1.564599889781150296e+03 2.262064202324923223e-01
1.563819372203025296e+03 2.141697065460699545e-01
1.563039709117087796e+03 2.005256236996795505e-01
1.562260656382712796e+03 2.059801666343438753e-01
1.561482580210837796e+03 2.258935900520986362e-01
1.560705358531150296e+03 2.186501223042207342e-01
1.559928869273337796e+03 2.005340554877220738e-01
1.559153112437400296e+03 2.207016542168740714e-01
1.558378210093650296e+03 2.275371430531357986e-01
1.557604284312400296e+03 2.206245562693370244e-01
1.556830968882712796e+03 2.179010873797770087e-01
1.556058507945212796e+03 2.263346420044872465e-01
1.555286779429587796e+03 2.089938291183675023e-01
1.554516027476462796e+03 2.267540904082507580e-01
1.553745885874900296e+03 2.029360077642461957e-01
1.552976720835837796e+03 2.323054172853828980e-01
1.552976598765525296e+03 2.244996563753070273e-01
1.552720495249900296e+03 2.282451499193672850e-01
1.552464269663962796e+03 2.126087262766467312e-01
1.552208288218650296e+03 2.190494286971600424e-01
1.552208166148337796e+03 2.164536377927887556e-01
1.551952306773337796e+03 2.188099651988433536e-01
1.551440588023337796e+03 2.091410381992317435e-01
1.550673742320212796e+03 2.073028733420528014e-01
1.549907629038962796e+03 2.042232914467239646e-01
1.549142370249900296e+03 2.065568141448576311e-01
1.548377965953025296e+03 2.078684953365724508e-01
1.547614172007712796e+03 2.134072857064114870e-01
1.546851232554587796e+03 2.090167131856040250e-01
1.546089147593650296e+03 2.230604885910644208e-01
1.545327917124900296e+03 2.312168248334177389e-01
1.544567297007712796e+03 2.145832843313731642e-01
1.543807409312400296e+03 2.123792631254671770e-01
1.543048498179587796e+03 2.014311963051444165e-01
1.542290441538962796e+03 2.079489633935516502e-01
1.541532995249900296e+03 2.000794309778692048e-01
1.540776281382712796e+03 2.011744205946841002e-01
1.540020422007712796e+03 2.189828251328813091e-01
1.539265295054587796e+03 2.104674871814017356e-01
1.538511144663962796e+03 2.145033874245921013e-01
1.537757604624900296e+03 2.173580819076006976e-01
1.537004797007712796e+03 2.283377505128172946e-01
1.536252843882712796e+03 2.002770966835995536e-01
1.535501379038962796e+03 2.141984864336516081e-01
1.534751256968650296e+03 2.049122673400713412e-01
1.534001379038962796e+03 2.049664807084762286e-01
1.533252599742087796e+03 2.059563873051502292e-01
1.532504430796775296e+03 2.075839260143557963e-01
1.531756994273337796e+03 2.188791644768654510e-01
1.531010534312400296e+03 2.147029396873279816e-01
1.530264684703025296e+03 2.084345560195619562e-01
1.529519567515525296e+03 1.989856832960346655e-01
1.528775182749900296e+03 1.989218248206638950e-01
1.528031652476462796e+03 2.016180936961254055e-01
1.527288610484275296e+03 2.278571418980295804e-01
1.526546789195212796e+03 2.150598048686282182e-01
1.525805334117087796e+03 2.058354363913567353e-01
1.525064977671775296e+03 2.099719796693795826e-01
1.524325109507712796e+03 2.033868456375345635e-01
1.523586095835837796e+03 2.182011996273712784e-01
1.522847814585837796e+03 2.145364931867042024e-01
1.522110387828025296e+03 2.147932570379631478e-01
1.521373571421775296e+03 2.215205064509195576e-01
1.520637487437400296e+03 2.249738467646122397e-01
1.519902135874900296e+03 2.086440475403466555e-01
1.519167638804587796e+03 2.228093720713733572e-01
1.518433752085837796e+03 2.098610826608063029e-01
1.517700597788962796e+03 2.150580153848341003e-01
1.516968542124900296e+03 2.077042596033921718e-01
1.516236974742087796e+03 2.073882450030215263e-01
1.515506017710837796e+03 2.025331162379450933e-01
1.515262731578025296e+03 2.311078251826175489e-01
1.515019445445212796e+03 2.266208418828132565e-01
1.514776037242087796e+03 2.101584513720032299e-01
1.514775915171775296e+03 2.078191703112618749e-01
1.514532873179587796e+03 2.269332966306711330e-01
1.514289831187400296e+03 2.367370389720793722e-01
1.514046545054587796e+03 2.216593692002996885e-01
1.513317907359275296e+03 2.093338611016287154e-01
1.512590002085837796e+03 2.063002866119299783e-01
1.511862829234275296e+03 2.103789482142812139e-01
1.511136510874900296e+03 2.101832916330883816e-01
1.510410802867087796e+03 2.123081122435442891e-01
1.509685827281150296e+03 2.246742785727650904e-01
1.508961584117087796e+03 2.153672148213850168e-01
1.508238073374900296e+03 2.242959538528812302e-01
1.507515295054587796e+03 2.219295199789262374e-01
1.506793249156150296e+03 2.125687720439405071e-01
1.506071935679587796e+03 2.212728796573380785e-01
1.505351354624900296e+03 2.158383251174259276e-01
1.504631628062400296e+03 2.076820320005522968e-01
1.503912389781150296e+03 2.019839526662184359e-01
1.503194005992087796e+03 2.142833127093745904e-01
1.502475714676908865e+03 2.002000660553452660e-01
1.501758082777120080e+03 2.279778339022167366e-01
1.501041306073670739e+03 2.067060302218592660e-01
1.500325140224749703e+03 2.162802302195874493e-01
1.499609707401262767e+03 2.168466075759845624e-01
1.498895007603209478e+03 2.125881206340860530e-01
1.498180918659684721e+03 2.138924482475024202e-01
1.497467684912499180e+03 2.154586017861440661e-01
1.496755062019842171e+03 2.144094850107751693e-01
1.496043294323524606e+03 2.076255467602037552e-01
1.495332137481735344e+03 2.089373911815007312e-01
1.494621713665379730e+03 2.203204767854039237e-01
1.493911900703552647e+03 2.172159710655627851e-01
1.493202942938065007e+03 2.156752332266876904e-01
1.492494596027105672e+03 2.144875198961988805e-01
1.491786982141580211e+03 2.258507321035593540e-01
1.491080101281488623e+03 2.117803915752617949e-01
1.490373831275925340e+03 2.117403151357811764e-01
1.489668294295795931e+03 2.094440692778991309e-01
1.488963490341100396e+03 2.178010091744871646e-01
1.488259419411838735e+03 2.069978464392188133e-01
1.487555959337105378e+03 2.180741033100655757e-01
1.486853232287805895e+03 2.122071859481736433e-01
1.486151116093034716e+03 2.225716676526604543e-01
1.485449855094602981e+03 1.996353190074348360e-01
1.484749204950699777e+03 2.066724619262207407e-01
1.484049287832230220e+03 2.176639881174608770e-01
1.483349981568288968e+03 2.206647943248968291e-01
1.482651530500687159e+03 2.270564260128049572e-01
1.481953568116708084e+03 2.121479291539297984e-01
1.481256460929068453e+03 2.248846790285977393e-01
1.480559964595957126e+03 2.207432664743497197e-01
1.479864079117374104e+03 2.205182131119172717e-01
1.479169048835130752e+03 2.122989384873492091e-01
1.478474507236509680e+03 2.200498678957112653e-01
1.477780820834228507e+03 2.272142790285522906e-01
1.477087745286475410e+03 2.037566969261499217e-01
1.476395402764156188e+03 2.161326360220043319e-01
1.475703671096365042e+03 2.211694745127057160e-01
1.475012672454007998e+03 2.139591990456890802e-01
1.474322284666179257e+03 1.894677004098574147e-01
1.473632629903784391e+03 2.166578946384714599e-01
1.472943585995917829e+03 1.995892284866144506e-01
1.472255275113484913e+03 2.317333715684323225e-01
1.471567697256486099e+03 2.151339508285534663e-01
1.470880730254015589e+03 2.179426761820672798e-01
1.470194496276978953e+03 2.172952951836953084e-01
1.469508873154470393e+03 2.053483259183065401e-01
1.468823860886490138e+03 2.067485077576421970e-01
1.468139581643943984e+03 2.188332949939170713e-01
1.467456035426831477e+03 2.239623297513421152e-01
1.466773100064247501e+03 2.128530692406496727e-01
1.466090775556191602e+03 2.207324163616815327e-01
1.465409184073569577e+03 2.095996570639272194e-01
1.464728203445475856e+03 2.175099350097513540e-01
1.464047955842816009e+03 2.139840703142196765e-01
1.463368319094684239e+03 2.108635633877800897e-01
1.462689415371986570e+03 2.036273836278948701e-01
1.462011122503817205e+03 2.147243035601190120e-01
1.461333440490175917e+03 2.058585466924135743e-01
1.460656369331063161e+03 2.144590212163182408e-01
1.459980153368289621e+03 2.191187298580673515e-01
1.459304426089138815e+03 2.042842885982801560e-01
1.458629431835422110e+03 2.159438751937540479e-01
1.457955048436233483e+03 2.189655915307947565e-01
1.457281398062478729e+03 2.200016246946015219e-01
1.456608358543252052e+03 2.175478151515924663e-01
1.455935929878553907e+03 2.009205047383552378e-01
1.455264234239289635e+03 2.168433569234414215e-01
1.454593149454553441e+03 2.144994285912062426e-01
1.453922675524345777e+03 2.047943390482327986e-01
1.453252812448666191e+03 2.024450408064558671e-01
1.452583804569326048e+03 2.086808904203986403e-01
1.451915285373608640e+03 2.294466268699326406e-01
1.451247377032419536e+03 2.133720849885268056e-01
1.450580201716664078e+03 2.110570656541436441e-01
1.449913637255437152e+03 1.979780790747616148e-01
1.449247683648738303e+03 2.114796442650584141e-01
1.448582463067473554e+03 2.130237604043298261e-01
1.447917853340736883e+03 1.967048162513669318e-01
1.447253732297622946e+03 2.298005847463035767e-01
1.446590466450848453e+03 2.088737830091497161e-01
1.445927689287696467e+03 2.170424598881693923e-01
1.445265767320884152e+03 2.221409930344555861e-01
1.444604211866788773e+03 2.192492172948604379e-01
1.443943389438127269e+03 2.111498722211707924e-01
1.443283300034899867e+03 2.197982688890680880e-01
1.442623699315294743e+03 2.052869272031037085e-01
1.441964831621123722e+03 2.058108298070939479e-01
1.441306574781481004e+03 2.064700500622672630e-01
1.440648928796366363e+03 2.069292895897219542e-01
1.439991771494874456e+03 2.069999005917487478e-01
1.439335591560627563e+03 2.069210027105584382e-01
1.439335469389721993e+03 2.069212674885483882e-01
1.439116905639513789e+03 2.121576079042674090e-01
1.438898219718400242e+03 2.002222257699749486e-01
1.438679778139097834e+03 1.983447387205867773e-01
1.438679655968192037e+03 2.009498389908268012e-01
1.438461214388889630e+03 1.991099122519041364e-01
1.438242894980493020e+03 1.967143547417607718e-01
1.438024697743001752e+03 1.992873069254033347e-01
1.438024575572096182e+03 1.916238862348324523e-01
1.437806378334605142e+03 1.963211072832934390e-01
1.437588303268019672e+03 2.051265999729088851e-01
1.437370228201434202e+03 2.164251513849962116e-01
1.437370106030528632e+03 1.974206078000139419e-01
1.437151908793037364e+03 2.010870543717186154e-01
1.436934078068263261e+03 1.949985854237627214e-01
1.436716369514394728e+03 2.094048340070741587e-01
1.436716247343489158e+03 2.055889960950656181e-01
1.436498416618715055e+03 2.001690223180978279e-01
1.436280585893940724e+03 1.972081247717609176e-01
1.436062999510977988e+03 2.170461670190495518e-01
1.435845413128015025e+03 2.013899043572434100e-01
1.435627826745052289e+03 2.044686170483279164e-01
1.435410362532995123e+03 2.101005692571953076e-01
1.435193020491843527e+03 2.049589749532978733e-01
1.434975678450691930e+03 2.057823963629798747e-01
1.434758336409540334e+03 2.080763279028888524e-01
1.434541238710200105e+03 2.185971083101904411e-01
1.434324018839954306e+03 1.997683122357911123e-01
1.434106921140614077e+03 2.249378085288856466e-01
1.433889945612179417e+03 2.132211470473721893e-01
1.433673092254650328e+03 2.123976172707120191e-01
1.433456238897121466e+03 2.174715755196353906e-01
1.433239385539592604e+03 2.088379067929445054e-01
1.433022776523874882e+03 2.073083461676909767e-01
1.432806045337251589e+03 2.143535814982056587e-01
1.432589436321533867e+03 1.877687956982268536e-01
1.432372949476721942e+03 1.941996854691439567e-01
1.432156584802815587e+03 1.913979490959071827e-01
1.431940220128909232e+03 1.983237629873161045e-01
1.431723855455002877e+03 1.932400380922881244e-01
1.431507612952002091e+03 2.048052349699890085e-01
1.431291492619907103e+03 1.856361945938695412e-01
1.431075372287812115e+03 1.903825350472049260e-01
1.430859374126622697e+03 1.898434292268193491e-01
1.430643498136338849e+03 1.781094414311231444e-01
1.430427499975149431e+03 2.107557122984056175e-01
1.430211623984865810e+03 2.176138089146338050e-01
1.429995747994581961e+03 2.109526271175445333e-01
1.429780238517015050e+03 2.204543997451487158e-01
1.429564606868542796e+03 2.064797923946515290e-01
1.429349097390975885e+03 2.182532748375245746e-01
1.429133710084314771e+03 2.073598421291371618e-01
1.428918200606747860e+03 2.142807206919150609e-01
1.428702813300086746e+03 2.179361032122941189e-01
1.428487548164331201e+03 2.113055274874112432e-01
1.428272405199481454e+03 2.068587843533726267e-01
1.428057262234631480e+03 2.110753884970599514e-01
1.427842119269781733e+03 2.128782658936611005e-01
1.427627098475837556e+03 2.134976536969637739e-01
1.427412322023704519e+03 2.157849121263627212e-01
1.427197301229760342e+03 2.246801109035483357e-01
1.426982524777627532e+03 2.263829929113065631e-01
1.426767870496400292e+03 2.123427906648341912e-01
1.426553216215173052e+03 2.095471759539330459e-01
1.426338561933945812e+03 2.142961991133846833e-01
1.426124029823624141e+03 2.234834726071558975e-01
1.425909619884208269e+03 2.212685260153173517e-01
1.425695209944792168e+03 2.155085758632155069e-01
1.425480922176281865e+03 2.126564773177832823e-01
1.425266634407771562e+03 2.040641823307930702e-01
1.425052468810167056e+03 2.296804083955014397e-01
1.424838303212562323e+03 2.209695655744761400e-01
1.424624259785863387e+03 2.047027590185829249e-01
1.424410094188258654e+03 2.180689134230375248e-01
1.424196417274276655e+03 2.180129232565315156e-01
1.423982496018483289e+03 2.142796433261070221e-01
1.423768696933595493e+03 2.160544847735537677e-01
1.423555020019613494e+03 2.152923857705923705e-01
1.423341343105631495e+03 2.121494590694362470e-01
1.423127788362555066e+03 2.091433418696191371e-01
1.422914111448573067e+03 2.112094149312168379e-01
1.422700923218213575e+03 2.138718274150582799e-01
1.422487490646042943e+03 2.096819650157324411e-01
1.422274180244777654e+03 2.113632845223476497e-01
1.422060869843512592e+03 2.249819389054271979e-01
1.421847803784058897e+03 2.271859412891188978e-01
1.421634615553699405e+03 2.051944177210398568e-01
1.421421549494245482e+03 2.221920267210243938e-01
1.421208483434791788e+03 2.054627047215360491e-01
1.420995661717149233e+03 2.092084780755345819e-01
1.420782839999506677e+03 1.991577278539375939e-01
1.420570018281864350e+03 2.124323193360072026e-01
1.420357440906033162e+03 2.187231206053666666e-01
1.420144619188390607e+03 2.062777830184649164e-01
1.419932163983464989e+03 2.120410880700940581e-01
1.419719586607633801e+03 2.084737939227602199e-01
1.419507253573613980e+03 2.255320169934271757e-01
1.419294798368688362e+03 2.139767124018155664e-01
1.419082465334668541e+03 2.114681478165986450e-01
1.418870254471554290e+03 2.177574195929557754e-01
1.418658165779345609e+03 2.069437907095394991e-01
1.418446077087136928e+03 2.143046907116935296e-01
1.418233988394928474e+03 2.226170085430644874e-01
1.418021899702719793e+03 2.109285166188298588e-01
1.417810177523228276e+03 2.322741148047922088e-01
1.417598211001925165e+03 2.064866456941644168e-01
1.417386366651527851e+03 2.301745600105078726e-01
1.417174766642941904e+03 2.140390801711541946e-01
1.416963166634355957e+03 2.106522451912118954e-01
1.416751566625770010e+03 2.202701742966887699e-01
1.416539966617183836e+03 2.119626628329921159e-01
1.416328610950409256e+03 2.143568750271481749e-01
1.416117255283634449e+03 2.172730187849045702e-01
1.415905899616859870e+03 2.062283069129776658e-01
1.415694666120990860e+03 2.127078649603516836e-01
1.415483432625121623e+03 2.131258624680566760e-01
1.415272443471063980e+03 2.220295735551174876e-01
1.415061332146100540e+03 2.035604493998214859e-01
1.414850342992042897e+03 2.108903422340374922e-01
1.414639353837985027e+03 2.240288750156831932e-01
1.414428609025738751e+03 2.226095925246541207e-01
1.414217864213492248e+03 2.136574898533869782e-01
1.414007119401245745e+03 2.060725986721701763e-01
1.413796496759905040e+03 2.124739647703798862e-01
1.413585996289469904e+03 2.096529630939072686e-01
1.413375373648128971e+03 2.034467539768345656e-01
1.413164751006788265e+03 2.138976612489128515e-01
1.412954617049070066e+03 2.112641727204915554e-01
1.412744238749540500e+03 2.103917479456642314e-01
1.412533982620916731e+03 2.125669714668385057e-01
1.412323726492292735e+03 2.134138440849006058e-01
1.412113714705480334e+03 2.163780019100932650e-01
1.411903702918667705e+03 2.253953236933422533e-01
1.411693691131855076e+03 2.237329446479703610e-01
1.411483679345042674e+03 2.049051647095586071e-01
1.411273911900041412e+03 2.040813397911607208e-01
1.411064144455040150e+03 2.156050529931012871e-01
1.410854377010038888e+03 2.257560378750630703e-01
1.410644609565037626e+03 2.088727050318253398e-01
1.410435086461847732e+03 2.200660927053340599e-01
1.410225563358657837e+03 2.108411693840313017e-01
1.410016162426373512e+03 2.169058865495679111e-01
1.409806639323183390e+03 1.959322356239740215e-01
1.409597482732710432e+03 2.121881490382207525e-01
1.409388081800426107e+03 2.107452374556199326e-01
1.409178925209953150e+03 2.075911601167883536e-01
1.408969768619480192e+03 1.991243025088483276e-01
1.408760734199912804e+03 2.239763845629021977e-01
1.408551699780345416e+03 2.114114626099589112e-01
1.408342787531683825e+03 2.124772589168828218e-01
1.408133875283022007e+03 2.261274921189979636e-01
1.407925085205265987e+03 2.059278676174290390e-01
1.407716295127509966e+03 2.204190010646993603e-01
1.407507627220659515e+03 2.065239911040282761e-01
1.407298959313809291e+03 2.196642626586436109e-01
1.407090413577864410e+03 2.170195979616027504e-01
1.406881990012825327e+03 2.172477559171880346e-01
1.406673566447786243e+03 2.076236633259274378e-01
1.406465142882747159e+03 2.187390553414573224e-01
1.406256841488613645e+03 2.136313987285831939e-01
1.406048784436291498e+03 2.057846731584812017e-01
1.405840483042158212e+03 2.131382606958263370e-01
1.405632425989836065e+03 2.199728076958676337e-01
1.405424368937513918e+03 2.111511137719293274e-01
1.405216434056097341e+03 2.196965362264513832e-01
1.405008499174680765e+03 2.116049135970701212e-01
1.404800686464169985e+03 2.069353151650305811e-01
1.404592873753659205e+03 2.112713230600824776e-01
1.404385305384959565e+03 2.051363904644369074e-01
1.404177614845354356e+03 2.173612475389876397e-01
1.403969924305749146e+03 2.120640179926505386e-01
1.403762478107955303e+03 2.125467341911218278e-01
1.403555031910161460e+03 2.152624109362293592e-01
1.403347707883273188e+03 2.021557905936489652e-01
1.403140261685479345e+03 2.110912225973113621e-01
1.402933059829496642e+03 2.012159855009571785e-01
1.402725980144419736e+03 2.355276425727334255e-01
1.402518778288437261e+03 2.193694271432934939e-01
1.402311698603360128e+03 2.071840484928764159e-01
1.402104618918283222e+03 2.043466534026210923e-01
1.401897783575017684e+03 2.141204017134684112e-01
1.401690948231751918e+03 1.942543406515679361e-01
1.401484112888486379e+03 2.058139264706047022e-01
1.401277277545220613e+03 2.136931841391910558e-01
1.401070564372860645e+03 2.120169762043358497e-01
1.400863973371406473e+03 2.189364011813228206e-01
1.400657504540857644e+03 2.143423581152290314e-01
1.400451035710309043e+03 2.211435815245541003e-01
1.400244566879760214e+03 2.051326360737026899e-01
1.400038220220117182e+03 2.178441309683137872e-01
1.399831995731379948e+03 2.059592436765487478e-01
1.399625649071736689e+03 2.186325768715436380e-01
1.399419546753905024e+03 2.177998540392627747e-01
1.399213444436073360e+03 2.013964725810798995e-01
1.399007464289147265e+03 2.131003005897060543e-01
1.398801361971315373e+03 2.184920584686924072e-01
1.398595503995295076e+03 2.116049787506340540e-01
1.398389768190180348e+03 2.113441192931881929e-01
1.398183788043254253e+03 2.121069757578743775e-01
1.397978174409045096e+03 2.030570796290522562e-01
1.397772438603930141e+03 2.226433888183571574e-01
1.397566824969720983e+03 2.095450570285154746e-01
1.397361455677323193e+03 2.096464549485151374e-01
1.397155964214019832e+03 2.114551591498470828e-01
1.396950472750716244e+03 2.068176305189906306e-01
1.396744981287412656e+03 2.065894687365872340e-01
1.396539978507731803e+03 2.226348333247523958e-01
1.396334731386239582e+03 2.172983674258853193e-01
1.396129484264747362e+03 2.167086509414800632e-01
1.395924481485066508e+03 2.105704032746541221e-01
1.395719478705385654e+03 2.107130734138359107e-01
1.395514475925704801e+03 2.216825142941423465e-01
1.395309595316929517e+03 2.036801777688496962e-01
1.395104714708154233e+03 2.126750390468581109e-01
1.394899956270284747e+03 2.153545857925387441e-01
1.394695320003320830e+03 2.139434945881444061e-01
1.394490683736356914e+03 2.241075482734666002e-01
1.394286047469392770e+03 2.088370516948215849e-01
1.394081411202428853e+03 2.106120357172270030e-01
1.393877141448181874e+03 2.033352095574032514e-01
1.393672749523029324e+03 2.186241000274598834e-01
1.393468357597876548e+03 2.125391512897741586e-01
1.393264087843629568e+03 2.091535319187491082e-01
1.393059940260288386e+03 2.089389808654218139e-01
1.392855792676946976e+03 2.241786112726523728e-01
1.392651767264511363e+03 2.221324051856312931e-01
1.392447741852075524e+03 2.130203165590398018e-01
1.392243716439639911e+03 2.209148037700093825e-01
1.392039935369015438e+03 2.143924764127113636e-01
1.391836032127485396e+03 2.171083009118673912e-01
1.391632251056861151e+03 2.177008772740779419e-01
1.391428469986236678e+03 2.069161854110836141e-01
1.391225055428329142e+03 2.016836822766354675e-01
1.391021396528610467e+03 2.116682220305486362e-01
1.390817859799797361e+03 2.192432271147389533e-01
1.390614445241890053e+03 2.051328429271647991e-01
1.390411030683982517e+03 2.110741664629666725e-01
1.390207738296980779e+03 1.982636674273693944e-01
1.390004445909979040e+03 2.208247051548312967e-01
1.389801275693882872e+03 2.045992541844877111e-01
1.389598105477786703e+03 2.189449792572182585e-01
1.389395179603501902e+03 2.183805392583294813e-01
1.389192131558311303e+03 2.072034035834835475e-01
1.388989083513120931e+03 2.120731473485879814e-01
1.388786157638835903e+03 2.206287304863841503e-01
1.388583353935456898e+03 2.125311579714793675e-01
1.388380672402983237e+03 2.102552454375101187e-01
1.388177990870509802e+03 2.108484383071838053e-01
1.387975309338036141e+03 2.170140780011245440e-01
1.387772749976468276e+03 1.885989185845776683e-01
1.387570312785805982e+03 2.102876163893222516e-01
1.387367753424238117e+03 2.157025605379016553e-01
1.387165438404481620e+03 2.126509846404331383e-01
1.386963123384724895e+03 2.198098820190790004e-01
1.386760808364968398e+03 2.099310280913016524e-01
1.386558615516117470e+03 2.052018894936467053e-01
1.386356544838172113e+03 2.287133474610689998e-01
1.386154351989321185e+03 2.114400106051320671e-01
1.385952403482281625e+03 2.173844157042602865e-01
1.385750454975241837e+03 2.164422069173055629e-01
1.385548628639107847e+03 2.133655630876329090e-01
1.385346802302973856e+03 2.236038843436067014e-01
1.385144975966839866e+03 2.222940581005519167e-01
1.384943271801611672e+03 2.267842421804235342e-01
1.384741567636383252e+03 2.044302241407801313e-01
1.384540107812966198e+03 2.214279798437831792e-01
1.384338525818643575e+03 2.183296611117961639e-01
1.384137065995226521e+03 2.193326333583026089e-01
1.383935606171809468e+03 2.156994697688338347e-01
1.383734390690203782e+03 2.157180190787080509e-01
1.383533053037692298e+03 2.124363790750143921e-01
1.383331837556086612e+03 2.268054330064370461e-01
1.383130622074480925e+03 2.042165457862917810e-01
1.382929650934686379e+03 2.099187751966315185e-01
1.382728679794892059e+03 2.015195748440622159e-01
1.382527586484191943e+03 2.148242563816162298e-01
1.382326737515303194e+03 2.173636770428288567e-01
1.382125888546414217e+03 2.252355811170255739e-01
1.381925161748431265e+03 2.173693038141582545e-01
1.381724434950448085e+03 2.048821488937627444e-01
1.381523708152464906e+03 2.210923940678886368e-01
1.381323103525387523e+03 2.214559649410013376e-01
1.381122498898309914e+03 2.264955865190043105e-01
1.380922138613043671e+03 2.113559711893791271e-01
1.380721778327777656e+03 2.157751316988762713e-01
1.380521418042511414e+03 2.116263919412415262e-01
1.380321057757245171e+03 2.148768593818685402e-01
1.380120819642884726e+03 2.072874964977070855e-01
1.379920703699429851e+03 1.973036839599726644e-01
1.379720587755974748e+03 2.144765148605057015e-01
1.379520471812519872e+03 2.108029936772392865e-01
1.379320478039970794e+03 2.048878485006083439e-01
1.379120728609232856e+03 2.236794871430561049e-01
1.378920857007589120e+03 2.249854569125109838e-01
1.378720985405945612e+03 2.135972184821125219e-01
1.378521235975207674e+03 2.141317959252553582e-01
1.378321486544469735e+03 2.246479778199324540e-01
1.378121859284637367e+03 2.135752924558478316e-01
1.377922354195710795e+03 2.277436256782252588e-01
1.377722849106784224e+03 2.102150654495384408e-01
1.377523466188763223e+03 2.188160178186085714e-01
1.377324083270742221e+03 2.214097488344367037e-01
1.377124822523626790e+03 2.075199443304694968e-01
1.376925561776511586e+03 2.119455544872685115e-01
1.376726301029396154e+03 2.181722403019733525e-01
1.376527162453186520e+03 2.128019983640186963e-01
1.376328023876976886e+03 2.328960761798543055e-01
1.376129129642578391e+03 2.233731813165567015e-01
1.375930113237274327e+03 2.387181722095325365e-01
1.375731219002876060e+03 2.168886816271487494e-01
1.375532324768477565e+03 2.212238055554008320e-01
1.375333552704984868e+03 2.173897940052600120e-01
1.375135024983303538e+03 2.211418745315379408e-01
1.374936375090716410e+03 2.220496651510572850e-01
1.374737725198129283e+03 2.215575124838198851e-01
1.374539197476447725e+03 2.279499378646245022e-01
1.374340669754766395e+03 2.331814953219044084e-01
1.374142386374896205e+03 2.231066621278514073e-01
1.373943980824120445e+03 2.197371976212198486e-01
1.373745697444250254e+03 2.225701679332336702e-01
1.373547414064380291e+03 2.241068146243595516e-01
1.373349252855415671e+03 2.241212746925861088e-01
1.373151213817356847e+03 2.156628723557809935e-01
1.372953052608392454e+03 2.210470728257530049e-01
1.372755135741239201e+03 2.045189119645799691e-01
1.372557218874085947e+03 2.259567588490620227e-01
1.372359302006932921e+03 2.325492005136164109e-01
1.372161629481591035e+03 2.249402224432586472e-01
1.371963834785343352e+03 2.144324760322538770e-01
1.371766162260001465e+03 2.215434472225023821e-01
1.371568367563754009e+03 2.088767439245454161e-01
1.371370939380223490e+03 2.103507179495140156e-01
1.371173511196692743e+03 2.197415864714745426e-01
1.370976083013162224e+03 2.150611542769169937e-01
1.370778654829631705e+03 2.069658199816773458e-01
1.370581226646100959e+03 2.111375665845543759e-01
1.370383920633476009e+03 2.247307387842295001e-01
1.370186858962662427e+03 2.128883345623593937e-01
1.369989675120943275e+03 2.024179238688440519e-01
1.369792613450129465e+03 2.193609586172496351e-01
1.369595551779315883e+03 2.261508250085514649e-01
1.369398612279407871e+03 2.138080176852803771e-01
1.369201794950405656e+03 2.130996198966457755e-01
1.369004733279592074e+03 2.169332181611574040e-01
1.368808038121495201e+03 2.248537150612076319e-01
1.368611342963398556e+03 2.229534356863192290e-01
1.368414647805301911e+03 2.223453019363219318e-01
1.368218074818110836e+03 2.105531508921889561e-01
1.368021501830919760e+03 2.346468952099758642e-01
1.367824928843728912e+03 2.185880501368966111e-01
1.367628600198348977e+03 2.302663214932782476e-01
1.367432149382063699e+03 2.099695199918917288e-01
1.367235820736683991e+03 2.158206404663033373e-01
1.367039736433115422e+03 2.155263309946146566e-01
1.366843407787735714e+03 2.216726570619217407e-01
1.366647323484167373e+03 2.251650567101193545e-01
1.366451117009693235e+03 2.218372989991517219e-01
1.366255154877030463e+03 2.250800932249257535e-01
1.366059314915273262e+03 2.382308350252229923e-01
1.365863352782610491e+03 2.165794459386827797e-01
1.365667512820853517e+03 2.090842715345456460e-01
1.365471672859096316e+03 2.287148394798621809e-01
1.365275955068244912e+03 2.302491446865107816e-01
1.365080481619204647e+03 2.210976564812948408e-01
1.364884763828353243e+03 2.267525251019612276e-01
1.364689290379312979e+03 2.177732358226148468e-01
1.364493694759367145e+03 2.259936538597492883e-01
1.364298343481232678e+03 2.262020608347580786e-01
1.364102992203097983e+03 2.139090091465101762e-01
1.363907640924963516e+03 2.248122431608101379e-01
1.363712411817734619e+03 2.212228330788337527e-01
1.363517182710505722e+03 2.168934380730895839e-01
1.363322075774182622e+03 2.133407625633893523e-01
1.363126968837859295e+03 2.124117350791582259e-01
1.362931984072441765e+03 2.230319083380055967e-01
1.362737121477929804e+03 2.198635808412632564e-01
1.362542014541606477e+03 2.215054719031723240e-01
1.362347274118000314e+03 2.161440442540671636e-01
1.362152533694393924e+03 2.221836674386971633e-01
1.361957915441693331e+03 2.190687458581412339e-01
1.361763175018086940e+03 2.205824547831787552e-01
1.361568556765386347e+03 2.170111573271293337e-01
1.361373938512685754e+03 2.201168163098727037e-01
1.361179442430890731e+03 2.156583197895537429e-01
1.360985068520001505e+03 2.172035657369442707e-01
1.360790816780017849e+03 2.256563115857791180e-01
1.360596442869128396e+03 2.333543981568843850e-01
1.360402191129144740e+03 2.238916586392428743e-01
1.360207939389161083e+03 2.220702783639474098e-01
1.360013687649177427e+03 2.202341172016918924e-01
1.359819802421910708e+03 2.354320017104149232e-01
1.359625795023738192e+03 2.193506599558726067e-01
1.359431787625565903e+03 2.259806210354729505e-01
1.359237902398299184e+03 2.274964305461872616e-01
1.359044017171032465e+03 2.266842524908060652e-01
1.358850254114671316e+03 2.133681455997603338e-01
1.358656613229215964e+03 2.295700432846691508e-01
1.358462850172854814e+03 2.274022010602504140e-01
1.358269209287399462e+03 2.277614024252661851e-01
1.358075690572849680e+03 2.189647150503419015e-01
1.357882171858299898e+03 2.307170887375825929e-01
1.357688775314655686e+03 2.309976093558076260e-01
1.357495378771011474e+03 2.374768125090535587e-01
1.357302104398273059e+03 2.171619447580803164e-01
1.357108830025534644e+03 2.286785536456796275e-01
1.356915555652796229e+03 2.145461052432545146e-01
1.356722403450963384e+03 2.200424934911416885e-01
1.356529373420036109e+03 2.255523193300075502e-01
1.356336343389108833e+03 2.319081433692227745e-01
1.356143435529087355e+03 2.323872520836929578e-01
1.355950405498160308e+03 2.273762650554444209e-01
1.355757619809044400e+03 2.260081352661396925e-01
1.355564711949022694e+03 2.347558732721218289e-01
1.355372170601718153e+03 2.203025332974605233e-01
1.355179384912602245e+03 2.322952910254278691e-01
1.354986721394392134e+03 2.358534444889077986e-01
1.354794180047087593e+03 2.151135661141428401e-01
1.354601638699783052e+03 2.216295378811914130e-01
1.354409341694289651e+03 2.352942162234007151e-01
1.354216922517890680e+03 2.318158814619354080e-01
1.354024503341491709e+03 2.329371629693360590e-01
1.353832206335998535e+03 2.204703121659782605e-01
1.353639909330505134e+03 2.306873279420314227e-01
1.353447734495917530e+03 2.262634112383004603e-01
1.353255804003141293e+03 2.284494346549307275e-01
1.353063751339459259e+03 2.306833604494339385e-01
1.352871698675777225e+03 2.228033680567708397e-01
1.352679768183000988e+03 2.227783579673721093e-01
1.352487837690224751e+03 2.250035099398472738e-01
1.352296029368354084e+03 2.258843447108467850e-01
1.352104343217388987e+03 2.380870744605517453e-01
1.351912657066423890e+03 2.284307655334448517e-01
1.351720970915458793e+03 2.279647415303399094e-01
1.351529284764493923e+03 2.225843488368121070e-01
1.351337720784434396e+03 2.169839659917995878e-01
1.351146156804375096e+03 2.250873309398387367e-01
1.350954959337032733e+03 2.258142077311363349e-01
1.350763517527879003e+03 2.391144621531153813e-01
1.350572197889630843e+03 2.205692951180208694e-01
1.350381000422288480e+03 2.320484754401951066e-01
1.350189802954945890e+03 2.193712383782531472e-01
1.349998605487603527e+03 2.288927328311350651e-01
1.349807652362072531e+03 2.385674713738718256e-01
1.349616577065635738e+03 2.191141640832303672e-01
1.349425623940104515e+03 2.278670797032667228e-01
1.349234670814573292e+03 2.324274602753726160e-01
1.349043839859947866e+03 2.292359761094299730e-01
1.348853008905322440e+03 2.415437725495778454e-01
1.348662300121602584e+03 2.213185284334084624e-01
1.348471713508788525e+03 2.381986066390266721e-01
1.348281004725068669e+03 2.218630837876544304e-01
1.348090418112254383e+03 2.122768276303442503e-01
1.347899953670345894e+03 2.348448353592840487e-01
1.347709489228437405e+03 2.226049137850987236e-01
1.347519146957434486e+03 2.268690338946050544e-01
1.347328682515525998e+03 2.155424055927170623e-01
1.347138462415428648e+03 2.234401771250751900e-01
1.346948242315331527e+03 2.373167180686542588e-01
1.346758022215234178e+03 2.258913797562000780e-01
1.346567924286042626e+03 2.343488611803488941e-01
1.346377948527756644e+03 2.290931062748571279e-01
1.346187972769470889e+03 2.214060125592142159e-01
1.345997997011184907e+03 2.147883310958692005e-01
1.345808143423804722e+03 2.317196204236405266e-01
1.345618289836424310e+03 2.330705660587213124e-01
1.345428436249044125e+03 2.275528354063339198e-01
1.345238827003475080e+03 2.331336101932011962e-01
1.345049095587000465e+03 2.376669096030755435e-01
1.344859486341431420e+03 2.268909564255694733e-01
1.344669999266768173e+03 2.229721935336715644e-01
1.344480390021199128e+03 2.346777020959782412e-01
1.344291025117441450e+03 2.239672609512103896e-01
1.344101538042778202e+03 2.345556750620856612e-01
1.343912417480831891e+03 2.317728079805777830e-01
1.343723052577074213e+03 2.321487918901272984e-01
1.343533809844222105e+03 2.313813194975407328e-01
1.343344689282275795e+03 2.182033395407723397e-01
1.343155568720329256e+03 2.140676212712820381e-01
1.342966570329288515e+03 2.232997020688005374e-01
1.342777571938247775e+03 2.301917410936801800e-01
1.342588695718112831e+03 2.138197346172638069e-01
1.342399697327072090e+03 2.338220685725454495e-01
1.342210943277842716e+03 2.192788752217509629e-01
1.342022189228613115e+03 2.179710482961312590e-01
1.341833435179383741e+03 2.276524256838402815e-01
1.341644803301059937e+03 2.211801447177313695e-01
1.341456293593641931e+03 2.267448631780714374e-01
1.341267783886223697e+03 2.231205720990078467e-01
1.341079274178805690e+03 2.182852461778961306e-01
1.340890764471387456e+03 2.284171851800557151e-01
1.340702376934875019e+03 2.356295065308935677e-01
1.340514111569268152e+03 2.318728503392241402e-01
1.340325846203661285e+03 2.360230823736740313e-01
1.340137703008960216e+03 2.228845333325080724e-01
1.339949559814258919e+03 2.241134885974416235e-01
1.339761416619557849e+03 2.286788748799631621e-01
1.339573395595762349e+03 2.163535120591034699e-01
1.339385374571966850e+03 2.266654033535665524e-01
1.339197353548171350e+03 2.214492534541135649e-01
1.339009576866186990e+03 2.482777986412765536e-01
1.338821800184202857e+03 2.145820671476136865e-01
1.338633901331312927e+03 2.333811094404069642e-01
1.338446246820234364e+03 2.292034656596869113e-01
1.338258592309155802e+03 2.316349526381757395e-01
1.322325795819701625e+03 2.452802735875730666e-01
1.322142905973943471e+03 2.472609934272617938e-01
1.321960016128185316e+03 2.482917950863804957e-01
1.321777126282426934e+03 2.335375205597668147e-01
1.321594480778480147e+03 2.419786230099984226e-01
1.304828234370680775e+03 2.289289357463768770e-01
1.304650353532054396e+03 2.376412161853295735e-01
1.304472594864333360e+03 2.407807525842361462e-01
1.304294836196612550e+03 2.362955825044182334e-01
1.304117077528891514e+03 2.440185905362334540e-01
1.286947667132446895e+03 2.191599019449823604e-01
1.286775039642763431e+03 2.245406295403602204e-01
1.286602289982174170e+03 2.245546864509938012e-01
1.286429662492490479e+03 2.447923438591730894e-01
1.286257035002806788e+03 2.322636339018465945e-01
1.286084529684028894e+03 2.431366760367454083e-01
1.285912024365251000e+03 2.411349404892935977e-01
1.285739519046473106e+03 2.434484715250186393e-01
1.285567135898600782e+03 2.438731300532456792e-01
1.285394752750728458e+03 2.326376953037436746e-01
1.285222613944667273e+03 2.340795274567176454e-01
1.285050352967700746e+03 2.431042098727309586e-01
1.284878091990733992e+03 2.405144687903646161e-01
1.284705953184673035e+03 2.326506058287099721e-01
1.284533814378612078e+03 2.353537504729035224e-01
1.284361797743456691e+03 2.423206149774627116e-01
1.284189781108301304e+03 2.385073074205380228e-01
1.284017764473145917e+03 2.371941521190761570e-01
1.283845870008896327e+03 2.425056899199757587e-01
1.283673975544646510e+03 2.360451031368351327e-01
1.283502203251302490e+03 2.434652126161682972e-01
1.283330430957958470e+03 2.326863719474068226e-01
1.283158658664614222e+03 2.330721746767163982e-01
1.282987008542176000e+03 2.382675853657497678e-01
1.282815358419737549e+03 2.346174460658995709e-01
1.282643952639110466e+03 2.486804520920835038e-01
1.282472424687577586e+03 2.424389606951640741e-01
1.282300896736044933e+03 2.452206187270257187e-01
1.282129490955417850e+03 2.396688421975949890e-01
1.281958207345696337e+03 2.215354487243602344e-01
1.281786801565069254e+03 2.278302771166633434e-01
1.281615517955347741e+03 2.421520688104077945e-01
1.281444234345626228e+03 2.330114537173236522e-01
1.281273072906810512e+03 2.217782960100919964e-01
1.281101911467994569e+03 2.504805846859147755e-01
1.280930750029178853e+03 2.414407592571150285e-01
1.280759832932174277e+03 2.332447074160011180e-01
1.280588793664264131e+03 2.344052601526556145e-01
1.280417754396353985e+03 2.356162471863638419e-01
1.280246959470255206e+03 2.433803069524537455e-01
1.280076042373250630e+03 2.339241099641840849e-01
1.279905369618057421e+03 2.462944595704159301e-01
1.279734574691958642e+03 2.427007722140759605e-01
1.279563901936765433e+03 2.370118121922376031e-01
1.279393229181572224e+03 2.440436700535229819e-01
1.279222678597284585e+03 2.349613548139832531e-01
1.279052005842091376e+03 2.387180939289886283e-01
1.278881577428709534e+03 2.416731490869314658e-01
1.278711026844421895e+03 2.393762327855659955e-01
1.278540720601945623e+03 2.487433033890141532e-01
1.278370292188563781e+03 2.356733801405389850e-01
1.278199985946087509e+03 2.459474380628136336e-01
1.278029679703611237e+03 2.350488967086158121e-01
1.277859495632040534e+03 2.390955457245967086e-01
1.277689311560470060e+03 2.336992575316230170e-01
1.277519127488899358e+03 2.379259155726478336e-01
1.277349065588234453e+03 2.463729192776494548e-01
1.277179003687569548e+03 2.240038983991066157e-01
1.277009186128715783e+03 2.290803027173275441e-01
1.276839246398956448e+03 2.426176280281165387e-01
1.276669306669197113e+03 2.362445972119001092e-01
1.276499489110343575e+03 2.446623362246123368e-01
1.276329793722395380e+03 2.382432194468889208e-01
1.276159976163541842e+03 2.369208633856785262e-01
1.275990280775593874e+03 2.292877893359822894e-01
1.275820585387645906e+03 2.490910953998790311e-01
1.275651012170603508e+03 2.459269154869256346e-01
1.275481438953561110e+03 2.333871691501542278e-01
1.275311865736518712e+03 2.366811784967060572e-01
1.275142536861287681e+03 2.335033008550978784e-01
1.274972963644245283e+03 2.270899474538397023e-01
1.274803634769014252e+03 2.439875414425303202e-01
1.274634305893783221e+03 2.390087371358537438e-01
1.274465099189457760e+03 2.404745079955413756e-01
1.274295770314226729e+03 2.363052105432366379e-01
1.274126685780807065e+03 2.402915581822967495e-01
1.273957601247387174e+03 2.164586662859541710e-01
1.273788516713967510e+03 2.327829404411275449e-01
1.273619554351453417e+03 2.409685979785545218e-01
1.273450591988939323e+03 2.304446361957177558e-01
1.273281751797330799e+03 2.462367942342792992e-01
1.273281629626425229e+03 2.304726753024851083e-01
1.273112789434816705e+03 2.367280677349813123e-01
1.273112667263910907e+03 2.409310454765307974e-01
1.272944071414113751e+03 2.345809085438147756e-01
1.272943949243208181e+03 2.377326445787288356e-01
1.272775231222505454e+03 2.334391103659880784e-01
1.272775109051599657e+03 2.355395089360778904e-01
1.272606391030896930e+03 2.407315226076158221e-01
1.272606268859991360e+03 2.396814352735582299e-01
1.272437550839288406e+03 2.459587581324478578e-01
1.272268954989491249e+03 2.386707589686875297e-01
1.272100359139694092e+03 2.324066305411256750e-01
1.271931763289896935e+03 2.502202447610447633e-01
1.271763289611005575e+03 2.363918662612390920e-01
1.271594815932113988e+03 2.415161212869495477e-01
1.271426342253222401e+03 2.424946768474667558e-01
1.271257990745236611e+03 2.425541603453858497e-01
1.271089639237250822e+03 2.405776546094595680e-01
1.270921409900170602e+03 2.385564317622910768e-01
1.270753180563090382e+03 2.406755580512747739e-01
1.270584951226010162e+03 2.418048224332356722e-01
1.270416966230741309e+03 2.399085906483852670e-01
1.270248859064566659e+03 2.487140081267754932e-01
1.270080751898392009e+03 2.469951832035595374e-01
1.269912766903123156e+03 2.387349661815053870e-01
1.269744904078759873e+03 2.369081047248594585e-01
1.269576919083491021e+03 2.437608862564142331e-01
1.269409056259127738e+03 2.368756540902851038e-01
1.269241315605670252e+03 2.370513637988622135e-01
1.269073574952212539e+03 2.467372090817310515e-01
1.268905834298755053e+03 2.410356548368247642e-01
1.268738093645297340e+03 2.318437973101729888e-01
1.268570597333650994e+03 2.363642460258192080e-01
1.268402978851099078e+03 2.438249492866612633e-01
1.268235360368547163e+03 2.416821253252195156e-01
1.268067986227806387e+03 2.346919206148895820e-01
1.267900489916160041e+03 2.474200730022847738e-01
1.267733115775419492e+03 2.502911566335012661e-01
1.267565741634678943e+03 2.352393532155316880e-01
1.267398611835749534e+03 2.445364514392255328e-01
1.267231237695008758e+03 2.273768046832724543e-01
1.267063985725173779e+03 2.443216858209373010e-01
1.266896855926244370e+03 2.411936419605276438e-01
1.266729726127315189e+03 2.360181848839638108e-01
1.266562718499291350e+03 2.425272568624866620e-01
1.266395833042173308e+03 2.418582831998228322e-01
1.266228825414149696e+03 2.495703731667322511e-01
1.266061939957031655e+03 2.441898664009796160e-01
1.265895054499913613e+03 2.345097474153600703e-01
1.265728169042795344e+03 2.456083257280284593e-01
1.265561405756583099e+03 2.433731640927330742e-01
1.265394642470370627e+03 2.460567901840665095e-01
1.265228123525969522e+03 2.458364411760380341e-01
1.265061360239757050e+03 2.406002108555298502e-01
1.264894719124450376e+03 2.303486124946140523e-01
1.264728200180049271e+03 2.352424201161236739e-01
1.264561681235648166e+03 2.431706111373810875e-01
1.264395284462152631e+03 2.517698593521778272e-01
1.264228887688657323e+03 2.411023125992129423e-01
1.264062490915161789e+03 2.411434368477650692e-01
1.263896216312572051e+03 2.488373809421591809e-01
1.263729941709982086e+03 2.372708283595818257e-01
1.263563667107392348e+03 2.422772145084287898e-01
1.263397514675708180e+03 2.436388671619647284e-01
1.263231362244024012e+03 2.465647120753040322e-01
1.263065331983245642e+03 2.269170595229563214e-01
1.262899179551561474e+03 2.381713687327573770e-01
1.262733271461688446e+03 2.345167289743856631e-01
1.262567241200910075e+03 2.331455329379445718e-01
1.262401333111037275e+03 2.250566691010938702e-01
1.262235547192070044e+03 2.447291842504385750e-01
1.262069761273102813e+03 2.367586339230769998e-01
1.261903975354135582e+03 2.427934073200438136e-01
1.261738189435168351e+03 2.388247740395316177e-01
1.261572647858012488e+03 2.391567705762932539e-01
1.261407106280856624e+03 2.290814120254143771e-01
1.261241442532794963e+03 2.444529204671585798e-01
1.261075900955639099e+03 2.382196923877410166e-01
1.260910481549388805e+03 2.354734703959427411e-01
1.260745062143138512e+03 2.377700691104370212e-01
1.260579642736888218e+03 2.355851780989674238e-01
1.260414223330638151e+03 2.341346944159573562e-01
1.260248926095293427e+03 2.334626694966415172e-01
1.260083751030854501e+03 2.393874301293397455e-01
1.259918453795509777e+03 2.342377891714867155e-01
1.259753400901976647e+03 2.293048515561711687e-01
1.259588225837537721e+03 2.379942275325207801e-01
1.259423172944004364e+03 2.454776870561882207e-01
