# Wavelength, Reflectance
1.644410773610951082e+03 2.584931660972104028e-01
1.643544684743763582e+03 2.570689577631511402e-01
1.642679450368763582e+03 2.730643225046845979e-01
1.641815192556263582e+03 2.590648162692354428e-01
1.640951789235951082e+03 2.555652309024571966e-01
1.640089484548451082e+03 2.556401319151209717e-01
1.639228034353138582e+03 2.693054618886217555e-01
1.638367560720326082e+03 2.635907413740515293e-01
1.637507941579701082e+03 2.648471467503950572e-01
1.636649421071888582e+03 2.606672805044558672e-01
1.635791755056263582e+03 2.601358846301886074e-01
1.634935065603138582e+03 2.555003467821252983e-01
1.634079352712513582e+03 2.628607907630394758e-01
1.633224494314076082e+03 2.566011495896248773e-01
1.632370612478138582e+03 2.544751336053911461e-01
1.631517585134388582e+03 2.634493538993571415e-01
1.630665534353138582e+03 2.597614153619512423e-01
1.629814460134388582e+03 2.609863348387034820e-01
1.628964240407826082e+03 2.670588428433663952e-01
1.628114997243763582e+03 2.574010678338790048e-01
1.627266608571888582e+03 2.626111399504174049e-01
1.626419196462513582e+03 2.626177863461307549e-01
1.625572760915638582e+03 2.618692571716436102e-01
1.624727301931263582e+03 2.656376208223056867e-01
1.623882575368763582e+03 2.593008230872084208e-01
1.623038947439076082e+03 2.537617749411432144e-01
1.622196051931263582e+03 2.596940158531255705e-01
1.621354255056263582e+03 2.559619962968199269e-01
1.620513190603138582e+03 2.598066317992466234e-01
1.619673224782826082e+03 2.541577858127296308e-01
1.618833991384388582e+03 2.552215013778778574e-01
1.617995734548451082e+03 2.643258397373954849e-01
1.617158332204701082e+03 2.596577746800155517e-01
1.616321906423451082e+03 2.571589760476666320e-01
1.615486335134388582e+03 2.493368830325055352e-01
1.614651740407826082e+03 2.541077770450864137e-01
1.613818122243763582e+03 2.521557815297127969e-01
1.612985236501576082e+03 2.508534442376417206e-01
1.612153327321888582e+03 2.509606356540329264e-01
1.611322272634388582e+03 2.562627329229502648e-01
1.610492194509388582e+03 2.519480325481756045e-01
1.609662970876576082e+03 2.538699818865458036e-01
1.608834601735951082e+03 2.517599403259612734e-01
1.608007209157826082e+03 2.570492520148055515e-01
1.607180549001576082e+03 2.518757838975094199e-01
1.606354865407826082e+03 2.503925572269938282e-01
1.605530158376576082e+03 2.551705981996644224e-01
1.604706305837513582e+03 2.484697291880024750e-01
1.603883185720326082e+03 2.498361269259718465e-01
1.603061042165638582e+03 2.496835221490581458e-01
1.602239875173451082e+03 2.519230240668576259e-01
1.601419440603138582e+03 2.549496240587690865e-01
1.600599982595326082e+03 2.535364851446657575e-01
1.599781379079701082e+03 2.499723876123169652e-01
1.598963630056263582e+03 2.587459565985807952e-01
1.598146735525013582e+03 2.524295755099345562e-01
1.597330573415638582e+03 2.528382370813582192e-01
1.596515754079701082e+03 2.474072950771021573e-01
1.595701423025013582e+03 2.467856691863839769e-01
1.594887946462513582e+03 2.525400262285780739e-01
1.594075568532826082e+03 2.499963728786898653e-01
1.593263800954701082e+03 2.561484072744120155e-01
1.592453009939076082e+03 2.503833336456014469e-01
1.591643195485951082e+03 2.499136915327120623e-01
1.590834113454701082e+03 2.511957669875187760e-01
1.590026007985951082e+03 2.447999632418406679e-01
1.589218512868763582e+03 2.483630144176791343e-01
1.588411872243763582e+03 2.524612049819006665e-01
1.587606452321888582e+03 2.499608834855467920e-01
1.586801642751576082e+03 2.446933560824906539e-01
1.585997687673451082e+03 2.474181278664030759e-01
1.585194709157826082e+03 2.507747827623127979e-01
1.584392463064076082e+03 2.490914175750297277e-01
1.583591071462513582e+03 2.485909849854293918e-01
1.582790656423451082e+03 2.494959768643447706e-01
1.581990973806263582e+03 2.558717930996227685e-01
1.581192267751576082e+03 2.525639842548689229e-01
1.580394172048451082e+03 2.535918212623968770e-01
1.579596930837513582e+03 2.519508575019916430e-01
1.578800788259388582e+03 2.514616444495995640e-01
1.578005256032826082e+03 2.505457558082043179e-01
1.577210700368763582e+03 2.499771497422328403e-01
1.576416999196888582e+03 2.483784403917508599e-01
1.575624030446888582e+03 2.509056836447571270e-01
1.574831794118763582e+03 2.520252540678382669e-01
1.574040534353138582e+03 2.475102837352050056e-01
1.573250129079701082e+03 2.480227091853793031e-01
1.572460578298451082e+03 2.559263632969486224e-01
1.571671759939076082e+03 2.495016898964384500e-01
1.570883674001576082e+03 2.497799081977809810e-01
1.570096686696888582e+03 2.536573821120797767e-01
1.569310309743763582e+03 2.475954789989194826e-01
1.568525031423451082e+03 2.488022928118694410e-01
1.567740241384388582e+03 2.525923570045001676e-01
1.566956427907826082e+03 2.468691058382198600e-01
1.566173468923451082e+03 2.461620400279921905e-01
1.565391242360951082e+03 2.500784952854962495e-01
1.564609870290638582e+03 2.499479470908369527e-01
1.563829352712513582e+03 2.552564894921465211e-01
1.563049689626576082e+03 2.520178743241112129e-01
1.562270636892201082e+03 2.478292642279031066e-01
1.561492560720326082e+03 2.473001464331308907e-01
1.560715339040638582e+03 2.504472248346528152e-01
1.559938849782826082e+03 2.505779259067454912e-01
1.559163092946888582e+03 2.509184449697603458e-01
1.558388190603138582e+03 2.494009218631758895e-01
1.557614264821888582e+03 2.490023147862730213e-01
1.556840949392201082e+03 2.519847562671094776e-01
1.556068488454701082e+03 2.481150965219475757e-01
1.555296759939076082e+03 2.476905749624533082e-01
1.554526007985951082e+03 2.486721569572192259e-01
1.553755866384388582e+03 2.501166442582891114e-01
1.552986701345326082e+03 2.545479542089785774e-01
1.552986579275013582e+03 2.486163173214096522e-01
1.552730475759388582e+03 2.554014503144799719e-01
1.552474250173451082e+03 2.549478127169046426e-01
1.552218268728138582e+03 2.583850532349391549e-01
1.552218146657826082e+03 2.498343525507926988e-01
1.551962287282826082e+03 2.572695328596368847e-01
1.551450568532826082e+03 2.476867808858886355e-01
1.550683722829701082e+03 2.481488548583338782e-01
1.549917609548451082e+03 2.433094283944797209e-01
1.549152350759388582e+03 2.511069265031949937e-01
1.548387946462513582e+03 2.488642221318453640e-01
1.547624152517201082e+03 2.498903931137713974e-01
1.546861213064076082e+03 2.521843177563879990e-01
1.546099128103138582e+03 2.447168052194532151e-01
1.545337897634388582e+03 2.456275324491159484e-01
1.544577277517201082e+03 2.499260506960909456e-01
1.543817389821888582e+03 2.489591168380564656e-01
1.543058478689076082e+03 2.527545149468543029e-01
1.542300422048451082e+03 2.458081743491769278e-01
1.541542975759388582e+03 2.530329409220509751e-01
1.540786261892201082e+03 2.465356026350152274e-01
1.540030402517201082e+03 2.482455410815644636e-01
1.539275275564076082e+03 2.494948027001930024e-01
1.538521125173451082e+03 2.473386179010593211e-01
1.537767585134388582e+03 2.483890538288846261e-01
1.537014777517201082e+03 2.514720389244181620e-01
1.536262824392201082e+03 2.482919676932291153e-01
1.535511359548451082e+03 2.449251164432715566e-01
1.534761237478138582e+03 2.490934447200308655e-01
1.534011359548451082e+03 2.471541378977371306e-01
1.533262580251576082e+03 2.497280866613117434e-01
1.532514411306263582e+03 2.465694532829417474e-01
1.531766974782826082e+03 2.485384055262854774e-01
1.531020514821888582e+03 2.472727857900824389e-01
1.530274665212513582e+03 2.491149274364979904e-01
1.529529548025013582e+03 2.513610980171661624e-01
1.528785163259388582e+03 2.500105604364708523e-01
1.528041632985951082e+03 2.477768741164496913e-01
1.527298590993763582e+03 2.501841906916913438e-01
1.526556769704701082e+03 2.452613009574809988e-01
1.525815314626576082e+03 2.478923288700718153e-01
1.525074958181263582e+03 2.520723214784243438e-01
1.524335090017201082e+03 2.476922011753258102e-01
1.523596076345326082e+03 2.472324496161215912e-01
1.522857795095326082e+03 2.492890735713569339e-01
1.522120368337513582e+03 2.491605718375800860e-01
1.521383551931263582e+03 2.491418998393480355e-01
1.520647467946888582e+03 2.502030136673529803e-01
1.519912116384388582e+03 2.490371505477150527e-01
1.519177619314076082e+03 2.471585475501968943e-01
1.518443732595326082e+03 2.471071105062314643e-01
1.517710578298451082e+03 2.494184452382560979e-01
1.516978522634388582e+03 2.463253222892485828e-01
1.516246955251576082e+03 2.500381409599162774e-01
1.515515998220326082e+03 2.510445219725958022e-01
1.515272712087513582e+03 2.542594729307200430e-01
1.515029425954701082e+03 2.518372984838504469e-01
1.514786017751576082e+03 2.492591508725144345e-01
1.514785895681263582e+03 2.477768891701419840e-01
1.514542853689076082e+03 2.533341547174584596e-01
1.514299811696888582e+03 2.543466672250583871e-01
1.514056525564076082e+03 2.488785024791443368e-01
1.513327887868763582e+03 2.517826559301123424e-01
1.512599982595326082e+03 2.457950196992515490e-01
1.511872809743763582e+03 2.501125485392230452e-01
1.511146491384388582e+03 2.489189921177840659e-01
1.510420783376576082e+03 2.514614229557728398e-01
1.509695807790638582e+03 2.532443244073744326e-01
1.508971564626576082e+03 2.526283690615491184e-01
1.508248053884388582e+03 2.503594481884323097e-01
1.507525275564076082e+03 2.512701009155184351e-01
1.506803229665638582e+03 2.494189633009304130e-01
1.506081916189076082e+03 2.507928493228181455e-01
1.505361335134388582e+03 2.507890177397371634e-01
1.504641608571888582e+03 2.552793024097411156e-01
1.503922370290638582e+03 2.498215945236449131e-01
1.503203979135374084e+03 2.557283475299672038e-01
1.502485561538626143e+03 2.490012760076183163e-01
1.501767877021058894e+03 2.490877630828614575e-01
1.501051047762535063e+03 2.530568913689619226e-01
1.500334829403328285e+03 2.500510834415281547e-01
1.499619344123301971e+03 2.496361230502207595e-01
1.498904591922455893e+03 2.508874311540726931e-01
1.498190450620926867e+03 2.535127431332347414e-01
1.497477164578441489e+03 2.489159206298275917e-01
1.496764489435273163e+03 2.505815433586056074e-01
1.496052669551148483e+03 2.519742418086484692e-01
1.495341460566340857e+03 2.492808133417560024e-01
1.494630984660713466e+03 2.485355087508716032e-01
1.493921119654403128e+03 2.478083613873015567e-01
1.493212109907136664e+03 2.500437055793000574e-01
1.492503711059187026e+03 2.522435250895546655e-01
1.491796045290417624e+03 2.525909586318101363e-01
1.491089112600828685e+03 2.488043927781893039e-01
1.490382790810556799e+03 2.489645506715101320e-01
1.489677202099465148e+03 2.484770672902055777e-01
1.488972346467553962e+03 2.485930168915939376e-01
1.488268223914823011e+03 2.516907858590841096e-01
1.487564712261409113e+03 2.475697756245679448e-01
1.486861933687175451e+03 2.553135369795639931e-01
1.486159766012258842e+03 2.517075500190589787e-01
1.485458453596386107e+03 2.511662683839687715e-01
1.484757752079830198e+03 2.516723653857684262e-01
1.484057783642454524e+03 2.504300450587672033e-01
1.483358426104395903e+03 2.469816899605997984e-01
1.482659923825381156e+03 2.495117864865409041e-01
1.481961910265819824e+03 2.513233109386053821e-01
1.481264751965302366e+03 2.498057932108867507e-01
1.480568204564101734e+03 2.496943982076654522e-01
1.479872268062218154e+03 2.500444689247184327e-01
1.479177186819378221e+03 2.502523100660052346e-01
1.478482594295991930e+03 2.511976102971207880e-01
1.477788857031649513e+03 2.513419268630234793e-01
1.477095730666623922e+03 2.503821491968791224e-01
1.476403337380778794e+03 2.513773876904110138e-01
1.475711554994250491e+03 2.477295458441433340e-01
1.475020505686902652e+03 2.479940467287853056e-01
1.474330067278871638e+03 2.573329979169133308e-01
1.473640361950021088e+03 2.557331040842044101e-01
1.472951267520487363e+03 2.516910910986857597e-01
1.472262906170134102e+03 2.472634066669525399e-01
1.471575277898961303e+03 2.454354380279866188e-01
1.470888260527105331e+03 2.458543334596891838e-01
1.470201976234429594e+03 2.472983419656556436e-01
1.469516302841071138e+03 2.472733490265505152e-01
1.468831240347029279e+03 2.439248103227696085e-01
1.468146910932168112e+03 2.492033806461308454e-01
1.467463314596487180e+03 2.488763375786877952e-01
1.466780329160123074e+03 2.501048183473523756e-01
1.466097954623076021e+03 2.504008564624267685e-01
1.465416313165209431e+03 2.454722059149515023e-01
1.464735282606659666e+03 2.487698127793426528e-01
1.464054985127290365e+03 2.503438903132736981e-01
1.463375298547237890e+03 2.501250714449613777e-01
1.462696345046365877e+03 2.490201375539416728e-01
1.462018002444810691e+03 2.464613083198649301e-01
1.461340270742572557e+03 2.484846600548787365e-01
1.460663149939651476e+03 2.502330290755685471e-01
1.459986884395774041e+03 2.454150267150846387e-01
1.459311107571350249e+03 2.471568383664759505e-01
1.458636063826106692e+03 2.469956973761581465e-01
1.457961630980180189e+03 2.504233364382841831e-01
1.457287931213434149e+03 2.488821061705910609e-01
1.456614842346004934e+03 2.495620532305728445e-01
1.455942364377892545e+03 2.461458188747631393e-01
1.455270619488960847e+03 2.453822487405253050e-01
1.454599485499345747e+03 2.425679513452116409e-01
1.453928962409047926e+03 2.518434557720884981e-01
1.453259050218066932e+03 2.502627930271444923e-01
1.452589993286129584e+03 2.502446491479259350e-01
1.451921425073645878e+03 2.491742221181531824e-01
1.451253467760479225e+03 2.470666144874037740e-01
1.450586243526492808e+03 2.489763172047235740e-01
1.449919630191823444e+03 2.499978486821914092e-01
1.449253627756470905e+03 2.526238007523925466e-01
1.448588358400298830e+03 2.488561874176665745e-01
1.447923699943443808e+03 2.481253015147767138e-01
1.447259530206042200e+03 2.519285481335429844e-01
1.446596215727684466e+03 2.491843670907362696e-01
1.445933389968780148e+03 2.563587415260271118e-01
1.445271419468919703e+03 2.501812255886561309e-01
1.444609815508649490e+03 2.496465888179763004e-01
1.443948944627559513e+03 2.512871227402002638e-01
1.443288806825649772e+03 2.545501119282156388e-01
1.442629157743193900e+03 2.561444552106927341e-01
1.441970241739918038e+03 2.497147180645848397e-01
1.441311936635959455e+03 2.477586827404291703e-01
1.440654242431317698e+03 2.506644486729305843e-01
1.439997036946129583e+03 2.487488250073837948e-01
1.439340808899848525e+03 2.503750832139218230e-01
1.439340686719985115e+03 2.486986503479772237e-01
1.439122106944375901e+03 2.492828370362686619e-01
1.438903404988903276e+03 2.474783784420861443e-01
1.438684947393157472e+03 2.460760015230951392e-01
1.438684825213294062e+03 2.497316517838901184e-01
1.438466367617548485e+03 2.461335389989428302e-01
1.438248032201666092e+03 2.510288867616103370e-01
1.438029818965647110e+03 2.518899598374851889e-01
1.438029696785783699e+03 2.518896598818803900e-01
1.437811483549764716e+03 2.475697400531869652e-01
1.437593392493609144e+03 2.511072647229562471e-01
1.437375301437453572e+03 2.487743528955987105e-01
1.437375179257590162e+03 2.468616832603588440e-01
1.437156966021571179e+03 2.475425670561004765e-01
1.436939119325142428e+03 2.480840625408382849e-01
1.436721394808576861e+03 2.477863549004694910e-01
1.436721272628713450e+03 2.493840017643438045e-01
1.436503425932284699e+03 2.474494157935119842e-01
1.436285579235855948e+03 2.493748290953740343e-01
1.436067976899154019e+03 2.501628904682609011e-01
1.435850374562451861e+03 2.471938415095854269e-01
1.435632772225749932e+03 2.504288977175129771e-01
1.435415292068911185e+03 2.516150737985368147e-01
1.435197934091936077e+03 2.485278794168580829e-01
1.434980576114960741e+03 2.522815693268568582e-01
1.434763218137985632e+03 2.497846571112995739e-01
1.434546104520737117e+03 2.536032519404485264e-01
1.434328868723625192e+03 2.542981919062838325e-01
1.434111755106376904e+03 2.561223329523278358e-01
1.433894763668991800e+03 2.532494593927190896e-01
1.433677894411470106e+03 2.507009720391918939e-01
1.433461025153948412e+03 2.514043075906999825e-01
1.433244155896426719e+03 2.453236921520362546e-01
1.433027530998631846e+03 2.514868902744966661e-01
1.432810783920973563e+03 2.511210127875727616e-01
1.432594159023178690e+03 2.509052624506134532e-01
1.432377656305247228e+03 2.493228608454361173e-01
1.432161275767179177e+03 2.457458907593742248e-01
1.431944895229111125e+03 2.481079188630247456e-01
1.431728514691043074e+03 2.460075703536362679e-01
1.431512256332838206e+03 2.475083255813924910e-01
1.431296120154496975e+03 2.470889625453174809e-01
1.431079983976155745e+03 2.430199769500160090e-01
1.430863969977677698e+03 2.390421845660772870e-01
1.430648078159063289e+03 2.441376114296680000e-01
1.430432064160585242e+03 2.522734478682512882e-01
1.430216172341970832e+03 2.516181889115006176e-01
1.430000280523356196e+03 2.501905744624859929e-01
1.429784755244332018e+03 2.506934529525797206e-01
1.429569107785444203e+03 2.497085973745140630e-01
1.429353582506419798e+03 2.505277104458426551e-01
1.429138179407258804e+03 2.501076972218445049e-01
1.428922654128234626e+03 2.536138357233660434e-01
1.428707251029073632e+03 2.496897098123321557e-01
1.428491970109776048e+03 2.488857493610713845e-01
1.428276811370341875e+03 2.526095258868363280e-01
1.428061652630907702e+03 2.507146834074187591e-01
1.427846493891473528e+03 2.542829517479795465e-01
1.427631457331902766e+03 2.546407576020406349e-01
1.427416665132058824e+03 2.582250924063523856e-01
1.427201628572488062e+03 2.526149673317570343e-01
1.426986836372643893e+03 2.537367723304391198e-01
1.426772166352663362e+03 2.592901408307267119e-01
1.426557496332682831e+03 2.550100745072463870e-01
1.426342826312702300e+03 2.588893953172991536e-01
1.426128278472584952e+03 2.543894870454110335e-01
1.425913852812331243e+03 2.551117734217951405e-01
1.425699427152077305e+03 2.582689808005285137e-01
1.425485123671687006e+03 2.500029414428739383e-01
1.425270820191296480e+03 2.503328955116308485e-01
1.425056638890769591e+03 2.558979681825880315e-01
1.424842457590242475e+03 2.536948610626794665e-01
1.424628398469578769e+03 2.571710393421615115e-01
1.424414217169051881e+03 2.562760368047245496e-01
1.424200524587978407e+03 2.511297267824297297e-01
1.423986587647178112e+03 2.496156110519351656e-01
1.423772772886241228e+03 2.519682926138925305e-01
1.423559080305167754e+03 2.521333569400401320e-01
1.423345387724094280e+03 2.544015660075844010e-01
1.423131817322884217e+03 2.540842869609080124e-01
1.422918124741810743e+03 2.504854425717778499e-01
1.422704920880190912e+03 2.506131362169493060e-01
1.422491472658844259e+03 2.502720727502347753e-01
1.422278146617361017e+03 2.483765599391533907e-01
1.422064820575877775e+03 2.541522231411156296e-01
1.421851738894121127e+03 2.582413347561740014e-01
1.421638535032501295e+03 2.556304488685532394e-01
1.421425453350744874e+03 2.538504777685438585e-01
1.421212371668988226e+03 2.515674586498826137e-01
1.420999534346958626e+03 2.495389353015312617e-01
1.420786697024928799e+03 2.487005257364184041e-01
1.420573859702899199e+03 2.504943140789840372e-01
1.420361266740596193e+03 2.504365627339821820e-01
1.420148429418566593e+03 2.553879882010792191e-01
1.419935958636126998e+03 2.597715075287601039e-01
1.419723365673823992e+03 2.533759504554685127e-01
1.419511017071248034e+03 2.524129984446700781e-01
1.419298546288808438e+03 2.562586615759084308e-01
1.419086197686232254e+03 2.519837271394552713e-01
1.418873971263519479e+03 2.508809723901836986e-01
1.418661867020670115e+03 2.495507350514409584e-01
1.418449762777820752e+03 2.506248559115724639e-01
1.418237658534971388e+03 2.499739968770926801e-01
1.418025554292122024e+03 2.479739214813999337e-01
1.417813816588862892e+03 2.507801010818168641e-01
1.417601834525876939e+03 2.514054747584876237e-01
1.417389974642754396e+03 2.498499492988201509e-01
1.417178359119358674e+03 2.500471862026151793e-01
1.416966743595962726e+03 2.525740734493693296e-01
1.416755128072567004e+03 2.527343264897389807e-01
1.416543512549171282e+03 2.507540793773674892e-01
1.416332141385502155e+03 2.565925477018710654e-01
1.416120770221833254e+03 2.507941860004415102e-01
1.415909399058164354e+03 2.522431893645120105e-01
1.415698150074358637e+03 2.521326818742223863e-01
1.415486901090553147e+03 2.498350808887498664e-01
1.415275896466474251e+03 2.527791700865816282e-01
1.415064769662531944e+03 2.542732324195619564e-01
1.414853765038453275e+03 2.557374346616014815e-01
1.414642760414374379e+03 2.550101642814981973e-01
1.414432000150022304e+03 2.546697299159649819e-01
1.414221239885670229e+03 2.512008497947620933e-01
1.414010479621318154e+03 2.550731071661633265e-01
1.413799841536829490e+03 2.519289371080418727e-01
1.413589325632204236e+03 2.546890843311269692e-01
1.413378687547715799e+03 2.515846499846432494e-01
1.413168049463227135e+03 2.509876623842206556e-01
1.412957900098191885e+03 2.524850021850018056e-01
1.412747506373430042e+03 2.532754700818393157e-01
1.412537234828531609e+03 2.536299700858440920e-01
1.412326963283633177e+03 2.546051409686424516e-01
1.412116936098461565e+03 2.602614178534274347e-01
1.411906908913289726e+03 2.558789392988224942e-01
1.411696881728118115e+03 2.592082604701472781e-01
1.411486854542946503e+03 2.547758551941743943e-01
1.411277071717501485e+03 2.576564858695019611e-01
1.411067288892056695e+03 2.515623232892196248e-01
1.410857506066611677e+03 2.539157480215389895e-01
1.410647723241166887e+03 2.523862607344600217e-01
1.410438184775448690e+03 2.497878779797069460e-01
1.410228646309730721e+03 2.521232615703463131e-01
1.410019230023875934e+03 2.517104282911523105e-01
1.409809691558157738e+03 2.567489761046762853e-01
1.409600519632029773e+03 2.520081347433117402e-01
1.409391103346175214e+03 2.562525553223640729e-01
1.409181931420047249e+03 2.533890170474126791e-01
1.408972759493919284e+03 2.489816712525252385e-01
1.408763709747654730e+03 2.537179471791995988e-01
1.408554660001390175e+03 2.469012263377721728e-01
1.408345732434989031e+03 2.518043002379345419e-01
1.408136804868587888e+03 2.517431384238394410e-01
1.407927999482050154e+03 2.507065869614445996e-01
1.407719194095512421e+03 2.500543305583144416e-01
1.407510510888837871e+03 2.495826020943534285e-01
1.407301827682163548e+03 2.571104435090655338e-01
1.407093266655352636e+03 2.515671846277325874e-01
1.406884827808405134e+03 2.551617559484085085e-01
1.406676388961457405e+03 2.516596972794886145e-01
1.406467950114509904e+03 2.533301366455225079e-01
1.406259633447425813e+03 2.560908919743404843e-01
1.406051561140068316e+03 2.552211285077092273e-01
1.405843244472984225e+03 2.528333525358127942e-01
1.405635172165626727e+03 2.558758803400237869e-01
1.405427099858269230e+03 2.576606340385241833e-01
1.405219149730775371e+03 2.598503615449717086e-01
1.405011199603281284e+03 2.598287460713268326e-01
1.404803371655650608e+03 2.544609106687611977e-01
1.404595543708020159e+03 2.550622195395332859e-01
1.404387960120116304e+03 2.545740439550971401e-01
1.404180254352349039e+03 2.543623415878737415e-01
1.403972548584581773e+03 2.552315024772167651e-01
1.403765087176541329e+03 2.524362628057112978e-01
1.403557625768500884e+03 2.576963271049956261e-01
1.403350286540323850e+03 2.537603231279639271e-01
1.403142825132283406e+03 2.548250316095654888e-01
1.402935608083969782e+03 2.557914620702861352e-01
1.402728513215519570e+03 2.602167802621178083e-01
1.402521296167205719e+03 2.552124520771781868e-01
1.402314201298755506e+03 2.552644466337510298e-01
1.402107106430305294e+03 2.569349521141697790e-01
1.401900255921581902e+03 2.581991443762589600e-01
1.401693405412858283e+03 2.591600910607740893e-01
1.401486554904134891e+03 2.576647498506701717e-01
1.401279704395411272e+03 2.574834165917814777e-01
1.401072976066551291e+03 2.575306461146057990e-01
1.400866369917554493e+03 2.524079122915451889e-01
1.400659885948421334e+03 2.539796943480603919e-01
1.400453401979287946e+03 2.576983400622473996e-01
1.400246918010154786e+03 2.537210204512911349e-01
1.400040556220884810e+03 2.555490339868382588e-01
1.399834316611478243e+03 2.537638558146924073e-01
1.399627954822208267e+03 2.512679417821457317e-01
1.399421837392665338e+03 2.532178678580168651e-01
1.399215719963122183e+03 2.531995536454866857e-01
1.399009724713442438e+03 2.558500346964006078e-01
1.398803607283899282e+03 2.540961211637132178e-01
1.398597734214082948e+03 2.521071802130356865e-01
1.398391983324130024e+03 2.537059071690891954e-01
1.398185988074450279e+03 2.536626982587315005e-01
1.397980359364360766e+03 2.554114584134026811e-01
1.397774608474407842e+03 2.550432647003906261e-01
1.397568979764318101e+03 2.558107217596597982e-01
1.397363595413955409e+03 2.533806761275490538e-01
1.397158088883729306e+03 2.575971066316793956e-01
1.396952582353503203e+03 2.552100225792430233e-01
1.396747075823276873e+03 2.538804277338576054e-01
1.396542058012504413e+03 2.521365489202019861e-01
1.396336795842004904e+03 2.561073220612264945e-01
1.396131533671505622e+03 2.539609581764621371e-01
1.395926515860732934e+03 2.586268781410202555e-01
1.395721498049960474e+03 2.552910260068028681e-01
1.395516480239187786e+03 2.569712444298540288e-01
1.395311584608278508e+03 2.591485007930940387e-01
1.395106688977369458e+03 2.558693875032737597e-01
1.394901915526323592e+03 2.549177667056291563e-01
1.394697264255141135e+03 2.565400176898050000e-01
1.394492612983958679e+03 2.598280185432080280e-01
1.394287961712776450e+03 2.569832488082365307e-01
1.394083310441593994e+03 2.557775725595166638e-01
1.393879025710001770e+03 2.552107750979071277e-01
1.393674618798546135e+03 2.553894784545179819e-01
1.393470211887090500e+03 2.539212656863757966e-01
1.393265927155498275e+03 2.605027322446847315e-01
1.393061764603769461e+03 2.558044793091399649e-01
1.392857602052040420e+03 2.556750928384801114e-01
1.392653561680175017e+03 2.555236790008256209e-01
1.392449521308309613e+03 2.580377835782906026e-01
1.392245480936444210e+03 2.560551018788707056e-01
1.392041684924305400e+03 2.560360958792357589e-01
1.391837766732303407e+03 2.536993704943823480e-01
1.391633970720164825e+03 2.557512770605205876e-01
1.391430174708026016e+03 2.530500123072691454e-01
1.391226745235477665e+03 2.539260808599334007e-01
1.391023071403202266e+03 2.511999960621145167e-01
1.390819519750790505e+03 2.510864515424036658e-01
1.390616090278241927e+03 2.572669775408040760e-01
1.390412660805693577e+03 2.558823568585001929e-01
1.390209353513008409e+03 2.531081993201454439e-01
1.390006046220323242e+03 2.562003078578767301e-01
1.389802861107501485e+03 2.550218694238660100e-01
1.389599675994679956e+03 2.544653042602622040e-01
1.389396735241585020e+03 2.575538127048940251e-01
1.389193672308626674e+03 2.551864581279529309e-01
1.388990609375668328e+03 2.572281867147564460e-01
1.388787668622573392e+03 2.558313292674984640e-01
1.388584850049341867e+03 2.564953623700103602e-01
1.388382153655973752e+03 2.579507391322365950e-01
1.388179457262605638e+03 2.583380910967239541e-01
1.387976760869237523e+03 2.565602184462039692e-01
1.387774186655732819e+03 2.564956559358849142e-01
1.387571734622091299e+03 2.584195394932422563e-01
1.387369160408586595e+03 2.537895295873981438e-01
1.387166830554808712e+03 2.555514030960347460e-01
1.386964500701030829e+03 2.569439137914696913e-01
1.386762170847252719e+03 2.555481068069753725e-01
1.386559963173338247e+03 2.532512181089513481e-01
1.386357877679286958e+03 2.553144737856247182e-01
1.386155670005372485e+03 2.594589192448435999e-01
1.385953706691184607e+03 2.587398383002683655e-01
1.385751743376996956e+03 2.586184170478941780e-01
1.385549902242672488e+03 2.600909691988369521e-01
1.385348061108348247e+03 2.547808449690258659e-01
1.385146219974023779e+03 2.569735476807484820e-01
1.384944501019562722e+03 2.605160534034690056e-01
1.384742782065101892e+03 2.581778812500392650e-01
1.384541307470367656e+03 2.563872146433968657e-01
1.384339710695770009e+03 2.567532537478992571e-01
1.384138236101035773e+03 2.583107136695944606e-01
1.383936761506301536e+03 2.606866996358694344e-01
1.383735531271294121e+03 2.561207764012380372e-01
1.383534178856423296e+03 2.589434832042951662e-01
1.383332948621415881e+03 2.582470724039434562e-01
1.383131718386408465e+03 2.592563106332524958e-01
1.382930732511127871e+03 2.625885328599140700e-01
1.382729746635847278e+03 2.588109432806051657e-01
1.382528638580703046e+03 2.580984249999248581e-01
1.382327774885285862e+03 2.632985691128699735e-01
1.382126911189868679e+03 2.594949145142127489e-01
1.381926169674314906e+03 2.560559058276459798e-01
1.381725428158760906e+03 2.581702833836432287e-01
1.381524686643207133e+03 2.606637281082767599e-01
1.381324067307516543e+03 2.618880704982398666e-01
1.381123447971826181e+03 2.625146409234744849e-01
1.380923072995862412e+03 2.631740761058391498e-01
1.380722698019898871e+03 2.582972309471916472e-01
1.380522323043935103e+03 2.583490588858760040e-01
1.380321948067971562e+03 2.580553774714886561e-01
1.380121695271871204e+03 2.572833056772373395e-01
1.379921564655634256e+03 2.570013954452161076e-01
1.379721434039397309e+03 2.567522859547583525e-01
1.379521303423160589e+03 2.582340721515536952e-01
1.379321294986787052e+03 2.591144525408721200e-01
1.379121530910140336e+03 2.579785863047464045e-01
1.378921644653630210e+03 2.619903720440692751e-01
1.378721758397120084e+03 2.568639725030375520e-01
1.378521994320473368e+03 2.580334592956496920e-01
1.378322230243826652e+03 2.597922709974059274e-01
1.378122588347043347e+03 2.572530871098540617e-01
1.377923068630123453e+03 2.583365409629138076e-01
1.377723548913203558e+03 2.593561077351474453e-01
1.377524151376146847e+03 2.592396591917772164e-01
1.377324753839090363e+03 2.578583646716286482e-01
1.377125478481897289e+03 2.643631414861947748e-01
1.376926203124704216e+03 2.596189769587823326e-01
1.376726927767510915e+03 2.607731128805055865e-01
1.376527774590181252e+03 2.624038379574897828e-01
1.376328621412851362e+03 2.600258022213103870e-01
1.376129712595248520e+03 2.631430952774513332e-01
1.375930681597782041e+03 2.614250099965602647e-01
1.375731772780179199e+03 2.591375650826878152e-01
1.375532863962576130e+03 2.582078048780582780e-01
1.375334077324836699e+03 2.620349021183444593e-01
1.375135535046823861e+03 2.605480091496109041e-01
1.374936870588947613e+03 2.643979392804288731e-01
1.374738206131071365e+03 2.589079482904353968e-01
1.374539663853058755e+03 2.595688360220949620e-01
1.374341121575045918e+03 2.592269507328049394e-01
1.374142823656759901e+03 2.584889106108757550e-01
1.373944403558610475e+03 2.604168942577517742e-01
1.373746105640324458e+03 2.588414606169870957e-01
1.373547807722038442e+03 2.616330468112320617e-01
1.373349631983615836e+03 2.612290210482001163e-01
1.373151578425056641e+03 2.572440023785413366e-01
1.372953402686634035e+03 2.603630050945416330e-01
1.372755471307938251e+03 2.591888156445387170e-01
1.372557539929242466e+03 2.561218691526163660e-01
1.372359608550546454e+03 2.618050889925503943e-01
1.372161921531577491e+03 2.566668652562827391e-01
1.371964112332745117e+03 2.553879215023873162e-01
1.371766425313775926e+03 2.570650814299142439e-01
1.371568616114943552e+03 2.582555402684711954e-01
1.371371173455701410e+03 2.589302324698790625e-01
1.371173730796459040e+03 2.566059578061236635e-01
1.370976288137216898e+03 2.596089601891690135e-01
1.370778845477974528e+03 2.603622637141883578e-01
1.370581402818732386e+03 2.614703629448900113e-01
1.370384082339353427e+03 2.602230187709775322e-01
1.370187006219701289e+03 2.631122756086199388e-01
1.369989807920185967e+03 2.575733275068246564e-01
1.369792731800533829e+03 2.586690551866840937e-01
1.369595655680881691e+03 2.536343115825742123e-01
1.369398701741092964e+03 2.573643962348631242e-01
1.369201869981167647e+03 2.633503259204045821e-01
1.369004793861515736e+03 2.624381658217055935e-01
1.368808084281453830e+03 2.625011796646242734e-01
1.368611374701391924e+03 2.615149558024304488e-01
1.368414665121330017e+03 2.603786674214051966e-01
1.368218077721131522e+03 2.583120072536214118e-01
1.368021490320933026e+03 2.594540179080384035e-01
1.367824902920734530e+03 2.559237873626550308e-01
1.367628559880262628e+03 2.612817310059827314e-01
1.367432094659927543e+03 2.571239612709279587e-01
1.367235751619455868e+03 2.556796750149086250e-01
1.367039652938711015e+03 2.575570534709764048e-01
1.366843309898239113e+03 2.602364547168281028e-01
1.366647211217494259e+03 2.575443864787777537e-01
1.366450990356885995e+03 2.630155320844317357e-01
1.366255013856004325e+03 2.608333341750848078e-01
1.366059159534986293e+03 2.645552868493266652e-01
1.365863183034104622e+03 2.656905093968291443e-01
1.365667328713086590e+03 2.600051996460365222e-01
1.365471474392068330e+03 2.615250612516996087e-01
1.365275742250913709e+03 2.592731106690288057e-01
1.365080254469485681e+03 2.656589483027885779e-01
1.364884522328330831e+03 2.608054427987701596e-01
1.364689034546902803e+03 2.610605899419575771e-01
1.364493424585611592e+03 2.583849545674269943e-01
1.364298058984046975e+03 2.602329509534283547e-01
1.364102693382482357e+03 2.612295929985741227e-01
1.363907327780917740e+03 2.616340990449734782e-01
1.363712084359216533e+03 2.586707722046417413e-01
1.363516840937515326e+03 2.562999866289896178e-01
1.363321719695677530e+03 2.564924705436267272e-01
1.363126598453839733e+03 2.604619143219868427e-01
1.362931599391865348e+03 2.584559099946103777e-01
1.362736722509754372e+03 2.614777867453814686e-01
1.362541601267916576e+03 2.612059005153466451e-01
1.362346846565669011e+03 2.615507408142025980e-01
1.362152091863421219e+03 2.630690248904944406e-01
1.361957459341037065e+03 2.590855923442606512e-01
1.361762704638789501e+03 2.583080536171557529e-01
1.361568072116405119e+03 2.635258369476190521e-01
1.361373439594020965e+03 2.612140961564621278e-01
1.361178929251500222e+03 2.569138435095338346e-01
1.360984541088842661e+03 2.590647476798310089e-01
1.360790275106048739e+03 2.592043656306812216e-01
1.360595886943391179e+03 2.614026189356661312e-01
1.360401620960597256e+03 2.618724233213794994e-01
1.360207354977803107e+03 2.646114666976961960e-01
1.360013088995008957e+03 2.604412603521414904e-01
1.359819189551805266e+03 2.676442346097442915e-01
1.359625167928737937e+03 2.630589043960671614e-01
1.359431146305670609e+03 2.600506760879509049e-01
1.359237246862466691e+03 2.579874247067184823e-01
1.359043347419263000e+03 2.635406240338553641e-01
1.358849570155922493e+03 2.603721209585126983e-01
1.358655915072445396e+03 2.613286515785586128e-01
1.358462137809104888e+03 2.603810284083006854e-01
1.358268482725627791e+03 2.658724756899305541e-01
1.358074949822014105e+03 2.643632455425392047e-01
1.357881416918400419e+03 2.638902240405875954e-01
1.357688006194650143e+03 2.634444318655146389e-01
1.357494595470899640e+03 2.604272471327582772e-01
1.357301306927012774e+03 2.615382149906881892e-01
1.357108018383125909e+03 2.606217436745530969e-01
1.356914729839239044e+03 2.639066270695535898e-01
1.356721563475215589e+03 2.604585277656033537e-01
1.356528519291055318e+03 2.623424283495149334e-01
1.356335475106895274e+03 2.621657947116586840e-01
1.356142553102598413e+03 2.636416664495391249e-01
1.355949508918438369e+03 2.617438348811275683e-01
1.355756709094004918e+03 2.647418243779682823e-01
1.355563787089708285e+03 2.638231410884596673e-01
1.355371231625001656e+03 2.648320106732239831e-01
1.355178431800568433e+03 2.662827564722463625e-01
1.354985754155998393e+03 2.616365277718409321e-01
1.354793198691291764e+03 2.580578906562598362e-01
1.354600643226585362e+03 2.633173276834788745e-01
1.354408332121605554e+03 2.625609650213515112e-01
1.354215898836762335e+03 2.604740367605601348e-01
1.354023465551919116e+03 2.608700986706865566e-01
1.353831154446939536e+03 2.596729337944539973e-01
1.353638843341959728e+03 2.585151954037925859e-01
1.353446654416843330e+03 2.625148038464422684e-01
1.353254709851453754e+03 2.621492152684625765e-01
1.353062643106200767e+03 2.620433278929353849e-01
1.352870576360947780e+03 2.592826318425827670e-01
1.352678631795558204e+03 2.610412314390401778e-01
1.352486687230168627e+03 2.598870418203871879e-01
1.352294864844642234e+03 2.635598132598979682e-01
1.352103164638979479e+03 2.585437429381247654e-01
1.351911464433316723e+03 2.604314875019529962e-01
1.351719764227653968e+03 2.618432141951322345e-01
1.351528064021990986e+03 2.613406902847091873e-01
1.351336485996191641e+03 2.606951442024427190e-01
1.351144907970392296e+03 2.607519314137811683e-01
1.350953696484182956e+03 2.650852898272518798e-01
1.350762240638247022e+03 2.606443559075919403e-01
1.350570906972174271e+03 2.600539910125349019e-01
1.350379695485965158e+03 2.620263846102553473e-01
1.350188483999755817e+03 2.639912119936215773e-01
1.349997272513546704e+03 2.624534451595728624e-01
1.349806305387064185e+03 2.600435435163583886e-01
1.349615216080718255e+03 2.619260357988450472e-01
1.349424248954235964e+03 2.609104785394733561e-01
1.349233281827753444e+03 2.628339869924871119e-01
1.349042436881134336e+03 2.588873769378495227e-01
1.348851591934515227e+03 2.602659298263208520e-01
1.348660869167759529e+03 2.620342943539105685e-01
1.348470268580867241e+03 2.603624193434311840e-01
1.348279545814111771e+03 2.592616387634676389e-01
1.348088945227219483e+03 2.632428706071388569e-01
1.347898466820190606e+03 2.637508045492809039e-01
1.347707988413161502e+03 2.592113428235412464e-01
1.347517632185996035e+03 2.573192656147110791e-01
1.347327153778967158e+03 2.623014005306326668e-01
1.347136919731665103e+03 2.626245699602507422e-01
1.346946685684363047e+03 2.605574600788006512e-01
1.346756451637060991e+03 2.579945692846479788e-01
1.346566339769622118e+03 2.574999923616835829e-01
1.346376350082046883e+03 2.585846105321787380e-01
1.346186360394471649e+03 2.601698752352145094e-01
1.345996370706896187e+03 2.602069401332610110e-01
1.345806503199184363e+03 2.619716799243756999e-01
1.345616635691472538e+03 2.607656851878158433e-01
1.345426768183760487e+03 2.580748712368107212e-01
1.345237145035775484e+03 2.597489090599298112e-01
1.345047399707926843e+03 2.603325576493060178e-01
1.344857776559941613e+03 2.601954058514199253e-01
1.344668275591820020e+03 2.576322444265364831e-01
1.344478652443834790e+03 2.584091140932671671e-01
1.344289273655576380e+03 2.591868101028391158e-01
1.344099772687454788e+03 2.599348970187292385e-01
1.343910638258923200e+03 2.577272792770802234e-01
1.343721259470664791e+03 2.535847649812570381e-01
1.343532002862269792e+03 2.541378827330805223e-01
1.343342868433738204e+03 2.598223538727763016e-01
1.343153734005206616e+03 2.578832384023942437e-01
1.342964721756538438e+03 2.589067747996620650e-01
1.342775709507870260e+03 2.598430118164292701e-01
1.342586819439065493e+03 2.622414125677611785e-01
1.342397807190397316e+03 2.579166614625321707e-01
1.342209039301455960e+03 2.592116706763100131e-01
1.342020271412514603e+03 2.591894173537182544e-01
1.341831503523573247e+03 2.591114939035381592e-01
1.341642857814495301e+03 2.634490856300730766e-01
1.341454334285280538e+03 2.577341379647468678e-01
1.341265810756066003e+03 2.626314703659197725e-01
1.341077287226851467e+03 2.592721965876787493e-01
1.340888763697636705e+03 2.577172949992653228e-01
1.340700362348285580e+03 2.600901698560628694e-01
1.340512083178797866e+03 2.582897192703632605e-01
1.340323804009309924e+03 2.588765428792338397e-01
1.340135647019685621e+03 2.607716670905565470e-01
1.339947490030061090e+03 2.617784432153347773e-01
1.339759333040436559e+03 2.592989680891104043e-01
1.339571298230675666e+03 2.589736288931879238e-01
1.339383263420914545e+03 2.581218923817458211e-01
1.339195228611153652e+03 2.574916182126283370e-01
1.339007438161119353e+03 2.599996216599321786e-01
1.338819647711085054e+03 2.555919851221051253e-01
1.338631735081187344e+03 2.601178900168110153e-01
1.338444066811016455e+03 2.571491302033345194e-01
1.338256398540845794e+03 2.623449434212582476e-01
1.322322433836377968e+03 2.585572362128858437e-01
1.322139530580879409e+03 2.603571341268307027e-01
1.321956627325380850e+03 2.609347628694521637e-01
1.321773724069882292e+03 2.595982650669724778e-01
1.321591065174110554e+03 2.629122590363876522e-01
1.304823589441579315e+03 2.646362536532353982e-01
1.304645695560479908e+03 2.650168185510424768e-01
1.304467923859243911e+03 2.664537746016962250e-01
1.304290152158007686e+03 2.625569949824981819e-01
1.304112380456771689e+03 2.642781015592219895e-01
1.286941711175045384e+03 2.640268044076428122e-01
1.286769071028071721e+03 2.651949505204713731e-01
1.286596308701234648e+03 2.641363304633083664e-01
1.286423668554261212e+03 2.668797893650842745e-01
1.286251028407287549e+03 2.668594375526154305e-01
1.286078510440177297e+03 2.633474796913548577e-01
1.285905992473067272e+03 2.683481323674891117e-01
1.285733474505957020e+03 2.655704506760341310e-01
1.285561078718710178e+03 2.679133916265011850e-01
1.285388682931463336e+03 2.671604210746910679e-01
1.285216531503943315e+03 2.640544328355983739e-01
1.285044257896560111e+03 2.658927124022268385e-01
1.284871984289176680e+03 2.665874448322591017e-01
1.284699832861656660e+03 2.682389982384132399e-01
1.284527681434136639e+03 2.663500278005827004e-01
1.284355652186480029e+03 2.662740167389857637e-01
1.284183622938823419e+03 2.692799920227492150e-01
1.284011593691166809e+03 2.701949677826387397e-01
1.283839686623373382e+03 2.676048083736135563e-01
1.283667779555580182e+03 2.688961948423287396e-01
1.283495994667650393e+03 2.703796830265359219e-01
1.283324209779720604e+03 2.755267547701431563e-01
1.283152424891790815e+03 2.768979738479630526e-01
1.282980762183724210e+03 2.756020390608600601e-01
1.282809099475657831e+03 2.750222690332487230e-01
1.282637681127318274e+03 2.841806786981248001e-01
1.282466140599115079e+03 2.802882169781408250e-01
1.282294600070912111e+03 2.782167451590990548e-01
1.282123181722572554e+03 2.713954046611684601e-01
1.281951885554096179e+03 2.660535937800793671e-01
1.281780467205756622e+03 2.675921610264447859e-01
1.281609171037280248e+03 2.697474889528974629e-01
1.281437874868804101e+03 2.691477551661926593e-01
1.281266700880191138e+03 2.677784912382608074e-01
1.281095526891578174e+03 2.663316154010342829e-01
1.280924352902965438e+03 2.643172568950977186e-01
1.280753423274079296e+03 2.669570064343766425e-01
1.280582371465329743e+03 2.674685471697880179e-01
1.280411319656580417e+03 2.658551789373074237e-01
1.280240512207557686e+03 2.679040450173843513e-01
1.280069582578671543e+03 2.656367012031220498e-01
1.279898897309512222e+03 2.664117876108566541e-01
1.279728089860489490e+03 2.652158006439330196e-01
1.279557404591330169e+03 2.681561164068931857e-01
1.279386719322170848e+03 2.660503315119113199e-01
1.279216156232874937e+03 2.676667989101239042e-01
1.279045470963715843e+03 2.668424386848322061e-01
1.278875030054283116e+03 2.690152418479963559e-01
1.278704466964987205e+03 2.661703366695967188e-01
1.278534148235418115e+03 2.643464876823078402e-01
1.278363707325985615e+03 2.653830029063791729e-01
1.278193388596416526e+03 2.650212774753566425e-01
1.278023069866847436e+03 2.647156742381405747e-01
1.277852873317141757e+03 2.674659554292819763e-01
1.277682676767435851e+03 2.657587654831710666e-01
1.277512480217730172e+03 2.671039884581835611e-01
1.277342405847887903e+03 2.657662172151603053e-01
1.277172331478045635e+03 2.664458030945201505e-01
1.277002501467929960e+03 2.681004514154873286e-01
1.276832549277951102e+03 2.676073850316978975e-01
1.276662597087972017e+03 2.651757250654439013e-01
1.276492767077856570e+03 2.656872690576472795e-01
1.276323059247604306e+03 2.653559142359050438e-01
1.276153229237488858e+03 2.680243790268323489e-01
1.275983521407236594e+03 2.634726075160249148e-01
1.275813813576984558e+03 2.669756168451495881e-01
1.275644227926595704e+03 2.661655874087099360e-01
1.275474642276206851e+03 2.662897648295595165e-01
1.275305056625818224e+03 2.651177149832174562e-01
1.275135715335156192e+03 2.648661641077809659e-01
1.274966129684767338e+03 2.637076226534744161e-01
1.274796788394105533e+03 2.658729351112437689e-01
1.274627447103443501e+03 2.637813489213157725e-01
1.274458227992644879e+03 2.647907111753498022e-01
1.274288886701982847e+03 2.683849038681775379e-01
1.274119789771047635e+03 2.641353106029854514e-01
1.273950692840112424e+03 2.693403361738370694e-01
1.273781595909177213e+03 2.694934313392373659e-01
1.273612621158105412e+03 2.649641447436904551e-01
1.273443646407033611e+03 2.686659521680683227e-01
1.273274793835825221e+03 2.687151672868665631e-01
1.273274671655961811e+03 2.665850296900711403e-01
1.273105819084753421e+03 2.670717915095073280e-01
1.273105696904890010e+03 2.654744161156956661e-01
1.272937088693408441e+03 2.664995401183622437e-01
1.272936966513545030e+03 2.686288889509884092e-01
1.272768236122200051e+03 2.642767057642402273e-01
1.272768113942336640e+03 2.661392351032568770e-01
1.272599383550991661e+03 2.682082596193064994e-01
1.272599261371128250e+03 2.666119864136221596e-01
1.272430530979783043e+03 2.676506100177992176e-01
1.272261922768301474e+03 2.674535970354842140e-01
1.272093314556819905e+03 2.677731471148547260e-01
1.271924706345338336e+03 2.656140945085956329e-01
1.271756220313719950e+03 2.672941529434910701e-01
1.271587734282101792e+03 2.706070924300372216e-01
1.271419248250483633e+03 2.654799412909001899e-01
1.271250884398728658e+03 2.684569491865688162e-01
1.271082520546973910e+03 2.670055572772077612e-01
1.270914278875082346e+03 2.625797150256209411e-01
1.270746037203191008e+03 2.666025901837475454e-01
1.270577795531299444e+03 2.650854703671506329e-01
1.270409798219134927e+03 2.690512205977858007e-01
1.270241678727106773e+03 2.667962672796010404e-01
1.270073559235078619e+03 2.680376659083298918e-01
1.269905561922914103e+03 2.695862750935919538e-01
1.269737686790612770e+03 2.688188691253874940e-01
1.269569689478448026e+03 2.693622170630807777e-01
1.269401814346146921e+03 2.721338637857265708e-01
1.269234061393708998e+03 2.702249236419834166e-01
1.269066308441271076e+03 2.716834285502782165e-01
1.268898555488833154e+03 2.661550667297822304e-01
1.268730802536395231e+03 2.694038264228558743e-01
1.268563293943684130e+03 2.647281677183583870e-01
1.268395663171109618e+03 2.688686023898061994e-01
1.268228032398535106e+03 2.647846955943725655e-01
1.268060645985687415e+03 2.683988867211451468e-01
1.267893137392976314e+03 2.673321063547859922e-01
1.267725750980128623e+03 2.680294918347273514e-01
1.267558364567280933e+03 2.696572325652615842e-01
1.267391222514160063e+03 2.678030754078790654e-01
1.267223836101312372e+03 2.669701136223892046e-01
1.267056571868328092e+03 2.688616901326039144e-01
1.266889429815207222e+03 2.675651330112099324e-01
1.266722287762086125e+03 2.660648800698522942e-01
1.266555267888828666e+03 2.659617356391982268e-01
1.266388370195434618e+03 2.644740944834863550e-01
1.266221350322176932e+03 2.655997528161225807e-01
1.266054452628782883e+03 2.681955027414327231e-01
1.265887554935388835e+03 2.669157627570309388e-01
1.265720657241994559e+03 2.681624515858548330e-01
1.265553881728463921e+03 2.673433029423289420e-01
1.265387106214933056e+03 2.677648341168225032e-01
1.265220575061129239e+03 2.657382681714322570e-01
1.265053799547598373e+03 2.666097437183078123e-01
1.264887146213931146e+03 2.681252492600647019e-01
1.264720615060127102e+03 2.711017450319813116e-01
1.264554083906323058e+03 2.722661352427421244e-01
1.264387674932382652e+03 2.708324614932677288e-01
1.264221265958442018e+03 2.667029111192326662e-01
1.264054856984501384e+03 2.691761340625549170e-01
1.263888570190424389e+03 2.656964395777812182e-01
1.263722283396347166e+03 2.682030096530552687e-01
1.263555996602269943e+03 2.695437384739752251e-01
1.263389831988056130e+03 2.702393077766791496e-01
1.263223667373842318e+03 2.677940592224845040e-01
1.263057624939491916e+03 2.695432117276151396e-01
1.262891460325278103e+03 2.689843783722306592e-01
1.262725540070791112e+03 2.700803075583549928e-01
1.262559497636440710e+03 2.680610825844100820e-01
1.262393577381953719e+03 2.678714435006564476e-01
1.262227779307330138e+03 2.664720829519846013e-01
1.262061981232706557e+03 2.697894857497725729e-01
1.261896183158082977e+03 2.706559727348211708e-01
1.261730385083459396e+03 2.702783295452266255e-01
1.261564831368562636e+03 2.658657243354322075e-01
1.261399277653665877e+03 2.658844578922138768e-01
1.261233601758905479e+03 2.672755015386103494e-01
1.261068048044008719e+03 2.681449487768778894e-01
1.260902616508975370e+03 2.697219222888821988e-01
1.260737184973941794e+03 2.702255594838864905e-01
1.260571753438908445e+03 2.696507012902325529e-01
1.260406321903875096e+03 2.671112324431648144e-01
1.260241012548704930e+03 2.666263719927782216e-01
1.260075825373398402e+03 2.652775609966012138e-01
1.259910516018228236e+03 2.667040063518536508e-01
1.259745451022785119e+03 2.676531306845315594e-01
1.259580263847478363e+03 2.679268222423717982e-01
1.259415198852035246e+03 2.706733893469143726e-01
